# Power spectra components in 1-loop lpt. 
#  Columns are k, 1, Aloop, W,  b1, b1sq, b2, b1b2, b2sq, bs, b1bs, b2bs, bssq
1.0000e-03 2.3053e+03 3.0515e-02 -1.6116e-02 4.6107e+03 2.3054e+03 1.9818e-02 3.1470e-01 7.5493e+02 3.1665e+00 1.2997e+01 2.0648e+03 1.5688e+03
1.0842e-03 2.4857e+03 3.8515e-02 -2.1053e-02 4.9716e+03 2.4859e+03 -2.3781e-02 1.7063e-01 7.5421e+02 1.6062e-01 2.2498e-01 2.0105e+03 1.3399e+03
1.1756e-03 2.6794e+03 4.8794e-02 -2.6617e-02 5.3589e+03 2.6796e+03 -2.7836e-02 2.0063e-01 7.5420e+02 1.8851e-01 2.6406e-01 2.0104e+03 1.3397e+03
1.2746e-03 2.8868e+03 6.1786e-02 -3.3640e-02 5.7738e+03 2.8870e+03 -3.2558e-02 2.3593e-01 7.5419e+02 2.2118e-01 3.0984e-01 2.0102e+03 1.3395e+03
1.3819e-03 3.1089e+03 7.8199e-02 -4.2504e-02 6.2181e+03 3.1092e+03 -3.8051e-02 2.7744e-01 7.5419e+02 2.5944e-01 3.6345e-01 2.0100e+03 1.3393e+03
1.4983e-03 3.3466e+03 9.8920e-02 -5.3685e-02 6.6935e+03 3.3469e+03 -4.4431e-02 3.2628e-01 7.5418e+02 3.0420e-01 4.2619e-01 2.0098e+03 1.3390e+03
1.6246e-03 3.6003e+03 1.2505e-01 -6.7764e-02 7.2009e+03 3.6007e+03 -5.1822e-02 3.8374e-01 7.5417e+02 3.5654e-01 4.9956e-01 2.0096e+03 1.3387e+03
1.7614e-03 3.8709e+03 1.5797e-01 -8.5476e-02 7.7422e+03 3.8713e+03 -6.0363e-02 4.5135e-01 7.5415e+02 4.1767e-01 5.8530e-01 2.0093e+03 1.3383e+03
1.9098e-03 4.1590e+03 1.9939e-01 -1.0773e-01 8.3186e+03 4.1595e+03 -7.0202e-02 5.3091e-01 7.5414e+02 4.8900e-01 6.8538e-01 2.0089e+03 1.3379e+03
2.0706e-03 4.4654e+03 2.5148e-01 -1.3565e-01 8.9315e+03 4.4660e+03 -8.1496e-02 6.2456e-01 7.5412e+02 5.7216e-01 8.0210e-01 2.0085e+03 1.3374e+03
2.2450e-03 4.7905e+03 3.1689e-01 -1.7063e-01 9.5818e+03 4.7913e+03 -9.4403e-02 7.3480e-01 7.5410e+02 6.6895e-01 9.3803e-01 2.0080e+03 1.3368e+03
2.4341e-03 5.1347e+03 3.9888e-01 -2.1437e-01 1.0270e+04 5.1356e+03 -1.0907e-01 8.6461e-01 7.5408e+02 7.8146e-01 1.0961e+00 2.0074e+03 1.3361e+03
2.6392e-03 5.4983e+03 5.0152e-01 -2.6895e-01 1.0998e+04 5.4994e+03 -1.2564e-01 1.0175e+00 7.5405e+02 9.1200e-01 1.2797e+00 2.0067e+03 1.3352e+03
2.8615e-03 5.8815e+03 6.2978e-01 -3.3693e-01 1.1764e+04 5.8828e+03 -1.4421e-01 1.1976e+00 7.5402e+02 1.0632e+00 1.4925e+00 2.0059e+03 1.3343e+03
3.1025e-03 6.2843e+03 7.8981e-01 -4.2141e-01 1.2570e+04 6.2859e+03 -1.6480e-01 1.4097e+00 7.5398e+02 1.2378e+00 1.7385e+00 2.0050e+03 1.3332e+03
3.3638e-03 6.7060e+03 9.8897e-01 -5.2608e-01 1.3414e+04 6.7079e+03 -1.8736e-01 1.6598e+00 7.5393e+02 1.4390e+00 2.0224e+00 2.0039e+03 1.3318e+03
3.6472e-03 7.1466e+03 1.2364e+00 -6.5545e-01 1.4296e+04 7.1490e+03 -2.1166e-01 1.9547e+00 7.5388e+02 1.6701e+00 2.3490e+00 2.0026e+03 1.3303e+03
3.9544e-03 7.6052e+03 1.5431e+00 -8.1486e-01 1.5214e+04 7.6081e+03 -2.3726e-01 2.3024e+00 7.5382e+02 1.9346e+00 2.7236e+00 2.0011e+03 1.3286e+03
4.2875e-03 8.0804e+03 1.9221e+00 -1.0106e+00 1.6165e+04 8.0840e+03 -2.6342e-01 2.7127e+00 7.5374e+02 2.2362e+00 3.1517e+00 1.9994e+03 1.3265e+03
4.6486e-03 8.5719e+03 2.3895e+00 -1.2502e+00 1.7149e+04 8.5762e+03 -2.8894e-01 3.1969e+00 7.5365e+02 2.5784e+00 3.6387e+00 1.9973e+03 1.3241e+03
5.0402e-03 9.0737e+03 2.9630e+00 -1.5418e+00 1.8154e+04 9.0791e+03 -3.1200e-01 3.7685e+00 7.5355e+02 2.9646e+00 4.1903e+00 1.9949e+03 1.3214e+03
5.4648e-03 9.5870e+03 3.6657e+00 -1.8955e+00 1.9182e+04 9.5936e+03 -3.3000e-01 4.4436e+00 7.5343e+02 3.3977e+00 4.8116e+00 1.9922e+03 1.3182e+03
5.9251e-03 1.0108e+04 4.5232e+00 -2.3227e+00 2.0226e+04 1.0116e+04 -3.3917e-01 5.2412e+00 7.5330e+02 3.8800e+00 5.5068e+00 1.9889e+03 1.3145e+03
6.4242e-03 1.0632e+04 5.5648e+00 -2.8353e+00 2.1277e+04 1.0642e+04 -3.3435e-01 6.1836e+00 7.5313e+02 4.4122e+00 6.2793e+00 1.9851e+03 1.3103e+03
6.9653e-03 1.1156e+04 6.8252e+00 -3.4471e+00 2.2327e+04 1.1168e+04 -3.0840e-01 7.2975e+00 7.5294e+02 4.9938e+00 7.1302e+00 1.9807e+03 1.3055e+03
7.5520e-03 1.1674e+04 8.3425e+00 -4.1722e+00 2.3365e+04 1.1689e+04 -2.5173e-01 8.6143e+00 7.5272e+02 5.6217e+00 8.0584e+00 1.9757e+03 1.3000e+03
8.1881e-03 1.2179e+04 1.0160e+01 -5.0255e+00 2.4381e+04 1.2198e+04 -1.5166e-01 1.0171e+01 7.5246e+02 6.2895e+00 9.0589e+00 1.9698e+03 1.2938e+03
8.8778e-03 1.2667e+04 1.2323e+01 -6.0216e+00 2.5360e+04 1.2689e+04 8.5997e-03 1.2010e+01 7.5215e+02 6.9872e+00 1.0122e+01 1.9630e+03 1.2867e+03
9.6256e-03 1.3128e+04 1.4883e+01 -7.1735e+00 2.6288e+04 1.3155e+04 2.5061e-01 1.4183e+01 7.5180e+02 7.6995e+00 1.1234e+01 1.9551e+03 1.2786e+03
1.0436e-02 1.3554e+04 1.7890e+01 -8.4923e+00 2.7148e+04 1.3587e+04 6.0198e-01 1.6748e+01 7.5138e+02 8.4055e+00 1.2372e+01 1.9461e+03 1.2696e+03
1.1315e-02 1.3937e+04 2.1394e+01 -9.9845e+00 2.7922e+04 1.3977e+04 1.0976e+00 1.9774e+01 7.5090e+02 9.0770e+00 1.3506e+01 1.9358e+03 1.2595e+03
1.2269e-02 1.4267e+04 2.5441e+01 -1.1651e+01 2.8591e+04 1.4315e+04 1.7803e+00 2.3337e+01 7.5033e+02 9.6783e+00 1.4598e+01 1.9240e+03 1.2482e+03
1.3302e-02 1.4532e+04 3.0070e+01 -1.3483e+01 2.9132e+04 1.4589e+04 2.7030e+00 2.7526e+01 7.4967e+02 1.0166e+01 1.5600e+01 1.9106e+03 1.2356e+03
1.4422e-02 1.4723e+04 3.5306e+01 -1.5463e+01 2.9527e+04 1.4791e+04 3.9285e+00 3.2438e+01 7.4891e+02 1.0486e+01 1.6453e+01 1.8954e+03 1.2218e+03
1.5637e-02 1.4827e+04 4.1153e+01 -1.7559e+01 2.9751e+04 1.4908e+04 5.5305e+00 3.8181e+01 7.4802e+02 1.0581e+01 1.7092e+01 1.8782e+03 1.2065e+03
1.6955e-02 1.4835e+04 4.7591e+01 -1.9720e+01 2.9785e+04 1.4930e+04 7.5936e+00 4.4870e+01 7.4699e+02 1.0385e+01 1.7443e+01 1.8589e+03 1.1899e+03
1.8383e-02 1.4738e+04 5.4565e+01 -2.1883e+01 2.9608e+04 1.4849e+04 1.0211e+01 5.2625e+01 7.4579e+02 9.8285e+00 1.7430e+01 1.8373e+03 1.1717e+03
1.9931e-02 1.4528e+04 6.1984e+01 -2.3965e+01 2.9209e+04 1.4656e+04 1.3482e+01 6.1568e+01 7.4441e+02 8.8454e+00 1.6978e+01 1.8133e+03 1.1520e+03
2.1610e-02 1.4201e+04 6.9717e+01 -2.5868e+01 2.8579e+04 1.4348e+04 1.7508e+01 7.1814e+01 7.4281e+02 7.3747e+00 1.6018e+01 1.7867e+03 1.1308e+03
2.3430e-02 1.3757e+04 7.7588e+01 -2.7485e+01 2.7715e+04 1.3925e+04 2.2387e+01 8.3466e+01 7.4095e+02 5.3679e+00 1.4495e+01 1.7575e+03 1.1080e+03
2.5404e-02 1.3203e+04 8.5403e+01 -2.8709e+01 2.6632e+04 1.3392e+04 2.8204e+01 9.6606e+01 7.3881e+02 2.7937e+00 1.2372e+01 1.7255e+03 1.0837e+03
2.7544e-02 1.2550e+04 9.2957e+01 -2.9445e+01 2.5353e+04 1.2761e+04 3.5021e+01 1.1128e+02 7.3634e+02 -3.5746e-01 9.6354e+00 1.6907e+03 1.0578e+03
2.9864e-02 1.1817e+04 1.0006e+02 -2.9621e+01 2.3914e+04 1.2051e+04 4.2875e+01 1.2752e+02 7.3350e+02 -4.0746e+00 6.2928e+00 1.6530e+03 1.0302e+03
3.2379e-02 1.1031e+04 1.0660e+02 -2.9215e+01 2.2369e+04 1.1288e+04 5.1768e+01 1.4528e+02 7.3023e+02 -8.3301e+00 2.3676e+00 1.6124e+03 1.0012e+03
3.5106e-02 1.0224e+04 1.1255e+02 -2.8259e+01 2.0782e+04 1.0504e+04 6.1675e+01 1.6453e+02 7.2647e+02 -1.3092e+01 -2.1150e+00 1.5688e+03 9.7060e+02
3.8064e-02 9.4313e+03 1.1804e+02 -2.6834e+01 1.9222e+04 9.7343e+03 7.2554e+01 1.8517e+02 7.2217e+02 -1.8343e+01 -7.1482e+00 1.5222e+03 9.3857e+02
4.1270e-02 8.6852e+03 1.2331e+02 -2.5077e+01 1.7758e+04 9.0122e+03 8.4377e+01 2.0714e+02 7.1726e+02 -2.4098e+01 -1.2764e+01 1.4727e+03 9.0523e+02
4.4746e-02 8.0153e+03 1.2876e+02 -2.3134e+01 1.6447e+04 8.3679e+03 9.7162e+01 2.3043e+02 7.1166e+02 -3.0421e+01 -1.9050e+01 1.4201e+03 8.7077e+02
4.8515e-02 7.4378e+03 1.3477e+02 -2.1113e+01 1.5324e+04 7.8186e+03 1.1102e+02 2.5507e+02 7.0529e+02 -3.7428e+01 -2.6150e+01 1.3645e+03 8.3546e+02
5.2602e-02 6.9538e+03 1.4164e+02 -1.9034e+01 1.4392e+04 7.3665e+03 1.2616e+02 2.8119e+02 6.9809e+02 -4.5259e+01 -3.4225e+01 1.3061e+03 7.9958e+02
5.7032e-02 6.5439e+03 1.4925e+02 -1.6739e+01 1.3613e+04 6.9922e+03 1.4289e+02 3.0895e+02 6.8996e+02 -5.4023e+01 -4.3395e+01 1.2452e+03 7.6349e+02
6.1836e-02 6.1696e+03 1.5699e+02 -1.3908e+01 1.2907e+04 6.6564e+03 1.6149e+02 3.3846e+02 6.8083e+02 -6.3703e+01 -5.3628e+01 1.1824e+03 7.2746e+02
6.7045e-02 5.7774e+03 1.6348e+02 -1.0076e+01 1.2166e+04 6.3026e+03 1.8203e+02 3.6951e+02 6.7062e+02 -7.4061e+01 -6.4640e+01 1.1183e+03 6.9170e+02
7.2692e-02 5.3179e+03 1.6694e+02 -4.8523e+00 1.1284e+04 5.8768e+03 2.0410e+02 4.0143e+02 6.5926e+02 -8.4585e+01 -7.5837e+01 1.0539e+03 6.5630e+02
7.8815e-02 4.7713e+03 1.6591e+02 1.7646e+00 1.0217e+04 5.3541e+03 2.2664e+02 4.3289e+02 6.4670e+02 -9.4539e+01 -8.6397e+01 9.8988e+02 6.2122e+02
8.5454e-02 4.1663e+03 1.6031e+02 9.2020e+00 9.0178e+03 4.7610e+03 2.4803e+02 4.6211e+02 6.3291e+02 -1.0320e+02 -9.5533e+01 9.2692e+02 5.8641e+02
9.2652e-02 3.5777e+03 1.5206e+02 1.6323e+01 7.8407e+03 4.1751e+03 2.6667e+02 4.8745e+02 6.1790e+02 -1.1020e+02 -1.0286e+02 8.6514e+02 5.5195e+02
1.0046e-01 3.0887e+03 1.4434e+02 2.2023e+01 6.8600e+03 3.6870e+03 2.8184e+02 5.0828e+02 6.0171e+02 -1.1575e+02 -1.0863e+02 8.0436e+02 5.1806e+02
1.0892e-01 2.7398e+03 1.3955e+02 2.5931e+01 6.1655e+03 3.3452e+03 2.9428e+02 5.2549e+02 5.8440e+02 -1.2053e+02 -1.1361e+02 7.4443e+02 4.8515e+02
1.1809e-01 2.5017e+03 1.3742e+02 2.8685e+01 5.7016e+03 3.1225e+03 3.0587e+02 5.4092e+02 5.6604e+02 -1.2517e+02 -1.1844e+02 6.8562e+02 4.5354e+02
1.2804e-01 2.2880e+03 1.3459e+02 3.1544e+01 5.2859e+03 2.9240e+03 3.1788e+02 5.5564e+02 5.4666e+02 -1.2968e+02 -1.2308e+02 6.2878e+02 4.2334e+02
1.3883e-01 2.0227e+03 1.2733e+02 3.5134e+01 4.7521e+03 2.6605e+03 3.2928e+02 5.6833e+02 5.2632e+02 -1.3327e+02 -1.2661e+02 5.7488e+02 3.9435e+02
1.5052e-01 1.7189e+03 1.1601e+02 3.8613e+01 4.1224e+03 2.3414e+03 3.3708e+02 5.7592e+02 5.0511e+02 -1.3503e+02 -1.2807e+02 5.2433e+02 3.6637e+02
1.6320e-01 1.4590e+03 1.0499e+02 4.0598e+01 3.5751e+03 2.0618e+03 3.3957e+02 5.7693e+02 4.8322e+02 -1.3497e+02 -1.2752e+02 4.7677e+02 3.3952e+02
1.7694e-01 1.2830e+03 9.6761e+01 4.0913e+01 3.2035e+03 1.8744e+03 3.3854e+02 5.7343e+02 4.6081e+02 -1.3398e+02 -1.2597e+02 4.3177e+02 3.1406e+02
1.9185e-01 1.1434e+03 8.9044e+01 4.0614e+01 2.9068e+03 1.7261e+03 3.3663e+02 5.6805e+02 4.3803e+02 -1.3269e+02 -1.2403e+02 3.8956e+02 2.9009e+02
2.0801e-01 9.8841e+02 7.9347e+01 4.0189e+01 2.5688e+03 1.5518e+03 3.3317e+02 5.6003e+02 4.1500e+02 -1.3072e+02 -1.2128e+02 3.5059e+02 2.6739e+02
2.2553e-01 8.4070e+02 6.9225e+01 3.9115e+01 2.2383e+03 1.3778e+03 3.2607e+02 5.4737e+02 3.9189e+02 -1.2759e+02 -1.1727e+02 3.1479e+02 2.4590e+02
2.4453e-01 7.2917e+02 6.0181e+01 3.7203e+01 1.9827e+03 1.2436e+03 3.1619e+02 5.3119e+02 3.6887e+02 -1.2373e+02 -1.1247e+02 2.8181e+02 2.2573e+02
2.6512e-01 6.3237e+02 5.1280e+01 3.4765e+01 1.7560e+03 1.1233e+03 3.0510e+02 5.1313e+02 3.4608e+02 -1.1958e+02 -1.0737e+02 2.5159e+02 2.0684e+02
2.8746e-01 5.4052e+02 4.2452e+01 3.1978e+01 1.5355e+03 1.0037e+03 2.9215e+02 4.9260e+02 3.2365e+02 -1.1496e+02 -1.0177e+02 2.2412e+02 1.8914e+02
3.1167e-01 4.6407e+02 3.4099e+01 2.8847e+01 1.3461e+03 8.9991e+02 2.7746e+02 4.6989e+02 3.0172e+02 -1.0990e+02 -9.5775e+01 1.9917e+02 1.7262e+02
3.3792e-01 3.9747e+02 2.6156e+01 2.5427e+01 1.1762e+03 8.0549e+02 2.6174e+02 4.4580e+02 2.8038e+02 -1.0466e+02 -8.9637e+01 1.7658e+02 1.5723e+02
3.6639e-01 3.3891e+02 1.8722e+01 2.1857e+01 1.0222e+03 7.1838e+02 2.4500e+02 4.2044e+02 2.5974e+02 -9.9207e+01 -8.3363e+01 1.5620e+02 1.4292e+02
3.9725e-01 2.8855e+02 1.1804e+01 1.8180e+01 8.8539e+02 6.3971e+02 2.2757e+02 3.9425e+02 2.3988e+02 -9.3632e+01 -7.7069e+01 1.3786e+02 1.2964e+02
4.3071e-01 2.4470e+02 5.4883e+00 1.4503e+01 7.6241e+02 5.6763e+02 2.0970e+02 3.6754e+02 2.2085e+02 -8.7990e+01 -7.0827e+01 1.2139e+02 1.1733e+02
4.6699e-01 2.0680e+02 -2.0547e-01 1.0911e+01 6.5257e+02 5.0197e+02 1.9163e+02 3.4062e+02 2.0270e+02 -8.2321e+01 -6.4697e+01 1.0663e+02 1.0596e+02
5.0632e-01 1.7401e+02 -5.2250e+00 7.4819e+00 5.5450e+02 4.4203e+02 1.7357e+02 3.1376e+02 1.8546e+02 -7.6664e+01 -5.8735e+01 9.3420e+01 9.5462e+01
5.4897e-01 1.4570e+02 -9.5413e+00 4.2927e+00 4.6725e+02 3.8739e+02 1.5575e+02 2.8722e+02 1.6916e+02 -7.1050e+01 -5.2983e+01 8.1622e+01 8.5790e+01
5.9521e-01 1.2133e+02 -1.3122e+01 1.4137e+00 3.8996e+02 3.3765e+02 1.3838e+02 2.6122e+02 1.5379e+02 -6.5505e+01 -4.7479e+01 7.1100e+01 7.6893e+01
6.4535e-01 1.0040e+02 -1.5948e+01 -1.0891e+00 3.2191e+02 2.9250e+02 1.2165e+02 2.3598e+02 1.3935e+02 -6.0055e+01 -4.2253e+01 6.1732e+01 6.8726e+01
6.9971e-01 8.2509e+01 -1.8015e+01 -3.1661e+00 2.6245e+02 2.5166e+02 1.0573e+02 2.1169e+02 1.2585e+02 -5.4724e+01 -3.7329e+01 5.3407e+01 6.1242e+01
7.5865e-01 6.7283e+01 -1.9335e+01 -4.7847e+00 2.1101e+02 2.1491e+02 9.0807e+01 1.8852e+02 1.1326e+02 -4.9537e+01 -3.2728e+01 4.6024e+01 5.4401e+01
8.2255e-01 5.4410e+01 -1.9943e+01 -5.9325e+00 1.6703e+02 1.8206e+02 7.7006e+01 1.6660e+02 1.0156e+02 -4.4523e+01 -2.8465e+01 3.9493e+01 4.8163e+01
8.9184e-01 4.3608e+01 -1.9895e+01 -6.6220e+00 1.2998e+02 1.5292e+02 6.4447e+01 1.4609e+02 9.0728e+01 -3.9710e+01 -2.4552e+01 3.3732e+01 4.2489e+01
9.6696e-01 3.4624e+01 -1.9272e+01 -6.8899e+00 9.9262e+01 1.2731e+02 5.3208e+01 1.2708e+02 8.0742e+01 -3.5130e+01 -2.0996e+01 2.8669e+01 3.7346e+01
1.0484e+00 2.7228e+01 -1.8178e+01 -6.7952e+00 7.4276e+01 1.0504e+02 4.3327e+01 1.0965e+02 7.1572e+01 -3.0813e+01 -1.7799e+01 2.4238e+01 3.2700e+01
1.1367e+00 2.1206e+01 -1.6728e+01 -6.4136e+00 5.4367e+01 8.5897e+01 3.4799e+01 9.3841e+01 6.3188e+01 -2.6789e+01 -1.4956e+01 2.0378e+01 2.8520e+01
1.2325e+00 1.6361e+01 -1.5044e+01 -5.8290e+00 3.8854e+01 6.9638e+01 2.7576e+01 7.9674e+01 5.5558e+01 -2.3083e+01 -1.2458e+01 1.7034e+01 2.4775e+01
1.3363e+00 1.2511e+01 -1.3243e+01 -5.1248e+00 2.7052e+01 5.5999e+01 2.1574e+01 6.7123e+01 4.8649e+01 -1.9712e+01 -1.0290e+01 1.4155e+01 2.1437e+01
1.4488e+00 9.4883e+00 -1.1430e+01 -4.3753e+00 1.8295e+01 4.4697e+01 1.6677e+01 5.6134e+01 4.2425e+01 -1.6688e+01 -8.4296e+00 1.1692e+01 1.8475e+01
1.5709e+00 7.1432e+00 -9.6895e+00 -3.6401e+00 1.1963e+01 3.5440e+01 1.2752e+01 4.6621e+01 3.6848e+01 -1.4010e+01 -6.8530e+00 9.5996e+00 1.5860e+01
1.7032e+00 5.3438e+00 -8.0823e+00 -2.9607e+00 7.5066e+00 2.7940e+01 9.6560e+00 3.8474e+01 3.1877e+01 -1.1671e+01 -5.5318e+00 7.8341e+00 1.3564e+01
1.8467e+00 3.9768e+00 -6.6456e+00 -2.3616e+00 4.4582e+00 2.1922e+01 7.2505e+00 3.1569e+01 2.7471e+01 -9.6521e+00 -4.4364e+00 6.3549e+00 1.1559e+01
2.0022e+00 2.9472e+00 -5.3961e+00 -1.8529e+00 2.4368e+00 1.7134e+01 5.4058e+00 2.5772e+01 2.3587e+01 -7.9309e+00 -3.5371e+00 5.1244e+00 9.8155e+00
2.1709e+00 2.1774e+00 -4.3343e+00 -1.4339e+00 1.1432e+00 1.3352e+01 4.0070e+00 2.0945e+01 2.0180e+01 -6.4790e+00 -2.8054e+00 4.1078e+00 8.3081e+00
2.3537e+00 1.6053e+00 -3.4494e+00 -1.0971e+00 3.5100e-01 1.0382e+01 2.9564e+00 1.6958e+01 1.7207e+01 -5.2662e+00 -2.2147e+00 3.2736e+00 7.0105e+00
2.5520e+00 1.1820e+00 -2.7238e+00 -8.3181e-01 -1.0550e-01 8.0604e+00 2.1736e+00 1.3686e+01 1.4625e+01 -4.2618e+00 -1.7412e+00 2.5934e+00 5.8985e+00
2.7669e+00 8.6996e-01 -2.1368e+00 -6.2614e-01 -3.4441e-01 6.2525e+00 1.5940e+00 1.1016e+01 1.2393e+01 -3.4362e+00 -1.3640e+00 2.0424e+00 4.9496e+00
3.0000e+00 6.4047e-01 -1.6673e+00 -4.6871e-01 -4.4734e-01 4.8483e+00 1.1671e+00 8.8486e+00 1.0472e+01 -2.7620e+00 -1.0649e+00 1.5987e+00 4.1428e+00
