# k / 1, b1, b2, bg, bk
0.0000e+00 0.0000e+00 0.0000e+00 0.0000e+00 0.0000e+00 0.0000e+00 0.0000e+00 0.0000e+00 0.0000e+00 0.0000e+00 0.0000e+00 0.0000e+00 0.0000e+00 0.0000e+00 0.0000e+00 0.0000e+00
8.6911e-03 2.2824e+02 2.3868e+03 4.2890e+03 -4.8013e+01 -2.2839e+02 2.5396e+04 4.6003e+04 -3.3792e+02 -2.3884e+03 8.8979e+04 2.9784e+03 -4.2918e+03 2.3101e+03 4.8069e+01 2.2854e+02
1.5033e-02 3.6033e+02 3.1655e+03 5.3990e+03 -1.4800e+02 -3.6096e+02 3.0774e+04 5.3094e+04 -1.4923e+03 -3.1717e+03 9.8933e+04 1.8831e+03 -5.4096e+03 2.9226e+03 1.4838e+02 3.6160e+02
2.1045e-02 3.2858e+02 2.8504e+03 4.9568e+03 -1.3999e+01 -3.2972e+02 2.9455e+04 5.2549e+04 9.3378e+00 -2.8624e+03 1.0023e+05 3.6454e+03 -4.9783e+03 2.2430e+03 1.3945e+01 3.3087e+02
2.7184e-02 3.6795e+02 2.7122e+03 4.7586e+03 5.4615e+01 -3.6969e+02 2.6485e+04 4.7829e+04 2.7447e+02 -2.7298e+03 9.3330e+04 4.1024e+03 -4.7903e+03 2.2244e+03 -5.4652e+01 3.7145e+02
3.3593e-02 4.4623e+02 2.3833e+03 3.9811e+03 6.5607e+01 -4.4841e+02 2.2530e+04 4.0931e+04 3.3682e+02 -2.4060e+03 8.0608e+04 3.4674e+03 -4.0225e+03 1.7793e+03 -6.5754e+01 4.5061e+02
3.9678e-02 4.1544e+02 1.8327e+03 2.9322e+03 6.6254e+01 -4.1764e+02 1.8779e+04 3.4516e+04 3.8403e+02 -1.8595e+03 7.0387e+04 3.5017e+03 -2.9819e+03 1.6440e+03 -6.6576e+01 4.1989e+02
4.5731e-02 4.0335e+02 1.7218e+03 2.6716e+03 1.4506e+00 -4.0616e+02 1.6531e+04 2.9375e+04 -1.8664e+02 -1.7531e+03 5.9105e+04 2.4094e+03 -2.7277e+03 1.6448e+03 -8.1619e-01 4.0903e+02
5.1869e-02 3.7246e+02 1.5141e+03 2.3699e+03 3.4695e+01 -3.7554e+02 1.4702e+04 2.6906e+04 1.9386e+02 -1.5495e+03 5.5801e+04 2.7728e+03 -2.4353e+03 1.4814e+03 -3.4914e+01 3.7872e+02
5.8080e-02 3.8170e+02 1.5163e+03 2.3022e+03 1.2051e+01 -3.8551e+02 1.3855e+04 2.5161e+04 1.0046e+02 -1.5579e+03 5.2229e+04 2.2595e+03 -2.3787e+03 1.2054e+03 -1.2196e+01 3.8945e+02
6.4221e-02 3.8857e+02 1.4202e+03 2.0110e+03 -2.5279e+01 -3.9286e+02 1.2818e+04 2.2635e+04 -2.5687e+01 -1.4675e+03 4.6066e+04 1.7191e+03 -2.0961e+03 1.0496e+03 2.5480e+01 3.9733e+02
7.0292e-02 3.3943e+02 1.3021e+03 1.9326e+03 -2.1176e+01 -3.4415e+02 1.1859e+04 2.1040e+04 -8.9205e+01 -1.3542e+03 4.3543e+04 1.6676e+03 -2.0263e+03 1.1052e+03 2.1736e+01 3.4912e+02
7.6570e-02 3.2366e+02 1.2152e+03 1.7952e+03 -1.9930e+01 -3.2887e+02 1.0752e+04 1.9271e+04 -1.9563e+01 -1.2709e+03 4.0547e+04 1.5443e+03 -1.8964e+03 9.3561e+02 2.0347e+01 3.3437e+02
8.2833e-02 3.0020e+02 1.0711e+03 1.5330e+03 1.3082e+01 -3.0540e+02 9.4949e+03 1.6955e+04 4.7804e+01 -1.1283e+03 3.6456e+04 1.5834e+03 -1.6366e+03 9.4886e+02 -1.2849e+01 3.1095e+02
8.8863e-02 2.7875e+02 9.5183e+02 1.3449e+03 -1.5050e+00 -2.8406e+02 8.3171e+03 1.4837e+04 -1.1021e+01 -1.0101e+03 3.2297e+04 1.3080e+03 -1.4502e+03 8.5617e+02 2.0176e+00 2.8980e+02
9.4935e-02 2.5411e+02 8.3599e+02 1.1413e+03 -9.1408e+00 -2.5932e+02 7.2715e+03 1.2864e+04 -6.2544e+00 -8.9359e+02 2.8236e+04 1.1276e+03 -1.2448e+03 7.4735e+02 9.5266e+00 2.6500e+02
1.0105e-01 2.2617e+02 7.6514e+02 1.0992e+03 -8.0497e+00 -2.3163e+02 6.5502e+03 1.1846e+04 -1.5475e+01 -8.2392e+02 2.6657e+04 1.0520e+03 -1.2070e+03 7.3027e+02 8.4872e+00 2.3764e+02
1.0719e-01 2.1444e+02 7.1834e+02 1.0128e+03 -1.2240e+01 -2.2023e+02 6.0021e+03 1.0580e+04 -5.5900e+01 -7.7901e+02 2.3604e+04 8.2789e+02 -1.1207e+03 6.4747e+02 1.3148e+01 2.2667e+02
1.1336e-01 1.9675e+02 6.6467e+02 9.5027e+02 -1.1914e+00 -2.0273e+02 5.6073e+03 1.0058e+04 -1.6695e+01 -7.2780e+02 2.2846e+04 8.3224e+02 -1.0647e+03 6.0785e+02 1.8547e+00 2.0945e+02
1.1952e-01 1.8261e+02 6.1526e+02 8.6491e+02 -2.7763e+00 -1.8876e+02 5.2791e+03 9.4675e+03 3.1475e+00 -6.8164e+02 2.1701e+04 7.5018e+02 -9.8521e+02 5.7193e+02 3.0682e+00 1.9578e+02
1.2567e-01 1.6714e+02 5.7972e+02 8.3463e+02 -8.2767e+00 -1.7358e+02 5.0414e+03 9.1002e+03 -3.1136e+01 -6.4971e+02 2.0975e+04 6.5530e+02 -9.6200e+02 5.4784e+02 9.1183e+00 1.8104e+02
1.3179e-01 1.6618e+02 5.5777e+02 8.1378e+02 -1.1099e+01 -1.7290e+02 4.7694e+03 8.7530e+03 -1.6078e+01 -6.3031e+02 2.0451e+04 5.9692e+02 -9.4789e+02 4.9525e+02 1.1668e+01 1.8078e+02
1.3789e-01 1.5549e+02 5.2871e+02 7.7724e+02 -2.3218e+00 -1.6248e+02 4.4120e+03 8.0061e+03 -1.3221e+01 -6.0190e+02 1.8752e+04 5.2813e+02 -9.1077e+02 4.8012e+02 2.9848e+00 1.7074e+02
1.4406e-01 1.4534e+02 4.8747e+02 7.1832e+02 -9.3507e-01 -1.5228e+02 4.0475e+03 7.4196e+03 -1.9338e+00 -5.6048e+02 1.7787e+04 5.1214e+02 -8.5255e+02 4.5109e+02 1.5212e+00 1.6060e+02
1.5018e-01 1.3698e+02 4.4269e+02 6.3630e+02 -5.8456e+00 -1.4372e+02 3.6589e+03 6.6592e+03 -9.2459e+00 -5.1429e+02 1.6072e+04 4.3879e+02 -7.6729e+02 4.2628e+02 6.4611e+00 1.5193e+02
1.5634e-01 1.3007e+02 4.1752e+02 5.9538e+02 -4.8985e+00 -1.3689e+02 3.3524e+03 6.0550e+03 -2.5511e+01 -4.8810e+02 1.4786e+04 3.5343e+02 -7.2314e+02 3.9490e+02 5.8753e+00 1.4528e+02
1.6254e-01 1.2274e+02 3.9326e+02 5.6292e+02 -7.1950e+00 -1.2971e+02 3.0838e+03 5.5878e+03 -3.2432e+01 -4.6328e+02 1.3837e+04 2.9385e+02 -6.8990e+02 3.7288e+02 8.4518e+00 1.3837e+02
1.6869e-01 1.1254e+02 3.4815e+02 4.9715e+02 -6.4868e+00 -1.1908e+02 2.8414e+03 5.2234e+03 -3.3330e+01 -4.1802e+02 1.3176e+04 2.7061e+02 -6.2546e+02 3.5927e+02 7.8328e+00 1.2745e+02
1.7480e-01 1.0589e+02 3.3735e+02 4.9304e+02 -6.6013e+00 -1.1273e+02 2.6842e+03 4.8947e+03 -3.4588e+01 -4.0781e+02 1.2374e+04 2.4267e+02 -6.2071e+02 3.4624e+02 8.0618e+00 1.2155e+02
1.8091e-01 1.0207e+02 3.2459e+02 4.6054e+02 -6.2306e+00 -1.0912e+02 2.5530e+03 4.5770e+03 -3.4112e+01 -3.9622e+02 1.1513e+04 2.0828e+02 -5.8885e+02 3.2541e+02 7.7357e+00 1.1832e+02
1.8701e-01 9.6339e+01 3.0838e+02 4.5424e+02 -6.5499e+00 -1.0344e+02 2.4738e+03 4.5297e+03 -2.0354e+01 -3.8225e+02 1.1496e+04 2.0256e+02 -5.8857e+02 3.0321e+02 7.6397e+00 1.1290e+02
1.9316e-01 8.9844e+01 2.9163e+02 4.3593e+02 -7.9448e+00 -9.7045e+01 2.3350e+03 4.3062e+03 -3.3948e+01 -3.6605e+02 1.1093e+04 1.3584e+02 -5.7202e+02 2.8227e+02 9.4650e+00 1.0679e+02
1.9933e-01 8.5527e+01 2.7267e+02 3.9780e+02 -5.6135e+00 -9.2617e+01 2.1832e+03 4.0093e+03 -2.0747e+01 -3.4672e+02 1.0403e+04 1.4301e+02 -5.3274e+02 2.7114e+02 6.8185e+00 1.0240e+02
2.0548e-01 8.1179e+01 2.5889e+02 3.8070e+02 -3.6164e+00 -8.8318e+01 2.0387e+03 3.7425e+03 -1.2924e+01 -3.3213e+02 9.7941e+03 1.2607e+02 -5.1363e+02 2.5867e+02 4.5734e+00 9.8288e+01
2.1163e-01 7.7793e+01 2.4539e+02 3.6673e+02 -4.7234e+00 -8.4850e+01 1.9178e+03 3.5442e+03 -2.6821e+01 -3.1817e+02 9.3546e+03 8.8098e+01 -4.9952e+02 2.4515e+02 6.4260e+00 9.4890e+01
2.1776e-01 7.0436e+01 2.2295e+02 3.3516e+02 -5.9894e+00 -7.7208e+01 1.7695e+03 3.3005e+03 -2.9218e+01 -2.9374e+02 8.8634e+03 6.5602e+01 -4.6532e+02 2.3539e+02 7.7037e+00 8.7041e+01
2.2390e-01 6.7832e+01 2.0888e+02 3.0767e+02 -5.4321e+00 -7.4471e+01 1.6323e+03 3.0259e+03 -1.7051e+01 -2.7803e+02 8.1721e+03 7.1273e+01 -4.3412e+02 2.2445e+02 6.6120e+00 8.4290e+01
2.3001e-01 6.4731e+01 1.9848e+02 2.9749e+02 -4.2461e+00 -7.1288e+01 1.5475e+03 2.8878e+03 -1.4114e+01 -2.6725e+02 7.9101e+03 6.5669e+01 -4.2365e+02 2.1406e+02 5.3788e+00 8.1171e+01
2.3615e-01 6.2386e+01 1.9311e+02 2.8636e+02 -5.6816e+00 -6.9083e+01 1.4758e+03 2.7493e+03 -2.2531e+01 -2.6153e+02 7.6055e+03 3.6210e+01 -4.1174e+02 2.0448e+02 7.1599e+00 7.9243e+01
2.4229e-01 5.8990e+01 1.8328e+02 2.7775e+02 -3.2992e+00 -6.5746e+01 1.3985e+03 2.6015e+03 -1.5946e+01 -2.5176e+02 7.2030e+03 3.2809e+01 -4.0234e+02 1.9700e+02 4.6842e+00 7.6162e+01
2.4841e-01 5.7539e+01 1.7462e+02 2.6239e+02 -3.7974e+00 -6.4158e+01 1.3387e+03 2.5030e+03 -2.6821e+01 -2.4326e+02 6.9384e+03 -7.2071e+00 -3.8828e+02 1.8787e+02 5.6648e+00 7.4630e+01
2.5454e-01 5.3605e+01 1.6615e+02 2.5358e+02 -3.4103e+00 -6.0217e+01 1.2810e+03 2.4023e+03 -1.3957e+01 -2.3493e+02 6.6730e+03 1.3740e+01 -3.7969e+02 1.8067e+02 4.7613e+00 7.0880e+01
2.6069e-01 5.1779e+01 1.5902e+02 2.4022e+02 -2.9603e+00 -5.8361e+01 1.2167e+03 2.2822e+03 -1.3628e+01 -2.2729e+02 6.4430e+03 8.1781e+00 -3.6536e+02 1.7104e+02 4.2633e+00 6.9156e+01
2.6686e-01 4.9497e+01 1.5041e+02 2.2793e+02 -3.5413e+00 -5.6000e+01 1.1419e+03 2.1375e+03 -1.4485e+01 -2.1740e+02 6.0716e+03 -7.4605e+00 -3.4998e+02 1.6619e+02 4.8156e+00 6.6836e+01
2.7300e-01 4.8603e+01 1.4726e+02 2.2509e+02 -3.2180e+00 -5.5169e+01 1.0914e+03 2.0571e+03 -1.0135e+01 -2.1372e+02 5.8758e+03 -3.7993e+00 -3.4720e+02 1.5688e+02 4.2536e+00 6.6218e+01
2.7914e-01 4.4624e+01 1.3658e+02 2.1251e+02 -2.4592e+00 -5.0980e+01 1.0174e+03 1.9303e+03 -1.2252e+01 -2.0132e+02 5.5288e+03 -2.3778e+01 -3.3193e+02 1.5297e+02 3.7261e+00 6.1912e+01
2.8524e-01 4.3750e+01 1.3313e+02 2.0576e+02 -3.2633e+00 -5.0159e+01 9.7764e+02 1.8620e+03 -1.5325e+01 -1.9751e+02 5.3634e+03 -3.0833e+01 -3.2509e+02 1.4523e+02 4.7416e+00 6.1291e+01
2.9135e-01 4.1842e+01 1.2565e+02 1.9484e+02 -2.1114e+00 -4.8092e+01 9.1162e+02 1.7254e+03 -8.0070e+00 -1.8814e+02 5.0570e+03 -2.2472e+01 -3.0931e+02 1.4046e+02 3.1169e+00 5.9135e+01
2.9751e-01 4.0229e+01 1.2097e+02 1.8757e+02 -2.5634e+00 -4.6464e+01 8.6613e+02 1.6430e+03 -1.0995e+01 -1.8254e+02 4.8413e+03 -3.1196e+01 -3.0032e+02 1.3519e+02 3.7713e+00 5.7612e+01
3.0365e-01 3.8412e+01 1.1603e+02 1.8002e+02 -3.2590e+00 -4.4650e+01 8.3167e+02 1.5853e+03 -1.4930e+01 -1.7749e+02 4.6963e+03 -4.2823e+01 -2.9334e+02 1.3036e+02 4.7802e+00 5.5985e+01
3.0979e-01 3.7123e+01 1.1113e+02 1.7356e+02 -2.5310e+00 -4.3253e+01 7.8887e+02 1.5070e+03 -1.3083e+01 -1.7143e+02 4.4939e+03 -3.8407e+01 -2.8476e+02 1.2559e+02 4.0266e+00 5.4583e+01
3.1595e-01 3.5408e+01 1.0717e+02 1.6909e+02 -2.6124e+00 -4.1582e+01 7.5928e+02 1.4521e+03 -1.0700e+01 -1.6734e+02 4.3192e+03 -4.1000e+01 -2.8020e+02 1.2153e+02 3.8608e+00 5.3133e+01
3.2211e-01 3.5200e+01 1.0345e+02 1.6153e+02 -2.1954e+00 -4.1240e+01 7.2468e+02 1.3840e+03 -1.1543e+01 -1.6291e+02 4.1310e+03 -4.6351e+01 -2.7090e+02 1.1456e+02 3.6423e+00 5.2817e+01
3.2826e-01 3.2550e+01 9.7756e+01 1.5449e+02 -1.8371e+00 -3.8507e+01 6.8845e+02 1.3195e+03 -9.5027e+00 -1.5623e+02 3.9743e+03 -4.2617e+01 -2.6199e+02 1.1136e+02 3.1041e+00 5.0116e+01
3.3435e-01 3.1646e+01 9.4589e+01 1.5022e+02 -2.2592e+00 -3.7561e+01 6.5946e+02 1.2684e+03 -9.9939e+00 -1.5225e+02 3.8448e+03 -4.9990e+01 -2.5665e+02 1.0717e+02 3.5438e+00 4.9227e+01
3.4048e-01 3.0590e+01 9.0336e+01 1.4328e+02 -2.0896e+00 -3.6365e+01 6.2414e+02 1.2073e+03 -1.0091e+01 -1.4657e+02 3.6950e+03 -4.9201e+01 -2.4756e+02 1.0241e+02 3.3920e+00 4.7947e+01
3.4663e-01 3.1664e+01 8.9266e+01 1.3781e+02 -2.2608e+00 -3.7429e+01 5.9765e+02 1.1464e+03 -1.0807e+01 -1.4476e+02 3.5263e+03 -4.9909e+01 -2.3979e+02 9.9639e+01 3.6728e+00 4.9139e+01
3.5273e-01 2.8520e+01 8.3831e+01 1.3392e+02 -1.6721e+00 -3.4186e+01 5.6654e+02 1.0962e+03 -7.8059e+00 -1.3802e+02 3.3675e+03 -4.4385e+01 -2.3418e+02 9.6985e+01 2.8375e+00 4.5842e+01
3.5887e-01 2.7627e+01 8.0113e+01 1.2874e+02 -1.5751e+00 -3.3139e+01 5.3912e+02 1.0516e+03 -9.3208e+00 -1.3323e+02 3.2648e+03 -5.5564e+01 -2.2748e+02 9.1883e+01 2.8737e+00 4.4725e+01
3.6501e-01 2.6501e+01 7.6995e+01 1.2310e+02 -1.6787e+00 -3.1966e+01 5.1487e+02 9.9892e+02 -9.7390e+00 -1.2930e+02 3.1080e+03 -5.3388e+01 -2.2001e+02 8.9185e+01 3.1054e+00 4.3613e+01
3.7117e-01 2.6787e+01 7.6088e+01 1.2227e+02 -1.9737e+00 -3.2292e+01 4.9466e+02 9.6418e+02 -8.9524e+00 -1.2759e+02 3.0152e+03 -5.0379e+01 -2.1805e+02 8.5125e+01 3.2464e+00 4.4062e+01
3.7731e-01 2.4480e+01 7.1594e+01 1.1675e+02 -1.2188e+00 -2.9852e+01 4.7260e+02 9.3069e+02 -7.9034e+00 -1.2233e+02 2.9300e+03 -5.0840e+01 -2.1183e+02 8.2916e+01 2.5079e+00 4.1599e+01
3.8342e-01 2.3805e+01 6.8803e+01 1.1288e+02 -1.4349e+00 -2.9023e+01 4.4964e+02 8.8214e+02 -8.8832e+00 -1.1832e+02 2.7917e+03 -5.3801e+01 -2.0490e+02 7.9705e+01 2.8308e+00 4.0671e+01
3.8958e-01 2.2894e+01 6.6856e+01 1.0933e+02 -1.4963e+00 -2.8139e+01 4.3313e+02 8.4980e+02 -7.7556e+00 -1.1577e+02 2.6826e+03 -5.1524e+01 -2.0023e+02 7.8253e+01 2.7401e+00 3.9908e+01
3.9572e-01 2.2287e+01 6.4428e+01 1.0612e+02 -1.2891e+00 -2.7423e+01 4.1516e+02 8.2388e+02 -7.9659e+00 -1.1252e+02 2.6207e+03 -5.0899e+01 -1.9648e+02 7.4668e+01 2.5799e+00 3.9178e+01
4.0186e-01 2.1351e+01 6.2265e+01 1.0351e+02 -8.5399e-01 -2.6472e+01 3.9832e+02 7.8763e+02 -6.1836e+00 -1.0951e+02 2.5196e+03 -5.0325e+01 -1.9148e+02 7.1598e+01 1.9054e+00 3.8260e+01
4.0800e-01 2.1027e+01 6.0547e+01 1.0056e+02 -1.3346e+00 -2.6060e+01 3.8206e+02 7.5818e+02 -7.6722e+00 -1.0689e+02 2.4330e+03 -5.1045e+01 -1.8713e+02 6.9520e+01 2.5842e+00 3.7829e+01
4.1411e-01 2.0159e+01 5.7849e+01 9.6076e+01 -1.0017e+00 -2.5066e+01 3.6276e+02 7.1917e+02 -5.7594e+00 -1.0294e+02 2.3174e+03 -4.6125e+01 -1.7999e+02 6.6500e+01 2.0341e+00 3.6723e+01
4.2026e-01 2.0375e+01 5.6814e+01 9.2355e+01 -8.0100e-01 -2.5237e+01 3.4868e+02 6.9309e+02 -6.2019e+00 -1.0101e+02 2.2430e+03 -4.6028e+01 -1.7531e+02 6.5026e+01 1.9653e+00 3.6879e+01
4.2641e-01 1.9030e+01 5.4429e+01 9.1489e+01 -1.0092e+00 -2.3841e+01 3.3403e+02 6.6665e+02 -6.4291e+00 -9.7771e+01 2.1610e+03 -4.7080e+01 -1.7253e+02 6.3022e+01 2.1640e+00 3.5486e+01
4.3253e-01 1.8484e+01 5.2086e+01 8.6832e+01 -9.7958e-01 -2.3134e+01 3.1669e+02 6.2913e+02 -5.8056e+00 -9.4143e+01 2.0524e+03 -4.6784e+01 -1.6490e+02 6.0908e+01 2.0070e+00 3.4613e+01
4.3864e-01 1.7840e+01 5.0484e+01 8.4802e+01 -9.7338e-01 -2.2477e+01 3.0419e+02 6.0716e+02 -5.3601e+00 -9.1789e+01 1.9854e+03 -4.3767e+01 -1.6175e+02 5.8160e+01 1.9596e+00 3.3992e+01
4.4477e-01 1.9285e+01 5.0993e+01 8.3055e+01 -8.9854e-01 -2.3877e+01 2.9559e+02 5.8835e+02 -4.2268e+00 -9.1635e+01 1.9224e+03 -4.0987e+01 -1.5900e+02 5.6685e+01 1.7100e+00 3.5388e+01
4.5094e-01 1.6879e+01 4.8103e+01 8.1762e+01 -9.1303e-01 -2.1505e+01 2.8409e+02 5.7092e+02 -5.7379e+00 -8.8181e+01 1.8646e+03 -4.3863e+01 -1.5694e+02 5.4689e+01 2.0124e+00 3.3104e+01
4.5710e-01 1.6606e+01 4.6430e+01 7.8190e+01 -6.3648e-01 -2.1070e+01 2.7117e+02 5.4414e+02 -4.6159e+00 -8.5346e+01 1.7980e+03 -4.1617e+01 -1.5067e+02 5.3164e+01 1.5696e+00 3.2494e+01
4.6324e-01 1.5952e+01 4.4389e+01 7.5451e+01 -7.8381e-01 -2.0272e+01 2.5935e+02 5.2342e+02 -5.0598e+00 -8.2424e+01 1.7278e+03 -3.9921e+01 -1.4676e+02 5.0276e+01 1.8105e+00 3.1574e+01
4.6938e-01 1.6321e+01 4.3770e+01 7.3004e+01 -4.8902e-01 -2.0578e+01 2.4900e+02 5.0311e+02 -4.2876e+00 -8.0899e+01 1.6692e+03 -3.8341e+01 -1.4296e+02 4.8744e+01 1.4301e+00 3.1826e+01
4.7550e-01 1.5029e+01 4.1776e+01 7.1358e+01 -6.0698e-01 -1.9227e+01 2.3803e+02 4.8270e+02 -4.3741e+00 -7.7886e+01 1.6103e+03 -3.8239e+01 -1.3906e+02 4.7197e+01 1.5371e+00 3.0364e+01
4.8161e-01 1.4637e+01 4.0700e+01 6.9769e+01 -6.8170e-01 -1.8790e+01 2.2991e+02 4.6680e+02 -4.6311e+00 -7.6139e+01 1.5504e+03 -3.6794e+01 -1.3644e+02 4.5538e+01 1.6625e+00 2.9901e+01
4.8774e-01 1.4178e+01 3.9344e+01 6.7322e+01 -6.3854e-01 -1.8274e+01 2.2020e+02 4.4630e+02 -4.1851e+00 -7.3998e+01 1.4932e+03 -3.5242e+01 -1.3211e+02 4.4596e+01 1.5565e+00 2.9355e+01
4.9386e-01 1.3656e+01 3.7975e+01 6.5901e+01 -3.4810e-01 -1.7667e+01 2.1184e+02 4.3307e+02 -3.3800e+00 -7.1800e+01 1.4469e+03 -3.3572e+01 -1.2983e+02 4.3078e+01 1.1637e+00 2.8620e+01
5.0000e-01 1.3210e+01 3.6337e+01 6.2957e+01 -6.3859e-01 -1.7068e+01 2.0132e+02 4.1170e+02 -3.8691e+00 -6.9091e+01 1.3880e+03 -3.3893e+01 -1.2455e+02 4.1099e+01 1.4683e+00 2.7841e+01
5.0617e-01 1.2886e+01 3.5448e+01 6.0778e+01 -4.3956e-01 -1.6732e+01 1.9461e+02 3.9928e+02 -3.2967e+00 -6.7576e+01 1.3538e+03 -3.2374e+01 -1.2145e+02 3.9847e+01 1.1998e+00 2.7487e+01
5.1232e-01 1.2509e+01 3.4373e+01 5.9797e+01 -3.5280e-01 -1.6270e+01 1.8621e+02 3.8172e+02 -2.7076e+00 -6.5519e+01 1.2942e+03 -2.9959e+01 -1.1821e+02 3.8584e+01 1.0213e+00 2.6874e+01
5.1844e-01 1.3044e+01 3.4380e+01 5.8384e+01 -2.2985e-01 -1.6781e+01 1.8092e+02 3.6980e+02 -2.8438e+00 -6.4971e+01 1.2562e+03 -2.9840e+01 -1.1590e+02 3.7274e+01 9.5180e-01 2.7362e+01
5.2458e-01 1.1919e+01 3.2603e+01 5.6204e+01 -3.2056e-01 -1.5594e+01 1.7328e+02 3.5514e+02 -2.8282e+00 -6.2465e+01 1.2030e+03 -2.8369e+01 -1.1230e+02 3.6292e+01 1.0680e+00 2.6093e+01
5.3073e-01 1.1590e+01 3.1457e+01 5.4315e+01 -1.9384e-01 -1.5162e+01 1.6656e+02 3.4298e+02 -2.3559e+00 -6.0622e+01 1.1684e+03 -2.6291e+01 -1.0936e+02 3.4718e+01 8.4608e-01 2.5549e+01
5.3687e-01 1.1251e+01 3.0427e+01 5.3362e+01 -2.7371e-01 -1.4746e+01 1.5924e+02 3.3005e+02 -2.5501e+00 -5.8699e+01 1.1276e+03 -2.6689e+01 -1.0683e+02 3.3612e+01 9.2063e-01 2.4981e+01
5.4296e-01 1.2616e+01 3.1312e+01 5.1932e+01 -2.5507e-01 -1.6074e+01 1.5524e+02 3.1701e+02 -2.5135e+00 -5.8939e+01 1.0802e+03 -2.5758e+01 -1.0380e+02 3.2519e+01 9.0276e-01 2.6246e+01
5.4911e-01 1.0655e+01 2.8774e+01 5.0480e+01 -2.1713e-01 -1.4042e+01 1.4835e+02 3.0893e+02 -2.4877e+00 -5.5770e+01 1.0577e+03 -2.5183e+01 -1.0174e+02 3.1465e+01 8.7270e-01 2.4101e+01
5.5528e-01 1.0313e+01 2.7857e+01 4.9107e+01 -2.2591e-01 -1.3629e+01 1.4176e+02 2.9437e+02 -2.2349e+00 -5.3932e+01 1.0141e+03 -2.3788e+01 -9.8172e+01 3.0390e+01 8.3395e-01 2.3521e+01
5.6141e-01 1.0189e+01 2.7354e+01 4.8910e+01 -1.6469e-01 -1.3441e+01 1.3797e+02 2.9022e+02 -1.9696e+00 -5.2931e+01 9.9730e+02 -2.2186e+01 -9.7809e+01 2.9274e+01 7.0375e-01 2.3246e+01
5.6754e-01 1.0608e+01 2.7126e+01 4.6188e+01 -1.0864e-01 -1.3805e+01 1.3281e+02 2.7501e+02 -2.1107e+00 -5.2025e+01 9.5071e+02 -2.1955e+01 -9.3129e+01 2.8295e+01 7.2264e-01 2.3519e+01
5.7367e-01 9.5571e+00 2.5642e+01 4.6000e+01 -1.2178e-01 -1.2674e+01 1.2728e+02 2.6881e+02 -1.9695e+00 -4.9728e+01 9.2861e+02 -2.1040e+01 -9.1990e+01 2.7176e+01 7.0095e-01 2.2186e+01
5.7981e-01 9.3414e+00 2.5017e+01 4.4487e+01 -6.2427e-02 -1.2419e+01 1.2282e+02 2.5737e+02 -1.5975e+00 -4.8567e+01 8.8820e+02 -1.9600e+01 -8.9033e+01 2.6306e+01 5.5078e-01 2.1873e+01
5.8594e-01 9.1450e+00 2.4433e+01 4.3227e+01 -1.2066e-01 -1.2184e+01 1.1887e+02 2.4935e+02 -1.9253e+00 -4.7403e+01 8.6255e+02 -2.0000e+01 -8.6639e+01 2.5237e+01 6.8256e-01 2.1533e+01
5.9206e-01 8.7626e+00 2.3511e+01 4.2249e+01 -9.6225e-02 -1.1744e+01 1.1408e+02 2.4168e+02 -1.7698e+00 -4.5891e+01 8.3818e+02 -1.9195e+01 -8.4973e+01 2.4498e+01 6.2232e-01 2.0978e+01
5.9819e-01 8.6660e+00 2.3032e+01 4.1244e+01 -6.2382e-02 -1.1579e+01 1.1036e+02 2.3341e+02 -1.7633e+00 -4.4835e+01 8.0868e+02 -1.8123e+01 -8.2761e+01 2.3705e+01 5.8740e-01 2.0687e+01
6.0436e-01 8.4455e+00 2.2466e+01 4.0164e+01 -2.5359e-02 -1.1318e+01 1.0650e+02 2.2592e+02 -1.4166e+00 -4.3635e+01 7.8338e+02 -1.6821e+01 -8.0715e+01 2.2957e+01 4.7718e-01 2.0294e+01
6.1049e-01 8.1983e+00 2.1779e+01 3.8937e+01 -1.4082e-02 -1.1002e+01 1.0260e+02 2.1714e+02 -1.2576e+00 -4.2390e+01 7.5230e+02 -1.5653e+01 -7.8136e+01 2.2012e+01 4.3574e-01 1.9859e+01
6.1661e-01 8.6919e+00 2.1946e+01 3.8259e+01 -9.7853e-02 -1.1446e+01 9.9861e+01 2.1133e+02 -1.5195e+00 -4.1987e+01 7.3515e+02 -1.6057e+01 -7.6562e+01 2.1351e+01 5.1818e-01 2.0177e+01
6.2276e-01 7.8253e+00 2.0646e+01 3.7375e+01 -9.8665e-02 -1.0533e+01 9.5366e+01 2.0346e+02 -1.6875e+00 -4.0102e+01 7.0822e+02 -1.5458e+01 -7.4398e+01 2.0700e+01 6.0489e-01 1.9132e+01
6.2890e-01 7.6976e+00 2.0259e+01 3.6533e+01 -3.7753e-02 -1.0376e+01 9.2434e+01 1.9737e+02 -1.3708e+00 -3.9212e+01 6.8606e+02 -1.4410e+01 -7.2674e+01 1.9920e+01 4.5745e-01 1.8865e+01
6.3503e-01 7.3827e+00 1.9425e+01 3.5076e+01 -1.8463e-02 -9.9573e+00 8.8555e+01 1.8963e+02 -1.2201e+00 -3.7752e+01 6.6189e+02 -1.3534e+01 -7.0067e+01 1.9306e+01 4.1368e-01 1.8253e+01
6.4117e-01 8.5259e+00 2.0322e+01 3.4721e+01 1.1644e-03 -1.1071e+01 8.7226e+01 1.8469e+02 -1.0421e+00 -3.8212e+01 6.4268e+02 -1.2617e+01 -6.8987e+01 1.8449e+01 3.2146e-01 1.9275e+01
6.4731e-01 7.0721e+00 1.8480e+01 3.3491e+01 -2.6363e-02 -9.5553e+00 8.2698e+01 1.7800e+02 -1.0613e+00 -3.5807e+01 6.2046e+02 -1.2139e+01 -6.6786e+01 1.7868e+01 3.5886e-01 1.7594e+01
6.5344e-01 6.9221e+00 1.8004e+01 3.2622e+01 4.0471e-02 -9.3658e+00 7.9872e+01 1.7197e+02 -1.0185e+00 -3.4881e+01 6.0028e+02 -1.1774e+01 -6.4893e+01 1.7252e+01 3.1204e-01 1.7302e+01
6.5958e-01 6.8107e+00 1.7763e+01 3.2352e+01 4.1313e-02 -9.2231e+00 7.7632e+01 1.6724e+02 -9.4842e-01 -3.4138e+01 5.8393e+02 -1.1168e+01 -6.3580e+01 1.6776e+01 3.2256e-01 1.7038e+01
6.6571e-01 7.1639e+00 1.7624e+01 3.0793e+01 -3.5927e-02 -9.4886e+00 7.5170e+01 1.6105e+02 -1.2285e+00 -3.3551e+01 5.6324e+02 -1.1286e+01 -6.1359e+01 1.6217e+01 4.3119e-01 1.7150e+01
6.7184e-01 6.4374e+00 1.6679e+01 3.0312e+01 4.3740e-02 -8.7291e+00 7.2003e+01 1.5570e+02 -1.0032e+00 -3.2075e+01 5.4358e+02 -1.0759e+01 -5.9731e+01 1.5644e+01 3.0289e-01 1.6252e+01
6.7797e-01 6.2759e+00 1.6220e+01 2.9579e+01 4.9148e-02 -8.5068e+00 6.9664e+01 1.5147e+02 -8.9921e-01 -3.1158e+01 5.3051e+02 -9.8143e+00 -5.8355e+01 1.5094e+01 2.7105e-01 1.5867e+01
6.8410e-01 6.0792e+00 1.5713e+01 2.8811e+01 5.5038e-02 -8.2556e+00 6.7029e+01 1.4582e+02 -8.8283e-01 -3.0174e+01 5.1095e+02 -9.3172e+00 -5.6527e+01 1.4452e+01 2.8249e-01 1.5473e+01
6.9025e-01 5.8809e+00 1.5242e+01 2.8050e+01 4.4535e-02 -8.0031e+00 6.4830e+01 1.4182e+02 -7.9480e-01 -2.9284e+01 4.9690e+02 -9.0337e+00 -5.5190e+01 1.4041e+01 2.3779e-01 1.5073e+01
6.9639e-01 5.7943e+00 1.4951e+01 2.7515e+01 4.4868e-02 -7.8779e+00 6.2850e+01 1.3745e+02 -8.7475e-01 -2.8572e+01 4.7996e+02 -8.4540e+00 -5.3732e+01 1.3539e+01 2.6281e-01 1.4825e+01
7.0254e-01 5.6757e+00 1.4572e+01 2.6851e+01 9.9560e-02 -7.7213e+00 6.0703e+01 1.3339e+02 -7.3899e-01 -2.7772e+01 4.6771e+02 -8.1052e+00 -5.2410e+01 1.3175e+01 1.9533e-01 1.4528e+01
7.0868e-01 5.5222e+00 1.4196e+01 2.6199e+01 1.0961e-01 -7.5257e+00 5.8778e+01 1.2920e+02 -6.4616e-01 -2.7017e+01 4.5419e+02 -7.5812e+00 -5.0870e+01 1.2658e+01 1.7641e-01 1.4214e+01
7.1481e-01 5.9104e+00 1.4415e+01 2.5700e+01 9.3372e-02 -7.8891e+00 5.7711e+01 1.2579e+02 -6.3043e-01 -2.6920e+01 4.4010e+02 -7.1566e+00 -4.9764e+01 1.2161e+01 1.5891e-01 1.4476e+01
7.2095e-01 5.2995e+00 1.3631e+01 2.5322e+01 4.9007e-02 -7.2554e+00 5.5541e+01 1.2244e+02 -7.6038e-01 -2.5798e+01 4.2829e+02 -7.0390e+00 -4.8770e+01 1.1813e+01 2.4900e-01 1.3733e+01
7.2708e-01 5.2072e+00 1.3293e+01 2.4546e+01 8.7373e-02 -7.1160e+00 5.3642e+01 1.1836e+02 -6.1632e-01 -2.5065e+01 4.1388e+02 -6.5053e+00 -4.7254e+01 1.1454e+01 1.6214e-01 1.3456e+01
7.3319e-01 5.0444e+00 1.2903e+01 2.3870e+01 8.1545e-02 -6.8958e+00 5.1708e+01 1.1393e+02 -6.1638e-01 -2.4241e+01 3.9809e+02 -6.3424e+00 -4.5649e+01 1.1011e+01 1.6644e-01 1.3067e+01
7.3934e-01 5.9204e+00 1.3547e+01 2.3309e+01 9.5803e-02 -7.7213e+00 5.1040e+01 1.1090e+02 -4.6898e-01 -2.4534e+01 3.8853e+02 -5.6791e+00 -4.4519e+01 1.0696e+01 9.2777e-02 1.3753e+01
7.4548e-01 4.8456e+00 1.2322e+01 2.2753e+01 1.1110e-01 -6.6231e+00 4.8713e+01 1.0766e+02 -4.6086e-01 -2.3020e+01 3.7561e+02 -5.3894e+00 -4.3370e+01 1.0269e+01 1.1161e-01 1.2549e+01
7.5161e-01 4.7623e+00 1.2077e+01 2.2385e+01 7.6960e-02 -6.5192e+00 4.7354e+01 1.0512e+02 -5.5432e-01 -2.2490e+01 3.6743e+02 -5.4628e+00 -4.2508e+01 9.8433e+00 1.4786e-01 1.2344e+01
7.5776e-01 4.6127e+00 1.1678e+01 2.1720e+01 7.8562e-02 -6.3087e+00 4.5530e+01 1.0142e+02 -5.1663e-01 -2.1711e+01 3.5443e+02 -5.1612e+00 -4.1181e+01 9.5487e+00 1.3650e-01 1.1984e+01
7.6390e-01 4.9929e+00 1.1905e+01 2.1304e+01 1.2255e-01 -6.6491e+00 4.4786e+01 9.8992e+01 -3.4670e-01 -2.1626e+01 3.4521e+02 -4.3828e+00 -4.0209e+01 9.2159e+00 4.8200e-02 1.2180e+01
7.7006e-01 4.3881e+00 1.1099e+01 2.0613e+01 1.3555e-01 -6.0137e+00 4.2847e+01 9.5615e+01 -3.6751e-01 -2.0536e+01 3.3341e+02 -4.5117e+00 -3.8904e+01 8.8953e+00 4.7757e-02 1.1438e+01
7.7616e-01 4.2997e+00 1.0879e+01 2.0345e+01 8.9124e-02 -5.8920e+00 4.1798e+01 9.3720e+01 -5.0132e-01 -2.0061e+01 3.2617e+02 -4.4688e+00 -3.8233e+01 8.5555e+00 1.3905e-01 1.1201e+01
7.8228e-01 4.1975e+00 1.0626e+01 1.9869e+01 8.8214e-02 -5.7675e+00 4.0540e+01 9.0836e+01 -4.0837e-01 -1.9553e+01 3.1581e+02 -3.9171e+00 -3.7207e+01 8.2761e+00 1.0392e-01 1.0979e+01
7.8842e-01 4.0597e+00 1.0288e+01 1.9320e+01 1.0711e-01 -5.5758e+00 3.9055e+01 8.7890e+01 -3.8361e-01 -1.8864e+01 3.0599e+02 -3.8161e+00 -3.6074e+01 7.9908e+00 8.4682e-02 1.0626e+01
7.9456e-01 4.0138e+00 1.0122e+01 1.8971e+01 1.0532e-01 -5.5044e+00 3.8109e+01 8.5739e+01 -3.4615e-01 -1.8461e+01 2.9757e+02 -3.5084e+00 -3.5206e+01 7.7481e+00 6.0637e-02 1.0456e+01
8.0070e-01 3.9315e+00 9.8884e+00 1.8496e+01 1.0656e-01 -5.4021e+00 3.6939e+01 8.3169e+01 -3.2510e-01 -1.7982e+01 2.8886e+02 -3.2643e+00 -3.4258e+01 7.4435e+00 5.7850e-02 1.0258e+01
8.0683e-01 3.8231e+00 9.5948e+00 1.7993e+01 1.1231e-01 -5.2380e+00 3.5625e+01 8.0559e+01 -2.8919e-01 -1.7348e+01 2.8003e+02 -3.0533e+00 -3.3123e+01 7.2078e+00 3.9743e-02 9.9339e+00
8.1298e-01 4.1395e+00 9.7861e+00 1.7638e+01 9.3489e-02 -5.5294e+00 3.5079e+01 7.8331e+01 -3.2801e-01 -1.7326e+01 2.7136e+02 -3.0238e+00 -3.2324e+01 6.9783e+00 6.4312e-02 1.0122e+01
8.1914e-01 3.6584e+00 9.1630e+00 1.7203e+01 1.1035e-01 -5.0199e+00 3.3617e+01 7.6003e+01 -2.7383e-01 -1.6464e+01 2.6363e+02 -2.7785e+00 -3.1397e+01 6.7357e+00 4.3024e-02 9.5034e+00
8.2526e-01 3.6030e+00 8.9861e+00 1.6801e+01 1.1592e-01 -4.9334e+00 3.2777e+01 7.4128e+01 -2.4566e-01 -1.6066e+01 2.5629e+02 -2.5738e+00 -3.0591e+01 6.4589e+00 3.0026e-02 9.3084e+00
8.3138e-01 3.4806e+00 8.7009e+00 1.6384e+01 1.2397e-01 -4.7771e+00 3.1691e+01 7.2144e+01 -2.0129e-01 -1.5541e+01 2.4984e+02 -2.3384e+00 -2.9794e+01 6.2591e+00 8.8081e-03 9.0356e+00
8.3752e-01 4.1540e+00 9.2762e+00 1.6122e+01 1.1124e-01 -5.4317e+00 3.1665e+01 7.0529e+01 -2.3836e-01 -1.5950e+01 2.4389e+02 -2.3690e+00 -2.9261e+01 6.0017e+00 2.6293e-02 9.6018e+00
8.4366e-01 3.3492e+00 8.3250e+00 1.5680e+01 1.0809e-01 -4.5919e+00 2.9927e+01 6.8247e+01 -2.2619e-01 -1.4731e+01 2.3610e+02 -2.2271e+00 -2.8227e+01 5.8208e+00 2.0433e-02 8.6303e+00
8.4979e-01 3.2956e+00 8.1799e+00 1.5437e+01 1.2196e-01 -4.5080e+00 2.9246e+01 6.6818e+01 -1.7938e-01 -1.4397e+01 2.3053e+02 -2.0176e+00 -2.7602e+01 5.6139e+00 1.3928e-03 8.4564e+00
8.5593e-01 3.1952e+00 7.9560e+00 1.4998e+01 1.1775e-01 -4.3848e+00 2.8406e+01 6.4921e+01 -1.6738e-01 -1.3995e+01 2.2403e+02 -1.8481e+00 -2.6843e+01 5.3911e+00 1.0978e-03 8.2369e+00
8.6206e-01 3.4791e+00 8.1449e+00 1.4749e+01 1.0433e-01 -4.6568e+00 2.8055e+01 6.3481e+01 -2.0529e-01 -1.4036e+01 2.1845e+02 -1.7616e+00 -2.6318e+01 5.2175e+00 2.2703e-02 8.4361e+00
8.6820e-01 3.0785e+00 7.6248e+00 1.4372e+01 1.1970e-01 -4.2229e+00 2.6892e+01 6.1654e+01 -1.0785e-01 -1.3299e+01 2.1211e+02 -1.4699e+00 -2.5549e+01 5.0408e+00 -1.4913e-02 7.8852e+00
8.7433e-01 3.0059e+00 7.4308e+00 1.4045e+01 1.0563e-01 -4.1156e+00 2.6099e+01 5.9950e+01 -1.6194e-01 -1.2900e+01 2.0615e+02 -1.6132e+00 -2.4813e+01 4.8986e+00 1.8215e-03 7.6674e+00
8.8046e-01 2.9393e+00 7.2782e+00 1.3821e+01 1.0243e-01 -4.0306e+00 2.5465e+01 5.8717e+01 -1.5334e-01 -1.2597e+01 2.0144e+02 -1.4755e+00 -2.4351e+01 4.7458e+00 6.9185e-03 7.5024e+00
8.8661e-01 2.8470e+00 7.0677e+00 1.3442e+01 9.9982e-02 -3.9130e+00 2.4661e+01 5.6768e+01 -1.6485e-01 -1.2216e+01 1.9400e+02 -1.4478e+00 -2.3584e+01 4.5602e+00 4.2843e-03 7.2895e+00
8.9275e-01 2.8090e+00 6.9240e+00 1.3145e+01 1.0220e-01 -3.8431e+00 2.3998e+01 5.5407e+01 -1.4665e-01 -1.1884e+01 1.8991e+02 -1.3015e+00 -2.2937e+01 4.3926e+00 4.1641e-03 7.1151e+00
8.9890e-01 2.7592e+00 6.7904e+00 1.2867e+01 1.0778e-01 -3.7760e+00 2.3433e+01 5.4091e+01 -1.2153e-01 -1.1610e+01 1.8501e+02 -1.1373e+00 -2.2366e+01 4.2466e+00 -3.9078e-03 6.9702e+00
9.0503e-01 2.6758e+00 6.5909e+00 1.2513e+01 1.0563e-01 -3.6649e+00 2.2694e+01 5.2498e+01 -1.2358e-01 -1.1244e+01 1.7922e+02 -1.1392e+00 -2.1721e+01 4.0910e+00 6.9716e-05 6.7639e+00
9.1117e-01 2.9200e+00 6.7624e+00 1.2266e+01 1.0231e-01 -3.8963e+00 2.2450e+01 5.1256e+01 -1.1093e-01 -1.1281e+01 1.7489e+02 -9.9349e-01 -2.1178e+01 3.9458e+00 -6.1404e-03 6.9229e+00
9.1731e-01 2.5743e+00 6.3309e+00 1.2033e+01 1.0215e-01 -3.5256e+00 2.1608e+01 5.0123e+01 -1.0518e-01 -1.0705e+01 1.7066e+02 -9.8925e-01 -2.0714e+01 3.8113e+00 -9.1986e-03 6.4618e+00
9.2344e-01 2.5276e+00 6.1739e+00 1.1686e+01 1.0289e-01 -3.4535e+00 2.0978e+01 4.8698e+01 -1.0140e-01 -1.0402e+01 1.6601e+02 -9.3582e-01 -2.0066e+01 3.6742e+00 -1.6613e-02 6.3054e+00
9.2956e-01 2.4525e+00 6.0070e+00 1.1405e+01 1.0084e-01 -3.3516e+00 2.0362e+01 4.7308e+01 -9.0719e-02 -1.0079e+01 1.6104e+02 -8.6087e-01 -1.9465e+01 3.5768e+00 -1.7269e-02 6.1111e+00
9.3569e-01 2.9684e+00 6.4551e+00 1.1236e+01 1.0223e-01 -3.8520e+00 2.0498e+01 4.6514e+01 -7.9119e-02 -1.0429e+01 1.5816e+02 -7.8458e-01 -1.9170e+01 3.4398e+00 -2.3586e-02 6.5476e+00
9.4183e-01 2.3773e+00 5.8090e+00 1.1059e+01 1.0637e-01 -3.2491e+00 1.9523e+01 4.5471e+01 -6.6132e-02 -9.6659e+00 1.5371e+02 -7.1995e-01 -1.8747e+01 3.3106e+00 -2.8467e-02 5.8727e+00
9.4799e-01 2.3132e+00 5.6242e+00 1.0685e+01 9.4127e-02 -3.1541e+00 1.8879e+01 4.4098e+01 -7.5688e-02 -9.3431e+00 1.4962e+02 -6.8231e-01 -1.8126e+01 3.1990e+00 -2.3120e-02 5.6931e+00
9.5411e-01 2.2522e+00 5.5073e+00 1.0519e+01 9.9659e-02 -3.0819e+00 1.8470e+01 4.3219e+01 -5.8315e-02 -9.1291e+00 1.4617e+02 -6.3101e-01 -1.7740e+01 3.0956e+00 -3.0849e-02 5.5625e+00
9.6024e-01 2.4713e+00 5.6571e+00 1.0306e+01 9.4406e-02 -3.2796e+00 1.8283e+01 4.2182e+01 -6.4396e-02 -9.1595e+00 1.4218e+02 -6.2748e-01 -1.7312e+01 2.9892e+00 -3.0710e-02 5.6812e+00
9.6637e-01 2.1720e+00 5.2917e+00 1.0137e+01 9.5287e-02 -2.9649e+00 1.7590e+01 4.1206e+01 -4.1864e-02 -8.6948e+00 1.3850e+02 -4.7454e-01 -1.6937e+01 2.8831e+00 -3.3209e-02 5.3055e+00
9.7251e-01 2.1194e+00 5.1528e+00 9.8252e+00 9.3565e-02 -2.8939e+00 1.7106e+01 4.0082e+01 -4.4923e-02 -8.4512e+00 1.3490e+02 -4.9188e-01 -1.6440e+01 2.7943e+00 -3.6959e-02 5.1665e+00
9.7865e-01 2.0769e+00 5.0580e+00 9.7074e+00 9.9057e-02 -2.8361e+00 1.6749e+01 3.9381e+01 -3.1474e-02 -8.2571e+00 1.3228e+02 -4.5653e-01 -1.6149e+01 2.7092e+00 -4.0147e-02 5.0406e+00
9.8477e-01 2.0138e+00 4.9132e+00 9.4435e+00 9.8885e-02 -2.7517e+00 1.6253e+01 3.8250e+01 -1.7602e-02 -8.0001e+00 1.2833e+02 -3.6828e-01 -1.5639e+01 2.6010e+00 -4.3444e-02 4.8858e+00
9.9092e-01 1.9861e+00 4.8248e+00 9.2375e+00 9.8525e-02 -2.7090e+00 1.5907e+01 3.7436e+01 -2.1616e-02 -7.8247e+00 1.2547e+02 -3.7119e-01 -1.5277e+01 2.5271e+00 -4.1098e-02 4.7822e+00
9.9706e-01 1.9486e+00 4.7120e+00 9.0051e+00 8.6243e-02 -2.6491e+00 1.5475e+01 3.6409e+01 -3.9565e-02 -7.6031e+00 1.2191e+02 -3.9081e-01 -1.4809e+01 2.4457e+00 -3.3966e-02 4.6562e+00
1.0032e+00 1.8976e+00 4.6021e+00 8.8231e+00 9.4953e-02 -2.5834e+00 1.5101e+01 3.5619e+01 -1.3263e-02 -7.4109e+00 1.1917e+02 -3.1635e-01 -1.4490e+01 2.3546e+00 -4.3630e-02 4.5309e+00
1.0093e+00 2.0852e+00 4.7333e+00 8.6695e+00 9.4033e-02 -2.7586e+00 1.4974e+01 3.4853e+01 -1.3766e-02 -7.4557e+00 1.1642e+02 -3.1918e-01 -1.4167e+01 2.2773e+00 -4.0644e-02 4.6496e+00
1.0155e+00 1.8114e+00 4.3862e+00 8.4195e+00 9.1010e-02 -2.4677e+00 1.4352e+01 3.3934e+01 -1.5730e-02 -7.0319e+00 1.1325e+02 -2.7410e-01 -1.3776e+01 2.2030e+00 -3.9418e-02 4.3066e+00
1.0216e+00 1.7995e+00 4.3233e+00 8.2578e+00 9.0598e-02 -2.4418e+00 1.4024e+01 3.3031e+01 -3.9752e-04 -6.8849e+00 1.0978e+02 -2.3652e-01 -1.3429e+01 2.1241e+00 -4.7344e-02 4.2252e+00
1.0277e+00 1.7428e+00 4.2024e+00 8.0529e+00 8.8596e-02 -2.3696e+00 1.3653e+01 3.2252e+01 -5.3977e-03 -6.6855e+00 1.0731e+02 -2.3359e-01 -1.3077e+01 2.0606e+00 -4.2169e-02 4.0990e+00
1.0339e+00 2.1429e+00 4.5541e+00 7.9252e+00 9.1354e-02 -2.7573e+00 1.3807e+01 3.1720e+01 4.4219e-03 -6.9690e+00 1.0556e+02 -1.8982e-01 -1.2824e+01 1.9847e+00 -4.6967e-02 4.4348e+00
1.0400e+00 1.6727e+00 4.0252e+00 7.7330e+00 8.1959e-02 -2.2709e+00 1.3035e+01 3.0865e+01 -1.0712e-02 -6.3606e+00 1.0238e+02 -2.1613e-01 -1.2472e+01 1.9189e+00 -3.7556e-02 3.8952e+00
1.0462e+00 1.6597e+00 3.9683e+00 7.6006e+00 8.4294e-02 -2.2461e+00 1.2784e+01 3.0268e+01 5.5673e-03 -6.2371e+00 1.0024e+02 -1.6727e-01 -1.2208e+01 1.8508e+00 -4.3944e-02 3.8240e+00
1.0523e+00 1.6078e+00 3.8578e+00 7.4339e+00 8.3228e-02 -2.1802e+00 1.2451e+01 2.9599e+01 2.5140e-03 -6.0614e+00 9.7975e+01 -1.8098e-01 -1.1936e+01 1.7982e+00 -4.0940e-02 3.7106e+00
1.0584e+00 1.7686e+00 3.9681e+00 7.2688e+00 8.2679e-02 -2.3251e+00 1.2369e+01 2.8964e+01 2.4380e-03 -6.1060e+00 9.5797e+01 -1.5629e-01 -1.1642e+01 1.7262e+00 -4.3008e-02 3.8058e+00
1.0646e+00 1.5430e+00 3.6943e+00 7.1130e+00 8.3514e-02 -2.0912e+00 1.1873e+01 2.8220e+01 1.0501e-02 -5.7731e+00 9.3151e+01 -1.3914e-01 -1.1356e+01 1.6827e+00 -4.4786e-02 3.5318e+00
1.0707e+00 1.5163e+00 3.6146e+00 6.9634e+00 8.2204e-02 -2.0483e+00 1.1589e+01 2.7591e+01 1.6021e-02 -5.6247e+00 9.1045e+01 -1.1746e-01 -1.1082e+01 1.6273e+00 -4.7000e-02 3.4403e+00
1.0768e+00 1.4800e+00 3.5412e+00 6.8453e+00 7.9017e-02 -2.0029e+00 1.1351e+01 2.7076e+01 1.0687e-02 -5.4994e+00 8.9296e+01 -1.2921e-01 -1.0863e+01 1.5686e+00 -4.1342e-02 3.3564e+00
1.0830e+00 1.4331e+00 3.4371e+00 6.6631e+00 8.2677e-02 -1.9404e+00 1.1042e+01 2.6405e+01 2.1465e-02 -5.3323e+00 8.7031e+01 -9.9765e-02 -1.0569e+01 1.5187e+00 -4.8905e-02 3.2472e+00
1.0891e+00 1.4157e+00 3.3764e+00 6.5060e+00 7.8987e-02 -1.9120e+00 1.0812e+01 2.5778e+01 1.9415e-02 -5.2152e+00 8.4751e+01 -9.9944e-02 -1.0276e+01 1.4718e+00 -4.7472e-02 3.1795e+00
1.0952e+00 1.3951e+00 3.3074e+00 6.3679e+00 7.9299e-02 -1.8786e+00 1.0554e+01 2.5182e+01 2.2524e-02 -5.0916e+00 8.2753e+01 -9.0312e-02 -1.0042e+01 1.4217e+00 -5.0229e-02 3.1047e+00
1.1014e+00 1.3573e+00 3.2274e+00 6.2322e+00 7.8043e-02 -1.8311e+00 1.0306e+01 2.4633e+01 1.1028e-02 -4.9648e+00 8.0895e+01 -1.2391e-01 -9.8146e+00 1.3750e+00 -4.5788e-02 3.0240e+00
1.1075e+00 1.5055e+00 3.3407e+00 6.1076e+00 7.3172e-02 -1.9692e+00 1.0278e+01 2.4134e+01 9.2694e-03 -5.0323e+00 7.9146e+01 -1.0810e-01 -9.6047e+00 1.3328e+00 -4.1196e-02 3.1256e+00
1.1136e+00 1.2997e+00 3.0815e+00 5.9438e+00 7.4122e-02 -1.7502e+00 9.8235e+00 2.3482e+01 1.7691e-02 -4.7170e+00 7.6951e+01 -9.9154e-02 -9.3189e+00 1.2908e+00 -4.6091e-02 2.8671e+00
1.1198e+00 1.2836e+00 3.0281e+00 5.8349e+00 7.3973e-02 -1.7250e+00 9.6180e+00 2.2991e+01 2.2992e-02 -4.6210e+00 7.5263e+01 -7.8790e-02 -9.1308e+00 1.2493e+00 -4.6465e-02 2.8097e+00
1.1259e+00 1.2546e+00 2.9656e+00 5.7378e+00 7.0468e-02 -1.6864e+00 9.4192e+00 2.2549e+01 1.4536e-02 -4.5145e+00 7.3726e+01 -9.9852e-02 -8.9391e+00 1.2119e+00 -4.3232e-02 2.7392e+00
1.1321e+00 1.5651e+00 3.2438e+00 5.6406e+00 7.1739e-02 -1.9893e+00 9.5770e+00 2.2171e+01 1.9025e-02 -4.7613e+00 7.2381e+01 -9.5992e-02 -8.8018e+00 1.1706e+00 -4.4839e-02 3.0151e+00
1.1382e+00 1.2068e+00 2.8443e+00 5.5077e+00 7.2851e-02 -1.6209e+00 9.0251e+00 2.1635e+01 2.8616e-02 -4.3142e+00 7.0513e+01 -5.4201e-02 -8.5689e+00 1.1400e+00 -4.8151e-02 2.6123e+00
1.1443e+00 1.1856e+00 2.7855e+00 5.4014e+00 7.1840e-02 -1.5883e+00 8.8276e+00 2.1196e+01 3.0755e-02 -4.2116e+00 6.9062e+01 -5.0900e-02 -8.3773e+00 1.1011e+00 -4.7364e-02 2.5464e+00
1.1505e+00 1.1514e+00 2.7098e+00 5.2595e+00 6.7899e-02 -1.5434e+00 8.6001e+00 2.0660e+01 2.0498e-02 -4.0932e+00 6.7273e+01 -7.6445e-02 -8.1474e+00 1.0629e+00 -4.2805e-02 2.4718e+00
1.1566e+00 1.2853e+00 2.8085e+00 5.1373e+00 6.6020e-02 -1.6699e+00 8.5732e+00 2.0214e+01 1.6435e-02 -4.1620e+00 6.5802e+01 -9.3114e-02 -7.9660e+00 1.0355e+00 -4.1628e-02 2.5720e+00
1.1627e+00 1.1042e+00 2.5955e+00 5.0476e+00 6.6529e-02 -1.4785e+00 8.2348e+00 1.9803e+01 2.4016e-02 -3.9077e+00 6.4346e+01 -7.7416e-02 -7.7931e+00 1.0013e+00 -4.4067e-02 2.3508e+00
1.1689e+00 1.0923e+00 2.5523e+00 4.9540e+00 6.4592e-02 -1.4598e+00 8.0684e+00 1.9410e+01 2.0161e-02 -3.8319e+00 6.3049e+01 -8.3607e-02 -7.6387e+00 9.6525e-01 -4.0478e-02 2.3080e+00
1.1750e+00 1.0611e+00 2.4835e+00 4.8200e+00 6.8430e-02 -1.4200e+00 7.8716e+00 1.8938e+01 3.2172e-02 -3.7317e+00 6.1509e+01 -4.6826e-02 -7.4444e+00 9.4118e-01 -4.7054e-02 2.2422e+00
1.1811e+00 1.0276e+00 2.4183e+00 4.7169e+00 6.3192e-02 -1.3769e+00 7.6845e+00 1.8511e+01 2.4518e-02 -3.6285e+00 6.0022e+01 -7.0909e-02 -7.2580e+00 9.1358e-01 -4.2361e-02 2.1727e+00
1.1873e+00 1.0156e+00 2.3792e+00 4.6339e+00 6.2953e-02 -1.3573e+00 7.5431e+00 1.8158e+01 2.9474e-02 -3.5605e+00 5.8775e+01 -5.8071e-02 -7.1169e+00 8.8405e-01 -4.3463e-02 2.1297e+00
1.1934e+00 1.0059e+00 2.3385e+00 4.5471e+00 6.4696e-02 -1.3393e+00 7.3885e+00 1.7795e+01 3.0454e-02 -3.4875e+00 5.7608e+01 -5.6313e-02 -6.9712e+00 8.5865e-01 -4.5334e-02 2.0872e+00
1.1996e+00 9.7722e-01 2.2797e+00 4.4464e+00 6.2007e-02 -1.3041e+00 7.2205e+00 1.7406e+01 2.6921e-02 -3.4023e+00 5.6320e+01 -6.5147e-02 -6.8140e+00 8.2987e-01 -4.1928e-02 2.0317e+00
1.2057e+00 1.0938e+00 2.3689e+00 4.3524e+00 6.2541e-02 -1.4130e+00 7.2100e+00 1.7048e+01 3.0188e-02 -3.4627e+00 5.5078e+01 -6.5798e-02 -6.6635e+00 8.1052e-01 -4.4755e-02 2.1185e+00
1.2118e+00 9.3700e-01 2.1828e+00 4.2674e+00 5.9706e-02 -1.2482e+00 6.9157e+00 1.6689e+01 2.6161e-02 -3.2470e+00 5.3896e+01 -7.4866e-02 -6.5169e+00 7.8253e-01 -4.1412e-02 1.9317e+00
1.2179e+00 9.2635e-01 2.1453e+00 4.1849e+00 5.9492e-02 -1.2321e+00 6.7799e+00 1.6365e+01 2.7090e-02 -3.1867e+00 5.2835e+01 -7.0386e-02 -6.3969e+00 7.5841e-01 -4.2169e-02 1.8981e+00
1.2241e+00 9.0082e-01 2.0905e+00 4.0842e+00 5.8563e-02 -1.1983e+00 6.6250e+00 1.5998e+01 2.7198e-02 -3.1031e+00 5.1654e+01 -6.8250e-02 -6.2316e+00 7.3832e-01 -4.0675e-02 1.8431e+00
1.2302e+00 1.1484e+00 2.3122e+00 4.0052e+00 5.7740e-02 -1.4382e+00 6.7441e+00 1.5636e+01 2.8689e-02 -3.2982e+00 5.0389e+01 -6.0464e-02 -6.1012e+00 7.1682e-01 -4.1555e-02 2.0625e+00
1.2364e+00 8.6526e-01 1.9997e+00 3.9107e+00 5.7650e-02 -1.1486e+00 6.3340e+00 1.5305e+01 3.0133e-02 -2.9612e+00 4.9350e+01 -6.2585e-02 -5.9573e+00 6.9413e-01 -4.2194e-02 1.7545e+00
1.2425e+00 8.5323e-01 1.9600e+00 3.8229e+00 5.8223e-02 -1.1299e+00 6.1986e+00 1.4980e+01 2.9046e-02 -2.8969e+00 4.8319e+01 -7.8028e-02 -5.8225e+00 6.7612e-01 -4.3019e-02 1.7176e+00
1.2486e+00 8.2956e-01 1.9133e+00 3.7490e+00 5.4356e-02 -1.0996e+00 6.0701e+00 1.4680e+01 2.3959e-02 -2.8280e+00 4.7302e+01 -8.1468e-02 -5.7011e+00 6.5346e-01 -3.8241e-02 1.6699e+00
1.2548e+00 9.4208e-01 2.0081e+00 3.6871e+00 5.5501e-02 -1.2080e+00 6.0882e+00 1.4396e+01 2.5586e-02 -2.9059e+00 4.6285e+01 -8.3882e-02 -5.6009e+00 6.3849e-01 -4.0518e-02 1.7649e+00
1.2609e+00 7.9819e-01 1.8352e+00 3.6003e+00 5.5947e-02 -1.0561e+00 5.8171e+00 1.4068e+01 2.9192e-02 -2.7075e+00 4.5264e+01 -7.1912e-02 -5.4672e+00 6.1941e-01 -4.2134e-02 1.5942e+00
1.2671e+00 7.8482e-01 1.7985e+00 3.5277e+00 5.3987e-02 -1.0363e+00 5.7011e+00 1.3808e+01 2.7519e-02 -2.6479e+00 4.4458e+01 -8.1612e-02 -5.3499e+00 6.0309e-01 -3.9689e-02 1.5581e+00
1.2732e+00 7.6803e-01 1.7616e+00 3.4638e+00 5.2541e-02 -1.0136e+00 5.5892e+00 1.3540e+01 2.5376e-02 -2.5906e+00 4.3535e+01 -7.9374e-02 -5.2429e+00 5.8654e-01 -3.8239e-02 1.5198e+00
1.2793e+00 7.4144e-01 1.7100e+00 3.3777e+00 5.3818e-02 -9.8062e-01 5.4547e+00 1.3240e+01 2.8521e-02 -2.5191e+00 4.2570e+01 -8.6785e-02 -5.1207e+00 5.6995e-01 -4.0326e-02 1.4718e+00
1.2855e+00 7.3596e-01 1.6870e+00 3.3238e+00 5.2844e-02 -9.7189e-01 5.3642e+00 1.2987e+01 2.9029e-02 -2.4824e+00 4.1667e+01 -7.7602e-02 -5.0346e+00 5.5519e-01 -4.0596e-02 1.4526e+00
1.2916e+00 7.2369e-01 1.6494e+00 3.2384e+00 5.1328e-02 -9.5223e-01 5.2396e+00 1.2679e+01 2.4333e-02 -2.4211e+00 4.0708e+01 -9.1589e-02 -4.9000e+00 5.3883e-01 -3.8628e-02 1.4162e+00
1.2977e+00 7.0720e-01 1.6160e+00 3.1849e+00 5.2019e-02 -9.3140e-01 5.1457e+00 1.2461e+01 2.7066e-02 -2.3739e+00 3.9956e+01 -8.6356e-02 -4.8189e+00 5.2322e-01 -4.0283e-02 1.3838e+00
1.3039e+00 8.0378e-01 1.6941e+00 3.1253e+00 5.1135e-02 -1.0226e+00 5.1540e+00 1.2231e+01 2.6541e-02 -2.4328e+00 3.9253e+01 -9.2112e-02 -4.7214e+00 5.1200e-01 -3.8797e-02 1.4615e+00
1.3100e+00 6.8067e-01 1.5518e+00 3.0669e+00 5.0185e-02 -8.9446e-01 4.9445e+00 1.1987e+01 2.6563e-02 -2.2745e+00 3.8419e+01 -8.4614e-02 -4.6284e+00 4.9749e-01 -3.8459e-02 1.3216e+00
1.3161e+00 6.6897e-01 1.5164e+00 2.9851e+00 4.9472e-02 -8.7705e-01 4.8302e+00 1.1708e+01 2.3841e-02 -2.2199e+00 3.7578e+01 -9.2554e-02 -4.5083e+00 4.8473e-01 -3.7598e-02 1.2904e+00
1.3223e+00 6.5376e-01 1.4846e+00 2.9395e+00 4.9881e-02 -8.5745e-01 4.7364e+00 1.1496e+01 2.7166e-02 -2.1740e+00 3.6861e+01 -8.6651e-02 -4.4336e+00 4.7008e-01 -3.8863e-02 1.2605e+00
1.3284e+00 8.5431e-01 1.6668e+00 2.8777e+00 4.8078e-02 -1.0530e+00 4.8484e+00 1.1251e+01 2.3609e-02 -2.3396e+00 3.6073e+01 -9.5789e-02 -4.3390e+00 4.5889e-01 -3.6776e-02 1.4444e+00
1.3345e+00 6.3048e-01 1.4262e+00 2.8201e+00 4.7974e-02 -8.2545e-01 4.5560e+00 1.1043e+01 2.4785e-02 -2.0870e+00 3.5344e+01 -9.1677e-02 -4.2540e+00 4.4802e-01 -3.6796e-02 1.2073e+00
1.3407e+00 6.1872e-01 1.3968e+00 2.7615e+00 4.8760e-02 -8.0875e-01 4.4602e+00 1.0815e+01 2.7692e-02 -2.0413e+00 3.4631e+01 -8.6799e-02 -4.1633e+00 4.3516e-01 -3.8586e-02 1.1797e+00
1.3468e+00 6.0618e-01 1.3712e+00 2.7254e+00 4.7083e-02 -7.9283e-01 4.3890e+00 1.0656e+01 2.5307e-02 -2.0053e+00 3.4127e+01 -9.1088e-02 -4.1044e+00 4.2533e-01 -3.6493e-02 1.1554e+00
1.3529e+00 6.9339e-01 1.4386e+00 2.6577e+00 4.7278e-02 -8.7458e-01 4.3858e+00 1.0403e+01 2.6190e-02 -2.0558e+00 3.3285e+01 -8.7942e-02 -4.0025e+00 4.1515e-01 -3.7322e-02 1.2256e+00
1.3591e+00 5.8256e-01 1.3109e+00 2.6062e+00 4.6386e-02 -7.5979e-01 4.2049e+00 1.0200e+01 2.4494e-02 -1.9156e+00 3.2591e+01 -9.1200e-02 -3.9247e+00 4.0372e-01 -3.6616e-02 1.1015e+00
1.3652e+00 5.7411e-01 1.2878e+00 2.5564e+00 4.5818e-02 -7.4730e-01 4.1257e+00 1.0006e+01 2.5250e-02 -1.8803e+00 3.2004e+01 -8.4620e-02 -3.8492e+00 3.9373e-01 -3.6099e-02 1.0804e+00
1.3714e+00 5.5904e-01 1.2573e+00 2.5100e+00 4.5094e-02 -7.2817e-01 4.0410e+00 9.8163e+00 2.3740e-02 -1.8375e+00 3.1410e+01 -9.5908e-02 -3.7784e+00 3.8490e-01 -3.5170e-02 1.0527e+00
1.3775e+00 5.4079e-01 1.2206e+00 2.4455e+00 4.4961e-02 -7.0568e-01 3.9417e+00 9.5831e+00 2.3568e-02 -1.7876e+00 3.0656e+01 -9.6687e-02 -3.6838e+00 3.7427e-01 -3.5527e-02 1.0217e+00
1.3836e+00 5.3820e-01 1.2035e+00 2.4028e+00 4.3802e-02 -6.9936e-01 3.8746e+00 9.4102e+00 2.1813e-02 -1.7582e+00 3.0112e+01 -9.6214e-02 -3.6164e+00 3.6558e-01 -3.4417e-02 1.0067e+00
1.3898e+00 5.3314e-01 1.1862e+00 2.3609e+00 4.4345e-02 -6.9099e-01 3.8079e+00 9.2349e+00 2.2176e-02 -1.7300e+00 2.9548e+01 -9.8080e-02 -3.5511e+00 3.5732e-01 -3.4762e-02 9.9089e-01
1.3959e+00 5.1837e-01 1.1613e+00 2.3293e+00 4.3214e-02 -6.7320e-01 3.7430e+00 9.0907e+00 2.2098e-02 -1.6961e+00 2.9028e+01 -9.8614e-02 -3.5020e+00 3.4813e-01 -3.4088e-02 9.6642e-01
1.4020e+00 6.0428e-01 1.2295e+00 2.2749e+00 4.2293e-02 -7.5511e-01 3.7560e+00 8.8975e+00 2.2035e-02 -1.7517e+00 2.8446e+01 -9.5176e-02 -3.4205e+00 3.4046e-01 -3.3422e-02 1.0402e+00
1.4082e+00 5.0038e-01 1.1137e+00 2.2350e+00 4.3500e-02 -6.4752e-01 3.6002e+00 8.7543e+00 2.2549e-02 -1.6253e+00 2.8007e+01 -9.8869e-02 -3.3595e+00 3.3457e-01 -3.4730e-02 9.2487e-01
1.4143e+00 4.9257e-01 1.0899e+00 2.1764e+00 4.2024e-02 -6.3634e-01 3.5179e+00 8.5333e+00 2.1842e-02 -1.5905e+00 2.7299e+01 -9.8722e-02 -3.2765e+00 3.2560e-01 -3.3294e-02 9.0701e-01
1.4204e+00 4.7941e-01 1.0651e+00 2.1380e+00 4.2092e-02 -6.2000e-01 3.4540e+00 8.3885e+00 2.1957e-02 -1.5563e+00 2.6839e+01 -9.7264e-02 -3.2166e+00 3.1757e-01 -3.3699e-02 8.8397e-01
1.4266e+00 6.5619e-01 1.2305e+00 2.1029e+00 4.1123e-02 -7.9403e-01 3.5697e+00 8.2163e+00 1.9673e-02 -1.7117e+00 2.6237e+01 -1.0266e-01 -3.1595e+00 3.1189e-01 -3.2628e-02 1.0519e+00
1.4327e+00 4.6512e-01 1.0248e+00 2.0571e+00 4.0896e-02 -5.9937e-01 3.3188e+00 8.0621e+00 2.0841e-02 -1.4954e+00 2.5828e+01 -9.6332e-02 -3.0921e+00 3.0404e-01 -3.2953e-02 8.5042e-01
1.4389e+00 4.5921e-01 1.0089e+00 2.0196e+00 4.0589e-02 -5.9085e-01 3.2658e+00 7.9213e+00 1.9455e-02 -1.4720e+00 2.5355e+01 -1.0480e-01 -3.0387e+00 2.9806e-01 -3.2424e-02 8.3652e-01
1.4450e+00 4.4638e-01 9.8280e-01 1.9765e+00 4.0223e-02 -5.7466e-01 3.1989e+00 7.7684e+00 1.9632e-02 -1.4365e+00 2.4874e+01 -1.0189e-01 -2.9769e+00 2.9257e-01 -3.1918e-02 8.1395e-01
1.4511e+00 5.2733e-01 1.0562e+00 1.9582e+00 4.0126e-02 -6.5353e-01 3.2359e+00 7.6482e+00 1.9462e-02 -1.5027e+00 2.4447e+01 -1.0113e-01 -2.9414e+00 2.8544e-01 -3.2112e-02 8.8830e-01
1.4573e+00 4.3122e-01 9.4653e-01 1.9110e+00 3.9951e-02 -5.5423e-01 3.0882e+00 7.5118e+00 1.8540e-02 -1.3850e+00 2.4064e+01 -1.0393e-01 -2.8797e+00 2.7968e-01 -3.2105e-02 7.8337e-01
1.4634e+00 4.2860e-01 9.3722e-01 1.8889e+00 3.9052e-02 -5.4904e-01 3.0466e+00 7.3940e+00 1.7820e-02 -1.3672e+00 2.3670e+01 -1.0411e-01 -2.8386e+00 2.7495e-01 -3.1046e-02 7.7265e-01
1.4695e+00 4.1658e-01 9.1459e-01 1.8515e+00 3.8193e-02 -5.3477e-01 2.9855e+00 7.2579e+00 1.6598e-02 -1.3364e+00 2.3237e+01 -1.0547e-01 -2.7843e+00 2.6854e-01 -3.0311e-02 7.5359e-01
1.4757e+00 4.0403e-01 8.9217e-01 1.8169e+00 3.9330e-02 -5.1954e-01 2.9278e+00 7.1252e+00 1.9939e-02 -1.3065e+00 2.2799e+01 -9.8400e-02 -2.7320e+00 2.6265e-01 -3.1914e-02 7.3351e-01
1.4818e+00 4.0196e-01 8.7997e-01 1.7825e+00 3.8722e-02 -5.1496e-01 2.8793e+00 6.9917e+00 1.9716e-02 -1.2875e+00 2.2365e+01 -9.5706e-02 -2.6832e+00 2.5847e-01 -3.1445e-02 7.2451e-01
1.4879e+00 3.9942e-01 8.6996e-01 1.7573e+00 3.7401e-02 -5.1062e-01 2.8427e+00 6.8985e+00 1.7438e-02 -1.2718e+00 2.2080e+01 -1.0027e-01 -2.6466e+00 2.5191e-01 -2.9963e-02 7.1642e-01
1.4941e+00 3.8866e-01 8.4778e-01 1.7176e+00 3.6997e-02 -4.9713e-01 2.7839e+00 6.7540e+00 1.6165e-02 -1.2421e+00 2.1620e+01 -1.0342e-01 -2.5897e+00 2.4774e-01 -2.9640e-02 6.9798e-01
1.5002e+00 4.6172e-01 9.1182e-01 1.6899e+00 3.7449e-02 -5.6820e-01 2.8173e+00 6.6503e+00 1.7914e-02 -1.2998e+00 2.1294e+01 -1.0032e-01 -2.5487e+00 2.4284e-01 -3.0409e-02 7.6521e-01
1.5064e+00 3.7632e-01 8.1756e-01 1.6630e+00 3.6717e-02 -4.8030e-01 2.6901e+00 6.5366e+00 1.6735e-02 -1.1985e+00 2.0928e+01 -9.8891e-02 -2.5073e+00 2.3856e-01 -2.9432e-02 6.7296e-01
1.5125e+00 3.7335e-01 8.0571e-01 1.6292e+00 3.6508e-02 -4.7521e-01 2.6461e+00 6.4114e+00 1.6558e-02 -1.1796e+00 2.0531e+01 -1.0163e-01 -2.4577e+00 2.3392e-01 -2.9368e-02 6.6372e-01
1.5186e+00 3.6494e-01 7.9239e-01 1.6119e+00 3.6582e-02 -4.6551e-01 2.6119e+00 6.3360e+00 1.6911e-02 -1.1624e+00 2.0265e+01 -1.0147e-01 -2.4316e+00 2.2977e-01 -2.9664e-02 6.5138e-01
1.5248e+00 5.1643e-01 9.3541e-01 1.5844e+00 3.6137e-02 -6.1493e-01 2.7246e+00 6.2315e+00 1.6657e-02 -1.2986e+00 1.9962e+01 -9.8738e-02 -2.3899e+00 2.2647e-01 -2.9168e-02 7.9666e-01
1.5309e+00 3.5321e-01 7.6249e-01 1.5541e+00 3.5624e-02 -4.4928e-01 2.5166e+00 6.1044e+00 1.7065e-02 -1.1179e+00 1.9555e+01 -9.5325e-02 -2.3410e+00 2.2171e-01 -2.8902e-02 6.2669e-01
1.5370e+00 3.5083e-01 7.5364e-01 1.5337e+00 3.5209e-02 -4.4503e-01 2.4837e+00 6.0244e+00 1.7328e-02 -1.1044e+00 1.9299e+01 -9.6842e-02 -2.3133e+00 2.1803e-01 -2.8642e-02 6.1930e-01
1.5432e+00 3.4168e-01 7.3634e-01 1.5029e+00 3.4360e-02 -4.3384e-01 2.4358e+00 5.9147e+00 1.5647e-02 -1.0807e+00 1.8966e+01 -9.7619e-02 -2.2680e+00 2.1408e-01 -2.7720e-02 6.0439e-01
1.5493e+00 4.1163e-01 8.0071e-01 1.4815e+00 3.3665e-02 -5.0240e-01 2.4788e+00 5.8316e+00 1.3422e-02 -1.1405e+00 1.8696e+01 -1.0431e-01 -2.2365e+00 2.1143e-01 -2.6776e-02 6.7017e-01
1.5554e+00 3.3183e-01 7.1252e-01 1.4592e+00 3.4095e-02 -4.2077e-01 2.3657e+00 5.7344e+00 1.6134e-02 -1.0471e+00 1.8358e+01 -9.4923e-02 -2.2019e+00 2.0799e-01 -2.7886e-02 5.8531e-01
1.5616e+00 3.3055e-01 7.0813e-01 1.4473e+00 3.3619e-02 -4.1866e-01 2.3445e+00 5.6829e+00 1.6082e-02 -1.0395e+00 1.8203e+01 -9.7041e-02 -2.1844e+00 2.0426e-01 -2.7440e-02 5.8129e-01
1.5677e+00 3.2302e-01 6.9367e-01 1.4256e+00 3.3527e-02 -4.0904e-01 2.3075e+00 5.6072e+00 1.5039e-02 -1.0199e+00 1.7982e+01 -9.7847e-02 -2.1528e+00 2.0108e-01 -2.6951e-02 5.6836e-01
