# k / 1, b1, b2, bg, bk
0.0000e+00 0.0000e+00 0.0000e+00 0.0000e+00 0.0000e+00 0.0000e+00 0.0000e+00 0.0000e+00 0.0000e+00 0.0000e+00 0.0000e+00 0.0000e+00 0.0000e+00 0.0000e+00 0.0000e+00 0.0000e+00
8.6911e-03 2.2824e+02 2.3871e+03 4.2885e+03 -4.9218e+01 -2.2843e+02 2.5403e+04 4.6163e+04 -2.4609e+02 -2.3891e+03 9.1860e+04 4.6735e+03 -4.2920e+03 3.3152e+03 4.9344e+01 2.2862e+02
1.5033e-02 3.6033e+02 3.1667e+03 5.3207e+03 -2.0127e+02 -3.6086e+02 3.0798e+04 5.2545e+04 -1.8874e+03 -3.1720e+03 9.9606e+04 2.9701e+03 -5.3292e+03 4.1089e+03 2.0197e+02 3.6139e+02
2.1045e-02 3.2858e+02 2.8526e+03 4.9716e+03 -7.8599e+00 -3.2965e+02 2.9503e+04 5.2770e+04 8.6001e+01 -2.8641e+03 1.0323e+05 5.3177e+03 -4.9922e+03 3.2444e+03 7.7605e+00 3.3073e+02
2.7184e-02 3.6795e+02 2.7156e+03 4.7233e+03 2.6542e+01 -3.6963e+02 2.6555e+04 4.7648e+04 6.3538e+01 -2.7331e+03 9.5576e+04 5.7235e+03 -4.7543e+03 3.5060e+03 -2.6185e+01 3.7132e+02
3.3593e-02 4.4623e+02 2.3876e+03 4.0264e+03 8.8998e+01 -4.4828e+02 2.2620e+04 4.1386e+04 5.2055e+02 -2.4095e+03 8.4114e+04 5.2355e+03 -4.0666e+03 2.7394e+03 -8.9310e+01 4.5036e+02
3.9678e-02 4.1544e+02 1.8371e+03 2.9484e+03 6.9359e+01 -4.1760e+02 1.8886e+04 3.4811e+04 4.3766e+02 -1.8637e+03 7.3425e+04 5.0444e+03 -2.9980e+03 2.5487e+03 -6.9747e+01 4.1981e+02
4.5731e-02 4.0335e+02 1.7274e+03 2.6855e+03 2.5731e+00 -4.0615e+02 1.6657e+04 2.9646e+04 -1.6122e+02 -1.7590e+03 6.1844e+04 3.8522e+03 -2.7424e+03 2.5529e+03 -2.0824e+00 4.0902e+02
5.1869e-02 3.7246e+02 1.5202e+03 2.4104e+03 5.3347e+01 -3.7551e+02 1.4845e+04 2.7221e+04 2.1644e+02 -1.5562e+03 5.8931e+04 4.3906e+03 -2.4769e+03 2.5144e+03 -5.3455e+01 3.7866e+02
5.8080e-02 3.8170e+02 1.5240e+03 2.3334e+03 2.3101e+01 -3.8551e+02 1.4022e+04 2.5544e+04 1.4152e+02 -1.5663e+03 5.5388e+04 3.7543e+03 -2.4110e+03 2.0979e+03 -2.3150e+01 3.8947e+02
6.4221e-02 3.8857e+02 1.4288e+03 2.0071e+03 -3.8320e+01 -3.9289e+02 1.3009e+04 2.2999e+04 -2.2418e+01 -1.4768e+03 4.8930e+04 3.0332e+03 -2.0935e+03 1.8676e+03 3.8485e+01 3.9741e+02
7.0292e-02 3.3943e+02 1.3116e+03 1.9284e+03 -3.6385e+01 -3.4423e+02 1.2070e+04 2.1429e+04 -9.5998e+01 -1.3648e+03 4.6769e+04 3.1379e+03 -2.0238e+03 2.0179e+03 3.7020e+01 3.4928e+02
7.6570e-02 3.2366e+02 1.2257e+03 1.8141e+03 -2.2160e+01 -3.2899e+02 1.0977e+04 1.9725e+04 -1.0990e+01 -1.2828e+03 4.3944e+04 2.9820e+03 -1.9177e+03 1.7841e+03 2.2825e+01 3.3464e+02
8.2833e-02 3.0020e+02 1.0815e+03 1.5605e+03 1.8108e+01 -3.0540e+02 9.7266e+03 1.7397e+04 4.7953e+01 -1.1400e+03 3.9564e+04 2.8819e+03 -1.6663e+03 1.7497e+03 -1.7696e+01 3.1098e+02
8.8863e-02 2.7875e+02 9.6255e+02 1.3841e+03 1.0829e+01 -2.8417e+02 8.5536e+03 1.5388e+04 4.9702e+01 -1.0225e+03 3.5895e+04 2.7680e+03 -1.4924e+03 1.6894e+03 -1.0211e+01 2.9005e+02
9.4935e-02 2.5411e+02 8.4649e+02 1.1412e+03 -2.1979e+01 -2.5942e+02 7.5058e+03 1.3254e+04 -4.0699e+01 -9.0615e+02 3.1197e+04 2.3508e+03 -1.2482e+03 1.5268e+03 2.2667e+01 2.6525e+02
1.0105e-01 2.2617e+02 7.7618e+02 1.1189e+03 -9.8901e+00 -2.3175e+02 6.7899e+03 1.2303e+04 -2.2625e+01 -8.3711e+02 2.9967e+04 2.3723e+03 -1.2301e+03 1.5319e+03 1.0757e+01 2.3793e+02
1.0719e-01 2.1444e+02 7.3003e+02 1.0393e+03 -1.0304e+01 -2.2032e+02 6.2499e+03 1.1055e+04 -5.5568e+01 -7.9317e+02 2.6649e+04 2.0101e+03 -1.1517e+03 1.3922e+03 1.1403e+01 2.2689e+02
1.1336e-01 1.9675e+02 6.7678e+02 9.8094e+02 3.1665e+00 -2.0286e+02 5.8658e+03 1.0544e+04 -2.4854e+01 -7.4270e+02 2.5899e+04 1.9486e+03 -1.1001e+03 1.2989e+03 -2.1687e+00 2.0978e+02
1.1952e-01 1.8261e+02 6.2776e+02 8.8897e+02 -3.0648e+00 -1.8898e+02 5.5524e+03 9.9838e+03 -1.7835e+00 -6.9809e+02 2.4864e+04 1.8869e+03 -1.0160e+03 1.2799e+03 3.7905e+00 1.9632e+02
1.2567e-01 1.6714e+02 5.9280e+02 8.5952e+02 -9.7385e+00 -1.7377e+02 5.3302e+03 9.6670e+03 -3.1203e+01 -6.6725e+02 2.4311e+04 1.7956e+03 -9.9489e+02 1.2397e+03 1.1098e+01 1.8153e+02
1.3179e-01 1.6618e+02 5.7144e+02 8.4730e+02 -8.1070e+00 -1.7311e+02 5.0696e+03 9.4058e+03 1.9026e+01 -6.4898e+02 2.4121e+04 1.7937e+03 -9.9135e+02 1.1708e+03 8.7027e+00 1.8133e+02
1.3789e-01 1.5549e+02 5.4297e+02 8.0882e+02 -1.3878e+00 -1.6275e+02 4.7157e+03 8.5881e+03 -2.3215e+01 -6.2163e+02 2.2124e+04 1.6036e+03 -9.5139e+02 1.1307e+03 3.0079e+00 1.7144e+02
1.4406e-01 1.4534e+02 5.0165e+02 7.5032e+02 1.0576e+00 -1.5260e+02 4.3517e+03 8.0589e+03 2.2761e+01 -5.8087e+02 2.1314e+04 1.6024e+03 -8.9636e+02 1.0781e+03 -3.0921e-01 1.6143e+02
1.5018e-01 1.3698e+02 4.5647e+02 6.6067e+02 -8.5370e+00 -1.4402e+02 3.9580e+03 7.2571e+03 -1.6366e+00 -5.3457e+02 1.9556e+04 1.5328e+03 -8.0372e+02 1.0697e+03 9.4950e+00 1.5274e+02
1.5634e-01 1.3007e+02 4.3156e+02 6.1810e+02 -8.5120e+00 -1.3732e+02 3.6489e+03 6.6064e+03 -4.1923e+01 -5.0949e+02 1.8140e+04 1.3834e+03 -7.5807e+02 1.0193e+03 1.0564e+01 1.4640e+02
1.6254e-01 1.2274e+02 4.0758e+02 5.9168e+02 -7.6782e+00 -1.3011e+02 3.3787e+03 6.1645e+03 -3.5489e+01 -4.8528e+02 1.7196e+04 1.2714e+03 -7.3209e+02 9.5354e+02 9.7187e+00 1.3945e+02
1.6869e-01 1.1254e+02 3.6165e+02 5.2447e+02 -7.2005e+00 -1.1952e+02 3.1371e+03 5.7870e+03 -5.0816e+01 -4.3981e+02 1.6487e+04 1.2176e+03 -6.6683e+02 9.4214e+02 9.8783e+00 1.2864e+02
1.7480e-01 1.0589e+02 3.5147e+02 5.2600e+02 -4.7782e+00 -1.1317e+02 2.9834e+03 5.4732e+03 -4.1615e+01 -4.3089e+02 1.5756e+04 1.2027e+03 -6.6866e+02 9.1783e+02 7.4736e+00 1.2279e+02
1.8091e-01 1.0207e+02 3.3919e+02 4.8630e+02 -9.0686e+00 -1.0964e+02 2.8587e+03 5.1398e+03 -5.5489e+01 -4.2073e+02 1.4762e+04 1.1008e+03 -6.3120e+02 8.8019e+02 1.2134e+01 1.1977e+02
1.8701e-01 9.6339e+01 3.2309e+02 4.8568e+02 -6.7890e+00 -1.0395e+02 2.7899e+03 5.1458e+03 -2.6284e+01 -4.0755e+02 1.4944e+04 1.1079e+03 -6.3810e+02 8.3562e+02 9.1314e+00 1.1439e+02
1.9316e-01 8.9844e+01 3.0659e+02 4.6506e+02 -1.0468e+01 -9.7607e+01 2.6550e+03 4.9242e+03 -4.9415e+01 -3.9251e+02 1.4526e+04 1.0017e+03 -6.2083e+02 8.1640e+02 1.3602e+01 1.0844e+02
1.9933e-01 8.5527e+01 2.8745e+02 4.2477e+02 -8.3146e+00 -9.3208e+01 2.5036e+03 4.6228e+03 -3.6436e+01 -3.7400e+02 1.3828e+04 9.9700e+02 -5.8088e+02 7.9612e+02 1.1374e+01 1.0420e+02
2.0548e-01 8.1179e+01 2.7380e+02 4.1109e+02 -4.2800e+00 -8.8962e+01 2.3569e+03 4.3688e+03 -1.5308e+01 -3.6009e+02 1.3214e+04 9.5668e+02 -5.6707e+02 7.6166e+02 6.5105e+00 1.0025e+02
2.1163e-01 7.7793e+01 2.6020e+02 3.9599e+02 -6.7580e+00 -8.5553e+01 2.2360e+03 4.1651e+03 -3.7540e+01 -3.4707e+02 1.2742e+04 8.7815e+02 -5.5352e+02 7.3123e+02 1.0059e+01 9.7067e+01
2.1776e-01 7.0436e+01 2.3717e+02 3.6297e+02 -8.1313e+00 -7.7890e+01 2.0801e+03 3.9147e+03 -3.9349e+01 -3.2214e+02 1.2298e+04 8.5369e+02 -5.1842e+02 7.1265e+02 1.1587e+01 8.9212e+01
2.2390e-01 6.7832e+01 2.2288e+02 3.3341e+02 -8.3555e+00 -7.5209e+01 1.9377e+03 3.6322e+03 -2.2236e+01 -3.0702e+02 1.1567e+04 8.5274e+02 -4.8695e+02 6.9324e+02 1.0967e+01 8.6677e+01
2.3001e-01 6.4731e+01 2.1236e+02 3.2375e+02 -7.0501e+00 -7.2092e+01 1.8527e+03 3.4900e+03 -2.4987e+01 -2.9693e+02 1.1280e+04 8.0186e+02 -4.7790e+02 6.6847e+02 1.0054e+01 8.3772e+01
2.3615e-01 6.2386e+01 2.0732e+02 3.1132e+02 -9.2441e+00 -6.9916e+01 1.7811e+03 3.3434e+03 -3.7009e+01 -2.9221e+02 1.0970e+04 7.5537e+02 -4.6556e+02 6.5104e+02 1.2773e+01 8.1987e+01
2.4229e-01 5.8990e+01 1.9766e+02 3.0695e+02 -5.2517e+00 -6.6629e+01 1.7059e+03 3.1999e+03 -2.8072e+01 -2.8359e+02 1.0525e+04 7.3211e+02 -4.6201e+02 6.3902e+02 8.6843e+00 7.9122e+01
2.4841e-01 5.7539e+01 1.8873e+02 2.9023e+02 -5.8433e+00 -6.5043e+01 1.6484e+03 3.1129e+03 -3.8155e+01 -2.7571e+02 1.0280e+04 6.7379e+02 -4.4840e+02 6.1813e+02 9.7668e+00 7.7702e+01
2.5454e-01 5.3605e+01 1.8028e+02 2.8071e+02 -6.1024e+00 -6.1153e+01 1.5933e+03 3.0097e+03 -3.0277e+01 -2.6857e+02 1.0022e+04 6.9027e+02 -4.4060e+02 6.1148e+02 1.0006e+01 7.4199e+01
2.6069e-01 5.1779e+01 1.7315e+02 2.7128e+02 -3.3539e+00 -5.9360e+01 1.5288e+03 2.9148e+03 -1.5891e+01 -2.6202e+02 9.8993e+03 6.8485e+02 -4.3397e+02 5.8775e+02 6.5098e+00 7.2759e+01
2.6686e-01 4.9497e+01 1.6443e+02 2.5392e+02 -6.8415e+00 -5.7057e+01 1.4502e+03 2.7281e+03 -3.2559e+01 -2.5273e+02 9.3379e+03 6.0002e+02 -4.1270e+02 5.6334e+02 1.0678e+01 7.0675e+01
2.7300e-01 4.8603e+01 1.6144e+02 2.5469e+02 -4.8064e+00 -5.6255e+01 1.3992e+03 2.6794e+03 -1.3931e+01 -2.5004e+02 9.2744e+03 6.2262e+02 -4.1719e+02 5.4666e+02 7.7827e+00 7.0263e+01
2.7914e-01 4.4624e+01 1.5037e+02 2.4111e+02 -4.2938e+00 -5.2081e+01 1.3194e+03 2.5408e+03 -1.7902e+01 -2.3785e+02 8.8447e+03 5.8253e+02 -4.0175e+02 5.4339e+02 7.6523e+00 6.6124e+01
2.8524e-01 4.3750e+01 1.4706e+02 2.3384e+02 -5.3849e+00 -5.1288e+01 1.2797e+03 2.4651e+03 -2.6189e+01 -2.3510e+02 8.6100e+03 5.3745e+02 -3.9553e+02 5.2411e+02 9.4312e+00 6.5727e+01
2.9135e-01 4.1842e+01 1.3931e+02 2.2395e+02 -3.4110e+00 -4.9292e+01 1.2071e+03 2.3215e+03 -1.1409e+01 -2.2605e+02 8.3433e+03 5.5724e+02 -3.8192e+02 5.1506e+02 6.4877e+00 6.3859e+01
2.9751e-01 4.0229e+01 1.3464e+02 2.1662e+02 -4.4035e+00 -4.7702e+01 1.1594e+03 2.2374e+03 -1.5834e+01 -2.2130e+02 8.1354e+03 5.3603e+02 -3.7446e+02 5.0165e+02 7.8830e+00 6.2587e+01
3.0365e-01 3.8412e+01 1.2975e+02 2.0771e+02 -5.7260e+00 -4.5948e+01 1.1265e+03 2.1810e+03 -2.5134e+01 -2.1744e+02 7.9916e+03 4.9445e+02 -3.6813e+02 4.8643e+02 1.0044e+01 6.1288e+01
3.0979e-01 3.7123e+01 1.2468e+02 2.0034e+02 -5.6455e+00 -4.4591e+01 1.0802e+03 2.0943e+03 -2.5140e+01 -2.1186e+02 7.7591e+03 4.8367e+02 -3.5988e+02 4.7740e+02 1.0121e+01 6.0122e+01
3.1595e-01 3.5408e+01 1.2087e+02 1.9737e+02 -4.9188e+00 -4.3008e+01 1.0523e+03 2.0411e+03 -2.1063e+01 -2.0929e+02 7.5703e+03 4.7435e+02 -3.5926e+02 4.7031e+02 9.1968e+00 5.9112e+01
3.2211e-01 3.5200e+01 1.1693e+02 1.9001e+02 -4.2572e+00 -4.2701e+01 1.0167e+03 1.9746e+03 -2.1432e+01 -2.0573e+02 7.3291e+03 4.3490e+02 -3.5235e+02 4.5093e+02 8.7880e+00 5.9109e+01
3.2826e-01 3.2550e+01 1.1106e+02 1.8196e+02 -4.0730e+00 -3.9956e+01 9.7772e+02 1.8994e+03 -2.0425e+01 -1.9953e+02 7.1728e+03 4.3405e+02 -3.4292e+02 4.4082e+02 8.6157e+00 5.6591e+01
3.3435e-01 3.1646e+01 1.0786e+02 1.7786e+02 -4.5812e+00 -3.9068e+01 9.4682e+02 1.8487e+03 -2.0553e+01 -1.9630e+02 7.0410e+03 4.1101e+02 -3.3939e+02 4.2853e+02 9.0272e+00 5.6020e+01
3.4048e-01 3.0590e+01 1.0337e+02 1.7092e+02 -4.0015e+00 -3.7922e+01 9.0670e+02 1.7815e+03 -1.9959e+01 -1.9099e+02 6.8798e+03 4.0443e+02 -3.3148e+02 4.2082e+02 8.6379e+00 5.5041e+01
3.4663e-01 3.1664e+01 1.0233e+02 1.6594e+02 -4.1413e+00 -3.9036e+01 8.7910e+02 1.7158e+03 -2.2050e+01 -1.9035e+02 6.7160e+03 3.9163e+02 -3.2582e+02 4.1119e+02 9.1651e+00 5.6629e+01
3.5273e-01 2.8520e+01 9.6712e+01 1.6075e+02 -3.8812e+00 -3.5817e+01 8.4339e+02 1.6603e+03 -1.6757e+01 -1.8384e+02 6.4933e+03 3.8694e+02 -3.2062e+02 4.0645e+02 8.3689e+00 5.3574e+01
3.5887e-01 2.7627e+01 9.2702e+01 1.5518e+02 -3.7553e+00 -3.4791e+01 8.1320e+02 1.6081e+03 -2.1906e+01 -1.7978e+02 6.3630e+03 3.4923e+02 -3.1495e+02 3.9256e+02 8.9226e+00 5.2808e+01
3.6501e-01 2.6501e+01 8.9534e+01 1.5065e+02 -3.3407e+00 -3.3676e+01 7.8703e+02 1.5564e+03 -1.8791e+01 -1.7662e+02 6.2122e+03 3.4989e+02 -3.1084e+02 3.8234e+02 8.2718e+00 5.2064e+01
3.7117e-01 2.6787e+01 8.8773e+01 1.4928e+02 -4.3704e+00 -3.4063e+01 7.6513e+02 1.5188e+03 -1.9519e+01 -1.7603e+02 6.1147e+03 3.4528e+02 -3.1027e+02 3.7690e+02 9.3536e+00 5.2955e+01
3.7731e-01 2.4480e+01 8.4033e+01 1.4430e+02 -2.8808e+00 -3.1653e+01 7.4150e+02 1.4922e+03 -1.5945e+01 -1.7144e+02 6.0354e+03 3.3118e+02 -3.0717e+02 3.6918e+02 7.7221e+00 5.0853e+01
3.8342e-01 2.3805e+01 8.0926e+01 1.3930e+02 -3.7464e+00 -3.0810e+01 7.1450e+02 1.4222e+03 -2.3154e+01 -1.6769e+02 5.8188e+03 3.0256e+02 -2.9823e+02 3.5881e+02 9.4983e+00 5.0180e+01
3.8958e-01 2.2894e+01 7.9099e+01 1.3627e+02 -3.3165e+00 -2.9996e+01 6.9712e+02 1.3944e+03 -1.6549e+01 -1.6622e+02 5.7228e+03 3.1040e+02 -2.9664e+02 3.5698e+02 8.3511e+00 4.9876e+01
3.9572e-01 2.2287e+01 7.6480e+01 1.3148e+02 -3.7867e+00 -2.9321e+01 6.7723e+02 1.3627e+03 -2.1923e+01 -1.6378e+02 5.6193e+03 2.8604e+02 -2.9298e+02 3.4576e+02 9.5381e+00 4.9589e+01
4.0186e-01 2.1351e+01 7.4360e+01 1.3066e+02 -2.7330e+00 -2.8461e+01 6.5822e+02 1.3225e+03 -1.7139e+01 -1.6162e+02 5.5275e+03 2.8003e+02 -2.9074e+02 3.3283e+02 7.9478e+00 4.9174e+01
4.0800e-01 2.1027e+01 7.2472e+01 1.2706e+02 -3.6555e+00 -2.8048e+01 6.3955e+02 1.2914e+03 -2.0618e+01 -1.5958e+02 5.4228e+03 2.6646e+02 -2.8788e+02 3.2882e+02 9.3012e+00 4.9066e+01
4.1411e-01 2.0159e+01 6.9539e+01 1.2184e+02 -3.0665e+00 -2.7085e+01 6.1596e+02 1.2417e+03 -1.5965e+01 -1.5599e+02 5.2803e+03 2.7326e+02 -2.8021e+02 3.2297e+02 8.3982e+00 4.8358e+01
4.2026e-01 2.0375e+01 6.8458e+01 1.1796e+02 -2.7643e+00 -2.7302e+01 5.9912e+02 1.2183e+03 -1.5107e+01 -1.5461e+02 5.2063e+03 2.6528e+02 -2.7843e+02 3.1852e+02 8.0246e+00 4.8900e+01
4.2641e-01 1.9030e+01 6.6010e+01 1.1766e+02 -3.2127e+00 -2.5954e+01 5.8240e+02 1.1834e+03 -1.7754e+01 -1.5227e+02 5.0799e+03 2.4787e+02 -2.7702e+02 3.1123e+02 8.8712e+00 4.8040e+01
4.3253e-01 1.8484e+01 6.3328e+01 1.1217e+02 -3.1237e+00 -2.5235e+01 5.6035e+02 1.1344e+03 -1.5979e+01 -1.4879e+02 4.9352e+03 2.4013e+02 -2.6855e+02 3.0503e+02 8.5002e+00 4.7483e+01
4.3864e-01 1.7840e+01 6.1767e+01 1.1058e+02 -2.9799e+00 -2.4653e+01 5.4611e+02 1.1111e+03 -1.5997e+01 -1.4734e+02 4.8473e+03 2.3424e+02 -2.6816e+02 2.9907e+02 8.4539e+00 4.7426e+01
4.4477e-01 1.9285e+01 6.2228e+01 1.0883e+02 -2.9412e+00 -2.6113e+01 5.3599e+02 1.0906e+03 -1.3340e+01 -1.4796e+02 4.7689e+03 2.3205e+02 -2.6705e+02 2.9438e+02 8.0332e+00 4.9332e+01
4.5094e-01 1.6879e+01 5.9477e+01 1.0813e+02 -2.9046e+00 -2.3818e+01 5.2361e+02 1.0752e+03 -1.5875e+01 -1.4559e+02 4.6982e+03 2.1616e+02 -2.6814e+02 2.8834e+02 8.6083e+00 4.7624e+01
4.5710e-01 1.6606e+01 5.7460e+01 1.0293e+02 -2.7321e+00 -2.3368e+01 5.0642e+02 1.0333e+03 -1.5816e+01 -1.4286e+02 4.5984e+03 2.1093e+02 -2.5986e+02 2.8460e+02 8.2712e+00 4.7362e+01
4.6324e-01 1.5952e+01 5.5118e+01 1.0058e+02 -2.6404e+00 -2.2550e+01 4.9201e+02 1.0075e+03 -1.7374e+01 -1.4037e+02 4.4862e+03 2.0127e+02 -2.5729e+02 2.7521e+02 8.8960e+00 4.6845e+01
4.6938e-01 1.6321e+01 5.4395e+01 9.7975e+01 -2.2337e+00 -2.2889e+01 4.7885e+02 9.8641e+02 -1.5873e+01 -1.3945e+02 4.4302e+03 1.9652e+02 -2.5583e+02 2.6989e+02 8.3376e+00 4.7606e+01
4.7550e-01 1.5029e+01 5.2300e+01 9.5770e+01 -2.5261e+00 -2.1563e+01 4.6386e+02 9.5696e+02 -1.5425e+01 -1.3654e+02 4.3442e+03 1.8989e+02 -2.5134e+02 2.6478e+02 8.4131e+00 4.6505e+01
4.8161e-01 1.4637e+01 5.1176e+01 9.3930e+01 -2.8227e+00 -2.1182e+01 4.5404e+02 9.3496e+02 -1.7439e+01 -1.3555e+02 4.2464e+03 1.8172e+02 -2.4971e+02 2.5998e+02 9.0169e+00 4.6641e+01
4.8774e-01 1.4178e+01 4.9737e+01 9.1751e+01 -2.5864e+00 -2.0699e+01 4.4231e+02 9.1054e+02 -1.5572e+01 -1.3422e+02 4.1648e+03 1.8002e+02 -2.4691e+02 2.5874e+02 8.7424e+00 4.6702e+01
4.9386e-01 1.3656e+01 4.8208e+01 9.0518e+01 -2.2246e+00 -2.0115e+01 4.3106e+02 8.9704e+02 -1.4711e+01 -1.3233e+02 4.1204e+03 1.7217e+02 -2.4716e+02 2.5116e+02 8.2533e+00 4.6399e+01
5.0000e-01 1.3210e+01 4.6237e+01 8.6105e+01 -2.9868e+00 -1.9495e+01 4.1646e+02 8.6651e+02 -1.5156e+01 -1.2969e+02 4.0398e+03 1.6517e+02 -2.4072e+02 2.4541e+02 8.9529e+00 4.6045e+01
5.0617e-01 1.2886e+01 4.5393e+01 8.3894e+01 -2.3701e+00 -1.9243e+01 4.0823e+02 8.5304e+02 -1.3546e+01 -1.2906e+02 4.0007e+03 1.6274e+02 -2.3949e+02 2.4118e+02 8.3827e+00 4.6384e+01
5.1232e-01 1.2509e+01 4.4131e+01 8.3392e+01 -2.0332e+00 -1.8754e+01 3.9577e+02 8.2494e+02 -1.2165e+01 -1.2693e+02 3.8918e+03 1.6009e+02 -2.3631e+02 2.3828e+02 7.8287e+00 4.6064e+01
5.1844e-01 1.3044e+01 4.4149e+01 8.1643e+01 -2.0115e+00 -1.9357e+01 3.8937e+02 8.1047e+02 -1.3169e+01 -1.2737e+02 3.8357e+03 1.5143e+02 -2.3594e+02 2.3384e+02 7.9873e+00 4.7292e+01
5.2458e-01 1.1919e+01 4.2257e+01 7.8855e+01 -2.1610e+00 -1.8181e+01 3.7936e+02 7.9129e+02 -1.2793e+01 -1.2531e+02 3.7387e+03 1.4618e+02 -2.3296e+02 2.2944e+02 8.0295e+00 4.6563e+01
5.3073e-01 1.1590e+01 4.0900e+01 7.6723e+01 -2.0387e+00 -1.7753e+01 3.7049e+02 7.7416e+02 -1.3051e+01 -1.2391e+02 3.6829e+03 1.4409e+02 -2.3064e+02 2.2523e+02 8.1202e+00 4.6547e+01
5.3687e-01 1.1251e+01 3.9729e+01 7.5849e+01 -2.1408e+00 -1.7357e+01 3.5967e+02 7.5723e+02 -1.2817e+01 -1.2217e+02 3.6445e+03 1.3733e+02 -2.2945e+02 2.2116e+02 8.1149e+00 4.6480e+01
5.4296e-01 1.2616e+01 4.0560e+01 7.4394e+01 -2.0413e+00 -1.8703e+01 3.5350e+02 7.3851e+02 -1.1965e+01 -1.2280e+02 3.5593e+03 1.3551e+02 -2.2688e+02 2.1636e+02 7.9125e+00 4.8252e+01
5.4911e-01 1.0655e+01 3.7873e+01 7.2540e+01 -1.9984e+00 -1.6672e+01 3.4454e+02 7.2824e+02 -1.2671e+01 -1.2005e+02 3.5345e+03 1.3217e+02 -2.2613e+02 2.1489e+02 8.1071e+00 4.6641e+01
5.5528e-01 1.0313e+01 3.6814e+01 7.1218e+01 -1.9395e+00 -1.6264e+01 3.3402e+02 7.0225e+02 -1.2667e+01 -1.1830e+02 3.4550e+03 1.2515e+02 -2.2171e+02 2.1114e+02 8.1066e+00 4.6590e+01
5.6141e-01 1.0189e+01 3.6193e+01 7.1042e+01 -2.0532e+00 -1.6100e+01 3.2885e+02 7.0372e+02 -1.1879e+01 -1.1779e+02 3.4502e+03 1.2218e+02 -2.2494e+02 2.0588e+02 7.9757e+00 4.6883e+01
5.6754e-01 1.0608e+01 3.5871e+01 6.7391e+01 -1.8321e+00 -1.6482e+01 3.2138e+02 6.7672e+02 -1.2498e+01 -1.1730e+02 3.3626e+03 1.1703e+02 -2.1841e+02 2.0218e+02 8.0107e+00 4.7735e+01
5.7367e-01 9.5571e+00 3.4213e+01 6.7715e+01 -1.7650e+00 -1.5346e+01 3.1190e+02 6.6630e+02 -1.2361e+01 -1.1469e+02 3.3113e+03 1.1257e+02 -2.1797e+02 1.9863e+02 8.1533e+00 4.6756e+01
5.7981e-01 9.3414e+00 3.3523e+01 6.5773e+01 -1.6582e+00 -1.5114e+01 3.0617e+02 6.5046e+02 -1.1230e+01 -1.1439e+02 3.2381e+03 1.0961e+02 -2.1647e+02 1.9546e+02 7.7798e+00 4.7235e+01
5.8594e-01 9.1450e+00 3.2899e+01 6.4153e+01 -1.8475e+00 -1.4931e+01 3.0005e+02 6.3539e+02 -1.2812e+01 -1.1360e+02 3.1879e+03 1.0116e+02 -2.1317e+02 1.9049e+02 8.3373e+00 4.7525e+01
5.9206e-01 8.7626e+00 3.1869e+01 6.3674e+01 -1.7415e+00 -1.4505e+01 2.9313e+02 6.3040e+02 -1.1316e+01 -1.1237e+02 3.1736e+03 9.9124e+01 -2.1491e+02 1.8862e+02 7.9371e+00 4.7512e+01
5.9819e-01 8.6660e+00 3.1237e+01 6.1835e+01 -1.6896e+00 -1.4331e+01 2.8724e+02 6.1305e+02 -1.2384e+01 -1.1160e+02 3.1040e+03 9.6974e+01 -2.1144e+02 1.8489e+02 8.2110e+00 4.7790e+01
6.0436e-01 8.4455e+00 3.0613e+01 6.0887e+01 -1.6249e+00 -1.4109e+01 2.8071e+02 6.0545e+02 -1.0007e+01 -1.1061e+02 3.0826e+03 9.8027e+01 -2.1167e+02 1.8165e+02 7.4198e+00 4.8009e+01
6.1049e-01 8.1983e+00 2.9789e+01 5.8924e+01 -1.5771e+00 -1.3808e+01 2.7500e+02 5.8827e+02 -1.0501e+01 -1.0988e+02 2.9969e+03 9.3276e+01 -2.0841e+02 1.7873e+02 7.6617e+00 4.8308e+01
6.1661e-01 8.6919e+00 2.9848e+01 5.8717e+01 -1.6523e+00 -1.4237e+01 2.6983e+02 5.8095e+02 -1.0750e+01 -1.0957e+02 2.9826e+03 8.8023e+01 -2.0840e+02 1.7612e+02 7.7448e+00 4.9108e+01
6.2276e-01 7.8253e+00 2.8491e+01 5.7640e+01 -1.7942e+00 -1.3387e+01 2.6302e+02 5.6636e+02 -1.2280e+01 -1.0799e+02 2.9231e+03 8.3316e+01 -2.0616e+02 1.7370e+02 8.4292e+00 4.8751e+01
6.2890e-01 7.6976e+00 2.8055e+01 5.6755e+01 -1.5885e+00 -1.3250e+01 2.5797e+02 5.5866e+02 -1.0435e+01 -1.0735e+02 2.8872e+03 8.2912e+01 -2.0593e+02 1.7006e+02 7.6663e+00 4.9100e+01
6.3503e-01 7.3827e+00 2.6970e+01 5.4760e+01 -1.4598e+00 -1.2788e+01 2.5132e+02 5.4404e+02 -1.0152e+01 -1.0584e+02 2.8336e+03 7.9256e+01 -2.0256e+02 1.6805e+02 7.6171e+00 4.8980e+01
6.4117e-01 8.5259e+00 2.7819e+01 5.4707e+01 -1.4248e+00 -1.3918e+01 2.4833e+02 5.3678e+02 -9.6470e+00 -1.0661e+02 2.7961e+03 7.9108e+01 -2.0287e+02 1.6448e+02 7.3103e+00 5.0604e+01
6.4731e-01 7.0721e+00 2.5848e+01 5.2746e+01 -1.5542e+00 -1.2406e+01 2.4113e+02 5.2509e+02 -9.2183e+00 -1.0415e+02 2.7558e+03 7.5926e+01 -2.0051e+02 1.6115e+02 7.2964e+00 4.9435e+01
6.5344e-01 6.9221e+00 2.5315e+01 5.1866e+01 -1.4227e+00 -1.2255e+01 2.3683e+02 5.1479e+02 -1.0300e+01 -1.0382e+02 2.7218e+03 7.2100e+01 -1.9929e+02 1.5974e+02 7.6985e+00 4.9965e+01
6.5958e-01 6.8107e+00 2.5002e+01 5.1647e+01 -1.3785e+00 -1.2106e+01 2.3214e+02 5.0398e+02 -1.0083e+01 -1.0307e+02 2.6778e+03 6.8141e+01 -1.9741e+02 1.5680e+02 7.6915e+00 5.0241e+01
6.6571e-01 7.1639e+00 2.4646e+01 4.9512e+01 -1.4723e+00 -1.2326e+01 2.2800e+02 4.9642e+02 -1.0648e+01 -1.0270e+02 2.6409e+03 6.5245e+01 -1.9653e+02 1.5506e+02 7.9459e+00 5.0939e+01
6.7184e-01 6.4374e+00 2.3643e+01 4.8746e+01 -1.4335e+00 -1.1587e+01 2.2224e+02 4.8261e+02 -1.0974e+01 -1.0127e+02 2.5778e+03 5.9756e+01 -1.9402e+02 1.5291e+02 7.9948e+00 5.0679e+01
6.7797e-01 6.2759e+00 2.3046e+01 4.7588e+01 -1.4305e+00 -1.1357e+01 2.1752e+02 4.7615e+02 -9.7791e+00 -1.0020e+02 2.5614e+03 5.9535e+01 -1.9309e+02 1.4954e+02 7.6137e+00 5.0711e+01
6.8410e-01 6.0792e+00 2.2416e+01 4.6766e+01 -1.3423e+00 -1.1096e+01 2.1263e+02 4.6384e+02 -1.0159e+01 -9.9192e+01 2.5093e+03 5.7550e+01 -1.9072e+02 1.4734e+02 7.7835e+00 5.0860e+01
6.9025e-01 5.8809e+00 2.1809e+01 4.5859e+01 -1.2891e+00 -1.0814e+01 2.0839e+02 4.5929e+02 -9.1435e+00 -9.8348e+01 2.4986e+03 5.6702e+01 -1.9071e+02 1.4599e+02 7.4451e+00 5.1046e+01
6.9639e-01 5.7943e+00 2.1439e+01 4.4984e+01 -1.3786e+00 -1.0699e+01 2.0453e+02 4.4948e+02 -9.8067e+00 -9.7854e+01 2.4518e+03 5.5605e+01 -1.8900e+02 1.4249e+02 7.6819e+00 5.1500e+01
7.0254e-01 5.6757e+00 2.0988e+01 4.4434e+01 -1.1923e+00 -1.0551e+01 2.0024e+02 4.4210e+02 -9.7436e+00 -9.7063e+01 2.4256e+03 5.0782e+01 -1.8843e+02 1.4171e+02 7.6876e+00 5.1774e+01
7.0868e-01 5.5222e+00 2.0524e+01 4.3745e+01 -1.0972e+00 -1.0368e+01 1.9662e+02 4.3378e+02 -9.2226e+00 -9.6509e+01 2.4017e+03 5.0595e+01 -1.8643e+02 1.3885e+02 7.6094e+00 5.2180e+01
7.1481e-01 5.9104e+00 2.0705e+01 4.2898e+01 -1.2041e+00 -1.0752e+01 1.9422e+02 4.2706e+02 -8.9023e+00 -9.6688e+01 2.3554e+03 4.9566e+01 -1.8637e+02 1.3692e+02 7.3068e+00 5.3083e+01
7.2095e-01 5.2995e+00 1.9891e+01 4.2606e+01 -1.2891e+00 -1.0148e+01 1.9048e+02 4.2029e+02 -9.9098e+00 -9.5832e+01 2.3331e+03 4.2658e+01 -1.8546e+02 1.3426e+02 7.9292e+00 5.3108e+01
7.2708e-01 5.2072e+00 1.9433e+01 4.1687e+01 -1.1582e+00 -9.9769e+00 1.8650e+02 4.1257e+02 -9.0376e+00 -9.5009e+01 2.2957e+03 4.2623e+01 -1.8452e+02 1.3263e+02 7.3192e+00 5.3351e+01
7.3319e-01 5.0444e+00 1.8892e+01 4.0673e+01 -1.1368e+00 -9.7272e+00 1.8192e+02 4.0152e+02 -8.8193e+00 -9.3820e+01 2.2490e+03 4.1637e+01 -1.8160e+02 1.3068e+02 7.3471e+00 5.3380e+01
7.3934e-01 5.9204e+00 1.9416e+01 3.9764e+01 -1.1296e+00 -1.0546e+01 1.7946e+02 3.9565e+02 -8.0228e+00 -9.4139e+01 2.2275e+03 4.0075e+01 -1.8097e+02 1.2921e+02 6.8744e+00 5.4684e+01
7.4548e-01 4.8456e+00 1.8142e+01 3.8904e+01 -1.0757e+00 -9.4448e+00 1.7564e+02 3.8934e+02 -8.2456e+00 -9.2733e+01 2.1985e+03 3.9954e+01 -1.8003e+02 1.2716e+02 7.1047e+00 5.4109e+01
7.5161e-01 4.7623e+00 1.7881e+01 3.8866e+01 -1.1661e+00 -9.3892e+00 1.7297e+02 3.8531e+02 -8.5762e+00 -9.2498e+01 2.1873e+03 3.6679e+01 -1.8003e+02 1.2445e+02 7.2969e+00 5.4696e+01
7.5776e-01 4.6127e+00 1.7306e+01 3.7828e+01 -1.1046e+00 -9.1189e+00 1.6905e+02 3.7716e+02 -8.6066e+00 -9.1635e+01 2.1531e+03 3.3327e+01 -1.7879e+02 1.2290e+02 7.3522e+00 5.4949e+01
7.6390e-01 4.9929e+00 1.7424e+01 3.7124e+01 -1.0277e+00 -9.4279e+00 1.6615e+02 3.7133e+02 -7.7272e+00 -9.1126e+01 2.1312e+03 3.6507e+01 -1.7736e+02 1.2126e+02 6.8710e+00 5.5435e+01
7.7006e-01 4.3881e+00 1.6552e+01 3.6073e+01 -8.8475e-01 -8.7926e+00 1.6283e+02 3.6315e+02 -7.5853e+00 -9.0245e+01 2.0805e+03 3.1297e+01 -1.7602e+02 1.1963e+02 6.6436e+00 5.5435e+01
7.7616e-01 4.2997e+00 1.6252e+01 3.5873e+01 -1.0531e+00 -8.6689e+00 1.6047e+02 3.5975e+02 -8.8029e+00 -8.9933e+01 2.0671e+03 2.7977e+01 -1.7619e+02 1.1765e+02 7.5102e+00 5.5913e+01
7.8228e-01 4.1975e+00 1.5969e+01 3.5180e+01 -1.0616e+00 -8.5700e+00 1.5795e+02 3.5194e+02 -8.2451e+00 -8.9638e+01 2.0336e+03 2.9640e+01 -1.7421e+02 1.1576e+02 7.3074e+00 5.6452e+01
7.8842e-01 4.0597e+00 1.5466e+01 3.4413e+01 -1.0024e+00 -8.3116e+00 1.5389e+02 3.4680e+02 -8.1341e+00 -8.8331e+01 2.0123e+03 2.5895e+01 -1.7400e+02 1.1382e+02 7.0903e+00 5.6319e+01
7.9456e-01 4.0138e+00 1.5248e+01 3.4072e+01 -9.7263e-01 -8.2520e+00 1.5175e+02 3.4092e+02 -7.6300e+00 -8.8154e+01 1.9798e+03 2.4041e+01 -1.7283e+02 1.1210e+02 6.8234e+00 5.6947e+01
8.0070e-01 3.9315e+00 1.4991e+01 3.3585e+01 -9.2737e-01 -8.1802e+00 1.4934e+02 3.3661e+02 -7.6861e+00 -8.7944e+01 1.9650e+03 2.4544e+01 -1.7286e+02 1.1051e+02 7.0089e+00 5.7615e+01
8.0683e-01 3.8231e+00 1.4518e+01 3.2418e+01 -9.2969e-01 -7.9370e+00 1.4544e+02 3.2745e+02 -7.4628e+00 -8.6664e+01 1.9267e+03 2.3743e+01 -1.6984e+02 1.0977e+02 6.7777e+00 5.7550e+01
8.1298e-01 4.1395e+00 1.4648e+01 3.2299e+01 -8.8254e-01 -8.2206e+00 1.4353e+02 3.2378e+02 -7.0751e+00 -8.6572e+01 1.9101e+03 2.3314e+01 -1.6988e+02 1.0845e+02 6.6406e+00 5.8266e+01
8.1914e-01 3.6584e+00 1.3951e+01 3.1385e+01 -8.3617e-01 -7.6915e+00 1.4051e+02 3.1600e+02 -7.0672e+00 -8.5602e+01 1.8784e+03 2.1023e+01 -1.6736e+02 1.0666e+02 6.6389e+00 5.8215e+01
8.2526e-01 3.6030e+00 1.3696e+01 3.0656e+01 -8.4954e-01 -7.6024e+00 1.3841e+02 3.1088e+02 -7.1893e+00 -8.5384e+01 1.8473e+03 1.8945e+01 -1.6659e+02 1.0468e+02 6.7079e+00 5.8835e+01
8.3138e-01 3.4806e+00 1.3320e+01 3.0250e+01 -7.9213e-01 -7.4251e+00 1.3561e+02 3.0700e+02 -6.9154e+00 -8.4614e+01 1.8359e+03 1.7891e+01 -1.6636e+02 1.0342e+02 6.6260e+00 5.9042e+01
8.3752e-01 4.1540e+00 1.3864e+01 3.0007e+01 -8.4280e-01 -8.0962e+00 1.3453e+02 3.0456e+02 -6.7979e+00 -8.5059e+01 1.8262e+03 1.7040e+01 -1.6679e+02 1.0221e+02 6.5032e+00 6.0202e+01
8.4366e-01 3.3492e+00 1.2809e+01 2.9345e+01 -8.1980e-01 -7.2210e+00 1.3065e+02 2.9618e+02 -7.0229e+00 -8.3432e+01 1.7907e+03 1.3543e+01 -1.6420e+02 1.0067e+02 6.6863e+00 5.9711e+01
8.4979e-01 3.2956e+00 1.2567e+01 2.8833e+01 -7.0436e-01 -7.0928e+00 1.2885e+02 2.9242e+02 -6.2955e+00 -8.3156e+01 1.7695e+03 1.5298e+01 -1.6363e+02 9.9013e+01 6.2190e+00 6.0239e+01
8.5593e-01 3.1952e+00 1.2292e+01 2.8204e+01 -7.2212e-01 -6.9722e+00 1.2678e+02 2.8764e+02 -6.3731e+00 -8.2720e+01 1.7509e+03 1.3618e+01 -1.6259e+02 9.7202e+01 6.3000e+00 6.0619e+01
8.6206e-01 3.4791e+00 1.2474e+01 2.8011e+01 -7.6124e-01 -7.2750e+00 1.2560e+02 2.8508e+02 -6.4112e+00 -8.3012e+01 1.7340e+03 1.3564e+01 -1.6319e+02 9.6603e+01 6.2710e+00 6.1628e+01
8.6820e-01 3.0785e+00 1.1855e+01 2.7391e+01 -6.9643e-01 -6.8108e+00 1.2271e+02 2.8004e+02 -6.0315e+00 -8.2002e+01 1.7106e+03 1.1831e+01 -1.6227e+02 9.5110e+01 6.1097e+00 6.1624e+01
8.7433e-01 3.0059e+00 1.1541e+01 2.6919e+01 -7.6756e-01 -6.6388e+00 1.2013e+02 2.7403e+02 -6.3618e+00 -8.1106e+01 1.6899e+03 8.4203e+00 -1.6023e+02 9.4046e+01 6.2388e+00 6.1667e+01
8.8046e-01 2.9393e+00 1.1342e+01 2.6645e+01 -7.1878e-01 -6.5509e+00 1.1850e+02 2.7210e+02 -6.2991e+00 -8.0904e+01 1.6753e+03 8.0618e+00 -1.6100e+02 9.2952e+01 6.2297e+00 6.2263e+01
8.8661e-01 2.8470e+00 1.1067e+01 2.5949e+01 -7.0654e-01 -6.4236e+00 1.1637e+02 2.6578e+02 -6.0559e+00 -8.0370e+01 1.6409e+03 7.7120e+00 -1.5903e+02 9.1643e+01 6.0940e+00 6.2573e+01
8.9275e-01 2.8090e+00 1.0823e+01 2.5446e+01 -7.7096e-01 -6.3137e+00 1.1414e+02 2.6082e+02 -6.4235e+00 -7.9755e+01 1.6304e+03 5.1936e+00 -1.5764e+02 9.0375e+01 6.3340e+00 6.2932e+01
8.9890e-01 2.7592e+00 1.0641e+01 2.5085e+01 -6.5111e-01 -6.2333e+00 1.1250e+02 2.5613e+02 -6.2424e+00 -7.9480e+01 1.6038e+03 4.7762e+00 -1.5615e+02 8.8943e+01 6.2434e+00 6.3455e+01
9.0503e-01 2.6758e+00 1.0362e+01 2.4328e+01 -6.4616e-01 -6.1034e+00 1.1034e+02 2.5208e+02 -6.0112e+00 -7.8854e+01 1.5832e+03 3.7793e+00 -1.5585e+02 8.7896e+01 6.1175e+00 6.3756e+01
9.1117e-01 2.9200e+00 1.0507e+01 2.4085e+01 -6.5616e-01 -6.3356e+00 1.0909e+02 2.4845e+02 -6.0019e+00 -7.8953e+01 1.5644e+03 4.1696e+00 -1.5522e+02 8.6452e+01 6.0853e+00 6.4681e+01
9.1731e-01 2.5743e+00 9.9937e+00 2.3750e+01 -6.6137e-01 -5.9292e+00 1.0680e+02 2.4524e+02 -5.8880e+00 -7.7947e+01 1.5503e+03 2.0965e+00 -1.5469e+02 8.5506e+01 6.0040e+00 6.4481e+01
9.2344e-01 2.5276e+00 9.7632e+00 2.3150e+01 -6.0467e-01 -5.8398e+00 1.0503e+02 2.4074e+02 -5.6077e+00 -7.7639e+01 1.5325e+03 2.5073e+00 -1.5330e+02 8.4370e+01 5.8020e+00 6.5137e+01
9.2956e-01 2.4525e+00 9.4969e+00 2.2712e+01 -5.8388e-01 -5.6778e+00 1.0282e+02 2.3615e+02 -5.5991e+00 -7.6832e+01 1.5138e+03 1.3261e+00 -1.5209e+02 8.3518e+01 5.7947e+00 6.5239e+01
9.3569e-01 2.9684e+00 9.9202e+00 2.2498e+01 -5.8574e-01 -6.2015e+00 1.0243e+02 2.3463e+02 -5.4847e+00 -7.7557e+01 1.5016e+03 2.4856e-01 -1.5305e+02 8.2381e+01 5.7144e+00 6.6689e+01
9.4183e-01 2.3773e+00 9.2400e+00 2.2191e+01 -5.7418e-01 -5.5875e+00 1.0009e+02 2.3045e+02 -5.3804e+00 -7.6357e+01 1.4771e+03 -1.1997e+00 -1.5157e+02 8.1250e+01 5.6208e+00 6.6325e+01
9.4799e-01 2.3132e+00 8.9494e+00 2.1556e+01 -5.7832e-01 -5.4411e+00 9.8258e+01 2.2644e+02 -5.1729e+00 -7.5854e+01 1.4660e+03 -7.1281e-01 -1.5046e+02 8.0369e+01 5.5116e+00 6.6687e+01
9.5411e-01 2.2522e+00 8.8083e+00 2.1353e+01 -5.5929e-01 -5.3696e+00 9.7086e+01 2.2327e+02 -5.2116e+00 -7.5774e+01 1.4458e+03 -2.7109e+00 -1.4979e+02 7.9144e+01 5.5091e+00 6.7428e+01
9.6024e-01 2.4713e+00 8.8830e+00 2.0927e+01 -5.1806e-01 -5.5299e+00 9.5558e+01 2.2027e+02 -4.8595e+00 -7.5384e+01 1.4321e+03 -2.3650e+00 -1.4957e+02 7.8617e+01 5.2270e+00 6.7842e+01
9.6637e-01 2.1720e+00 8.4731e+00 2.0652e+01 -4.9547e-01 -5.2053e+00 9.4045e+01 2.1612e+02 -4.8474e+00 -7.5001e+01 1.4077e+03 -2.6028e+00 -1.4846e+02 7.7565e+01 5.3638e+00 6.8279e+01
9.7251e-01 2.1194e+00 8.2792e+00 2.0139e+01 -4.8091e-01 -5.1149e+00 9.2526e+01 2.1321e+02 -4.5719e+00 -7.4593e+01 1.3947e+03 -3.3857e+00 -1.4804e+02 7.6298e+01 5.0161e+00 6.8702e+01
9.7865e-01 2.0769e+00 8.1343e+00 2.0005e+01 -5.0121e-01 -5.0346e+00 9.0919e+01 2.1056e+02 -4.7331e+00 -7.3966e+01 1.3860e+03 -5.2995e+00 -1.4764e+02 7.5535e+01 5.1564e+00 6.8840e+01
9.8477e-01 2.0138e+00 7.9189e+00 1.9546e+01 -4.7311e-01 -4.9207e+00 8.9297e+01 2.0684e+02 -4.5699e+00 -7.3531e+01 1.3666e+03 -5.4872e+00 -1.4653e+02 7.4466e+01 5.0666e+00 6.9331e+01
9.9092e-01 1.9861e+00 7.7735e+00 1.9194e+01 -4.5703e-01 -4.8415e+00 8.7844e+01 2.0359e+02 -4.5152e+00 -7.2991e+01 1.3517e+03 -5.9936e+00 -1.4549e+02 7.3551e+01 5.0578e+00 6.9556e+01
9.9706e-01 1.9486e+00 7.5841e+00 1.8700e+01 -4.9002e-01 -4.7431e+00 8.6437e+01 1.9996e+02 -4.4427e+00 -7.2715e+01 1.3318e+03 -6.7556e+00 -1.4480e+02 7.2899e+01 4.9571e+00 7.0195e+01
1.0032e+00 1.8976e+00 7.4281e+00 1.8559e+01 -4.2018e-01 -4.6615e+00 8.5080e+01 1.9769e+02 -4.3558e+00 -7.2316e+01 1.3226e+03 -7.1144e+00 -1.4454e+02 7.1888e+01 4.9140e+00 7.0553e+01
1.0093e+00 2.0852e+00 7.5237e+00 1.8224e+01 -4.1898e-01 -4.8288e+00 8.3911e+01 1.9405e+02 -4.5076e+00 -7.2143e+01 1.3062e+03 -9.3237e+00 -1.4329e+02 7.1186e+01 5.0510e+00 7.1266e+01
1.0155e+00 1.8114e+00 7.1210e+00 1.7809e+01 -4.3634e-01 -4.5146e+00 8.2747e+01 1.9122e+02 -4.4862e+00 -7.1940e+01 1.2873e+03 -8.7290e+00 -1.4290e+02 7.0062e+01 5.0553e+00 7.1864e+01
1.0216e+00 1.7995e+00 7.0079e+00 1.7505e+01 -4.0994e-01 -4.4606e+00 8.1308e+01 1.8798e+02 -4.0862e+00 -7.1393e+01 1.2691e+03 -8.7551e+00 -1.4209e+02 6.9423e+01 4.6952e+00 7.2068e+01
1.0277e+00 1.7428e+00 6.8400e+00 1.7175e+01 -4.2226e-01 -4.3754e+00 8.0061e+01 1.8564e+02 -4.2546e+00 -7.1096e+01 1.2595e+03 -9.9824e+00 -1.4194e+02 6.8677e+01 4.8744e+00 7.2642e+01
1.0339e+00 2.1429e+00 7.1511e+00 1.7032e+01 -4.2231e-01 -4.7487e+00 7.9162e+01 1.8312e+02 -4.2366e+00 -7.0966e+01 1.2502e+03 -1.0323e+01 -1.4093e+02 6.7918e+01 4.8035e+00 7.3217e+01
1.0400e+00 1.6727e+00 6.5616e+00 1.6587e+01 -4.0429e-01 -4.2266e+00 7.7506e+01 1.7975e+02 -4.1340e+00 -7.0243e+01 1.2304e+03 -1.0533e+01 -1.4019e+02 6.7235e+01 4.7927e+00 7.3349e+01
1.0462e+00 1.6597e+00 6.4612e+00 1.6397e+01 -3.8408e-01 -4.1772e+00 7.6405e+01 1.7740e+02 -3.8480e+00 -6.9966e+01 1.2220e+03 -1.1527e+01 -1.3955e+02 6.6133e+01 4.4828e+00 7.3908e+01
1.0523e+00 1.6078e+00 6.3089e+00 1.6081e+01 -3.4585e-01 -4.1001e+00 7.5259e+01 1.7558e+02 -3.9451e+00 -6.9633e+01 1.2125e+03 -1.1693e+01 -1.3975e+02 6.5807e+01 4.6795e+00 7.4350e+01
1.0584e+00 1.7686e+00 6.3505e+00 1.5687e+01 -3.9226e-01 -4.1943e+00 7.4268e+01 1.7215e+02 -3.7879e+00 -6.9417e+01 1.1944e+03 -1.2060e+01 -1.3829e+02 6.4710e+01 4.3478e+00 7.4935e+01
1.0646e+00 1.5430e+00 6.0674e+00 1.5506e+01 -3.4900e-01 -3.9797e+00 7.3065e+01 1.6973e+02 -3.8970e+00 -6.9023e+01 1.1781e+03 -1.3285e+01 -1.3785e+02 6.3884e+01 4.5743e+00 7.5284e+01
1.0707e+00 1.5163e+00 5.9152e+00 1.5211e+01 -3.4910e-01 -3.8804e+00 7.1824e+01 1.6715e+02 -3.5854e+00 -6.8585e+01 1.1685e+03 -1.2819e+01 -1.3723e+02 6.3502e+01 4.2598e+00 7.5689e+01
1.0768e+00 1.4800e+00 5.8117e+00 1.5115e+01 -3.2614e-01 -3.8175e+00 7.0782e+01 1.6575e+02 -3.6538e+00 -6.8225e+01 1.1632e+03 -1.3531e+01 -1.3726e+02 6.2456e+01 4.4038e+00 7.6115e+01
1.0830e+00 1.4331e+00 5.6479e+00 1.4675e+01 -3.2674e-01 -3.7244e+00 6.9609e+01 1.6251e+02 -3.5928e+00 -6.7849e+01 1.1464e+03 -1.4797e+01 -1.3603e+02 6.1977e+01 4.2478e+00 7.6562e+01
1.0891e+00 1.4157e+00 5.5488e+00 1.4379e+01 -2.9870e-01 -3.6764e+00 6.8622e+01 1.5948e+02 -3.3827e+00 -6.7620e+01 1.1289e+03 -1.4465e+01 -1.3493e+02 6.1333e+01 4.1480e+00 7.7188e+01
1.0952e+00 1.3951e+00 5.4274e+00 1.4150e+01 -2.9925e-01 -3.6067e+00 6.7496e+01 1.5722e+02 -3.2320e+00 -6.7179e+01 1.1208e+03 -1.4792e+01 -1.3450e+02 6.0540e+01 3.9486e+00 7.7488e+01
1.1014e+00 1.3573e+00 5.3204e+00 1.3917e+01 -2.8159e-01 -3.5523e+00 6.6662e+01 1.5533e+02 -3.4348e+00 -6.7000e+01 1.1084e+03 -1.5897e+01 -1.3420e+02 5.9759e+01 4.1085e+00 7.8061e+01
1.1075e+00 1.5055e+00 5.3946e+00 1.3641e+01 -2.8220e-01 -3.6686e+00 6.5840e+01 1.5321e+02 -3.3117e+00 -6.6827e+01 1.0994e+03 -1.6019e+01 -1.3373e+02 5.9480e+01 4.0188e+00 7.8659e+01
1.1136e+00 1.2997e+00 5.0833e+00 1.3360e+01 -2.7336e-01 -3.4154e+00 6.4579e+01 1.5055e+02 -3.1627e+00 -6.6306e+01 1.0817e+03 -1.6951e+01 -1.3291e+02 5.8932e+01 3.8459e+00 7.8979e+01
1.1198e+00 1.2836e+00 4.9984e+00 1.3142e+01 -2.8689e-01 -3.3766e+00 6.3656e+01 1.4789e+02 -3.2026e+00 -6.6002e+01 1.0717e+03 -1.6874e+01 -1.3176e+02 5.7983e+01 3.8981e+00 7.9439e+01
1.1259e+00 1.2546e+00 4.9015e+00 1.2928e+01 -2.9010e-01 -3.3186e+00 6.2829e+01 1.4585e+02 -3.1266e+00 -6.5806e+01 1.0605e+03 -1.8129e+01 -1.3130e+02 5.7425e+01 3.7884e+00 8.0051e+01
1.1321e+00 1.5651e+00 5.1531e+00 1.2832e+01 -2.6767e-01 -3.6066e+00 6.2535e+01 1.4593e+02 -3.1302e+00 -6.6065e+01 1.0585e+03 -1.8378e+01 -1.3277e+02 5.6831e+01 3.7769e+00 8.0994e+01
1.1382e+00 1.2068e+00 4.7186e+00 1.2567e+01 -2.5807e-01 -3.2248e+00 6.1058e+01 1.4258e+02 -2.9557e+00 -6.5206e+01 1.0434e+03 -1.8035e+01 -1.3105e+02 5.6376e+01 3.5891e+00 8.0950e+01
1.1443e+00 1.1856e+00 4.6095e+00 1.2364e+01 -2.3598e-01 -3.1558e+00 6.0092e+01 1.3998e+02 -2.9064e+00 -6.4842e+01 1.0301e+03 -1.8155e+01 -1.2967e+02 5.5634e+01 3.5899e+00 8.1379e+01
1.1505e+00 1.1514e+00 4.4832e+00 1.2022e+01 -2.4908e-01 -3.0651e+00 5.9225e+01 1.3808e+02 -2.9972e+00 -6.4611e+01 1.0185e+03 -1.8983e+01 -1.2965e+02 5.5492e+01 3.7368e+00 8.2024e+01
1.1566e+00 1.2853e+00 4.5617e+00 1.1881e+01 -2.3496e-01 -3.1870e+00 5.8547e+01 1.3646e+02 -2.8215e+00 -6.4401e+01 1.0099e+03 -1.9172e+01 -1.2909e+02 5.4826e+01 3.4648e+00 8.2457e+01
1.1627e+00 1.1042e+00 4.3007e+00 1.1681e+01 -2.3607e-01 -2.9592e+00 5.7550e+01 1.3404e+02 -2.9096e+00 -6.4024e+01 1.0005e+03 -2.0257e+01 -1.2799e+02 5.4316e+01 3.6044e+00 8.2944e+01
1.1689e+00 1.0923e+00 4.2396e+00 1.1529e+01 -2.2743e-01 -2.9398e+00 5.6796e+01 1.3279e+02 -2.7691e+00 -6.3812e+01 9.8996e+02 -1.9963e+01 -1.2841e+02 5.3610e+01 3.4736e+00 8.3483e+01
1.1750e+00 1.0611e+00 4.1393e+00 1.1274e+01 -2.1147e-01 -2.8800e+00 5.5966e+01 1.3076e+02 -2.7029e+00 -6.3458e+01 9.8130e+02 -1.9964e+01 -1.2750e+02 5.3134e+01 3.4206e+00 8.3830e+01
1.1811e+00 1.0276e+00 4.0331e+00 1.1054e+01 -2.0464e-01 -2.8092e+00 5.5132e+01 1.2874e+02 -2.5614e+00 -6.3203e+01 9.7076e+02 -2.0549e+01 -1.2709e+02 5.2777e+01 3.2174e+00 8.4435e+01
1.1873e+00 1.0156e+00 3.9617e+00 1.0849e+01 -1.9834e-01 -2.7640e+00 5.4386e+01 1.2638e+02 -2.5317e+00 -6.2896e+01 9.5807e+02 -2.0276e+01 -1.2550e+02 5.1840e+01 3.1897e+00 8.4803e+01
1.1934e+00 1.0059e+00 3.8793e+00 1.0704e+01 -1.9173e-01 -2.7089e+00 5.3501e+01 1.2488e+02 -2.5025e+00 -6.2479e+01 9.5063e+02 -2.0797e+01 -1.2541e+02 5.1628e+01 3.2005e+00 8.5125e+01
1.1996e+00 9.7722e-01 3.8045e+00 1.0532e+01 -1.9717e-01 -2.6761e+00 5.2943e+01 1.2359e+02 -2.6020e+00 -6.2460e+01 9.4204e+02 -2.1761e+01 -1.2575e+02 5.1209e+01 3.2937e+00 8.5912e+01
1.2057e+00 1.0938e+00 3.8629e+00 1.0279e+01 -1.8092e-01 -2.7658e+00 5.2370e+01 1.2177e+02 -2.3787e+00 -6.2375e+01 9.3089e+02 -2.1440e+01 -1.2531e+02 5.0670e+01 3.0072e+00 8.6597e+01
1.2118e+00 9.3700e-01 3.6364e+00 1.0115e+01 -1.6827e-01 -2.5649e+00 5.1405e+01 1.1960e+02 -2.4127e+00 -6.1830e+01 9.2152e+02 -2.2243e+01 -1.2401e+02 5.0234e+01 3.0942e+00 8.6743e+01
1.2179e+00 9.2635e-01 3.5908e+00 1.0000e+01 -1.6801e-01 -2.5610e+00 5.0920e+01 1.1873e+02 -2.2771e+00 -6.1869e+01 9.1558e+02 -2.1807e+01 -1.2440e+02 4.9699e+01 2.9068e+00 8.7654e+01
1.2241e+00 9.0082e-01 3.5009e+00 9.7756e+00 -1.6508e-01 -2.5005e+00 5.0195e+01 1.1668e+02 -2.3956e+00 -6.1597e+01 9.0627e+02 -2.2448e+01 -1.2360e+02 4.9324e+01 3.0851e+00 8.8145e+01
1.2302e+00 1.1484e+00 3.6780e+00 9.6777e+00 -1.5208e-01 -2.6929e+00 4.9698e+01 1.1546e+02 -2.1885e+00 -6.1542e+01 8.9983e+02 -2.2023e+01 -1.2357e+02 4.9076e+01 2.8153e+00 8.8872e+01
1.2364e+00 8.6526e-01 3.3439e+00 9.4463e+00 -1.4013e-01 -2.3950e+00 4.8699e+01 1.1359e+02 -2.2714e+00 -6.0939e+01 8.8834e+02 -2.3272e+01 -1.2286e+02 4.8534e+01 3.0120e+00 8.8980e+01
1.2425e+00 8.5323e-01 3.2830e+00 9.2947e+00 -1.4045e-01 -2.3693e+00 4.8109e+01 1.1227e+02 -2.0966e+00 -6.0833e+01 8.8100e+02 -2.3400e+01 -1.2287e+02 4.8176e+01 2.6958e+00 8.9705e+01
1.2486e+00 8.2956e-01 3.2003e+00 9.1070e+00 -1.5739e-01 -2.3033e+00 4.7353e+01 1.1037e+02 -2.2371e+00 -6.0391e+01 8.7141e+02 -2.3785e+01 -1.2174e+02 4.7599e+01 2.8697e+00 8.9900e+01
1.2548e+00 9.4208e-01 3.2826e+00 8.9969e+00 -1.3955e-01 -2.4067e+00 4.7021e+01 1.0902e+02 -1.9914e+00 -6.0470e+01 8.6359e+02 -2.3576e+01 -1.2125e+02 4.7192e+01 2.5822e+00 9.0774e+01
1.2609e+00 7.9819e-01 3.0725e+00 8.7896e+00 -1.2570e-01 -2.2249e+00 4.6193e+01 1.0730e+02 -1.9607e+00 -6.0062e+01 8.5509e+02 -2.3920e+01 -1.2077e+02 4.6952e+01 2.5669e+00 9.1146e+01
1.2671e+00 7.8482e-01 3.0049e+00 8.7135e+00 -1.3734e-01 -2.1787e+00 4.5575e+01 1.0641e+02 -1.9842e+00 -5.9873e+01 8.4898e+02 -2.4262e+01 -1.2089e+02 4.6589e+01 2.5769e+00 9.1808e+01
1.2732e+00 7.6803e-01 2.9372e+00 8.5352e+00 -1.3877e-01 -2.1264e+00 4.4783e+01 1.0463e+02 -2.0243e+00 -5.9317e+01 8.4185e+02 -2.4914e+01 -1.2001e+02 4.6276e+01 2.6192e+00 9.1796e+01
1.2793e+00 7.4144e-01 2.8554e+00 8.3106e+00 -1.1176e-01 -2.0675e+00 4.4205e+01 1.0327e+02 -1.9310e+00 -5.9138e+01 8.3492e+02 -2.4781e+01 -1.1975e+02 4.5803e+01 2.5185e+00 9.2422e+01
1.2855e+00 7.3596e-01 2.8303e+00 8.2371e+00 -1.1417e-01 -2.0693e+00 4.3841e+01 1.0217e+02 -1.8095e+00 -5.9166e+01 8.2591e+02 -2.4433e+01 -1.1954e+02 4.5303e+01 2.3342e+00 9.3256e+01
1.2916e+00 7.2369e-01 2.7577e+00 8.0395e+00 -1.0971e-01 -2.0209e+00 4.3173e+01 1.0023e+02 -1.7024e+00 -5.8896e+01 8.1630e+02 -2.4968e+01 -1.1866e+02 4.5082e+01 2.1979e+00 9.3798e+01
1.2977e+00 7.0720e-01 2.7055e+00 7.9586e+00 -1.0238e-01 -1.9859e+00 4.2678e+01 9.9334e+01 -1.7611e+00 -5.8693e+01 8.1055e+02 -2.4945e+01 -1.1868e+02 4.4506e+01 2.3051e+00 9.4247e+01
1.3039e+00 8.0378e-01 2.7572e+00 7.7996e+00 -8.5685e-02 -2.0531e+00 4.2161e+01 9.7957e+01 -1.7222e+00 -5.8520e+01 8.0518e+02 -2.5511e+01 -1.1794e+02 4.4319e+01 2.2357e+00 9.4891e+01
1.3100e+00 6.8067e-01 2.5851e+00 7.6777e+00 -8.4590e-02 -1.8922e+00 4.1605e+01 9.6744e+01 -1.6738e+00 -5.8338e+01 7.9787e+02 -2.5259e+01 -1.1802e+02 4.4007e+01 2.2607e+00 9.5536e+01
1.3161e+00 6.6897e-01 2.5325e+00 7.4826e+00 -9.0994e-02 -1.8724e+00 4.0907e+01 9.5182e+01 -1.6352e+00 -5.7896e+01 7.8942e+02 -2.5551e+01 -1.1709e+02 4.3741e+01 2.1068e+00 9.5682e+01
1.3223e+00 6.5376e-01 2.4801e+00 7.3986e+00 -8.2924e-02 -1.8345e+00 4.0400e+01 9.3905e+01 -1.6701e+00 -5.7663e+01 7.8010e+02 -2.5802e+01 -1.1652e+02 4.3344e+01 2.1906e+00 9.6128e+01
1.3284e+00 8.5431e-01 2.6346e+00 7.3013e+00 -8.3461e-02 -1.9982e+00 4.0092e+01 9.2569e+01 -1.6295e+00 -5.7718e+01 7.7560e+02 -2.6292e+01 -1.1586e+02 4.3088e+01 2.1143e+00 9.7084e+01
1.3345e+00 6.3048e-01 2.3836e+00 7.1606e+00 -8.5195e-02 -1.7716e+00 3.9407e+01 9.1557e+01 -1.5106e+00 -5.7298e+01 7.6702e+02 -2.5700e+01 -1.1591e+02 4.2679e+01 1.9871e+00 9.7350e+01
1.3407e+00 6.1872e-01 2.3306e+00 6.9922e+00 -6.5706e-02 -1.7344e+00 3.8942e+01 9.0335e+01 -1.4271e+00 -5.7197e+01 7.6143e+02 -2.6310e+01 -1.1571e+02 4.2469e+01 1.8687e+00 9.8118e+01
1.3468e+00 6.0618e-01 2.2921e+00 6.9512e+00 -7.6961e-02 -1.7102e+00 3.8452e+01 8.9547e+01 -1.5644e+00 -5.6890e+01 7.5665e+02 -2.6976e+01 -1.1550e+02 4.2193e+01 2.0398e+00 9.8358e+01
1.3529e+00 6.9339e-01 2.3292e+00 6.8310e+00 -7.4241e-02 -1.7601e+00 3.8022e+01 8.8139e+01 -1.4673e+00 -5.6806e+01 7.5203e+02 -2.6515e+01 -1.1471e+02 4.1762e+01 1.8848e+00 9.9171e+01
1.3591e+00 5.8256e-01 2.1859e+00 6.6664e+00 -5.8493e-02 -1.6346e+00 3.7451e+01 8.6615e+01 -1.4205e+00 -5.6490e+01 7.4231e+02 -2.6489e+01 -1.1399e+02 4.1655e+01 1.9047e+00 9.9553e+01
1.3652e+00 5.7411e-01 2.1448e+00 6.6017e+00 -6.4969e-02 -1.6078e+00 3.7065e+01 8.5444e+01 -1.2931e+00 -5.6393e+01 7.3563e+02 -2.6558e+01 -1.1335e+02 4.1428e+01 1.6884e+00 1.0019e+02
1.3714e+00 5.5904e-01 2.0928e+00 6.4429e+00 -5.1017e-02 -1.5678e+00 3.6581e+01 8.4684e+01 -1.4060e+00 -5.6156e+01 7.3099e+02 -2.6710e+01 -1.1366e+02 4.1021e+01 1.9217e+00 1.0066e+02
1.3775e+00 5.4079e-01 2.0379e+00 6.3624e+00 -5.5733e-02 -1.5308e+00 3.6159e+01 8.3762e+01 -1.3971e+00 -5.6057e+01 7.2616e+02 -2.6902e+01 -1.1339e+02 4.0727e+01 1.8318e+00 1.0142e+02
1.3836e+00 5.3820e-01 2.0004e+00 6.2592e+00 -5.9352e-02 -1.5034e+00 3.5663e+01 8.2644e+01 -1.2360e+00 -5.5799e+01 7.1867e+02 -2.7356e+01 -1.1312e+02 4.0650e+01 1.5241e+00 1.0192e+02
1.3898e+00 5.3314e-01 1.9711e+00 6.1603e+00 -4.7261e-02 -1.4883e+00 3.5314e+01 8.1839e+01 -1.3261e+00 -5.5730e+01 7.1553e+02 -2.7482e+01 -1.1299e+02 4.0368e+01 1.7207e+00 1.0262e+02
1.3959e+00 5.1837e-01 1.9326e+00 6.0813e+00 -5.0568e-02 -1.4606e+00 3.4938e+01 8.0691e+01 -1.3072e+00 -5.5592e+01 7.0628e+02 -2.7344e+01 -1.1236e+02 4.0006e+01 1.7236e+00 1.0321e+02
1.4020e+00 6.0428e-01 1.9780e+00 5.9944e+00 -4.2481e-02 -1.5160e+00 3.4497e+01 7.9612e+01 -1.2808e+00 -5.5344e+01 7.0246e+02 -2.7624e+01 -1.1195e+02 3.9743e+01 1.7410e+00 1.0366e+02
1.4082e+00 5.0038e-01 1.8428e+00 5.8510e+00 -2.7017e-02 -1.3888e+00 3.3907e+01 7.8116e+01 -1.2039e+00 -5.4923e+01 6.9461e+02 -2.7516e+01 -1.1071e+02 3.9552e+01 1.6167e+00 1.0392e+02
1.4143e+00 4.9257e-01 1.8106e+00 5.7492e+00 -4.0417e-02 -1.3792e+00 3.3590e+01 7.7690e+01 -1.1469e+00 -5.4884e+01 6.9128e+02 -2.7697e+01 -1.1162e+02 3.9411e+01 1.5110e+00 1.0460e+02
1.4204e+00 4.7941e-01 1.7667e+00 5.6709e+00 -3.9761e-02 -1.3415e+00 3.3207e+01 7.6701e+01 -1.1779e+00 -5.4784e+01 6.8762e+02 -2.8096e+01 -1.1107e+02 3.9098e+01 1.5346e+00 1.0546e+02
1.4266e+00 6.5619e-01 1.9165e+00 5.5536e+00 -3.9515e-02 -1.4980e+00 3.2954e+01 7.5590e+01 -1.1510e+00 -5.4720e+01 6.7956e+02 -2.7824e+01 -1.1065e+02 3.8861e+01 1.5155e+00 1.0607e+02
1.4327e+00 4.6512e-01 1.6980e+00 5.4939e+00 -2.8143e-02 -1.2977e+00 3.2386e+01 7.4577e+01 -1.0747e+00 -5.4363e+01 6.7468e+02 -2.7574e+01 -1.0998e+02 3.8610e+01 1.3996e+00 1.0640e+02
1.4389e+00 4.5921e-01 1.6704e+00 5.4076e+00 -3.0977e-02 -1.2777e+00 3.2035e+01 7.3835e+01 -1.0563e+00 -5.4194e+01 6.7069e+02 -2.7793e+01 -1.0982e+02 3.8418e+01 1.3450e+00 1.0693e+02
1.4450e+00 4.4638e-01 1.6241e+00 5.2941e+00 -1.1477e-02 -1.2380e+00 3.1564e+01 7.2728e+01 -1.0323e+00 -5.3871e+01 6.6434e+02 -2.7920e+01 -1.0917e+02 3.8185e+01 1.3887e+00 1.0728e+02
1.4511e+00 5.2733e-01 1.6849e+00 5.2362e+00 -1.6578e-02 -1.3026e+00 3.1381e+01 7.1639e+01 -1.0211e+00 -5.3946e+01 6.5843e+02 -2.7774e+01 -1.0841e+02 3.8070e+01 1.3659e+00 1.0821e+02
1.4573e+00 4.3122e-01 1.5686e+00 5.1606e+00 -1.9093e-02 -1.2083e+00 3.0987e+01 7.1259e+01 -1.0926e+00 -5.3747e+01 6.5431e+02 -2.8298e+01 -1.0896e+02 3.7888e+01 1.4465e+00 1.0871e+02
1.4634e+00 4.2860e-01 1.5333e+00 5.0872e+00 -2.7796e-02 -1.1619e+00 3.0535e+01 7.0354e+01 -1.0248e+00 -5.3447e+01 6.5097e+02 -2.8266e+01 -1.0851e+02 3.7860e+01 1.2799e+00 1.0917e+02
1.4695e+00 4.1658e-01 1.5064e+00 5.0082e+00 -1.2374e-02 -1.1518e+00 3.0222e+01 6.9536e+01 -9.5873e-01 -5.3357e+01 6.4519e+02 -2.8306e+01 -1.0825e+02 3.7517e+01 1.2275e+00 1.0987e+02
1.4757e+00 4.0403e-01 1.4685e+00 4.8919e+00 -9.6402e-03 -1.1190e+00 2.9847e+01 6.8300e+01 -9.2130e-01 -5.3143e+01 6.3900e+02 -2.8383e+01 -1.0727e+02 3.7311e+01 1.1929e+00 1.1038e+02
1.4818e+00 4.0196e-01 1.4464e+00 4.8213e+00 4.3875e-04 -1.1079e+00 2.9575e+01 6.7810e+01 -9.2564e-01 -5.3055e+01 6.3582e+02 -2.8495e+01 -1.0757e+02 3.7252e+01 1.2425e+00 1.1098e+02
1.4879e+00 3.9942e-01 1.4322e+00 4.7725e+00 -1.3221e-02 -1.1075e+00 2.9320e+01 6.7088e+01 -9.0617e-01 -5.3001e+01 6.3207e+02 -2.8508e+01 -1.0710e+02 3.6975e+01 1.1440e+00 1.1173e+02
1.4941e+00 3.8866e-01 1.3977e+00 4.6972e+00 -5.0914e-03 -1.0833e+00 2.8959e+01 6.6301e+01 -8.3295e-01 -5.2788e+01 6.2795e+02 -2.8416e+01 -1.0685e+02 3.6782e+01 1.0138e+00 1.1219e+02
1.5002e+00 4.6172e-01 1.4511e+00 4.6305e+00 4.2501e-03 -1.1423e+00 2.8718e+01 6.5584e+01 -8.6839e-01 -5.2721e+01 6.2267e+02 -2.8144e+01 -1.0660e+02 3.6680e+01 1.1153e+00 1.1294e+02
1.5064e+00 3.7632e-01 1.3430e+00 4.5681e+00 -5.2119e-03 -1.0398e+00 2.8392e+01 6.5054e+01 -8.7773e-01 -5.2607e+01 6.1885e+02 -2.8214e+01 -1.0662e+02 3.6534e+01 1.1220e+00 1.1359e+02
1.5125e+00 3.7335e-01 1.3151e+00 4.4754e+00 -1.0777e-03 -1.0102e+00 2.7985e+01 6.4116e+01 -8.6023e-01 -5.2296e+01 6.1636e+02 -2.8563e+01 -1.0614e+02 3.6440e+01 1.1262e+00 1.1396e+02
1.5186e+00 3.6494e-01 1.3018e+00 4.4637e+00 6.1085e-03 -1.0113e+00 2.7786e+01 6.3559e+01 -8.4838e-01 -5.2283e+01 6.1061e+02 -2.8385e+01 -1.0595e+02 3.6233e+01 1.1130e+00 1.1472e+02
1.5248e+00 5.1643e-01 1.4301e+00 4.3824e+00 6.9314e-03 -1.1399e+00 2.7600e+01 6.2998e+01 -7.8920e-01 -5.2262e+01 6.0794e+02 -2.8476e+01 -1.0595e+02 3.6063e+01 9.5886e-01 1.1553e+02
1.5309e+00 3.5321e-01 1.2478e+00 4.3327e+00 4.3576e-03 -9.6784e-01 2.7110e+01 6.1997e+01 -8.3243e-01 -5.1918e+01 6.0347e+02 -2.8537e+01 -1.0509e+02 3.6062e+01 1.0721e+00 1.1592e+02
1.5370e+00 3.5083e-01 1.2266e+00 4.2476e+00 7.3754e-03 -9.4646e-01 2.6828e+01 6.1348e+01 -7.3504e-01 -5.1738e+01 5.9904e+02 -2.8319e+01 -1.0514e+02 3.5740e+01 9.3480e-01 1.1640e+02
1.5432e+00 3.4168e-01 1.2010e+00 4.1945e+00 2.9314e-03 -9.3091e-01 2.6544e+01 6.0673e+01 -7.5074e-01 -5.1611e+01 5.9654e+02 -2.8509e+01 -1.0472e+02 3.5705e+01 8.9583e-01 1.1699e+02
1.5493e+00 4.1163e-01 1.2535e+00 4.1332e+00 -4.7591e-03 -9.8051e-01 2.6362e+01 5.9949e+01 -7.9928e-01 -5.1606e+01 5.9200e+02 -2.8679e+01 -1.0437e+02 3.5506e+01 1.0059e+00 1.1789e+02
1.5554e+00 3.3183e-01 1.1594e+00 4.0865e+00 1.1746e-02 -8.9683e-01 2.6017e+01 5.9155e+01 -7.0956e-01 -5.1371e+01 5.8669e+02 -2.8417e+01 -1.0374e+02 3.5534e+01 8.7588e-01 1.1830e+02
1.5616e+00 3.3055e-01 1.1518e+00 4.0513e+00 1.0100e-02 -8.9408e-01 2.5767e+01 5.8694e+01 -7.1487e-01 -5.1211e+01 5.8467e+02 -2.8350e+01 -1.0364e+02 3.5285e+01 8.8661e-01 1.1881e+02
1.5677e+00 3.2302e-01 1.1273e+00 3.9915e+00 1.2447e-02 -8.7554e-01 2.5498e+01 5.8260e+01 -7.2616e-01 -5.1077e+01 5.8140e+02 -2.8886e+01 -1.0388e+02 3.5318e+01 9.2933e-01 1.1945e+02
