# k / 1, b1, b2, bg, bk
0.0000e+00 0.0000e+00 0.0000e+00 0.0000e+00 0.0000e+00 0.0000e+00 0.0000e+00 0.0000e+00 0.0000e+00 0.0000e+00 0.0000e+00 0.0000e+00 0.0000e+00 0.0000e+00 0.0000e+00 0.0000e+00
3.4764e-02 2.6369e+02 2.3164e+03 4.4161e+03 -2.9467e+01 -2.6581e+02 2.2394e+04 4.2859e+04 -2.1615e+02 -2.3371e+03 8.7976e+04 2.5156e+03 -4.4551e+03 1.7575e+03 3.0250e+01 2.6796e+02
6.0130e-02 1.9570e+02 1.3376e+03 2.2976e+03 -9.1893e+01 -1.9946e+02 1.3463e+04 2.3896e+04 -7.9928e+02 -1.3780e+03 4.8073e+04 4.4435e+02 -2.3700e+03 1.1125e+03 9.4320e+01 2.0334e+02
8.4182e-02 2.7067e+02 1.1841e+03 1.6451e+03 -3.2138e+01 -2.7693e+02 9.4751e+03 1.5749e+04 -4.4775e+01 -1.2408e+03 3.2133e+04 1.3706e+03 -1.7400e+03 8.6937e+02 3.2367e+01 2.8355e+02
1.0874e-01 1.8220e+02 7.2091e+02 1.1878e+03 6.2400e+00 -1.8819e+02 5.9714e+03 1.0758e+04 1.6823e+02 -7.8100e+02 2.4103e+04 1.1986e+03 -1.2955e+03 6.7066e+02 -7.8275e+00 1.9482e+02
1.3437e-01 1.7036e+02 5.1640e+02 6.9369e+02 -9.6938e+00 -1.7645e+02 4.5463e+03 8.2507e+03 4.1228e+01 -5.8821e+02 1.9024e+04 6.5327e+02 -8.2491e+02 4.4959e+02 9.4752e+00 1.8376e+02
1.5871e-01 1.1856e+02 3.8903e+02 6.0955e+02 -1.1295e+01 -1.2490e+02 3.2230e+03 5.8751e+03 -4.2070e+00 -4.5785e+02 1.4446e+04 4.1306e+02 -7.3392e+02 3.5115e+02 1.1662e+01 1.3283e+02
1.8293e-01 1.0341e+02 3.1913e+02 4.3468e+02 -7.9723e+00 -1.1051e+02 2.5253e+03 4.5071e+03 -4.0241e+01 -3.9100e+02 1.1549e+04 1.9152e+02 -5.6288e+02 3.3041e+02 9.9143e+00 1.1980e+02
2.0748e-01 8.1847e+01 2.4966e+02 3.6970e+02 -8.3025e+00 -8.8474e+01 1.9740e+03 3.6724e+03 -1.7649e+01 -3.2150e+02 9.7185e+03 1.3358e+02 -5.0225e+02 2.6460e+02 9.1135e+00 9.7953e+01
2.3232e-01 6.4966e+01 1.9374e+02 2.9754e+02 2.7396e+00 -7.1320e+01 1.5460e+03 2.9887e+03 7.7922e+00 -2.6381e+02 8.2598e+03 9.5126e+01 -4.3110e+02 1.9939e+02 -2.4144e+00 8.1162e+01
2.5688e-01 5.4011e+01 1.5984e+02 2.2330e+02 -6.8076e-01 -6.0524e+01 1.2135e+03 2.1888e+03 -1.8455e+01 -2.2668e+02 6.0491e+03 -1.2798e+01 -3.4057e+02 1.6581e+02 2.3436e+00 7.1102e+01
2.8117e-01 4.9244e+01 1.3767e+02 1.9563e+02 9.8582e-01 -5.5565e+01 9.9847e+02 1.8580e+03 -4.8750e+00 -2.0199e+02 5.4063e+03 7.5251e-01 -3.1228e+02 1.5778e+02 1.2117e-01 6.6524e+01
3.0628e-01 4.3690e+01 1.2140e+02 1.7963e+02 -2.0849e+00 -5.0084e+01 8.2207e+02 1.5468e+03 -3.9163e+00 -1.8258e+02 4.6283e+03 -1.9686e+01 -2.9113e+02 1.2485e+02 2.7716e+00 6.1653e+01
3.3133e-01 3.6649e+01 1.0152e+02 1.5902e+02 -1.9282e+00 -4.2695e+01 6.8933e+02 1.3431e+03 -7.7239e+00 -1.6005e+02 4.0726e+03 -4.4236e+01 -2.6943e+02 1.1141e+02 2.9199e+00 5.4432e+01
3.5545e-01 3.1919e+01 8.4551e+01 1.2738e+02 -3.1714e+00 -3.7396e+01 5.4892e+02 1.0307e+03 -1.8166e+01 -1.3793e+02 3.1734e+03 -7.7515e+01 -2.2304e+02 1.0087e+02 5.2510e+00 4.8970e+01
3.7974e-01 2.7225e+01 7.5436e+01 1.1508e+02 -2.4974e-01 -3.2893e+01 4.7404e+02 9.0096e+02 -1.9286e+00 -1.2618e+02 2.8472e+03 -4.3374e+01 -2.0708e+02 8.2970e+01 8.7756e-01 4.4919e+01
4.0420e-01 2.3468e+01 6.6069e+01 1.1116e+02 -1.6825e+00 -2.8801e+01 3.9904e+02 7.8162e+02 -7.6466e+00 -1.1315e+02 2.4514e+03 -5.4201e+01 -1.9815e+02 7.0845e+01 2.8235e+00 4.0826e+01
4.2877e-01 2.0392e+01 5.8051e+01 9.8726e+01 -1.3337e+00 -2.5438e+01 3.4141e+02 6.7451e+02 -8.3565e+00 -1.0170e+02 2.1585e+03 -5.1114e+01 -1.7891e+02 6.2736e+01 2.8255e+00 3.7382e+01
4.5346e-01 1.8983e+01 4.9909e+01 7.5804e+01 -1.5825e-01 -2.3551e+01 2.8161e+02 5.4348e+02 -2.7268e+00 -8.9313e+01 1.7739e+03 -3.4861e+01 -1.4768e+02 5.4297e+01 9.8932e-01 3.5053e+01
4.7807e-01 1.7238e+01 4.5844e+01 7.6206e+01 -2.7494e-01 -2.1747e+01 2.4529e+02 4.8988e+02 -2.4564e+00 -8.2531e+01 1.6125e+03 -3.4205e+01 -1.4444e+02 4.7226e+01 9.2887e-01 3.3333e+01
5.0266e-01 1.7280e+01 4.3046e+01 6.9368e+01 -3.7833e-01 -2.1628e+01 2.1621e+02 4.3124e+02 -2.9365e+00 -7.7247e+01 1.4082e+03 -3.3300e+01 -1.3375e+02 4.2426e+01 1.1693e+00 3.3095e+01
5.2715e-01 1.3888e+01 3.6462e+01 6.2211e+01 -5.3577e-01 -1.7947e+01 1.8356e+02 3.7576e+02 -3.7942e+00 -6.7383e+01 1.2350e+03 -3.2000e+01 -1.2131e+02 3.5268e+01 1.4033e+00 2.8969e+01
5.5156e-01 1.3918e+01 3.4386e+01 5.8318e+01 -7.9765e-02 -1.7622e+01 1.5989e+02 3.2746e+02 -2.2792e+00 -6.2033e+01 1.0909e+03 -2.4624e+01 -1.1004e+02 3.3117e+01 6.5430e-01 2.8107e+01
5.7625e-01 1.1543e+01 3.0502e+01 5.3914e+01 -5.4216e-01 -1.5271e+01 1.4194e+02 2.9782e+02 -3.3272e+00 -5.6356e+01 1.0013e+03 -2.3287e+01 -1.0327e+02 2.7714e+01 1.3941e+00 2.5680e+01
6.0074e-01 1.0364e+01 2.6663e+01 4.7069e+01 -3.9812e-01 -1.3642e+01 1.1854e+02 2.5100e+02 -1.9365e+00 -4.8907e+01 8.5012e+02 -1.6559e+01 -8.9758e+01 2.3871e+01 9.2580e-01 2.3171e+01
6.2537e-01 9.5797e+00 2.4309e+01 4.2307e+01 2.8428e-02 -1.2688e+01 1.0480e+02 2.2062e+02 -1.4516e+00 -4.4465e+01 7.5090e+02 -1.7309e+01 -8.0291e+01 2.1182e+01 3.7282e-01 2.1738e+01
6.5018e-01 9.5003e+00 2.2703e+01 3.7770e+01 -1.4802e-01 -1.2415e+01 9.3118e+01 1.9600e+02 -1.3979e+00 -4.1064e+01 6.6599e+02 -1.3384e+01 -7.2654e+01 1.8723e+01 5.7237e-01 2.1044e+01
6.7478e-01 8.4011e+00 2.0704e+01 3.6492e+01 1.9318e-03 -1.1139e+01 8.2636e+01 1.7796e+02 -1.0612e+00 -3.7025e+01 6.0538e+02 -1.0417e+01 -6.7983e+01 1.6354e+01 3.8460e-01 1.9209e+01
6.9919e-01 8.5967e+00 2.0187e+01 3.4338e+01 -1.4340e-01 -1.1246e+01 7.5887e+01 1.6147e+02 -1.5305e+00 -3.4996e+01 5.4269e+02 -9.8819e+00 -6.2490e+01 1.4138e+01 5.9671e-01 1.8863e+01
7.2362e-01 7.2939e+00 1.7888e+01 3.1933e+01 1.2733e-01 -9.7696e+00 6.7201e+01 1.4551e+02 -5.5952e-01 -3.1241e+01 4.8683e+02 -7.0814e+00 -5.7368e+01 1.2228e+01 1.4245e-01 1.6883e+01
7.4803e-01 7.3111e+00 1.7287e+01 2.9563e+01 4.2832e-02 -9.6894e+00 6.1864e+01 1.3238e+02 -5.0883e-01 -2.9398e+01 4.3914e+02 -5.5349e+00 -5.2579e+01 1.1029e+01 1.3012e-01 1.6369e+01
7.7266e-01 6.2190e+00 1.5171e+01 2.7354e+01 9.9674e-02 -8.3849e+00 5.4216e+01 1.1961e+02 -5.2804e-01 -2.5845e+01 3.9824e+02 -5.2059e+00 -4.7997e+01 9.5100e+00 1.3176e-01 1.4502e+01
7.9730e-01 5.7824e+00 1.4025e+01 2.5323e+01 2.3150e-01 -7.7636e+00 4.9210e+01 1.0939e+02 -1.3600e-01 -2.3537e+01 3.6373e+02 -3.6255e+00 -4.3633e+01 8.4058e+00 -7.8177e-02 1.3358e+01
8.2191e-01 5.4501e+00 1.3115e+01 2.3808e+01 7.6341e-02 -7.3538e+00 4.4913e+01 1.0041e+02 -5.5327e-01 -2.1695e+01 3.3051e+02 -3.9931e+00 -4.0535e+01 7.3629e+00 1.3978e-01 1.2505e+01
8.4650e-01 5.3639e+00 1.2324e+01 2.1547e+01 8.6165e-02 -7.1075e+00 4.0810e+01 9.0963e+01 -5.9218e-01 -1.9970e+01 3.0017e+02 -3.4618e+00 -3.6419e+01 6.4237e+00 1.5661e-01 1.1838e+01
8.7103e-01 4.7561e+00 1.1307e+01 2.0359e+01 1.2712e-01 -6.4292e+00 3.7255e+01 8.3622e+01 -3.9527e-01 -1.8212e+01 2.7401e+02 -2.7431e+00 -3.3807e+01 5.7093e+00 9.0656e-02 1.0779e+01
8.9560e-01 4.7594e+00 1.0596e+01 1.8338e+01 1.2307e-01 -6.2319e+00 3.3613e+01 7.5193e+01 -2.2264e-01 -1.6592e+01 2.4695e+02 -1.9503e+00 -2.9990e+01 5.0901e+00 -4.6971e-02 1.0069e+01
9.2003e-01 4.1590e+00 9.7846e+00 1.7619e+01 1.0842e-01 -5.5751e+00 3.1445e+01 7.1165e+01 -1.6452e-01 -1.5253e+01 2.3044e+02 -1.4752e+00 -2.8215e+01 4.4282e+00 -5.2814e-03 9.1084e+00
9.4458e-01 4.1364e+00 9.3715e+00 1.6573e+01 6.3095e-02 -5.4585e+00 2.9292e+01 6.6302e+01 -2.3234e-01 -1.4333e+01 2.1380e+02 -1.4668e+00 -2.6333e+01 3.9163e+00 7.3762e-02 8.6822e+00
9.6914e-01 3.6576e+00 8.5546e+00 1.5477e+01 1.1469e-01 -4.9216e+00 2.6988e+01 6.1840e+01 -1.1229e-01 -1.3088e+01 1.9891e+02 -1.1119e+00 -2.4358e+01 3.5022e+00 -3.6611e-02 7.8862e+00
9.9364e-01 3.4339e+00 7.9878e+00 1.4369e+01 1.1516e-01 -4.5920e+00 2.4844e+01 5.6785e+01 -1.0796e-01 -1.2049e+01 1.8213e+02 -8.8094e-01 -2.2295e+01 3.1844e+00 -6.0018e-03 7.2530e+00
1.0182e+00 3.2521e+00 7.4923e+00 1.3368e+01 1.4048e-01 -4.3468e+00 2.3156e+01 5.2982e+01 -1.1453e-02 -1.1224e+01 1.6882e+02 -6.7057e-01 -2.0771e+01 2.8025e+00 -6.4031e-02 6.7796e+00
1.0428e+00 3.3067e+00 7.3392e+00 1.2842e+01 1.0351e-01 -4.3601e+00 2.1951e+01 4.9858e+01 -6.8641e-02 -1.0808e+01 1.5760e+02 -7.4169e-01 -1.9745e+01 2.4925e+00 -2.1073e-02 6.6144e+00
1.0674e+00 2.9503e+00 6.8030e+00 1.2249e+01 8.7682e-02 -3.9449e+00 2.0721e+01 4.7562e+01 -1.2743e-01 -1.0012e+01 1.4885e+02 -8.5040e-01 -1.8661e+01 2.2809e+00 -1.7232e-02 5.9958e+00
1.0920e+00 3.0084e+00 6.6162e+00 1.1563e+01 7.1051e-02 -3.9300e+00 1.9634e+01 4.4965e+01 -1.5422e-01 -9.5436e+00 1.4096e+02 -9.2566e-01 -1.7490e+01 2.0390e+00 -1.2877e-03 5.7878e+00
1.1166e+00 2.6094e+00 5.9701e+00 1.0716e+01 9.5668e-02 -3.4698e+00 1.7965e+01 4.1399e+01 -8.1051e-02 -8.6344e+00 1.2917e+02 -7.5986e-01 -1.6072e+01 1.8502e+00 -3.5018e-02 5.1532e+00
1.1410e+00 2.6403e+00 5.8635e+00 1.0300e+01 8.8297e-02 -3.4746e+00 1.7315e+01 3.9701e+01 -2.1113e-02 -8.3921e+00 1.2336e+02 -5.2943e-01 -1.5414e+01 1.6659e+00 -4.6148e-02 5.0524e+00
1.1654e+00 2.3564e+00 5.3597e+00 9.5744e+00 8.7113e-02 -3.1215e+00 1.5950e+01 3.6713e+01 -3.9368e-02 -7.6567e+00 1.1371e+02 -6.0359e-01 -1.4244e+01 1.5162e+00 -4.6243e-02 4.5370e+00
1.1901e+00 2.1827e+00 5.0033e+00 9.0175e+00 6.6668e-02 -2.9028e+00 1.4965e+01 3.4749e+01 -5.4052e-02 -7.1450e+00 1.0816e+02 -5.5647e-01 -1.3389e+01 1.3732e+00 -2.4488e-02 4.2059e+00
1.2146e+00 2.1298e+00 4.8279e+00 8.6069e+00 6.4698e-02 -2.8186e+00 1.4305e+01 3.3011e+01 -6.3108e-02 -6.8474e+00 1.0178e+02 -5.8355e-01 -1.2739e+01 1.2808e+00 -1.4736e-02 4.0316e+00
1.2392e+00 2.1125e+00 4.6451e+00 8.1357e+00 6.1852e-02 -2.7588e+00 1.3606e+01 3.1480e+01 -5.1715e-02 -6.5260e+00 9.7675e+01 -5.4292e-01 -1.2025e+01 1.1530e+00 -1.7137e-02 3.8749e+00
1.2638e+00 1.9104e+00 4.2994e+00 7.6652e+00 6.2959e-02 -2.5169e+00 1.2700e+01 2.9525e+01 -3.0712e-02 -6.0450e+00 9.1267e+01 -4.9674e-01 -1.1301e+01 1.0726e+00 -2.4385e-02 3.5415e+00
1.2884e+00 1.9331e+00 4.1874e+00 7.2555e+00 6.2414e-02 -2.5032e+00 1.2109e+01 2.7873e+01 -2.7808e-02 -5.8316e+00 8.6049e+01 -4.7838e-01 -1.0688e+01 9.9129e-01 -2.6724e-02 3.4543e+00
1.3130e+00 1.7201e+00 3.8641e+00 6.8291e+00 5.0396e-02 -2.2639e+00 1.1343e+01 2.6187e+01 -2.6768e-02 -5.4142e+00 8.0430e+01 -4.4883e-01 -1.0056e+01 9.1798e-01 -1.5284e-02 3.1539e+00
1.3374e+00 1.7256e+00 3.7700e+00 6.5618e+00 4.7287e-02 -2.2427e+00 1.0866e+01 2.4966e+01 -3.9167e-02 -5.2320e+00 7.6308e+01 -4.6377e-01 -9.6210e+00 8.4051e-01 -1.2605e-02 3.0774e+00
1.3619e+00 1.5617e+00 3.5020e+00 6.2257e+00 4.0936e-02 -2.0504e+00 1.0251e+01 2.3773e+01 -4.7190e-02 -4.8844e+00 7.2857e+01 -5.1068e-01 -9.1267e+00 7.9088e-01 -1.0850e-02 2.8294e+00
1.3865e+00 1.4880e+00 3.3536e+00 5.9628e+00 4.1437e-02 -1.9592e+00 9.8091e+00 2.2698e+01 -3.7671e-02 -4.6807e+00 6.9363e+01 -4.6176e-01 -8.7470e+00 7.2999e-01 -1.3262e-02 2.7008e+00
1.4109e+00 1.4207e+00 3.1676e+00 5.5823e+00 4.2038e-02 -1.8602e+00 9.2282e+00 2.1342e+01 -1.2406e-02 -4.4022e+00 6.5495e+01 -3.6346e-01 -8.1762e+00 6.8331e-01 -1.6755e-02 2.5460e+00
1.4355e+00 1.4064e+00 3.0550e+00 5.2640e+00 3.9083e-02 -1.8226e+00 8.8029e+00 2.0243e+01 -2.8764e-02 -4.2236e+00 6.2059e+01 -4.2591e-01 -7.7316e+00 6.4571e-01 -1.5688e-02 2.4678e+00
1.4600e+00 1.2925e+00 2.8797e+00 5.0758e+00 4.4984e-02 -1.6883e+00 8.3797e+00 1.9402e+01 -1.0343e-02 -3.9891e+00 5.9392e+01 -3.8998e-01 -7.4262e+00 6.0779e-01 -2.5070e-02 2.2964e+00
1.4847e+00 1.3127e+00 2.8327e+00 4.8452e+00 3.4277e-02 -1.6931e+00 8.0945e+00 1.8493e+01 -2.5503e-02 -3.9028e+00 5.6419e+01 -3.9733e-01 -7.1123e+00 5.6630e-01 -1.2120e-02 2.2762e+00
1.5093e+00 1.2016e+00 2.6793e+00 4.7212e+00 2.7290e-02 -1.5684e+00 7.7696e+00 1.7928e+01 -4.1074e-02 -3.7054e+00 5.4490e+01 -4.2219e-01 -6.8989e+00 5.3575e-01 -5.5062e-03 2.1263e+00
1.5337e+00 1.1923e+00 2.5920e+00 4.4542e+00 3.5247e-02 -1.5390e+00 7.3960e+00 1.6893e+01 -1.5569e-02 -3.5622e+00 5.1361e+01 -3.5797e-01 -6.5167e+00 5.1150e-01 -1.6164e-02 2.0646e+00
1.5583e+00 1.0780e+00 2.3910e+00 4.1861e+00 2.6449e-02 -1.4028e+00 6.9302e+00 1.6009e+01 -3.6363e-02 -3.3016e+00 4.8822e+01 -3.8623e-01 -6.1382e+00 4.7327e-01 -6.1790e-03 1.8941e+00
1.5829e+00 1.0140e+00 2.2604e+00 3.9581e+00 3.1610e-02 -1.3228e+00 6.5589e+00 1.5165e+01 -1.9730e-02 -3.1230e+00 4.6386e+01 -3.4053e-01 -5.8004e+00 4.4973e-01 -1.4660e-02 1.7884e+00
1.6075e+00 9.7615e-01 2.1652e+00 3.7692e+00 2.4392e-02 -1.2699e+00 6.2635e+00 1.4418e+01 -2.0022e-02 -2.9877e+00 4.3986e+01 -3.1155e-01 -5.5279e+00 4.2372e-01 -8.8520e-03 1.7126e+00
1.6320e+00 9.6623e-01 2.0929e+00 3.5662e+00 2.3997e-02 -1.2465e+00 5.9788e+00 1.3654e+01 -1.9982e-02 -2.8797e+00 4.1592e+01 -2.8532e-01 -5.2523e+00 4.0203e-01 -8.7253e-03 1.6695e+00
1.6564e+00 8.8371e-01 1.9621e+00 3.4227e+00 2.2461e-02 -1.1482e+00 5.7110e+00 1.3207e+01 -1.6912e-02 -2.7096e+00 4.0362e+01 -2.7299e-01 -5.0385e+00 3.8380e-01 -8.2531e-03 1.5468e+00
1.6810e+00 9.0579e-01 1.9491e+00 3.3045e+00 2.0939e-02 -1.1624e+00 5.5318e+00 1.2581e+01 -1.7410e-02 -2.6696e+00 3.8195e+01 -2.7193e-01 -4.8515e+00 3.6416e-01 -7.1340e-03 1.5479e+00
1.7056e+00 8.1471e-01 1.8018e+00 3.1203e+00 1.6801e-02 -1.0574e+00 5.1837e+00 1.1883e+01 -2.1795e-02 -2.4798e+00 3.6130e+01 -2.6072e-01 -4.5758e+00 3.4658e-01 -3.6411e-03 1.4215e+00
1.7301e+00 8.2010e-01 1.7789e+00 3.0387e+00 1.3871e-02 -1.0559e+00 5.0507e+00 1.1509e+01 -2.2174e-02 -2.4378e+00 3.4917e+01 -2.3852e-01 -4.4555e+00 3.2868e-01 -3.2792e-04 1.4091e+00
1.7546e+00 7.4066e-01 1.6378e+00 2.8469e+00 1.5722e-02 -9.6106e-01 4.7227e+00 1.0869e+01 -2.2752e-02 -2.2564e+00 3.3110e+01 -2.5211e-01 -4.1837e+00 3.1641e-01 -2.8804e-03 1.2920e+00
1.7791e+00 6.9782e-01 1.5470e+00 2.6888e+00 1.5722e-02 -9.0628e-01 4.4722e+00 1.0317e+01 -1.9276e-02 -2.1344e+00 3.1566e+01 -2.3187e-01 -3.9647e+00 2.9786e-01 -3.8592e-03 1.2200e+00
1.8038e+00 6.7588e-01 1.4964e+00 2.6041e+00 1.4015e-02 -8.7750e-01 4.3187e+00 9.9386e+00 -2.1943e-02 -2.0638e+00 3.0239e+01 -2.3080e-01 -3.8368e+00 2.8399e-01 -2.3592e-03 1.1805e+00
1.8284e+00 6.7434e-01 1.4587e+00 2.4759e+00 1.2458e-02 -8.6700e-01 4.1589e+00 9.4763e+00 -2.2260e-02 -2.0018e+00 2.8811e+01 -2.2038e-01 -3.6510e+00 2.7024e-01 -1.5529e-03 1.1569e+00
1.8530e+00 6.1952e-01 1.3785e+00 2.4084e+00 1.1331e-02 -8.0467e-01 3.9860e+00 9.1672e+00 -2.2302e-02 -1.9010e+00 2.7777e+01 -2.0727e-01 -3.5444e+00 2.5816e-01 -6.7345e-04 1.0831e+00
1.8775e+00 6.3200e-01 1.3523e+00 2.2796e+00 1.0566e-02 -8.0800e-01 3.8320e+00 8.7086e+00 -2.0521e-02 -1.8487e+00 2.6446e+01 -1.9643e-01 -3.3562e+00 2.4347e-01 -1.1911e-03 1.0724e+00
1.9020e+00 5.7321e-01 1.2665e+00 2.1857e+00 9.3156e-03 -7.4203e-01 3.6406e+00 8.3150e+00 -2.3939e-02 -1.7418e+00 2.5194e+01 -1.9932e-01 -3.2143e+00 2.3549e-01 5.7362e-04 9.9558e-01
1.9265e+00 5.7646e-01 1.2390e+00 2.0885e+00 8.2093e-03 -7.3870e-01 3.5004e+00 7.9207e+00 -2.2536e-02 -1.6942e+00 2.4006e+01 -1.8696e-01 -3.0717e+00 2.2318e-01 1.4395e-03 9.8235e-01
1.9510e+00 5.3110e-01 1.1699e+00 2.0222e+00 7.0392e-03 -6.8660e-01 3.3408e+00 7.6096e+00 -2.4557e-02 -1.6059e+00 2.2975e+01 -1.8622e-01 -2.9659e+00 2.1388e-01 2.3007e-03 9.1992e-01
1.9755e+00 5.0409e-01 1.1140e+00 1.9222e+00 7.3066e-03 -6.5356e-01 3.1873e+00 7.2550e+00 -2.3108e-02 -1.5329e+00 2.1930e+01 -1.7773e-01 -2.8268e+00 2.0296e-01 1.6118e-03 8.7808e-01
2.0000e+00 4.8098e-01 1.0557e+00 1.8141e+00 6.2668e-03 -6.2171e-01 3.0218e+00 6.8888e+00 -2.2349e-02 -1.4518e+00 2.0894e+01 -1.6895e-01 -2.6749e+00 1.9415e-01 2.0619e-03 8.3347e-01
2.0247e+00 4.7994e-01 1.0277e+00 1.7211e+00 5.3480e-03 -6.1397e-01 2.9087e+00 6.5822e+00 -2.5019e-02 -1.4063e+00 2.0034e+01 -1.7312e-01 -2.5441e+00 1.8745e-01 3.4371e-03 8.1618e-01
2.0493e+00 4.4558e-01 9.7798e-01 1.6802e+00 4.8322e-03 -5.7590e-01 2.7996e+00 6.3805e+00 -2.1623e-02 -1.3447e+00 1.9346e+01 -1.5755e-01 -2.4772e+00 1.7813e-01 2.9686e-03 7.7179e-01
2.0738e+00 4.4746e-01 9.5024e-01 1.5847e+00 3.1134e-03 -5.6984e-01 2.6751e+00 6.0318e+00 -2.5079e-02 -1.2966e+00 1.8305e+01 -1.5352e-01 -2.3384e+00 1.7087e-01 4.9461e-03 7.5449e-01
2.0983e+00 4.0646e-01 8.9046e-01 1.5252e+00 3.8221e-03 -5.2446e-01 2.5488e+00 5.7989e+00 -2.3166e-02 -1.2240e+00 1.7582e+01 -1.5474e-01 -2.2506e+00 1.6392e-01 3.7161e-03 7.0240e-01
2.1229e+00 4.0509e-01 8.6460e-01 1.4483e+00 2.1716e-03 -5.1652e-01 2.4437e+00 5.5212e+00 -2.2420e-02 -1.1803e+00 1.6774e+01 -1.3706e-01 -2.1357e+00 1.5590e-01 5.3898e-03 6.8485e-01
2.1475e+00 3.7239e-01 8.1345e-01 1.3868e+00 2.9331e-03 -4.7960e-01 2.3279e+00 5.2823e+00 -2.3220e-02 -1.1172e+00 1.6011e+01 -1.4213e-01 -2.0478e+00 1.4994e-01 4.2896e-03 6.4151e-01
2.1719e+00 3.5567e-01 7.7987e-01 1.3349e+00 2.1097e-03 -4.5822e-01 2.2325e+00 5.0688e+00 -2.3783e-02 -1.0702e+00 1.5356e+01 -1.4181e-01 -1.9665e+00 1.4354e-01 5.0520e-03 6.1298e-01
2.1964e+00 3.4439e-01 7.5075e-01 1.2838e+00 1.7894e-03 -4.4296e-01 2.1454e+00 4.8696e+00 -2.1778e-02 -1.0301e+00 1.4728e+01 -1.2703e-01 -1.8931e+00 1.3743e-01 4.7047e-03 5.9179e-01
2.2211e+00 3.4705e-01 7.3512e-01 1.2208e+00 1.5602e-03 -4.4120e-01 2.0674e+00 4.6368e+00 -1.9807e-02 -1.0021e+00 1.4034e+01 -1.2179e-01 -1.8010e+00 1.3276e-01 4.5735e-03 5.8348e-01
2.2456e+00 3.1612e-01 6.8519e-01 1.1619e+00 2.0869e-03 -4.0567e-01 1.9592e+00 4.4281e+00 -1.8387e-02 -9.3973e-01 1.3384e+01 -1.1484e-01 -1.7152e+00 1.2655e-01 3.8482e-03 5.4118e-01
2.2701e+00 3.2368e-01 6.7650e-01 1.1127e+00 1.9159e-03 -4.0965e-01 1.8898e+00 4.2125e+00 -1.8039e-02 -9.2043e-01 1.2726e+01 -1.0853e-01 -1.6410e+00 1.2126e-01 3.7191e-03 5.3986e-01
2.2947e+00 2.9178e-01 6.2960e-01 1.0654e+00 1.1124e-03 -3.7410e-01 1.7955e+00 4.0518e+00 -2.0158e-02 -8.6401e-01 1.2268e+01 -1.1325e-01 -1.5748e+00 1.1552e-01 4.5719e-03 4.9905e-01
2.3192e+00 2.9222e-01 6.1613e-01 1.0211e+00 1.7263e-03 -3.7095e-01 1.7390e+00 3.8975e+00 -1.7316e-02 -8.4157e-01 1.1806e+01 -1.0441e-01 -1.5116e+00 1.1151e-01 3.5340e-03 4.9069e-01
2.3438e+00 2.6889e-01 5.7896e-01 9.7709e-01 8.4862e-04 -3.4445e-01 1.6550e+00 3.7309e+00 -1.8318e-02 -7.9541e-01 1.1301e+01 -1.0270e-01 -1.4478e+00 1.0717e-01 4.3892e-03 4.5958e-01
2.3682e+00 2.5457e-01 5.4855e-01 9.2823e-01 5.5053e-04 -3.2615e-01 1.5711e+00 3.5445e+00 -1.8340e-02 -7.5399e-01 1.0747e+01 -1.0046e-01 -1.3749e+00 1.0307e-01 4.5607e-03 4.3547e-01
2.3928e+00 2.4624e-01 5.2711e-01 8.8773e-01 -2.2064e-04 -3.1486e-01 1.5065e+00 3.3891e+00 -1.9400e-02 -7.2457e-01 1.0263e+01 -9.7635e-02 -1.3174e+00 9.8367e-02 5.2486e-03 4.1989e-01
2.4174e+00 2.4982e-01 5.1852e-01 8.4480e-01 -2.1761e-04 -3.1543e-01 1.4604e+00 3.2435e+00 -1.8499e-02 -7.0772e-01 9.8239e+00 -9.4971e-02 -1.2544e+00 9.4477e-02 5.0156e-03 4.1580e-01
2.4420e+00 2.2782e-01 4.8444e-01 8.0981e-01 -2.4600e-04 -2.9031e-01 1.3830e+00 3.0932e+00 -1.8695e-02 -6.6490e-01 9.3470e+00 -9.1920e-02 -1.2008e+00 9.0385e-02 5.0323e-03 3.8601e-01
2.4664e+00 2.3540e-01 4.8004e-01 7.7290e-01 -7.0809e-04 -2.9515e-01 1.3411e+00 2.9606e+00 -1.8480e-02 -6.5294e-01 8.9596e+00 -8.5941e-02 -1.1470e+00 8.6691e-02 5.3443e-03 3.8685e-01
2.4910e+00 2.1241e-01 4.4844e-01 7.4596e-01 1.7971e-04 -2.6978e-01 1.2787e+00 2.8476e+00 -1.6669e-02 -6.1495e-01 8.5808e+00 -8.2659e-02 -1.1064e+00 8.3530e-02 4.3141e-03 3.5791e-01
2.5156e+00 2.1386e-01 4.3855e-01 7.0994e-01 -2.5574e-04 -2.6851e-01 1.2325e+00 2.7219e+00 -1.6610e-02 -5.9773e-01 8.2361e+00 -8.1818e-02 -1.0544e+00 8.0511e-02 4.5769e-03 3.5271e-01
2.5401e+00 1.9509e-01 4.0831e-01 6.7322e-01 4.5481e-05 -2.4687e-01 1.1647e+00 2.5850e+00 -1.5402e-02 -5.6003e-01 7.8168e+00 -7.6808e-02 -1.0012e+00 7.8065e-02 4.2185e-03 3.2692e-01
2.5647e+00 1.8676e-01 3.9227e-01 6.5260e-01 4.4489e-05 -2.3685e-01 1.1233e+00 2.5012e+00 -1.5104e-02 -5.3967e-01 7.5623e+00 -7.4939e-02 -9.7242e-01 7.4038e-02 3.9013e-03 3.1450e-01
2.5892e+00 1.8038e-01 3.7484e-01 6.1669e-01 1.0346e-04 -2.2786e-01 1.0710e+00 2.3747e+00 -1.4910e-02 -5.1487e-01 7.1940e+00 -7.2696e-02 -9.1920e-01 7.1715e-02 3.8167e-03 3.0169e-01
2.6138e+00 1.8330e-01 3.6928e-01 5.8892e-01 -1.7939e-05 -2.2870e-01 1.0381e+00 2.2745e+00 -1.4461e-02 -5.0383e-01 6.8926e+00 -7.0155e-02 -8.7966e-01 6.9127e-02 3.6903e-03 2.9944e-01
2.6383e+00 1.6693e-01 3.4407e-01 5.6292e-01 3.4664e-04 -2.0990e-01 9.8631e-01 2.1846e+00 -1.3852e-02 -4.7246e-01 6.6297e+00 -6.6983e-02 -8.4121e-01 6.6646e-02 3.1899e-03 2.7715e-01
2.6628e+00 1.7461e-01 3.4467e-01 5.4139e-01 -3.9529e-04 -2.1629e-01 9.6353e-01 2.0990e+00 -1.5012e-02 -4.6943e-01 6.3574e+00 -6.8052e-02 -8.1088e-01 6.3837e-02 3.9890e-03 2.8164e-01
2.6873e+00 1.5483e-01 3.1687e-01 5.1659e-01 -9.6414e-05 -1.9445e-01 9.0976e-01 2.0094e+00 -1.3437e-02 -4.3579e-01 6.0966e+00 -6.3577e-02 -7.7363e-01 6.1558e-02 3.5894e-03 2.5666e-01
2.7119e+00 1.5859e-01 3.1414e-01 4.9662e-01 -1.9703e-04 -1.9656e-01 8.8367e-01 1.9246e+00 -1.3309e-02 -4.2855e-01 5.8284e+00 -6.1973e-02 -7.4343e-01 5.9165e-02 3.4993e-03 2.5633e-01
2.7364e+00 1.4399e-01 2.9154e-01 4.7111e-01 -9.2637e-05 -1.8006e-01 8.3734e-01 1.8389e+00 -1.2642e-02 -4.0113e-01 5.5768e+00 -6.0240e-02 -7.0748e-01 5.7755e-02 3.3780e-03 2.3712e-01
2.7610e+00 1.3820e-01 2.8036e-01 4.5778e-01 4.9410e-04 -1.7289e-01 8.0425e-01 1.7702e+00 -1.1521e-02 -3.8583e-01 5.3667e+00 -5.6962e-02 -6.8548e-01 5.5606e-02 2.5590e-03 2.2786e-01
2.7856e+00 1.3329e-01 2.6775e-01 4.3216e-01 3.2606e-04 -1.6604e-01 7.6841e-01 1.6855e+00 -1.1539e-02 -3.6817e-01 5.1249e+00 -5.5757e-02 -6.4868e-01 5.3846e-02 2.7335e-03 2.1821e-01
2.8101e+00 1.3633e-01 2.6498e-01 4.1408e-01 -2.3349e-04 -1.6766e-01 7.4623e-01 1.6145e+00 -1.2032e-02 -3.6146e-01 4.8976e+00 -5.4564e-02 -6.2182e-01 5.2046e-02 3.2554e-03 2.1776e-01
2.8347e+00 1.2437e-01 2.4834e-01 4.0103e-01 -2.6475e-04 -1.5448e-01 7.1649e-01 1.5704e+00 -1.2374e-02 -3.4214e-01 4.7694e+00 -5.4407e-02 -6.0433e-01 5.0705e-02 3.3396e-03 2.0289e-01
2.8592e+00 1.3084e-01 2.4963e-01 3.8436e-01 2.8175e-05 -1.5985e-01 7.0095e-01 1.5087e+00 -1.1639e-02 -3.4014e-01 4.5893e+00 -5.2006e-02 -5.7922e-01 4.8394e-02 2.8936e-03 2.0647e-01
2.8838e+00 1.1626e-01 2.2985e-01 3.6858e-01 1.5386e-04 -1.4383e-01 6.6441e-01 1.4477e+00 -1.1596e-02 -3.1674e-01 4.3935e+00 -5.2113e-02 -5.5556e-01 4.7198e-02 2.7507e-03 1.8847e-01
2.9083e+00 1.2005e-01 2.2840e-01 3.5286e-01 2.2864e-04 -1.4638e-01 6.4568e-01 1.3889e+00 -1.0962e-02 -3.1179e-01 4.2233e+00 -4.9447e-02 -5.3240e-01 4.5186e-02 2.4936e-03 1.8911e-01
2.9328e+00 1.0956e-01 2.1404e-01 3.4091e-01 -5.4066e-06 -1.3487e-01 6.1779e-01 1.3400e+00 -1.1480e-02 -2.9480e-01 4.0654e+00 -4.9670e-02 -5.1423e-01 4.3929e-02 2.7114e-03 1.7612e-01
2.9574e+00 1.0371e-01 2.0437e-01 3.2833e-01 2.7630e-04 -1.2794e-01 5.9348e-01 1.2897e+00 -1.0610e-02 -2.8195e-01 3.9163e+00 -4.7628e-02 -4.9512e-01 4.2621e-02 2.3311e-03 1.6755e-01
2.9819e+00 1.0235e-01 1.9894e-01 3.1690e-01 3.6469e-04 -1.2562e-01 5.7635e-01 1.2482e+00 -1.0168e-02 -2.7433e-01 3.7863e+00 -4.6133e-02 -4.7917e-01 4.1307e-02 2.2011e-03 1.6390e-01
3.0064e+00 1.0625e-01 1.9909e-01 3.0412e-01 -3.4236e-05 -1.2866e-01 5.6266e-01 1.1993e+00 -1.0791e-02 -2.7153e-01 3.6409e+00 -4.6122e-02 -4.5950e-01 4.0435e-02 2.6591e-03 1.6554e-01
3.0310e+00 9.6493e-02 1.8496e-01 2.9270e-01 1.7030e-04 -1.1789e-01 5.3547e-01 1.1540e+00 -1.0017e-02 -2.5488e-01 3.4995e+00 -4.2920e-02 -4.4259e-01 3.9215e-02 2.3908e-03 1.5336e-01
3.0556e+00 1.0254e-01 1.8799e-01 2.8259e-01 8.3609e-05 -1.2333e-01 5.2845e-01 1.1195e+00 -1.0441e-02 -2.5600e-01 3.4017e+00 -4.3547e-02 -4.2843e-01 3.8251e-02 2.4834e-03 1.5779e-01
3.0802e+00 9.0531e-02 1.7215e-01 2.7151e-01 5.7209e-04 -1.1026e-01 4.9993e-01 1.0743e+00 -9.3327e-03 -2.3744e-01 3.2645e+00 -4.0521e-02 -4.1157e-01 3.7276e-02 1.8821e-03 1.4321e-01
3.1047e+00 9.3845e-02 1.7191e-01 2.5996e-01 4.4244e-04 -1.1270e-01 4.8825e-01 1.0357e+00 -9.4878e-03 -2.3491e-01 3.1609e+00 -4.0997e-02 -3.9566e-01 3.6248e-02 1.9787e-03 1.4438e-01
3.1291e+00 8.5341e-02 1.6064e-01 2.5144e-01 5.0102e-04 -1.0356e-01 4.6617e-01 9.9709e-01 -8.3413e-03 -2.2147e-01 3.0364e+00 -3.7108e-02 -3.8150e-01 3.5575e-02 1.7194e-03 1.3422e-01
