# k / 1, b1, b2, bg, bk
0.0000e+00 0.0000e+00 0.0000e+00 0.0000e+00 0.0000e+00 0.0000e+00 0.0000e+00 0.0000e+00 0.0000e+00 0.0000e+00 0.0000e+00 0.0000e+00 0.0000e+00 0.0000e+00 0.0000e+00 0.0000e+00
8.6911e-03 3.6679e+03 1.2663e+04 1.8051e+04 -1.0799e+02 -3.7474e+03 4.3719e+04 6.2337e+04 -3.6545e+02 -1.2937e+04 9.6765e+04 4.5974e+03 -1.8440e+04 3.3454e+03 1.1179e+02 3.8285e+03
1.5033e-02 4.3693e+03 1.5070e+04 2.0364e+04 -7.4385e+02 -4.4659e+03 5.1982e+04 7.0295e+04 -2.5466e+03 -1.5403e+04 1.0483e+05 2.6878e+03 -2.0814e+04 4.0757e+03 7.6097e+02 4.5646e+03
2.1045e-02 4.1991e+03 1.4466e+04 2.0341e+04 2.0223e+01 -4.2932e+03 4.9843e+04 7.0176e+04 9.9224e+01 -1.4791e+04 1.0750e+05 5.2971e+03 -2.0797e+04 3.2446e+03 -2.0022e+01 4.3895e+03
2.7184e-02 3.7514e+03 1.2943e+04 1.8364e+04 -3.0597e+00 -3.8370e+03 4.4665e+04 6.3515e+04 3.2586e+01 -1.3239e+04 1.0037e+05 5.7219e+03 -1.8786e+04 3.5078e+03 2.4204e+00 3.9247e+03
3.3593e-02 3.2107e+03 1.1098e+04 1.6115e+04 1.5953e+02 -3.2904e+03 3.8372e+04 5.5840e+04 5.7936e+02 -1.1374e+04 8.9267e+04 5.2243e+03 -1.6516e+04 2.7449e+03 -1.6319e+02 3.3722e+03
3.9678e-02 2.7151e+03 9.3904e+03 1.3635e+04 1.4246e+02 -2.7837e+03 3.2489e+04 4.7376e+04 5.4252e+02 -9.6277e+03 7.7925e+04 5.1318e+03 -1.3980e+04 2.5497e+03 -1.4607e+02 2.8540e+03
4.5731e-02 2.3618e+03 8.1759e+03 1.1524e+04 -9.3337e+01 -2.4256e+03 2.8318e+04 4.0129e+04 -2.8517e+02 -8.3972e+03 6.5584e+04 3.7704e+03 -1.1836e+04 2.5390e+03 9.7049e+01 2.4913e+03
5.1869e-02 2.1055e+03 7.3080e+03 1.0588e+04 2.7272e+01 -2.1659e+03 2.5383e+04 3.6992e+04 1.2500e+02 -7.5183e+03 6.2577e+04 4.2141e+03 -1.0890e+04 2.4834e+03 -2.6171e+01 2.2283e+03
5.8080e-02 1.9761e+03 6.8617e+03 1.0008e+04 2.5697e+01 -2.0342e+03 2.3846e+04 3.5038e+04 1.2751e+02 -7.0638e+03 5.9802e+04 3.7010e+03 -1.0302e+04 2.0929e+03 -2.5372e+01 2.0941e+03
6.4221e-02 1.8018e+03 6.2541e+03 8.8631e+03 -4.6747e+01 -1.8593e+03 2.1729e+04 3.1051e+04 -1.3411e+02 -6.4541e+03 5.1861e+04 2.7990e+03 -9.1454e+03 1.8569e+03 4.9692e+01 1.9188e+03
7.0292e-02 1.7054e+03 5.9228e+03 8.4358e+03 -5.9738e+01 -1.7620e+03 2.0595e+04 2.9642e+04 -1.7018e+02 -6.1199e+03 5.1047e+04 2.9900e+03 -8.7182e+03 1.9859e+03 6.1889e+01 1.8206e+03
7.6570e-02 1.5268e+03 5.3182e+03 7.7269e+03 -2.6949e+01 -1.5805e+03 1.8550e+04 2.7257e+04 -6.0965e+01 -5.5057e+03 4.8151e+04 2.8379e+03 -7.9966e+03 1.7581e+03 3.0015e+01 1.6362e+03
8.2833e-02 1.3647e+03 4.7577e+03 6.8803e+03 -3.6054e+01 -1.4165e+03 1.6614e+04 2.4342e+04 -1.0177e+02 -4.9391e+03 4.3725e+04 2.6293e+03 -7.1407e+03 1.7314e+03 3.9739e+01 1.4706e+03
8.8863e-02 1.1836e+03 4.1360e+03 6.0587e+03 -1.8005e+01 -1.2315e+03 1.4482e+04 2.1530e+04 -4.4514e+01 -4.3043e+03 3.9877e+04 2.5836e+03 -6.3022e+03 1.6826e+03 2.1602e+01 1.2816e+03
9.4935e-02 1.0458e+03 3.6542e+03 5.2785e+03 -4.5366e+01 -1.0911e+03 1.2798e+04 1.8792e+04 -1.4589e+02 -3.8133e+03 3.5096e+04 2.1674e+03 -5.5039e+03 1.5281e+03 5.0182e+01 1.1387e+03
1.0105e-01 9.4385e+02 3.3116e+03 4.9352e+03 -3.7835e+01 -9.8718e+02 1.1649e+04 1.7668e+04 -1.1860e+02 -3.4643e+03 3.4219e+04 2.1718e+03 -5.1585e+03 1.5095e+03 4.2496e+01 1.0327e+03
1.0719e-01 8.5634e+02 3.0039e+03 4.3921e+03 -5.2768e+01 -8.9837e+02 1.0568e+04 1.5762e+04 -1.7751e+02 -3.1519e+03 3.0601e+04 1.8196e+03 -4.6024e+03 1.3850e+03 5.8844e+01 9.4268e+02
1.1336e-01 7.9794e+02 2.8061e+03 4.1595e+03 -4.1783e+01 -8.3954e+02 9.9000e+03 1.4982e+04 -1.4007e+02 -2.9531e+03 2.9577e+04 1.7550e+03 -4.3711e+03 1.2787e+03 4.8016e+01 8.8355e+02
1.1952e-01 7.5509e+02 2.6574e+03 3.9358e+03 -4.1543e+01 -7.9701e+02 9.3857e+03 1.4228e+04 -1.3733e+02 -2.8056e+03 2.8511e+04 1.6745e+03 -4.1488e+03 1.2681e+03 4.7321e+01 8.4150e+02
1.2567e-01 7.2958e+02 2.5756e+03 3.8593e+03 -4.2771e+01 -7.7311e+02 9.1266e+03 1.3989e+04 -1.5102e+02 -2.7300e+03 2.8160e+04 1.5761e+03 -4.0846e+03 1.2285e+03 4.9382e+01 8.1950e+02
1.3179e-01 6.9076e+02 2.4459e+03 3.7747e+03 -1.6754e+01 -7.3407e+02 8.6942e+03 1.3716e+04 -6.0837e+01 -2.6001e+03 2.8209e+04 1.6234e+03 -4.0039e+03 1.1767e+03 2.2385e+01 7.8039e+02
1.3789e-01 6.3501e+02 2.2503e+03 3.4061e+03 -4.7665e+01 -6.7746e+02 8.0099e+03 1.2436e+04 -1.7237e+02 -2.4016e+03 2.5826e+04 1.3397e+03 -3.6264e+03 1.1174e+03 5.5664e+01 7.2307e+02
1.4406e-01 5.9684e+02 2.1188e+03 3.2792e+03 -3.0519e+01 -6.3891e+02 7.5565e+03 1.2006e+04 -1.1019e+02 -2.2689e+03 2.5565e+04 1.3809e+03 -3.5011e+03 1.0768e+03 3.7887e+01 6.8428e+02
1.5018e-01 5.3646e+02 1.9064e+03 2.9330e+03 -2.7996e+01 -5.7665e+02 6.8106e+03 1.0780e+04 -1.0590e+02 -2.0500e+03 2.3310e+04 1.3249e+03 -3.1419e+03 1.0640e+03 3.5877e+01 6.2020e+02
1.5634e-01 4.9335e+02 1.7569e+03 2.7145e+03 -4.0896e+01 -5.3256e+02 6.2929e+03 1.0027e+04 -1.5281e+02 -1.8974e+03 2.2189e+04 1.1643e+03 -2.9202e+03 1.0034e+03 4.9827e+01 5.7526e+02
1.6254e-01 4.5245e+02 1.6167e+03 2.5299e+03 -4.2597e+01 -4.9033e+02 5.8127e+03 9.3953e+03 -1.6039e+02 -1.7528e+03 2.1167e+04 1.0399e+03 -2.7299e+03 9.3534e+02 5.2291e+01 5.3177e+02
1.6869e-01 4.3202e+02 1.5461e+03 2.4330e+03 -4.9298e+01 -4.7025e+02 5.5695e+03 9.0609e+03 -1.8533e+02 -1.6837e+03 2.0678e+04 1.0006e+03 -2.6351e+03 9.3864e+02 6.0394e+01 5.1229e+02
1.7480e-01 4.0456e+02 1.4491e+03 2.2972e+03 -3.6706e+01 -4.4218e+02 5.2285e+03 8.5799e+03 -1.4407e+02 -1.5848e+03 1.9924e+04 9.9317e+02 -2.4959e+03 8.9799e+02 4.7172e+01 4.8376e+02
1.8091e-01 3.8280e+02 1.3728e+03 2.1492e+03 -4.7467e+01 -4.2053e+02 4.9597e+03 8.0435e+03 -1.8264e+02 -1.5090e+03 1.8681e+04 8.7027e+02 -2.3455e+03 8.5943e+02 5.9585e+01 4.6246e+02
1.8701e-01 3.6897e+02 1.3266e+03 2.1168e+03 -3.2129e+01 -4.0691e+02 4.8062e+03 7.9442e+03 -1.2784e+02 -1.4639e+03 1.8676e+04 9.0873e+02 -2.3176e+03 8.1858e+02 4.2780e+01 4.4928e+02
1.9316e-01 3.5781e+02 1.2898e+03 2.0725e+03 -4.1263e+01 -3.9661e+02 4.6861e+03 7.8025e+03 -1.6485e+02 -1.4305e+03 1.8427e+04 7.7827e+02 -2.2798e+03 8.1008e+02 5.3226e+01 4.4017e+02
1.9933e-01 3.3318e+02 1.2024e+03 1.9325e+03 -3.6326e+01 -3.7109e+02 4.3762e+03 7.3049e+03 -1.4506e+02 -1.3402e+03 1.7580e+04 7.8821e+02 -2.1337e+03 7.7622e+02 4.8344e+01 4.1392e+02
2.0548e-01 3.1233e+02 1.1301e+03 1.8551e+03 -2.5970e+01 -3.4953e+02 4.1265e+03 7.0407e+03 -1.1223e+02 -1.2657e+03 1.7285e+04 7.6951e+02 -2.0567e+03 7.5378e+02 3.7496e+01 3.9181e+02
2.1163e-01 2.9600e+02 1.0725e+03 1.7488e+03 -3.4206e+01 -3.3313e+02 3.9233e+03 6.6540e+03 -1.4143e+02 -1.2081e+03 1.6396e+04 7.0629e+02 -1.9471e+03 7.3134e+02 4.7088e+01 3.7563e+02
2.1776e-01 2.7917e+02 1.0144e+03 1.6790e+03 -3.6878e+01 -3.1575e+02 3.7224e+03 6.4121e+03 -1.5176e+02 -1.1483e+03 1.6021e+04 6.3895e+02 -1.8773e+03 7.0528e+02 5.0499e+01 3.5785e+02
2.2390e-01 2.5625e+02 9.3204e+02 1.5519e+03 -2.8636e+01 -2.9123e+02 3.4258e+03 5.9443e+03 -1.2195e+02 -1.0604e+03 1.5120e+04 6.4637e+02 -1.7419e+03 6.7897e+02 4.1527e+01 3.3179e+02
2.3001e-01 2.4964e+02 9.1092e+02 1.5424e+03 -2.6430e+01 -2.8517e+02 3.3603e+03 5.9256e+03 -1.1630e+02 -1.0418e+03 1.5180e+04 6.2247e+02 -1.7384e+03 6.5874e+02 3.9602e+01 3.2664e+02
2.3615e-01 2.3695e+02 8.6632e+02 1.4676e+03 -3.2450e+01 -2.7218e+02 3.2042e+03 5.6672e+03 -1.3845e+02 -9.9633e+02 1.4770e+04 5.5946e+02 -1.6610e+03 6.4217e+02 4.6882e+01 3.1357e+02
2.4229e-01 2.2232e+02 8.1404e+02 1.3781e+03 -2.7436e+01 -2.5680e+02 3.0174e+03 5.3416e+03 -1.2125e+02 -9.4157e+02 1.4066e+04 5.4402e+02 -1.5660e+03 6.2254e+02 4.1571e+01 2.9763e+02
2.4841e-01 2.1792e+02 8.0087e+02 1.3723e+03 -3.2427e+01 -2.5321e+02 2.9804e+03 5.3320e+03 -1.4146e+02 -9.3194e+02 1.4015e+04 4.7307e+02 -1.5686e+03 6.1059e+02 4.7568e+01 2.9525e+02
2.5454e-01 2.1018e+02 7.7285e+02 1.3336e+03 -3.0111e+01 -2.4537e+02 2.8777e+03 5.1784e+03 -1.3262e+02 -9.0379e+02 1.3695e+04 4.8436e+02 -1.5294e+03 5.9225e+02 4.5660e+01 2.8762e+02
2.6069e-01 1.9885e+02 7.3294e+02 1.2723e+03 -2.7278e+01 -2.3362e+02 2.7374e+03 4.9713e+03 -1.1944e+02 -8.6243e+02 1.3428e+04 4.8693e+02 -1.4651e+03 5.7676e+02 4.2468e+01 2.7569e+02
2.6686e-01 1.8891e+02 6.9812e+02 1.2155e+03 -2.7139e+01 -2.2325e+02 2.6160e+03 4.7668e+03 -1.2208e+02 -8.2648e+02 1.2939e+04 4.2739e+02 -1.4066e+03 5.5276e+02 4.2890e+01 2.6513e+02
2.7300e-01 1.8007e+02 6.6644e+02 1.1717e+03 -2.3851e+01 -2.1394e+02 2.5027e+03 4.6053e+03 -1.1050e+02 -7.9347e+02 1.2584e+04 4.0918e+02 -1.3625e+03 5.3405e+02 3.9120e+01 2.5558e+02
2.7914e-01 1.7456e+02 6.4749e+02 1.1523e+03 -2.4582e+01 -2.0872e+02 2.4374e+03 4.5348e+03 -1.1540e+02 -7.7589e+02 1.2411e+04 3.7605e+02 -1.3476e+03 5.2456e+02 4.0429e+01 2.5101e+02
2.8524e-01 1.6743e+02 6.2217e+02 1.1114e+03 -2.6109e+01 -2.0125e+02 2.3473e+03 4.3863e+03 -1.2017e+02 -7.4965e+02 1.2089e+04 3.5333e+02 -1.3049e+03 5.0971e+02 4.2803e+01 2.4347e+02
2.9135e-01 1.5767e+02 5.8676e+02 1.0618e+03 -1.8774e+01 -1.9044e+02 2.2185e+03 4.2027e+03 -9.3026e+01 -7.1046e+02 1.1826e+04 3.9442e+02 -1.2493e+03 5.0168e+02 3.4315e+01 2.3166e+02
2.9751e-01 1.5066e+02 5.6230e+02 1.0229e+03 -2.1418e+01 -1.8317e+02 2.1340e+03 4.0674e+03 -1.0422e+02 -6.8554e+02 1.1563e+04 3.4857e+02 -1.2095e+03 4.9259e+02 3.8016e+01 2.2447e+02
3.0365e-01 1.4476e+02 5.4141e+02 9.8910e+02 -2.2370e+01 -1.7723e+02 2.0606e+03 3.9471e+03 -1.0867e+02 -6.6495e+02 1.1284e+04 3.1807e+02 -1.1768e+03 4.7431e+02 3.9964e+01 2.1887e+02
3.0979e-01 1.4008e+02 5.2551e+02 9.6635e+02 -2.2240e+01 -1.7262e+02 2.0071e+03 3.8704e+03 -1.0722e+02 -6.4975e+02 1.1124e+04 3.1155e+02 -1.1554e+03 4.5965e+02 4.0042e+01 2.1473e+02
3.1595e-01 1.3402e+02 5.0360e+02 9.2702e+02 -2.2340e+01 -1.6614e+02 1.9276e+03 3.7206e+03 -1.0869e+02 -6.2658e+02 1.0718e+04 2.8103e+02 -1.1141e+03 4.5464e+02 4.0463e+01 2.0806e+02
3.2211e-01 1.2949e+02 4.8810e+02 9.0670e+02 -2.2710e+01 -1.6172e+02 1.8747e+03 3.6514e+03 -1.1092e+02 -6.1186e+02 1.0568e+04 2.3979e+02 -1.0962e+03 4.3568e+02 4.1093e+01 2.0419e+02
3.2826e-01 1.2397e+02 4.6791e+02 8.7324e+02 -2.0349e+01 -1.5558e+02 1.8004e+03 3.5193e+03 -1.0330e+02 -5.8965e+02 1.0288e+04 2.5205e+02 -1.0578e+03 4.2830e+02 3.8790e+01 1.9762e+02
3.3435e-01 1.1858e+02 4.4907e+02 8.5028e+02 -1.8659e+01 -1.4973e+02 1.7351e+03 3.4447e+03 -9.5047e+01 -5.6957e+02 1.0222e+04 2.5164e+02 -1.0349e+03 4.1190e+02 3.6825e+01 1.9155e+02
3.4048e-01 1.1428e+02 4.3354e+02 8.2230e+02 -1.9606e+01 -1.4521e+02 1.6792e+03 3.3420e+03 -9.9822e+01 -5.5351e+02 9.9418e+03 2.2315e+02 -1.0062e+03 4.0175e+02 3.8511e+01 1.8710e+02
3.4663e-01 1.1073e+02 4.2095e+02 8.0706e+02 -1.8930e+01 -1.4165e+02 1.6347e+03 3.2894e+03 -9.6777e+01 -5.4125e+02 9.9200e+03 2.2544e+02 -9.9209e+02 3.9286e+02 3.8111e+01 1.8396e+02
3.5273e-01 1.0510e+02 4.0096e+02 7.7658e+02 -1.8102e+01 -1.3535e+02 1.5633e+03 3.1704e+03 -9.4024e+01 -5.1923e+02 9.5580e+03 2.1467e+02 -9.5937e+02 3.8696e+02 3.7417e+01 1.7720e+02
3.5887e-01 1.0213e+02 3.8990e+02 7.5531e+02 -1.9043e+01 -1.3239e+02 1.5224e+03 3.0955e+03 -9.8003e+01 -5.0836e+02 9.4078e+03 1.8637e+02 -9.3802e+02 3.7686e+02 3.8752e+01 1.7463e+02
3.6501e-01 9.7907e+01 3.7410e+02 7.2916e+02 -1.6104e+01 -1.2750e+02 1.4629e+03 2.9896e+03 -8.7473e+01 -4.9028e+02 9.1374e+03 1.9344e+02 -9.0763e+02 3.6932e+02 3.5422e+01 1.6924e+02
3.7117e-01 9.6576e+01 3.7059e+02 7.2783e+02 -1.7995e+01 -1.2684e+02 1.4549e+03 2.9899e+03 -9.4838e+01 -4.8998e+02 9.1012e+03 1.7277e+02 -9.1405e+02 3.6120e+02 3.8135e+01 1.6993e+02
3.7731e-01 9.2103e+01 3.5433e+02 7.0463e+02 -1.6166e+01 -1.2169e+02 1.3966e+03 2.9071e+03 -8.8350e+01 -4.7162e+02 8.9341e+03 1.7150e+02 -8.8903e+02 3.5606e+02 3.6275e+01 1.6428e+02
3.8342e-01 8.7511e+01 3.3753e+02 6.7736e+02 -1.5988e+01 -1.1631e+02 1.3350e+03 2.8057e+03 -8.7272e+01 -4.5215e+02 8.7540e+03 1.5603e+02 -8.5733e+02 3.4273e+02 3.6100e+01 1.5826e+02
3.8958e-01 8.4386e+01 3.2643e+02 6.5594e+02 -1.4902e+01 -1.1304e+02 1.2954e+03 2.7268e+03 -8.3803e+01 -4.4087e+02 8.5587e+03 1.5480e+02 -8.3431e+02 3.3899e+02 3.5278e+01 1.5528e+02
3.9572e-01 8.2895e+01 3.2091e+02 6.4727e+02 -1.5993e+01 -1.1168e+02 1.2748e+03 2.6914e+03 -8.7909e+01 -4.3607e+02 8.4419e+03 1.3915e+02 -8.2697e+02 3.2846e+02 3.6973e+01 1.5450e+02
4.0186e-01 7.9836e+01 3.0997e+02 6.3260e+02 -1.4757e+01 -1.0817e+02 1.2354e+03 2.6355e+03 -8.3054e+01 -4.2383e+02 8.3179e+03 1.3472e+02 -8.1169e+02 3.2098e+02 3.5402e+01 1.5076e+02
4.0800e-01 7.7470e+01 3.0179e+02 6.2108e+02 -1.5186e+01 -1.0583e+02 1.2076e+03 2.5951e+03 -8.4695e+01 -4.1628e+02 8.2269e+03 1.2495e+02 -8.0208e+02 3.1509e+02 3.6539e+01 1.4897e+02
4.1411e-01 7.3630e+01 2.8709e+02 5.9081e+02 -1.3902e+01 -1.0117e+02 1.1514e+03 2.4805e+03 -7.9547e+01 -3.9859e+02 7.9735e+03 1.2261e+02 -7.6461e+02 3.0747e+02 3.4836e+01 1.4361e+02
4.2026e-01 7.1967e+01 2.8126e+02 5.8256e+02 -1.3832e+01 -9.9490e+01 1.1310e+03 2.4488e+03 -8.0024e+01 -3.9313e+02 7.8349e+03 1.0538e+02 -7.5968e+02 3.0074e+02 3.4831e+01 1.4225e+02
4.2641e-01 6.9089e+01 2.7093e+02 5.6778e+02 -1.3937e+01 -9.6160e+01 1.0941e+03 2.3949e+03 -8.0049e+01 -3.8156e+02 7.7094e+03 9.6393e+01 -7.4404e+02 2.9264e+02 3.5456e+01 1.3879e+02
4.3253e-01 6.5480e+01 2.5733e+02 5.4124e+02 -1.3230e+01 -9.1718e+01 1.0426e+03 2.2911e+03 -7.7598e+01 -3.6510e+02 7.4860e+03 9.7791e+01 -7.1065e+02 2.8745e+02 3.5101e+01 1.3365e+02
4.3864e-01 6.4849e+01 2.5526e+02 5.3781e+02 -1.3369e+01 -9.1540e+01 1.0358e+03 2.2777e+03 -7.8404e+01 -3.6515e+02 7.4043e+03 8.2584e+01 -7.1178e+02 2.7991e+02 3.5326e+01 1.3461e+02
4.4477e-01 6.2602e+01 2.4677e+02 5.2553e+02 -1.1703e+01 -8.8820e+01 1.0035e+03 2.2281e+03 -7.1584e+01 -3.5506e+02 7.2961e+03 9.4245e+01 -6.9743e+02 2.7559e+02 3.3279e+01 1.3160e+02
4.5094e-01 6.0539e+01 2.3962e+02 5.1206e+02 -1.2579e+01 -8.6692e+01 9.7927e+02 2.1820e+03 -7.5272e+01 -3.4833e+02 7.1570e+03 7.1192e+01 -6.8617e+02 2.6926e+02 3.4683e+01 1.2994e+02
4.5710e-01 5.8503e+01 2.3197e+02 4.9859e+02 -1.3067e+01 -8.4311e+01 9.5024e+02 2.1297e+03 -7.7459e+01 -3.3956e+02 7.0457e+03 5.8258e+01 -6.6984e+02 2.6271e+02 3.5752e+01 1.2753e+02
4.6324e-01 5.7233e+01 2.2751e+02 4.9405e+02 -1.2297e+01 -8.2931e+01 9.3484e+02 2.1128e+03 -7.4258e+01 -3.3513e+02 7.0069e+03 6.2086e+01 -6.6665e+02 2.5745e+02 3.4930e+01 1.2644e+02
4.6938e-01 5.5124e+01 2.1979e+02 4.8006e+02 -1.1246e+01 -8.0446e+01 9.0688e+02 2.0608e+03 -7.0801e+01 -3.2652e+02 6.8512e+03 5.5308e+01 -6.5272e+02 2.5375e+02 3.3710e+01 1.2391e+02
4.7550e-01 5.3581e+01 2.1397e+02 4.6958e+02 -1.1347e+01 -7.8685e+01 8.8472e+02 2.0198e+03 -7.0982e+01 -3.2012e+02 6.7452e+03 4.8442e+01 -6.4145e+02 2.4645e+02 3.4072e+01 1.2227e+02
4.8161e-01 5.1786e+01 2.0735e+02 4.5815e+02 -1.1034e+01 -7.6549e+01 8.6012e+02 1.9762e+03 -6.9554e+01 -3.1246e+02 6.6277e+03 4.4865e+01 -6.2887e+02 2.4052e+02 3.3707e+01 1.2007e+02
4.8774e-01 4.9852e+01 2.0028e+02 4.4316e+02 -1.1451e+01 -7.4331e+01 8.3417e+02 1.9169e+03 -7.1298e+01 -3.0482e+02 6.4480e+03 3.5970e+01 -6.1213e+02 2.3700e+02 3.4488e+01 1.1802e+02
4.9386e-01 4.8708e+01 1.9585e+02 4.3789e+02 -1.0554e+01 -7.2934e+01 8.1695e+02 1.8963e+03 -6.7643e+01 -2.9963e+02 6.4177e+03 3.7115e+01 -6.0737e+02 2.3061e+02 3.3575e+01 1.1662e+02
5.0000e-01 4.6580e+01 1.8787e+02 4.2162e+02 -1.0933e+01 -7.0310e+01 7.8692e+02 1.8328e+03 -6.8833e+01 -2.9008e+02 6.2584e+03 2.9598e+01 -5.8710e+02 2.2712e+02 3.4148e+01 1.1381e+02
5.0617e-01 4.5574e+01 1.8417e+02 4.1584e+02 -1.0229e+01 -6.9256e+01 7.7315e+02 1.8099e+03 -6.5723e+01 -2.8653e+02 6.1970e+03 3.2012e+01 -5.8198e+02 2.2222e+02 3.3552e+01 1.1320e+02
5.1232e-01 4.3492e+01 1.7588e+02 3.9935e+02 -8.9887e+00 -6.6324e+01 7.4021e+02 1.7426e+03 -6.1085e+01 -2.7519e+02 5.9986e+03 3.2004e+01 -5.6080e+02 2.1821e+02 3.1656e+01 1.0937e+02
5.1844e-01 4.2669e+01 1.7318e+02 3.9616e+02 -9.2223e+00 -6.5589e+01 7.3160e+02 1.7328e+03 -6.1856e+01 -2.7332e+02 5.9674e+03 2.4304e+01 -5.6046e+02 2.1187e+02 3.2156e+01 1.0927e+02
5.2458e-01 4.1530e+01 1.6878e+02 3.8652e+02 -8.9354e+00 -6.4210e+01 7.1442e+02 1.6929e+03 -6.0645e+01 -2.6824e+02 5.8323e+03 2.1622e+01 -5.4877e+02 2.0991e+02 3.2096e+01 1.0805e+02
5.3073e-01 4.0216e+01 1.6408e+02 3.7938e+02 -8.8543e+00 -6.2694e+01 6.9790e+02 1.6675e+03 -6.0309e+01 -2.6334e+02 5.7778e+03 1.8232e+01 -5.4215e+02 2.0459e+02 3.2288e+01 1.0684e+02
5.3687e-01 3.9121e+01 1.5978e+02 3.7124e+02 -8.2775e+00 -6.1339e+01 6.8104e+02 1.6349e+03 -5.8034e+01 -2.5832e+02 5.7045e+03 1.9966e+01 -5.3375e+02 2.0145e+02 3.1527e+01 1.0547e+02
5.4296e-01 3.7896e+01 1.5524e+02 3.6146e+02 -8.5366e+00 -5.9870e+01 6.6413e+02 1.5966e+03 -5.8646e+01 -2.5313e+02 5.5774e+03 1.0298e+01 -5.2244e+02 1.9576e+02 3.1683e+01 1.0413e+02
5.4911e-01 3.6846e+01 1.5135e+02 3.5630e+02 -7.9986e+00 -5.8553e+01 6.4967e+02 1.5779e+03 -5.6824e+01 -2.4857e+02 5.5293e+03 7.3003e+00 -5.1809e+02 1.9267e+02 3.1252e+01 1.0288e+02
5.5528e-01 3.5459e+01 1.4577e+02 3.4345e+02 -7.7435e+00 -5.6634e+01 6.2722e+02 1.5242e+03 -5.5542e+01 -2.4115e+02 5.3808e+03 6.7880e+00 -5.0019e+02 1.8802e+02 3.0965e+01 1.0065e+02
5.6141e-01 3.4567e+01 1.4261e+02 3.3893e+02 -7.6616e+00 -5.5637e+01 6.1612e+02 1.5097e+03 -5.5212e+01 -2.3799e+02 5.3505e+03 3.7913e+00 -4.9724e+02 1.8374e+02 3.1090e+01 9.9992e+01
5.6754e-01 3.3326e+01 1.3764e+02 3.2842e+02 -7.2930e+00 -5.3902e+01 5.9621e+02 1.4654e+03 -5.3384e+01 -2.3131e+02 5.2253e+03 3.7377e+00 -4.8340e+02 1.8054e+02 3.0534e+01 9.7889e+01
5.7367e-01 3.2381e+01 1.3424e+02 3.2313e+02 -6.8340e+00 -5.2743e+01 5.8409e+02 1.4469e+03 -5.1628e+01 -2.2750e+02 5.1746e+03 1.2255e+00 -4.7884e+02 1.7786e+02 2.9781e+01 9.6880e+01
5.7981e-01 3.1679e+01 1.3155e+02 3.1666e+02 -7.1484e+00 -5.2010e+01 5.7384e+02 1.4201e+03 -5.3010e+01 -2.2518e+02 5.0727e+03 -7.1812e+00 -4.7308e+02 1.7378e+02 3.0673e+01 9.6749e+01
5.8594e-01 3.0746e+01 1.2796e+02 3.1019e+02 -7.1776e+00 -5.0713e+01 5.6000e+02 1.3950e+03 -5.2973e+01 -2.2035e+02 5.0171e+03 -6.9101e+00 -4.6384e+02 1.7138e+02 3.0836e+01 9.5299e+01
5.9206e-01 2.9754e+01 1.2421e+02 3.0256e+02 -6.9105e+00 -4.9416e+01 5.4558e+02 1.3652e+03 -5.1687e+01 -2.1566e+02 4.9255e+03 -1.1619e+01 -4.5562e+02 1.6626e+02 3.0386e+01 9.3900e+01
5.9819e-01 2.8821e+01 1.2054e+02 2.9559e+02 -6.6390e+00 -4.8216e+01 5.3133e+02 1.3364e+03 -5.0950e+01 -2.1142e+02 4.8210e+03 -1.5776e+01 -4.4941e+02 1.6419e+02 3.0157e+01 9.2868e+01
6.0436e-01 2.8122e+01 1.1803e+02 2.9171e+02 -6.0967e+00 -4.7261e+01 5.2243e+02 1.3235e+03 -4.7932e+01 -2.0827e+02 4.8066e+03 -1.0646e+01 -4.4498e+02 1.6040e+02 2.9191e+01 9.1902e+01
6.1049e-01 2.7291e+01 1.1466e+02 2.8398e+02 -6.0243e+00 -4.6153e+01 5.0860e+02 1.2903e+03 -4.7496e+01 -2.0404e+02 4.6950e+03 -1.3741e+01 -4.3517e+02 1.5712e+02 2.9247e+01 9.0904e+01
6.1661e-01 2.6529e+01 1.1178e+02 2.7857e+02 -6.1887e+00 -4.5183e+01 4.9790e+02 1.2698e+03 -4.8127e+01 -2.0078e+02 4.6383e+03 -2.0177e+01 -4.2989e+02 1.5304e+02 2.9612e+01 9.0121e+01
6.2276e-01 2.5905e+01 1.0932e+02 2.7463e+02 -5.7485e+00 -4.4334e+01 4.8798e+02 1.2525e+03 -4.6202e+01 -1.9761e+02 4.5901e+03 -1.7099e+01 -4.2507e+02 1.5203e+02 2.9068e+01 8.9379e+01
6.2890e-01 2.5005e+01 1.0581e+02 2.6649e+02 -5.5721e+00 -4.3114e+01 4.7412e+02 1.2196e+03 -4.5127e+01 -1.9312e+02 4.4857e+03 -1.8624e+01 -4.1531e+02 1.4782e+02 2.8565e+01 8.8067e+01
6.3503e-01 2.4429e+01 1.0350e+02 2.6257e+02 -5.2160e+00 -4.2275e+01 4.6499e+02 1.2038e+03 -4.3462e+01 -1.9014e+02 4.4424e+03 -1.8192e+01 -4.1150e+02 1.4485e+02 2.8144e+01 8.7311e+01
6.4117e-01 2.3774e+01 1.0097e+02 2.5727e+02 -5.3156e+00 -4.1444e+01 4.5507e+02 1.1820e+03 -4.3679e+01 -1.8717e+02 4.3666e+03 -2.2408e+01 -4.0592e+02 1.4190e+02 2.8299e+01 8.6687e+01
6.4731e-01 2.2914e+01 9.7667e+01 2.5046e+02 -5.3213e+00 -4.0226e+01 4.4264e+02 1.1564e+03 -4.3711e+01 -1.8286e+02 4.3013e+03 -2.5565e+01 -3.9730e+02 1.3890e+02 2.8526e+01 8.5381e+01
6.5344e-01 2.2248e+01 9.4932e+01 2.4430e+02 -5.0054e+00 -3.9259e+01 4.3118e+02 1.1297e+03 -4.2399e+01 -1.7902e+02 4.2104e+03 -2.7706e+01 -3.8966e+02 1.3727e+02 2.7912e+01 8.4277e+01
6.5958e-01 2.1793e+01 9.3057e+01 2.4023e+02 -4.6668e+00 -3.8690e+01 4.2331e+02 1.1099e+03 -4.0815e+01 -1.7703e+02 4.1493e+03 -2.3320e+01 -3.8389e+02 1.3431e+02 2.7583e+01 8.4266e+01
6.6571e-01 2.1045e+01 9.0180e+01 2.3410e+02 -4.6746e+00 -3.7582e+01 4.1253e+02 1.0881e+03 -4.0671e+01 -1.7312e+02 4.0738e+03 -2.8408e+01 -3.7781e+02 1.3126e+02 2.7446e+01 8.2923e+01
6.7184e-01 2.0625e+01 8.8623e+01 2.3196e+02 -4.4378e+00 -3.7010e+01 4.0659e+02 1.0799e+03 -3.9439e+01 -1.7122e+02 4.0581e+03 -2.8542e+01 -3.7615e+02 1.3009e+02 2.7306e+01 8.2542e+01
6.7797e-01 2.0116e+01 8.6478e+01 2.2762e+02 -4.3487e+00 -3.6245e+01 3.9756e+02 1.0607e+03 -3.8957e+01 -1.6828e+02 3.9949e+03 -3.1033e+01 -3.7137e+02 1.2706e+02 2.7091e+01 8.1727e+01
6.8410e-01 1.9391e+01 8.3507e+01 2.2034e+02 -4.1150e+00 -3.5150e+01 3.8550e+02 1.0306e+03 -3.8047e+01 -1.6408e+02 3.9086e+03 -2.9381e+01 -3.6025e+02 1.2531e+02 2.6971e+01 8.0639e+01
6.9025e-01 1.8804e+01 8.1255e+01 2.1615e+02 -3.9291e+00 -3.4292e+01 3.7656e+02 1.0139e+03 -3.6807e+01 -1.6094e+02 3.8718e+03 -2.9167e+01 -3.5518e+02 1.2169e+02 2.6406e+01 7.9717e+01
6.9639e-01 1.8415e+01 7.9695e+01 2.1222e+02 -3.9829e+00 -3.3810e+01 3.7050e+02 9.9790e+02 -3.7100e+01 -1.5933e+02 3.8020e+03 -3.1800e+01 -3.5196e+02 1.1998e+02 2.6648e+01 7.9518e+01
7.0254e-01 1.7897e+01 7.7565e+01 2.0774e+02 -3.9408e+00 -3.3004e+01 3.6165e+02 9.7943e+02 -3.6560e+01 -1.5621e+02 3.7436e+03 -3.5203e+01 -3.4636e+02 1.1793e+02 2.6388e+01 7.8611e+01
7.0868e-01 1.7285e+01 7.5102e+01 2.0219e+02 -3.5927e+00 -3.2100e+01 3.5180e+02 9.5537e+02 -3.4992e+01 -1.5297e+02 3.6721e+03 -3.1838e+01 -3.3868e+02 1.1505e+02 2.6000e+01 7.7849e+01
7.1481e-01 1.6996e+01 7.3949e+01 2.0004e+02 -3.9057e+00 -3.1705e+01 3.4711e+02 9.4719e+02 -3.6367e+01 -1.5159e+02 3.6415e+03 -3.8793e+01 -3.3724e+02 1.1374e+02 2.6605e+01 7.7706e+01
7.2095e-01 1.6432e+01 7.1710e+01 1.9508e+02 -3.3873e+00 -3.0822e+01 3.3842e+02 9.2763e+02 -3.4085e+01 -1.4848e+02 3.5843e+03 -3.5643e+01 -3.3119e+02 1.1153e+02 2.5833e+01 7.6778e+01
7.2708e-01 1.5991e+01 6.9925e+01 1.9132e+02 -3.3286e+00 -3.0157e+01 3.3105e+02 9.1134e+02 -3.3421e+01 -1.4595e+02 3.5301e+03 -3.6007e+01 -3.2597e+02 1.0972e+02 2.5560e+01 7.6163e+01
7.3319e-01 1.5516e+01 6.7893e+01 1.8659e+02 -3.3750e+00 -2.9368e+01 3.2239e+02 8.9075e+02 -3.3584e+01 -1.4284e+02 3.4644e+03 -3.9012e+01 -3.1981e+02 1.0726e+02 2.5621e+01 7.5194e+01
7.3934e-01 1.5130e+01 6.6415e+01 1.8353e+02 -3.3885e+00 -2.8839e+01 3.1669e+02 8.7935e+02 -3.3189e+01 -1.4097e+02 3.4276e+03 -3.9826e+01 -3.1704e+02 1.0485e+02 2.5406e+01 7.4757e+01
7.4548e-01 1.4827e+01 6.5101e+01 1.7994e+02 -3.0188e+00 -2.8394e+01 3.1082e+02 8.6236e+02 -3.1288e+01 -1.3924e+02 3.3650e+03 -3.6900e+01 -3.1190e+02 1.0268e+02 2.4724e+01 7.4610e+01
7.5161e-01 1.4340e+01 6.3131e+01 1.7517e+02 -3.1366e+00 -2.7640e+01 3.0319e+02 8.4379e+02 -3.2161e+01 -1.3665e+02 3.3064e+03 -4.2009e+01 -3.0614e+02 1.0139e+02 2.5236e+01 7.4007e+01
7.5776e-01 1.3893e+01 6.1300e+01 1.7082e+02 -3.0655e+00 -2.6936e+01 2.9544e+02 8.2536e+02 -3.1532e+01 -1.3384e+02 3.2467e+03 -4.1414e+01 -3.0074e+02 9.9574e+01 2.5152e+01 7.3109e+01
7.6390e-01 1.3572e+01 5.9955e+01 1.6870e+02 -2.6856e+00 -2.6350e+01 2.8967e+02 8.1600e+02 -2.9348e+01 -1.3146e+02 3.2209e+03 -3.8075e+01 -2.9760e+02 9.7844e+01 2.4025e+01 7.2292e+01
7.7006e-01 1.3243e+01 5.8564e+01 1.6517e+02 -2.7203e+00 -2.5835e+01 2.8375e+02 8.0049e+02 -2.9437e+01 -1.2955e+02 3.1624e+03 -3.9354e+01 -2.9320e+02 9.5783e+01 2.4201e+01 7.1931e+01
7.7616e-01 1.2878e+01 5.7081e+01 1.6172e+02 -2.5859e+00 -2.5242e+01 2.7784e+02 7.8664e+02 -2.8939e+01 -1.2743e+02 3.1175e+03 -4.0642e+01 -2.8891e+02 9.4497e+01 2.4016e+01 7.1376e+01
7.8228e-01 1.2628e+01 5.6136e+01 1.5958e+02 -2.7522e+00 -2.4970e+01 2.7411e+02 7.7794e+02 -2.9329e+01 -1.2664e+02 3.0853e+03 -4.3039e+01 -2.8767e+02 9.2494e+01 2.4308e+01 7.1653e+01
7.8842e-01 1.2277e+01 5.4607e+01 1.5623e+02 -2.5975e+00 -2.4310e+01 2.6744e+02 7.6344e+02 -2.8559e+01 -1.2391e+02 3.0398e+03 -4.3741e+01 -2.8277e+02 9.0978e+01 2.3976e+01 7.0637e+01
7.9456e-01 1.1918e+01 5.3077e+01 1.5278e+02 -2.6072e+00 -2.3687e+01 2.6093e+02 7.4783e+02 -2.8325e+01 -1.2150e+02 2.9910e+03 -4.5172e+01 -2.7731e+02 8.8972e+01 2.3880e+01 6.9970e+01
8.0070e-01 1.1653e+01 5.2018e+01 1.5009e+02 -2.3854e+00 -2.3345e+01 2.5670e+02 7.3773e+02 -2.7164e+01 -1.2034e+02 2.9564e+03 -4.4084e+01 -2.7546e+02 8.7554e+01 2.3336e+01 6.9976e+01
8.0683e-01 1.1296e+01 5.0414e+01 1.4606e+02 -2.3929e+00 -2.2623e+01 2.4950e+02 7.1873e+02 -2.7076e+01 -1.1738e+02 2.8899e+03 -4.4773e+01 -2.6824e+02 8.6252e+01 2.3427e+01 6.8937e+01
8.1298e-01 1.0963e+01 4.9037e+01 1.4261e+02 -2.2107e+00 -2.2121e+01 2.4376e+02 7.0435e+02 -2.5939e+01 -1.1546e+02 2.8432e+03 -4.3034e+01 -2.6394e+02 8.4336e+01 2.2841e+01 6.8567e+01
8.1914e-01 1.0716e+01 4.7959e+01 1.3999e+02 -2.1189e+00 -2.1671e+01 2.3902e+02 6.9265e+02 -2.5356e+01 -1.1374e+02 2.8029e+03 -4.2913e+01 -2.6049e+02 8.2863e+01 2.2737e+01 6.8142e+01
8.2526e-01 1.0481e+01 4.6979e+01 1.3799e+02 -1.9962e+00 -2.1299e+01 2.3491e+02 6.8412e+02 -2.4658e+01 -1.1235e+02 2.7732e+03 -4.2056e+01 -2.5851e+02 8.0919e+01 2.2408e+01 6.7936e+01
8.3138e-01 1.0168e+01 4.5614e+01 1.3451e+02 -1.9189e+00 -2.0707e+01 2.2874e+02 6.6768e+02 -2.4077e+01 -1.0986e+02 2.7155e+03 -4.2041e+01 -2.5260e+02 7.9646e+01 2.2108e+01 6.7050e+01
8.3752e-01 9.9015e+00 4.4539e+01 1.3190e+02 -1.9196e+00 -2.0326e+01 2.2450e+02 6.5780e+02 -2.4017e+01 -1.0860e+02 2.6805e+03 -4.3549e+01 -2.5068e+02 7.8254e+01 2.2174e+01 6.6955e+01
8.4366e-01 9.6446e+00 4.3410e+01 1.2901e+02 -1.9538e+00 -1.9861e+01 2.1936e+02 6.4435e+02 -2.3855e+01 -1.0666e+02 2.6345e+03 -4.5456e+01 -2.4620e+02 7.7025e+01 2.2024e+01 6.6460e+01
8.4979e-01 9.3896e+00 4.2328e+01 1.2644e+02 -1.7387e+00 -1.9395e+01 2.1491e+02 6.3414e+02 -2.2815e+01 -1.0494e+02 2.6021e+03 -4.2716e+01 -2.4276e+02 7.5243e+01 2.1556e+01 6.5989e+01
8.5593e-01 9.1825e+00 4.1433e+01 1.2470e+02 -1.7231e+00 -1.9010e+01 2.1085e+02 6.2585e+02 -2.2472e+01 -1.0332e+02 2.5814e+03 -4.3723e+01 -2.3984e+02 7.3818e+01 2.1385e+01 6.5537e+01
8.6206e-01 8.9316e+00 4.0383e+01 1.2179e+02 -1.6463e+00 -1.8609e+01 2.0651e+02 6.1384e+02 -2.2010e+01 -1.0186e+02 2.5304e+03 -4.3463e+01 -2.3708e+02 7.2763e+01 2.1182e+01 6.5229e+01
8.6820e-01 8.7062e+00 3.9394e+01 1.1895e+02 -1.6718e+00 -1.8203e+01 2.0205e+02 6.0122e+02 -2.1984e+01 -1.0022e+02 2.4840e+03 -4.5489e+01 -2.3300e+02 7.1657e+01 2.1171e+01 6.4819e+01
8.7433e-01 8.4522e+00 3.8295e+01 1.1633e+02 -1.5316e+00 -1.7749e+01 1.9715e+02 5.8911e+02 -2.1051e+01 -9.8337e+01 2.4449e+03 -4.4215e+01 -2.2889e+02 7.0266e+01 2.0667e+01 6.4346e+01
8.8046e-01 8.3072e+00 3.7697e+01 1.1506e+02 -1.5891e+00 -1.7504e+01 1.9452e+02 5.8340e+02 -2.1177e+01 -9.7427e+01 2.4235e+03 -4.4952e+01 -2.2763e+02 6.8924e+01 2.0799e+01 6.4223e+01
8.8661e-01 8.0007e+00 3.6315e+01 1.1125e+02 -1.4553e+00 -1.6904e+01 1.8849e+02 5.6710e+02 -2.0376e+01 -9.4950e+01 2.3673e+03 -4.4355e+01 -2.2179e+02 6.7441e+01 2.0339e+01 6.3345e+01
8.9275e-01 7.8730e+00 3.5763e+01 1.0984e+02 -1.3804e+00 -1.6689e+01 1.8588e+02 5.6006e+02 -1.9887e+01 -9.4095e+01 2.3390e+03 -4.3954e+01 -2.1991e+02 6.6328e+01 2.0093e+01 6.3361e+01
8.9890e-01 7.6051e+00 3.4600e+01 1.0659e+02 -1.3373e+00 -1.6221e+01 1.8078e+02 5.4594e+02 -1.9505e+01 -9.2215e+01 2.2957e+03 -4.4009e+01 -2.1514e+02 6.5216e+01 1.9939e+01 6.2888e+01
9.0503e-01 7.4401e+00 3.3913e+01 1.0517e+02 -1.3402e+00 -1.5900e+01 1.7789e+02 5.3965e+02 -1.9478e+01 -9.1066e+01 2.2684e+03 -4.5243e+01 -2.1366e+02 6.3702e+01 1.9866e+01 6.2591e+01
9.1117e-01 7.2519e+00 3.3105e+01 1.0317e+02 -1.2854e+00 -1.5570e+01 1.7444e+02 5.3123e+02 -1.8997e+01 -8.9840e+01 2.2417e+03 -4.4860e+01 -2.1152e+02 6.2953e+01 1.9699e+01 6.2325e+01
9.1731e-01 7.0705e+00 3.2288e+01 1.0076e+02 -1.2517e+00 -1.5231e+01 1.7062e+02 5.2025e+02 -1.8630e+01 -8.8371e+01 2.1954e+03 -4.4472e+01 -2.0796e+02 6.1967e+01 1.9529e+01 6.1991e+01
9.2344e-01 6.8677e+00 3.1378e+01 9.8278e+01 -1.1578e+00 -1.4837e+01 1.6640e+02 5.0870e+02 -1.7954e+01 -8.6618e+01 2.1586e+03 -4.3390e+01 -2.0350e+02 6.0533e+01 1.9091e+01 6.1432e+01
9.2956e-01 6.7129e+00 3.0689e+01 9.6515e+01 -1.1064e+00 -1.4517e+01 1.6331e+02 5.0068e+02 -1.7733e+01 -8.5345e+01 2.1257e+03 -4.3704e+01 -2.0123e+02 5.9961e+01 1.9093e+01 6.1075e+01
9.3569e-01 6.5330e+00 2.9887e+01 9.4409e+01 -1.0604e+00 -1.4196e+01 1.5961e+02 4.9081e+02 -1.7192e+01 -8.4023e+01 2.0904e+03 -4.3126e+01 -1.9807e+02 5.8485e+01 1.8714e+01 6.0858e+01
9.4183e-01 6.3894e+00 2.9284e+01 9.3210e+01 -1.0726e+00 -1.3893e+01 1.5704e+02 4.8570e+02 -1.7179e+01 -8.2881e+01 2.0776e+03 -4.4180e+01 -1.9635e+02 5.7722e+01 1.8639e+01 6.0480e+01
9.4799e-01 6.2233e+00 2.8569e+01 9.0924e+01 -1.0292e+00 -1.3648e+01 1.5379e+02 4.7576e+02 -1.6752e+01 -8.1818e+01 2.0398e+03 -4.3881e+01 -1.9369e+02 5.6631e+01 1.8369e+01 6.0389e+01
9.5411e-01 6.0721e+00 2.7873e+01 8.9204e+01 -9.3205e-01 -1.3280e+01 1.5044e+02 4.6720e+02 -1.6140e+01 -8.0179e+01 2.0089e+03 -4.2925e+01 -1.8994e+02 5.5820e+01 1.8084e+01 5.9768e+01
9.6024e-01 5.9435e+00 2.7280e+01 8.7514e+01 -8.7758e-01 -1.3060e+01 1.4764e+02 4.5939e+02 -1.5669e+01 -7.9223e+01 1.9796e+03 -4.2594e+01 -1.8819e+02 5.4724e+01 1.7774e+01 5.9558e+01
9.6637e-01 5.7923e+00 2.6642e+01 8.5895e+01 -8.6735e-01 -1.2755e+01 1.4499e+02 4.5244e+02 -1.5518e+01 -7.8155e+01 1.9533e+03 -4.2539e+01 -1.8561e+02 5.3795e+01 1.7694e+01 5.9417e+01
9.7251e-01 5.6353e+00 2.5954e+01 8.3954e+01 -9.1203e-01 -1.2479e+01 1.4174e+02 4.4318e+02 -1.5451e+01 -7.6948e+01 1.9190e+03 -4.3153e+01 -1.8295e+02 5.2562e+01 1.7590e+01 5.9126e+01
9.7865e-01 5.5060e+00 2.5348e+01 8.2409e+01 -8.3114e-01 -1.2193e+01 1.3883e+02 4.3614e+02 -1.4964e+01 -7.5613e+01 1.8958e+03 -4.2970e+01 -1.8058e+02 5.1904e+01 1.7244e+01 5.8553e+01
9.8477e-01 5.3273e+00 2.4563e+01 8.0073e+01 -8.0762e-01 -1.1869e+01 1.3529e+02 4.2546e+02 -1.4641e+01 -7.4339e+01 1.8526e+03 -4.2328e+01 -1.7729e+02 5.1008e+01 1.7073e+01 5.8380e+01
9.9092e-01 5.2267e+00 2.4092e+01 7.8736e+01 -7.8753e-01 -1.1642e+01 1.3305e+02 4.1917e+02 -1.4523e+01 -7.3373e+01 1.8332e+03 -4.2586e+01 -1.7460e+02 5.0118e+01 1.6998e+01 5.8184e+01
9.9706e-01 5.1043e+00 2.3546e+01 7.7430e+01 -7.5054e-01 -1.1365e+01 1.3032e+02 4.1243e+02 -1.4024e+01 -7.2099e+01 1.8075e+03 -4.1565e+01 -1.7219e+02 4.9276e+01 1.6681e+01 5.7701e+01
1.0032e+00 4.9516e+00 2.2837e+01 7.5288e+01 -6.7851e-01 -1.1072e+01 1.2703e+02 4.0289e+02 -1.3555e+01 -7.0784e+01 1.7709e+03 -4.1366e+01 -1.6945e+02 4.8338e+01 1.6351e+01 5.7372e+01
1.0093e+00 4.8642e+00 2.2481e+01 7.4378e+01 -6.8606e-01 -1.0941e+01 1.2544e+02 3.9882e+02 -1.3417e+01 -7.0241e+01 1.7544e+03 -4.1450e+01 -1.6873e+02 4.7273e+01 1.6289e+01 5.7315e+01
1.0155e+00 4.7140e+00 2.1744e+01 7.2266e+01 -6.2101e-01 -1.0566e+01 1.2181e+02 3.8808e+02 -1.3022e+01 -6.8631e+01 1.7160e+03 -4.1038e+01 -1.6440e+02 4.6606e+01 1.5986e+01 5.6757e+01
1.0216e+00 4.5994e+00 2.1236e+01 7.0862e+01 -5.8955e-01 -1.0334e+01 1.1934e+02 3.8117e+02 -1.2660e+01 -6.7529e+01 1.6880e+03 -4.0164e+01 -1.6190e+02 4.5926e+01 1.5746e+01 5.6402e+01
1.0277e+00 4.4804e+00 2.0730e+01 6.9439e+01 -5.9991e-01 -1.0118e+01 1.1712e+02 3.7550e+02 -1.2618e+01 -6.6662e+01 1.6709e+03 -4.0798e+01 -1.6031e+02 4.5102e+01 1.5694e+01 5.6200e+01
1.0339e+00 4.3864e+00 2.0320e+01 6.8259e+01 -5.7901e-01 -9.9541e+00 1.1513e+02 3.6985e+02 -1.2404e+01 -6.5991e+01 1.6486e+03 -4.0839e+01 -1.5882e+02 4.4505e+01 1.5552e+01 5.6201e+01
1.0400e+00 4.2804e+00 1.9833e+01 6.6850e+01 -5.2929e-01 -9.7297e+00 1.1276e+02 3.6304e+02 -1.2040e+01 -6.4984e+01 1.6220e+03 -4.0065e+01 -1.5673e+02 4.3679e+01 1.5259e+01 5.5886e+01
1.0462e+00 4.1913e+00 1.9395e+01 6.5604e+01 -4.9059e-01 -9.5042e+00 1.1056e+02 3.5680e+02 -1.1635e+01 -6.3906e+01 1.5976e+03 -3.9469e+01 -1.5419e+02 4.2953e+01 1.4992e+01 5.5488e+01
1.0523e+00 4.0769e+00 1.8915e+01 6.4262e+01 -4.5006e-01 -9.2870e+00 1.0833e+02 3.5025e+02 -1.1258e+01 -6.3063e+01 1.5717e+03 -3.8733e+01 -1.5231e+02 4.2103e+01 1.4677e+01 5.5377e+01
1.0584e+00 3.9671e+00 1.8402e+01 6.2760e+01 -4.6844e-01 -9.0382e+00 1.0594e+02 3.4341e+02 -1.1241e+01 -6.1939e+01 1.5456e+03 -3.9197e+01 -1.4960e+02 4.1574e+01 1.4610e+01 5.5000e+01
1.0646e+00 3.8686e+00 1.7943e+01 6.1329e+01 -4.1597e-01 -8.8332e+00 1.0366e+02 3.3646e+02 -1.0900e+01 -6.0988e+01 1.5187e+03 -3.8566e+01 -1.4732e+02 4.0781e+01 1.4408e+01 5.4697e+01
1.0707e+00 3.7826e+00 1.7535e+01 6.0218e+01 -4.1645e-01 -8.6360e+00 1.0148e+02 3.3060e+02 -1.0664e+01 -5.9984e+01 1.4971e+03 -3.8204e+01 -1.4520e+02 3.9967e+01 1.4201e+01 5.4365e+01
1.0768e+00 3.6712e+00 1.7022e+01 5.8823e+01 -3.9203e-01 -8.3624e+00 9.8986e+01 3.2392e+02 -1.0538e+01 -5.8683e+01 1.4761e+03 -3.8158e+01 -1.4218e+02 3.9466e+01 1.4105e+01 5.3794e+01
1.0830e+00 3.6075e+00 1.6771e+01 5.8010e+01 -4.3008e-01 -8.3110e+00 9.7948e+01 3.2040e+02 -1.0535e+01 -5.8644e+01 1.4588e+03 -3.8830e+01 -1.4229e+02 3.8836e+01 1.4017e+01 5.4181e+01
1.0891e+00 3.5095e+00 1.6288e+01 5.6444e+01 -3.5896e-01 -8.0724e+00 9.5401e+01 3.1219e+02 -9.9713e+00 -5.7434e+01 1.4265e+03 -3.7534e+01 -1.3888e+02 3.8107e+01 1.3576e+01 5.3706e+01
1.0952e+00 3.4332e+00 1.5944e+01 5.5420e+01 -3.4894e-01 -7.8936e+00 9.3697e+01 3.0706e+02 -9.7780e+00 -5.6593e+01 1.4042e+03 -3.7248e+01 -1.3689e+02 3.7496e+01 1.3380e+01 5.3391e+01
1.1014e+00 3.3389e+00 1.5510e+01 5.4203e+01 -3.2286e-01 -7.6832e+00 9.1495e+01 3.0095e+02 -9.5760e+00 -5.5549e+01 1.3836e+03 -3.6920e+01 -1.3434e+02 3.6816e+01 1.3186e+01 5.3023e+01
1.1075e+00 3.2618e+00 1.5152e+01 5.3155e+01 -2.9835e-01 -7.5081e+00 8.9751e+01 2.9598e+02 -9.3376e+00 -5.4825e+01 1.3626e+03 -3.6477e+01 -1.3319e+02 3.6209e+01 1.3016e+01 5.2832e+01
1.1136e+00 3.1779e+00 1.4781e+01 5.2009e+01 -2.9825e-01 -7.3473e+00 8.7961e+01 2.9054e+02 -9.2009e+00 -5.4075e+01 1.3432e+03 -3.6547e+01 -1.3121e+02 3.5763e+01 1.2926e+01 5.2682e+01
1.1198e+00 3.1071e+00 1.4442e+01 5.1059e+01 -2.8048e-01 -7.1930e+00 8.6174e+01 2.8563e+02 -8.8423e+00 -5.3244e+01 1.3246e+03 -3.6051e+01 -1.2972e+02 3.5021e+01 1.2503e+01 5.2322e+01
1.1259e+00 3.0431e+00 1.4150e+01 5.0143e+01 -2.2746e-01 -7.0400e+00 8.4744e+01 2.8101e+02 -8.5221e+00 -5.2567e+01 1.3045e+03 -3.5199e+01 -1.2788e+02 3.4415e+01 1.2240e+01 5.2102e+01
1.1321e+00 2.9695e+00 1.3813e+01 4.9135e+01 -2.1731e-01 -6.8630e+00 8.2947e+01 2.7580e+02 -8.2974e+00 -5.1648e+01 1.2858e+03 -3.4750e+01 -1.2565e+02 3.3758e+01 1.2001e+01 5.1726e+01
1.1382e+00 2.8942e+00 1.3461e+01 4.7994e+01 -2.3647e-01 -6.7102e+00 8.1159e+01 2.6998e+02 -8.3378e+00 -5.0928e+01 1.2601e+03 -3.5208e+01 -1.2385e+02 3.3341e+01 1.2019e+01 5.1581e+01
1.1443e+00 2.8254e+00 1.3146e+01 4.7018e+01 -2.0329e-01 -6.5547e+00 7.9525e+01 2.6483e+02 -8.0110e+00 -5.0194e+01 1.2402e+03 -3.4427e+01 -1.2204e+02 3.2913e+01 1.1746e+01 5.1401e+01
1.1505e+00 2.7580e+00 1.2851e+01 4.6157e+01 -2.1573e-01 -6.4173e+00 7.8129e+01 2.6108e+02 -8.0065e+00 -4.9511e+01 1.2262e+03 -3.4447e+01 -1.2051e+02 3.2326e+01 1.1645e+01 5.1144e+01
1.1566e+00 2.6875e+00 1.2526e+01 4.5072e+01 -1.7303e-01 -6.2633e+00 7.6508e+01 2.5596e+02 -7.7005e+00 -4.8854e+01 1.2053e+03 -3.3949e+01 -1.1913e+02 3.1882e+01 1.1434e+01 5.0967e+01
1.1627e+00 2.6316e+00 1.2270e+01 4.4392e+01 -1.7209e-01 -6.1432e+00 7.5128e+01 2.5214e+02 -7.5905e+00 -4.8228e+01 1.1905e+03 -3.3916e+01 -1.1791e+02 3.1416e+01 1.1315e+01 5.0794e+01
1.1689e+00 2.5652e+00 1.1960e+01 4.3308e+01 -1.6838e-01 -5.9894e+00 7.3595e+01 2.4671e+02 -7.4055e+00 -4.7507e+01 1.1678e+03 -3.3596e+01 -1.1570e+02 3.0812e+01 1.1028e+01 5.0510e+01
1.1750e+00 2.4964e+00 1.1637e+01 4.2371e+01 -1.4865e-01 -5.8172e+00 7.1865e+01 2.4201e+02 -7.2630e+00 -4.6597e+01 1.1519e+03 -3.3462e+01 -1.1372e+02 3.0343e+01 1.0849e+01 5.0135e+01
1.1811e+00 2.4461e+00 1.1410e+01 4.1579e+01 -1.6794e-01 -5.7408e+00 7.0650e+01 2.3784e+02 -7.1517e+00 -4.6208e+01 1.1309e+03 -3.2982e+01 -1.1313e+02 2.9860e+01 1.0740e+01 5.0131e+01
1.1873e+00 2.3880e+00 1.1136e+01 4.0841e+01 -1.3483e-01 -5.5739e+00 6.9252e+01 2.3402e+02 -6.9180e+00 -4.5396e+01 1.1186e+03 -3.2638e+01 -1.1118e+02 2.9362e+01 1.0456e+01 4.9672e+01
1.1934e+00 2.3383e+00 1.0899e+01 4.0051e+01 -1.1464e-01 -5.4827e+00 6.7973e+01 2.2981e+02 -6.6653e+00 -4.4908e+01 1.0990e+03 -3.1969e+01 -1.1002e+02 2.8902e+01 1.0186e+01 4.9615e+01
1.1996e+00 2.2697e+00 1.0584e+01 3.8984e+01 -1.0295e-01 -5.3105e+00 6.6340e+01 2.2429e+02 -6.4939e+00 -4.4016e+01 1.0790e+03 -3.1763e+01 -1.0738e+02 2.8496e+01 1.0045e+01 4.9180e+01
1.2057e+00 2.2120e+00 1.0325e+01 3.8125e+01 -9.6808e-02 -5.2023e+00 6.5056e+01 2.2035e+02 -6.3610e+00 -4.3544e+01 1.0612e+03 -3.1489e+01 -1.0665e+02 2.7983e+01 9.8618e+00 4.9131e+01
1.2118e+00 2.1623e+00 1.0101e+01 3.7424e+01 -8.1837e-02 -5.1004e+00 6.3895e+01 2.1676e+02 -6.1685e+00 -4.2967e+01 1.0464e+03 -3.0981e+01 -1.0535e+02 2.7645e+01 9.6812e+00 4.8856e+01
1.2179e+00 2.1185e+00 9.8765e+00 3.6780e+01 -7.2182e-02 -4.9533e+00 6.2637e+01 2.1312e+02 -6.0731e+00 -4.2247e+01 1.0331e+03 -3.0690e+01 -1.0343e+02 2.7120e+01 9.4881e+00 4.8526e+01
1.2241e+00 2.0694e+00 9.6552e+00 3.6041e+01 -6.5315e-02 -4.8686e+00 6.1535e+01 2.0948e+02 -5.8157e+00 -4.1795e+01 1.0166e+03 -3.0263e+01 -1.0266e+02 2.6581e+01 9.1719e+00 4.8391e+01
1.2302e+00 2.0241e+00 9.4275e+00 3.5330e+01 -8.1746e-02 -4.7404e+00 6.0210e+01 2.0532e+02 -5.8815e+00 -4.1115e+01 1.0012e+03 -3.0586e+01 -1.0070e+02 2.6370e+01 9.1968e+00 4.8116e+01
1.2364e+00 1.9675e+00 9.1790e+00 3.4508e+01 -5.8606e-02 -4.6138e+00 5.8885e+01 2.0115e+02 -5.6391e+00 -4.0439e+01 9.8372e+02 -2.9653e+01 -9.9243e+01 2.5923e+01 8.9841e+00 4.7824e+01
1.2425e+00 1.9246e+00 8.9839e+00 3.3836e+01 -2.7291e-02 -4.5201e+00 5.7852e+01 1.9771e+02 -5.3755e+00 -3.9956e+01 9.6915e+02 -2.9182e+01 -9.7966e+01 2.5559e+01 8.7261e+00 4.7689e+01
1.2486e+00 1.8817e+00 8.7795e+00 3.3214e+01 -3.5839e-02 -4.4100e+00 5.6865e+01 1.9458e+02 -5.3714e+00 -3.9468e+01 9.5640e+02 -2.9301e+01 -9.6750e+01 2.5182e+01 8.6275e+00 4.7498e+01
1.2548e+00 1.8303e+00 8.5465e+00 3.2396e+01 -4.3499e-02 -4.3046e+00 5.5599e+01 1.9037e+02 -5.2973e+00 -3.8840e+01 9.3891e+02 -2.9277e+01 -9.5335e+01 2.4703e+01 8.4871e+00 4.7173e+01
1.2609e+00 1.7903e+00 8.3542e+00 3.1766e+01 -2.6712e-02 -4.2099e+00 5.4480e+01 1.8684e+02 -5.1129e+00 -3.8271e+01 9.2412e+02 -2.8707e+01 -9.3693e+01 2.4336e+01 8.2989e+00 4.6913e+01
1.2671e+00 1.7513e+00 8.1728e+00 3.1161e+01 -6.9007e-03 -4.1148e+00 5.3397e+01 1.8324e+02 -4.8757e+00 -3.7723e+01 9.0907e+02 -2.7942e+01 -9.2300e+01 2.4119e+01 8.0506e+00 4.6741e+01
1.2732e+00 1.7133e+00 7.9889e+00 3.0534e+01 -1.0127e-04 -4.0216e+00 5.2360e+01 1.7996e+02 -4.7145e+00 -3.7153e+01 8.9570e+02 -2.7759e+01 -9.0979e+01 2.3654e+01 7.7487e+00 4.6391e+01
1.2793e+00 1.6667e+00 7.7731e+00 2.9809e+01 1.3440e-02 -3.8983e+00 5.1236e+01 1.7622e+02 -4.6369e+00 -3.6552e+01 8.7996e+02 -2.7337e+01 -8.9456e+01 2.3376e+01 7.7156e+00 4.6111e+01
1.2855e+00 1.6323e+00 7.6207e+00 2.9314e+01 -7.7708e-03 -3.8501e+00 5.0420e+01 1.7364e+02 -4.5735e+00 -3.6247e+01 8.6944e+02 -2.7157e+01 -8.8992e+01 2.2996e+01 7.5726e+00 4.6012e+01
1.2916e+00 1.5913e+00 7.4163e+00 2.8654e+01 1.4402e-04 -3.7216e+00 4.9309e+01 1.7004e+02 -4.4841e+00 -3.5607e+01 8.5469e+02 -2.7050e+01 -8.7254e+01 2.2635e+01 7.4439e+00 4.5739e+01
1.2977e+00 1.5580e+00 7.2751e+00 2.8150e+01 7.8376e-03 -3.6549e+00 4.8542e+01 1.6744e+02 -4.3348e+00 -3.5191e+01 8.4326e+02 -2.6631e+01 -8.6238e+01 2.2379e+01 7.2454e+00 4.5448e+01
1.3039e+00 1.5248e+00 7.1204e+00 2.7629e+01 1.5076e-02 -3.5794e+00 4.7677e+01 1.6457e+02 -4.2511e+00 -3.4784e+01 8.3150e+02 -2.6532e+01 -8.5080e+01 2.2039e+01 7.0696e+00 4.5307e+01
1.3100e+00 1.4904e+00 6.9674e+00 2.7101e+01 1.3070e-03 -3.5164e+00 4.6870e+01 1.6192e+02 -4.2002e+00 -3.4436e+01 8.1837e+02 -2.6245e+01 -8.4623e+01 2.1752e+01 6.9529e+00 4.5169e+01
1.3161e+00 1.4564e+00 6.8069e+00 2.6563e+01 2.0065e-02 -3.4305e+00 4.5887e+01 1.5887e+02 -4.0172e+00 -3.3878e+01 8.0712e+02 -2.5889e+01 -8.3354e+01 2.1313e+01 6.7215e+00 4.4839e+01
1.3223e+00 1.4185e+00 6.6161e+00 2.5921e+01 4.1814e-02 -3.3157e+00 4.4838e+01 1.5526e+02 -3.8374e+00 -3.3280e+01 7.9258e+02 -2.5197e+01 -8.1520e+01 2.1112e+01 6.5408e+00 4.4559e+01
1.3284e+00 1.3929e+00 6.5057e+00 2.5571e+01 3.6932e-02 -3.2732e+00 4.4181e+01 1.5315e+02 -3.7316e+00 -3.2932e+01 7.8257e+02 -2.4891e+01 -8.0859e+01 2.0774e+01 6.3747e+00 4.4308e+01
1.3345e+00 1.3589e+00 6.3385e+00 2.5012e+01 2.7268e-02 -3.1859e+00 4.3282e+01 1.5032e+02 -3.7668e+00 -3.2526e+01 7.7077e+02 -2.4846e+01 -7.9907e+01 2.0558e+01 6.4002e+00 4.4248e+01
1.3407e+00 1.3308e+00 6.2104e+00 2.4546e+01 4.6114e-02 -3.1178e+00 4.2583e+01 1.4772e+02 -3.5522e+00 -3.2110e+01 7.6030e+02 -2.4416e+01 -7.8642e+01 2.0306e+01 6.0886e+00 4.3897e+01
1.3468e+00 1.3030e+00 6.0810e+00 2.4120e+01 3.8264e-02 -3.0471e+00 4.1851e+01 1.4556e+02 -3.5403e+00 -3.1732e+01 7.5026e+02 -2.4175e+01 -7.8015e+01 1.9955e+01 6.0152e+00 4.3744e+01
1.3529e+00 1.2706e+00 5.9263e+00 2.3558e+01 5.4144e-02 -2.9696e+00 4.0923e+01 1.4222e+02 -3.3614e+00 -3.1222e+01 7.3668e+02 -2.3687e+01 -7.6324e+01 1.9689e+01 5.8026e+00 4.3522e+01
1.3591e+00 1.2418e+00 5.7871e+00 2.3059e+01 5.1696e-02 -2.8934e+00 4.0174e+01 1.3957e+02 -3.3072e+00 -3.0823e+01 7.2438e+02 -2.3575e+01 -7.5412e+01 1.9408e+01 5.6591e+00 4.3237e+01
1.3652e+00 1.2173e+00 5.6766e+00 2.2742e+01 5.4028e-02 -2.8442e+00 3.9539e+01 1.3785e+02 -3.2087e+00 -3.0470e+01 7.1810e+02 -2.3214e+01 -7.4798e+01 1.9123e+01 5.5297e+00 4.3014e+01
1.3714e+00 1.1863e+00 5.5288e+00 2.2173e+01 5.7641e-02 -2.7649e+00 3.8681e+01 1.3473e+02 -3.1509e+00 -3.0027e+01 7.0442e+02 -2.3001e+01 -7.3527e+01 1.8930e+01 5.4357e+00 4.2857e+01
1.3775e+00 1.1590e+00 5.3954e+00 2.1714e+01 5.4520e-02 -2.6933e+00 3.7897e+01 1.3210e+02 -3.1176e+00 -2.9589e+01 6.9310e+02 -2.2853e+01 -7.2430e+01 1.8674e+01 5.3325e+00 4.2558e+01
1.3836e+00 1.1374e+00 5.2899e+00 2.1356e+01 5.7513e-02 -2.6371e+00 3.7274e+01 1.3005e+02 -3.0371e+00 -2.9218e+01 6.8368e+02 -2.2484e+01 -7.1612e+01 1.8374e+01 5.1852e+00 4.2285e+01
1.3898e+00 1.1146e+00 5.1916e+00 2.0980e+01 7.1522e-02 -2.5911e+00 3.6731e+01 1.2799e+02 -2.8879e+00 -2.8954e+01 6.7516e+02 -2.2253e+01 -7.0795e+01 1.8237e+01 4.9888e+00 4.2214e+01
1.3959e+00 1.0871e+00 5.0629e+00 2.0566e+01 6.9198e-02 -2.5217e+00 3.6009e+01 1.2573e+02 -2.8241e+00 -2.8571e+01 6.6549e+02 -2.1947e+01 -7.0002e+01 1.7953e+01 4.8762e+00 4.1972e+01
1.4020e+00 1.0631e+00 4.9435e+00 2.0106e+01 6.8873e-02 -2.4598e+00 3.5290e+01 1.2302e+02 -2.7240e+00 -2.8137e+01 6.5338e+02 -2.1624e+01 -6.8562e+01 1.7689e+01 4.6956e+00 4.1658e+01
1.4082e+00 1.0409e+00 4.8401e+00 1.9755e+01 6.9474e-02 -2.4038e+00 3.4683e+01 1.2108e+02 -2.6573e+00 -2.7792e+01 6.4502e+02 -2.1356e+01 -6.7785e+01 1.7479e+01 4.5640e+00 4.1450e+01
1.4143e+00 1.0211e+00 4.7476e+00 1.9413e+01 7.1884e-02 -2.3521e+00 3.4127e+01 1.1914e+02 -2.6225e+00 -2.7455e+01 6.3663e+02 -2.1184e+01 -6.6887e+01 1.7281e+01 4.5080e+00 4.1231e+01
1.4204e+00 1.0024e+00 4.6603e+00 1.9088e+01 7.6430e-02 -2.3115e+00 3.3560e+01 1.1722e+02 -2.5290e+00 -2.7122e+01 6.2774e+02 -2.0785e+01 -6.6223e+01 1.7044e+01 4.3586e+00 4.0991e+01
1.4266e+00 9.7965e-01 4.5503e+00 1.8680e+01 7.8746e-02 -2.2525e+00 3.2950e+01 1.1496e+02 -2.4600e+00 -2.6789e+01 6.1756e+02 -2.0538e+01 -6.5275e+01 1.6834e+01 4.2543e+00 4.0805e+01
1.4327e+00 9.5648e-01 4.4485e+00 1.8377e+01 7.6331e-02 -2.2053e+00 3.2433e+01 1.1341e+02 -2.4139e+00 -2.6578e+01 6.1171e+02 -2.0304e+01 -6.4850e+01 1.6605e+01 4.1255e+00 4.0706e+01
1.4389e+00 9.3934e-01 4.3705e+00 1.8044e+01 7.9555e-02 -2.1698e+00 3.1890e+01 1.1151e+02 -2.3296e+00 -2.6199e+01 6.0183e+02 -1.9967e+01 -6.4027e+01 1.6401e+01 3.9978e+00 4.0323e+01
1.4450e+00 9.1722e-01 4.2567e+00 1.7664e+01 8.1216e-02 -2.0996e+00 3.1276e+01 1.0934e+02 -2.2622e+00 -2.5885e+01 5.9299e+02 -1.9861e+01 -6.3127e+01 1.6279e+01 3.8965e+00 4.0224e+01
1.4511e+00 8.9954e-01 4.1773e+00 1.7340e+01 8.1111e-02 -2.0669e+00 3.0762e+01 1.0739e+02 -2.1958e+00 -2.5549e+01 5.8373e+02 -1.9506e+01 -6.2095e+01 1.6010e+01 3.7559e+00 3.9913e+01
1.4573e+00 8.8433e-01 4.1037e+00 1.7093e+01 7.9643e-02 -2.0309e+00 3.0338e+01 1.0603e+02 -2.1564e+00 -2.5356e+01 5.7771e+02 -1.9354e+01 -6.1878e+01 1.5823e+01 3.6605e+00 3.9830e+01
1.4634e+00 8.6773e-01 4.0269e+00 1.6817e+01 7.8033e-02 -1.9897e+00 2.9886e+01 1.0450e+02 -2.1171e+00 -2.5092e+01 5.7152e+02 -1.9245e+01 -6.1252e+01 1.5654e+01 3.5728e+00 3.9632e+01
1.4695e+00 8.4685e-01 3.9220e+00 1.6428e+01 8.4927e-02 -1.9265e+00 2.9215e+01 1.0220e+02 -2.0121e+00 -2.4655e+01 5.6069e+02 -1.8865e+01 -6.0036e+01 1.5508e+01 3.3956e+00 3.9349e+01
1.4757e+00 8.3408e-01 3.8640e+00 1.6206e+01 8.4612e-02 -1.8974e+00 2.8899e+01 1.0090e+02 -1.9713e+00 -2.4483e+01 5.5470e+02 -1.8521e+01 -5.9302e+01 1.5269e+01 3.3285e+00 3.9214e+01
1.4818e+00 8.1559e-01 3.7735e+00 1.5877e+01 9.3625e-02 -1.8536e+00 2.8359e+01 9.9087e+01 -1.8808e+00 -2.4166e+01 5.4745e+02 -1.8300e+01 -5.8775e+01 1.5156e+01 3.2230e+00 3.8947e+01
1.4879e+00 8.0181e-01 3.7127e+00 1.5666e+01 7.6595e-02 -1.8253e+00 2.7984e+01 9.7902e+01 -1.9149e+00 -2.3940e+01 5.4158e+02 -1.8374e+01 -5.8292e+01 1.4996e+01 3.1766e+00 3.8753e+01
1.4941e+00 7.8630e-01 3.6270e+00 1.5347e+01 8.3599e-02 -1.7780e+00 2.7444e+01 9.5988e+01 -1.8519e+00 -2.3626e+01 5.3360e+02 -1.8098e+01 -5.7437e+01 1.4793e+01 3.0778e+00 3.8535e+01
1.5002e+00 7.7076e-01 3.5612e+00 1.5089e+01 9.1891e-02 -1.7410e+00 2.7062e+01 9.4495e+01 -1.7497e+00 -2.3394e+01 5.2572e+02 -1.7555e+01 -5.6709e+01 1.4662e+01 2.9401e+00 3.8384e+01
1.5064e+00 7.5677e-01 3.4939e+00 1.4854e+01 8.8263e-02 -1.7070e+00 2.6668e+01 9.3245e+01 -1.7158e+00 -2.3184e+01 5.2075e+02 -1.7500e+01 -5.6309e+01 1.4479e+01 2.8589e+00 3.8235e+01
1.5125e+00 7.4292e-01 3.4204e+00 1.4552e+01 9.2320e-02 -1.6625e+00 2.6170e+01 9.1329e+01 -1.6687e+00 -2.2821e+01 5.1174e+02 -1.7250e+01 -5.5277e+01 1.4364e+01 2.7575e+00 3.7900e+01
1.5186e+00 7.3106e-01 3.3733e+00 1.4377e+01 9.1692e-02 -1.6481e+00 2.5893e+01 9.0475e+01 -1.6461e+00 -2.2663e+01 5.0728e+02 -1.7074e+01 -5.5129e+01 1.4213e+01 2.7059e+00 3.7709e+01
1.5248e+00 7.1648e-01 3.2990e+00 1.4122e+01 8.7011e-02 -1.6067e+00 2.5465e+01 8.9021e+01 -1.6216e+00 -2.2438e+01 5.0081e+02 -1.6913e+01 -5.4528e+01 1.4031e+01 2.6317e+00 3.7613e+01
1.5309e+00 7.0326e-01 3.2293e+00 1.3872e+01 9.1975e-02 -1.5594e+00 2.4986e+01 8.7309e+01 -1.5433e+00 -2.2074e+01 4.9387e+02 -1.6544e+01 -5.3364e+01 1.3887e+01 2.5392e+00 3.7285e+01
1.5370e+00 6.9301e-01 3.1792e+00 1.3676e+01 8.9239e-02 -1.5409e+00 2.4711e+01 8.6310e+01 -1.5231e+00 -2.1957e+01 4.8858e+02 -1.6534e+01 -5.3159e+01 1.3785e+01 2.4441e+00 3.7219e+01
1.5432e+00 6.7881e-01 3.1215e+00 1.3426e+01 9.5694e-02 -1.5186e+00 2.4341e+01 8.4921e+01 -1.4600e+00 -2.1742e+01 4.8147e+02 -1.6075e+01 -5.2599e+01 1.3636e+01 2.3766e+00 3.7023e+01
1.5493e+00 6.6723e-01 3.0644e+00 1.3232e+01 8.6951e-02 -1.4842e+00 2.4022e+01 8.3787e+01 -1.4385e+00 -2.1549e+01 4.7656e+02 -1.6078e+01 -5.2028e+01 1.3522e+01 2.2815e+00 3.6875e+01
1.5554e+00 6.5862e-01 3.0225e+00 1.3059e+01 9.0457e-02 -1.4609e+00 2.3730e+01 8.2706e+01 -1.3985e+00 -2.1335e+01 4.7241e+02 -1.5958e+01 -5.1465e+01 1.3391e+01 2.2188e+00 3.6660e+01
1.5616e+00 6.4522e-01 2.9613e+00 1.2827e+01 8.8218e-02 -1.4338e+00 2.3376e+01 8.1537e+01 -1.3921e+00 -2.1143e+01 4.6638e+02 -1.5797e+01 -5.1059e+01 1.3250e+01 2.1653e+00 3.6553e+01
1.5677e+00 6.3853e-01 2.9202e+00 1.2708e+01 8.9628e-02 -1.4037e+00 2.3094e+01 8.0651e+01 -1.3272e+00 -2.0921e+01 4.6237e+02 -1.5531e+01 -5.0621e+01 1.3127e+01 2.0838e+00 3.6263e+01
