# k / 1, b1, b2, bg, bk
0.0000e+00 0.0000e+00 0.0000e+00 0.0000e+00 0.0000e+00 0.0000e+00 0.0000e+00 0.0000e+00 0.0000e+00 0.0000e+00 0.0000e+00 0.0000e+00 0.0000e+00 0.0000e+00 0.0000e+00 0.0000e+00
8.6911e-03 5.5594e+03 1.9039e+04 2.6112e+04 -6.2947e+02 -5.5943e+03 6.5202e+04 8.9454e+04 -2.1395e+03 -1.9158e+04 1.3028e+05 1.8821e+03 -2.6276e+04 3.1583e+03 6.3366e+02 5.6293e+03
1.5033e-02 4.2479e+03 1.4563e+04 1.9915e+04 -6.1386e+02 -4.2768e+03 4.9930e+04 6.8349e+04 -2.0714e+03 -1.4662e+04 1.0102e+05 1.5820e+03 -2.0049e+04 2.7783e+03 6.1833e+02 4.3058e+03
2.1045e-02 4.0117e+03 1.3728e+04 1.9232e+04 -3.1248e+01 -4.0412e+03 4.6982e+04 6.5911e+04 -7.3310e+01 -1.3829e+04 9.8812e+04 3.5308e+03 -1.9374e+04 2.2335e+03 3.1217e+01 4.0710e+03
2.7184e-02 3.0465e+03 1.0430e+04 1.4626e+04 -9.8061e+01 -3.0704e+03 3.5716e+04 5.0214e+04 -2.9501e+02 -1.0512e+04 7.7822e+04 3.4700e+03 -1.4741e+04 2.3289e+03 9.8809e+01 3.0945e+03
3.3593e-02 3.4814e+03 1.1949e+04 1.7331e+04 7.1817e+01 -3.5129e+03 4.1021e+04 5.9613e+04 2.7261e+02 -1.2057e+04 9.2432e+04 3.4196e+03 -1.7487e+04 1.8725e+03 -7.2042e+01 3.5446e+03
3.9678e-02 2.7704e+03 9.4970e+03 1.3754e+04 1.4594e+02 -2.7979e+03 3.2567e+04 4.7338e+04 5.3686e+02 -9.5914e+03 7.4712e+04 3.4210e+03 -1.3890e+04 1.5435e+03 -1.4714e+02 2.8257e+03
4.5731e-02 2.4292e+03 8.3236e+03 1.1724e+04 -4.8132e+01 -2.4564e+03 2.8536e+04 4.0404e+04 -1.2961e+02 -8.4170e+03 6.3382e+04 2.4269e+03 -1.1856e+04 1.5514e+03 4.9197e+01 2.4839e+03
5.1869e-02 2.2197e+03 7.6120e+03 1.0813e+04 -2.3754e+01 -2.2479e+03 2.6121e+04 3.7340e+04 -4.2539e+01 -7.7086e+03 5.9845e+04 2.4617e+03 -1.0949e+04 1.4611e+03 2.4936e+01 2.2764e+03
5.8080e-02 2.0578e+03 7.0618e+03 1.0125e+04 -1.9900e+01 -2.0872e+03 2.4254e+04 3.5027e+04 -3.5135e+01 -7.1627e+03 5.6362e+04 1.9367e+03 -1.0269e+04 1.1779e+03 2.0841e+01 2.1170e+03
6.4221e-02 1.9539e+03 6.6980e+03 9.4845e+03 -4.4498e+01 -1.9858e+03 2.2982e+04 3.2801e+04 -1.2395e+02 -6.8075e+03 5.2384e+04 1.5944e+03 -9.6384e+03 1.0630e+03 4.6007e+01 2.0183e+03
7.0292e-02 1.5646e+03 5.3699e+03 7.6895e+03 -5.6443e+01 -1.5929e+03 1.8454e+04 2.6714e+04 -1.6772e+02 -5.4671e+03 4.4544e+04 1.4589e+03 -7.8279e+03 1.0263e+03 5.8309e+01 1.6217e+03
7.6570e-02 1.5728e+03 5.3979e+03 7.7453e+03 -6.1394e+01 -1.6045e+03 1.8551e+04 2.6912e+04 -1.8317e+02 -5.5067e+03 4.4779e+04 1.3157e+03 -7.8992e+03 9.4718e+02 6.3865e+01 1.6368e+03
8.2833e-02 1.3095e+03 4.4928e+03 6.5167e+03 6.6528e+00 -1.3391e+03 1.5442e+04 2.2706e+04 4.1828e+01 -4.5944e+03 3.9095e+04 1.4989e+03 -6.6618e+03 9.1168e+02 -5.3468e+00 1.3693e+03
8.8863e-02 1.1979e+03 4.1205e+03 6.0366e+03 -4.1377e+01 -1.2282e+03 1.4202e+04 2.1123e+04 -1.2238e+02 -4.2248e+03 3.7085e+04 1.1904e+03 -6.1866e+03 8.7351e+02 4.4085e+01 1.2593e+03
9.4935e-02 1.0540e+03 3.6147e+03 5.1977e+03 -4.8954e+01 -1.0831e+03 1.2424e+04 1.8149e+04 -1.6076e+02 -3.7147e+03 3.1620e+04 8.7321e+02 -5.3380e+03 7.7263e+02 5.1981e+01 1.1131e+03
1.0105e-01 9.5764e+02 3.2875e+03 4.8293e+03 -4.5290e+01 -9.8664e+02 1.1316e+04 1.6926e+04 -1.4531e+02 -3.3871e+03 3.0434e+04 8.5530e+02 -4.9719e+03 7.3988e+02 4.8473e+01 1.0166e+03
1.0719e-01 8.6679e+02 2.9744e+03 4.3379e+03 -5.4806e+01 -8.9577e+02 1.0236e+04 1.5220e+04 -1.7975e+02 -3.0739e+03 2.7398e+04 6.2685e+02 -4.4786e+03 6.3401e+02 5.8483e+01 9.2577e+02
1.1336e-01 8.0427e+02 2.7576e+03 4.0290e+03 -4.1348e+01 -8.3347e+02 9.4866e+03 1.4162e+04 -1.3773e+02 -2.8578e+03 2.5866e+04 6.2020e+02 -4.1705e+03 6.0632e+02 4.4971e+01 8.6379e+02
1.1952e-01 7.7948e+02 2.6722e+03 3.9317e+03 -3.3756e+01 -8.1043e+02 9.1936e+03 1.3832e+04 -1.1301e+02 -2.7783e+03 2.5437e+04 5.6358e+02 -4.0827e+03 5.7256e+02 3.7100e+01 8.4268e+02
1.2567e-01 7.1662e+02 2.4580e+03 3.6227e+03 -5.3516e+01 -7.4779e+02 8.4647e+03 1.2784e+04 -1.8155e+02 -2.5650e+03 2.3866e+04 4.2352e+02 -3.7751e+03 5.5002e+02 5.8013e+01 7.8038e+02
1.3179e-01 6.8413e+02 2.3496e+03 3.5214e+03 -3.7394e+01 -7.1613e+02 8.1024e+03 1.2438e+04 -1.2744e+02 -2.4596e+03 2.3500e+04 4.3464e+02 -3.6794e+03 5.0302e+02 4.1595e+01 7.4972e+02
1.3789e-01 6.3542e+02 2.1793e+03 3.2518e+03 -3.7139e+01 -6.6736e+02 7.5089e+03 1.1509e+04 -1.2870e+02 -2.2889e+03 2.1979e+04 3.6447e+02 -3.4086e+03 4.8167e+02 4.1509e+01 7.0101e+02
1.4406e-01 5.9712e+02 2.0501e+03 3.1311e+03 -3.7474e+01 -6.2940e+02 7.0738e+03 1.1110e+04 -1.2823e+02 -2.1610e+03 2.1747e+04 3.3637e+02 -3.2928e+03 4.4930e+02 4.2151e+01 6.6353e+02
1.5018e-01 5.3751e+02 1.8422e+03 2.8112e+03 -2.5133e+01 -5.6849e+02 6.3483e+03 9.9773e+03 -9.0604e+01 -1.9483e+03 1.9634e+04 2.8999e+02 -2.9649e+03 4.1519e+02 2.9226e+01 6.0138e+02
1.5634e-01 4.8886e+02 1.6754e+03 2.5745e+03 -3.0172e+01 -5.1901e+02 5.7767e+03 9.1611e+03 -1.0937e+02 -1.7787e+03 1.8409e+04 2.1803e+02 -2.7247e+03 3.9182e+02 3.4809e+01 5.5115e+02
1.6254e-01 4.5847e+02 1.5688e+03 2.4060e+03 -3.4514e+01 -4.8878e+02 5.4037e+03 8.5785e+03 -1.2281e+02 -1.6725e+03 1.7424e+04 1.7666e+02 -2.5562e+03 3.7454e+02 3.9572e+01 5.2124e+02
1.6869e-01 4.2935e+02 1.4699e+03 2.2702e+03 -3.8588e+01 -4.5952e+02 5.0679e+03 8.1072e+03 -1.4073e+02 -1.5732e+03 1.6585e+04 9.4807e+01 -2.4199e+03 3.6173e+02 4.4268e+01 4.9198e+02
1.7480e-01 4.0405e+02 1.3814e+03 2.1533e+03 -3.2007e+01 -4.3403e+02 4.7593e+03 7.6997e+03 -1.1800e+02 -1.4839e+03 1.6024e+04 1.0755e+02 -2.3026e+03 3.4059e+02 3.7512e+01 4.6644e+02
1.8091e-01 3.8563e+02 1.3157e+03 2.0382e+03 -2.9458e+01 -4.1598e+02 4.5253e+03 7.2870e+03 -1.0752e+02 -1.4192e+03 1.5161e+04 8.8964e+01 -2.1874e+03 3.1848e+02 3.4871e+01 4.4893e+02
1.8701e-01 3.6621e+02 1.2488e+03 1.9446e+03 -2.6903e+01 -3.9656e+02 4.2947e+03 6.9576e+03 -1.0064e+02 -1.3522e+03 1.4588e+04 6.5686e+01 -2.0935e+03 2.9535e+02 3.2387e+01 4.2967e+02
1.9316e-01 3.5963e+02 1.2271e+03 1.9492e+03 -3.1464e+01 -3.9107e+02 4.2233e+03 6.9750e+03 -1.1787e+02 -1.3342e+03 1.4730e+04 5.1188e+00 -2.1070e+03 2.8248e+02 3.7367e+01 4.2550e+02
1.9933e-01 3.3236e+02 1.1324e+03 1.7877e+03 -2.7029e+01 -3.6317e+02 3.8951e+03 6.4183e+03 -1.0224e+02 -1.2372e+03 1.3756e+04 1.0887e+01 -1.9403e+03 2.7307e+02 3.2769e+01 3.9710e+02
2.0548e-01 3.2118e+02 1.0952e+03 1.7577e+03 -2.7934e+01 -3.5231e+02 3.7702e+03 6.3077e+03 -1.0730e+02 -1.2011e+03 1.3627e+04 -2.8450e+01 -1.9135e+03 2.5856e+02 3.3976e+01 3.8676e+02
2.1163e-01 2.9572e+02 1.0057e+03 1.6108e+03 -2.5764e+01 -3.2587e+02 3.4562e+03 5.7865e+03 -9.9546e+01 -1.1081e+03 1.2602e+04 -2.4994e+01 -1.7606e+03 2.4430e+02 3.1896e+01 3.5941e+02
2.1776e-01 2.7811e+02 9.4529e+02 1.5309e+03 -2.6934e+01 -3.0774e+02 3.2485e+03 5.5035e+03 -1.0369e+02 -1.0459e+03 1.2103e+04 -5.5195e+01 -1.6798e+03 2.3560e+02 3.3189e+01 3.4088e+02
2.2390e-01 2.5747e+02 8.7355e+02 1.4135e+03 -2.1597e+01 -2.8623e+02 2.9994e+03 5.0906e+03 -8.5890e+01 -9.7094e+02 1.1297e+04 -4.6800e+01 -1.5564e+03 2.2412e+02 2.7457e+01 3.1857e+02
2.3001e-01 2.5533e+02 8.6709e+02 1.4290e+03 -2.3742e+01 -2.8504e+02 2.9805e+03 5.1497e+03 -9.3165e+01 -9.6780e+02 1.1525e+04 -7.2805e+01 -1.5800e+03 2.1223e+02 2.9882e+01 3.1860e+02
2.3615e-01 2.3248e+02 7.8753e+02 1.3045e+03 -2.1092e+01 -2.6049e+02 2.7036e+03 4.7108e+03 -8.3802e+01 -8.8220e+02 1.0751e+04 -6.4736e+01 -1.4457e+03 2.0114e+02 2.7196e+01 2.9230e+02
2.4229e-01 2.2454e+02 7.5973e+02 1.2582e+03 -2.0430e+01 -2.5283e+02 2.6060e+03 4.5441e+03 -8.1874e+01 -8.5519e+02 1.0372e+04 -7.5639e+01 -1.4002e+03 1.9472e+02 2.6596e+01 2.8514e+02
2.4841e-01 2.1974e+02 7.4415e+02 1.2480e+03 -2.1608e+01 -2.4850e+02 2.5554e+03 4.5065e+03 -8.6496e+01 -8.4135e+02 1.0299e+04 -9.8936e+01 -1.3947e+03 1.8541e+02 2.7986e+01 2.8152e+02
2.5454e-01 2.0939e+02 7.0741e+02 1.1880e+03 -2.0058e+01 -2.3785e+02 2.4246e+03 4.2880e+03 -8.0606e+01 -8.0330e+02 9.8662e+03 -9.5256e+01 -1.3321e+03 1.7534e+02 2.6421e+01 2.7070e+02
2.6069e-01 1.9795e+02 6.6733e+02 1.1240e+03 -1.7563e+01 -2.2584e+02 2.2845e+03 4.0640e+03 -7.1374e+01 -7.6100e+02 9.4756e+03 -8.8678e+01 -1.2640e+03 1.6739e+02 2.3566e+01 2.5822e+02
2.6686e-01 1.8799e+02 6.3432e+02 1.0804e+03 -1.6861e+01 -2.1544e+02 2.1749e+03 3.9134e+03 -6.9685e+01 -7.2663e+02 9.1823e+03 -9.8138e+01 -1.2200e+03 1.6153e+02 2.2846e+01 2.4750e+02
2.7300e-01 1.8194e+02 6.1282e+02 1.0456e+03 -1.6268e+01 -2.0950e+02 2.0982e+03 3.7828e+03 -6.7979e+01 -7.0535e+02 8.8632e+03 -1.0508e+02 -1.1857e+03 1.5571e+02 2.2323e+01 2.4187e+02
2.7914e-01 1.7421e+02 5.8587e+02 1.0075e+03 -1.7428e+01 -2.0148e+02 2.0040e+03 3.6438e+03 -7.1649e+01 -6.7720e+02 8.5853e+03 -1.1473e+02 -1.1464e+03 1.5050e+02 2.3729e+01 2.3367e+02
2.8524e-01 1.6396e+02 5.5134e+02 9.6004e+02 -1.7453e+01 -1.9039e+02 1.8877e+03 3.4836e+03 -7.1852e+01 -6.3983e+02 8.3513e+03 -1.2319e+02 -1.0955e+03 1.4413e+02 2.3937e+01 2.2179e+02
2.9135e-01 1.5760e+02 5.2826e+02 9.2022e+02 -1.3554e+01 -1.8375e+02 1.8046e+03 3.3372e+03 -5.8044e+01 -6.1552e+02 8.0313e+03 -1.0134e+02 -1.0536e+03 1.3612e+02 1.9396e+01 2.1495e+02
2.9751e-01 1.4910e+02 4.9967e+02 8.8049e+02 -1.3303e+01 -1.7455e+02 1.7079e+03 3.1973e+03 -5.8015e+01 -5.8454e+02 7.7705e+03 -1.1395e+02 -1.0112e+03 1.3269e+02 1.9150e+01 2.0510e+02
3.0365e-01 1.4500e+02 4.8567e+02 8.5888e+02 -1.5385e+01 -1.7065e+02 1.6597e+03 3.1187e+03 -6.4589e+01 -5.7114e+02 7.5746e+03 -1.2749e+02 -9.9127e+02 1.2715e+02 2.1673e+01 2.0161e+02
3.0979e-01 1.3679e+02 4.5781e+02 8.1628e+02 -1.4152e+01 -1.6165e+02 1.5660e+03 2.9756e+03 -6.0037e+01 -5.4057e+02 7.3262e+03 -1.2097e+02 -9.4478e+02 1.2156e+02 2.0303e+01 1.9186e+02
3.1595e-01 1.3391e+02 4.4711e+02 7.9775e+02 -1.3465e+01 -1.5894e+02 1.5263e+03 2.9044e+03 -5.7370e+01 -5.3015e+02 7.1463e+03 -1.2097e+02 -9.2665e+02 1.1815e+02 1.9584e+01 1.8949e+02
3.2211e-01 1.2780e+02 4.2632e+02 7.6589e+02 -1.2243e+01 -1.5236e+02 1.4550e+03 2.7892e+03 -5.3430e+01 -5.0778e+02 6.9070e+03 -1.1762e+02 -8.9308e+02 1.1352e+02 1.8190e+01 1.8253e+02
3.2826e-01 1.2380e+02 4.1219e+02 7.4383e+02 -1.2236e+01 -1.4814e+02 1.4045e+03 2.7035e+03 -5.3534e+01 -4.9273e+02 6.6966e+03 -1.2212e+02 -8.6967e+02 1.0831e+02 1.8175e+01 1.7820e+02
3.3435e-01 1.2008e+02 3.9938e+02 7.2523e+02 -1.1520e+01 -1.4429e+02 1.3605e+03 2.6366e+03 -5.0932e+01 -4.7939e+02 6.5481e+03 -1.1858e+02 -8.5135e+02 1.0489e+02 1.7356e+01 1.7432e+02
3.4048e-01 1.1476e+02 3.8123e+02 6.9501e+02 -1.1411e+01 -1.3850e+02 1.2984e+03 2.5305e+03 -4.9968e+01 -4.5954e+02 6.3284e+03 -1.1837e+02 -8.1825e+02 9.8404e+01 1.7183e+01 1.6813e+02
3.4663e-01 1.0975e+02 3.6433e+02 6.7119e+02 -9.9931e+00 -1.3293e+02 1.2410e+03 2.4474e+03 -4.4902e+01 -4.4069e+02 6.1855e+03 -1.0935e+02 -7.9222e+02 9.6126e+01 1.5593e+01 1.6203e+02
3.5273e-01 1.0584e+02 3.5117e+02 6.5152e+02 -9.7837e+00 -1.2874e+02 1.1966e+03 2.3766e+03 -4.4076e+01 -4.2655e+02 6.0136e+03 -1.1155e+02 -7.7201e+02 9.2948e+01 1.5325e+01 1.5765e+02
3.5887e-01 1.0178e+02 3.3677e+02 6.2694e+02 -1.0160e+01 -1.2431e+02 1.1453e+03 2.2857e+03 -4.5194e+01 -4.1069e+02 5.8135e+03 -1.1690e+02 -7.4515e+02 8.9575e+01 1.5774e+01 1.5290e+02
3.6501e-01 9.7111e+01 3.2078e+02 5.9944e+02 -9.0369e+00 -1.1903e+02 1.0904e+03 2.1879e+03 -4.1099e+01 -3.9253e+02 5.5960e+03 -1.0836e+02 -7.1406e+02 8.6755e+01 1.4469e+01 1.4701e+02
3.7117e-01 9.6167e+01 3.1717e+02 5.9553e+02 -9.1356e+00 -1.1841e+02 1.0761e+03 2.1662e+03 -4.1553e+01 -3.8988e+02 5.5194e+03 -1.1333e+02 -7.1299e+02 8.2475e+01 1.4475e+01 1.4692e+02
3.7731e-01 9.1085e+01 3.0056e+02 5.7017e+02 -8.6780e+00 -1.1257e+02 1.0215e+03 2.0786e+03 -3.9575e+01 -3.7086e+02 5.3376e+03 -1.0790e+02 -6.8464e+02 8.1012e+01 1.4037e+01 1.4028e+02
3.8342e-01 8.8057e+01 2.9005e+02 5.5229e+02 -8.2474e+00 -1.0921e+02 9.8490e+02 2.0143e+03 -3.7626e+01 -3.5906e+02 5.2009e+03 -1.0514e+02 -6.6458e+02 7.6879e+01 1.3439e+01 1.3662e+02
3.8958e-01 8.5045e+01 2.8003e+02 5.3604e+02 -7.4607e+00 -1.0591e+02 9.5136e+02 1.9581e+03 -3.5428e+01 -3.4805e+02 5.0777e+03 -1.0281e+02 -6.4712e+02 7.5168e+01 1.2550e+01 1.3313e+02
3.9572e-01 8.3022e+01 2.7300e+02 5.2543e+02 -7.6492e+00 -1.0372e+02 9.2677e+02 1.9185e+03 -3.5626e+01 -3.4033e+02 4.9872e+03 -1.0366e+02 -6.3604e+02 7.1962e+01 1.2698e+01 1.3082e+02
4.0186e-01 8.0229e+01 2.6353e+02 5.1133e+02 -6.8400e+00 -1.0054e+02 8.9425e+02 1.8662e+03 -3.2792e+01 -3.2947e+02 4.8699e+03 -9.9194e+01 -6.2042e+02 6.9009e+01 1.1728e+01 1.2725e+02
4.0800e-01 7.7266e+01 2.5329e+02 4.9232e+02 -6.8391e+00 -9.7238e+01 8.5870e+02 1.7976e+03 -3.2099e+01 -3.1800e+02 4.7121e+03 -9.5619e+01 -5.9910e+02 6.7013e+01 1.1709e+01 1.2367e+02
4.1411e-01 7.3822e+01 2.4184e+02 4.7243e+02 -6.8447e+00 -9.3250e+01 8.2044e+02 1.7293e+03 -3.2194e+01 -3.0465e+02 4.5602e+03 -9.8116e+01 -5.7625e+02 6.4738e+01 1.1628e+01 1.1912e+02
4.2026e-01 7.1696e+01 2.3458e+02 4.6097e+02 -6.3184e+00 -9.0896e+01 7.9530e+02 1.6848e+03 -3.0629e+01 -2.9667e+02 4.4421e+03 -9.5920e+01 -5.6473e+02 6.1953e+01 1.0963e+01 1.1656e+02
4.2641e-01 6.9659e+01 2.2774e+02 4.5046e+02 -6.2995e+00 -8.8604e+01 7.7188e+02 1.6455e+03 -2.9747e+01 -2.8892e+02 4.3526e+03 -9.2128e+01 -5.5327e+02 5.9525e+01 1.0936e+01 1.1406e+02
4.3253e-01 6.6085e+01 2.1571e+02 4.2777e+02 -5.8702e+00 -8.4305e+01 7.3117e+02 1.5667e+03 -2.8326e+01 -2.7439e+02 4.1717e+03 -9.0014e+01 -5.2618e+02 5.7831e+01 1.0415e+01 1.0892e+02
4.3864e-01 6.4705e+01 2.1091e+02 4.2086e+02 -5.4446e+00 -8.2801e+01 7.1404e+02 1.5390e+03 -2.6910e+01 -2.6911e+02 4.1057e+03 -8.9353e+01 -5.1932e+02 5.5766e+01 9.7732e+00 1.0735e+02
4.4477e-01 6.2336e+01 2.0259e+02 4.0532e+02 -4.7105e+00 -7.9959e+01 6.8461e+02 1.4810e+03 -2.3945e+01 -2.5905e+02 3.9640e+03 -8.1092e+01 -5.0068e+02 5.3869e+01 8.8206e+00 1.0398e+02
4.5094e-01 6.0831e+01 1.9806e+02 4.0040e+02 -5.0027e+00 -7.8349e+01 6.7083e+02 1.4649e+03 -2.4820e+01 -2.5429e+02 3.9279e+03 -8.3206e+01 -4.9697e+02 5.2025e+01 9.1877e+00 1.0233e+02
4.5710e-01 5.8898e+01 1.9123e+02 3.8757e+02 -4.7929e+00 -7.6063e+01 6.4671e+02 1.4184e+03 -2.4074e+01 -2.4612e+02 3.8257e+03 -8.1697e+01 -4.8158e+02 5.0275e+01 8.8852e+00 9.9677e+01
4.6324e-01 5.7037e+01 1.8515e+02 3.7719e+02 -4.4052e+00 -7.3859e+01 6.2677e+02 1.3833e+03 -2.2450e+01 -2.3890e+02 3.7457e+03 -7.7201e+01 -4.6971e+02 4.8155e+01 8.3597e+00 9.7099e+01
4.6938e-01 5.4988e+01 1.7841e+02 3.6472e+02 -4.3958e+00 -7.1519e+01 6.0400e+02 1.3369e+03 -2.2196e+01 -2.3125e+02 3.6191e+03 -7.6741e+01 -4.5628e+02 4.7153e+01 8.3561e+00 9.4491e+01
4.7550e-01 5.3399e+01 1.7323e+02 3.5641e+02 -4.2049e+00 -6.9594e+01 5.8689e+02 1.3083e+03 -2.1648e+01 -2.2492e+02 3.5596e+03 -7.6291e+01 -4.4637e+02 4.5447e+01 8.0624e+00 9.2187e+01
4.8161e-01 5.1842e+01 1.6786e+02 3.4723e+02 -4.0127e+00 -6.7741e+01 5.6792e+02 1.2720e+03 -2.0789e+01 -2.1853e+02 3.4606e+03 -7.4302e+01 -4.3634e+02 4.3768e+01 7.7483e+00 8.9981e+01
4.8774e-01 4.9970e+01 1.6163e+02 3.3560e+02 -3.6965e+00 -6.5482e+01 5.4670e+02 1.2297e+03 -1.9337e+01 -2.1097e+02 3.3563e+03 -6.9351e+01 -4.2236e+02 4.2396e+01 7.3447e+00 8.7301e+01
4.9386e-01 4.8684e+01 1.5731e+02 3.2839e+02 -3.1832e+00 -6.3918e+01 5.3219e+02 1.2044e+03 -1.7676e+01 -2.0571e+02 3.3023e+03 -6.7239e+01 -4.1403e+02 4.0928e+01 6.5713e+00 8.5409e+01
5.0000e-01 4.6671e+01 1.5075e+02 3.1590e+02 -3.5061e+00 -6.1502e+01 5.1025e+02 1.1599e+03 -1.8332e+01 -1.9780e+02 3.1893e+03 -6.6658e+01 -3.9929e+02 3.9370e+01 6.9881e+00 8.2546e+01
5.0617e-01 4.5479e+01 1.4656e+02 3.0795e+02 -3.2405e+00 -6.0087e+01 4.9537e+02 1.1293e+03 -1.7368e+01 -1.9281e+02 3.1073e+03 -6.4441e+01 -3.9026e+02 3.8187e+01 6.5809e+00 8.0897e+01
5.1232e-01 4.3936e+01 1.4168e+02 2.9920e+02 -2.6047e+00 -5.8145e+01 4.7962e+02 1.0993e+03 -1.5157e+01 -1.8666e+02 3.0354e+03 -5.9875e+01 -3.7957e+02 3.6473e+01 5.6931e+00 7.8465e+01
5.1844e-01 4.2706e+01 1.3742e+02 2.9187e+02 -2.8906e+00 -5.6641e+01 4.6439e+02 1.0701e+03 -1.5979e+01 -1.8143e+02 2.9615e+03 -6.1524e+01 -3.7106e+02 3.5459e+01 6.0242e+00 7.6636e+01
5.2458e-01 4.1707e+01 1.3427e+02 2.8668e+02 -2.4173e+00 -5.5407e+01 4.5445e+02 1.0532e+03 -1.4077e+01 -1.7752e+02 2.9236e+03 -5.6454e+01 -3.6485e+02 3.4385e+01 5.3494e+00 7.5121e+01
5.3073e-01 4.0447e+01 1.2991e+02 2.7844e+02 -2.4398e+00 -5.3874e+01 4.3926e+02 1.0226e+03 -1.4034e+01 -1.7220e+02 2.8494e+03 -5.5713e+01 -3.5502e+02 3.3187e+01 5.3723e+00 7.3298e+01
5.3687e-01 3.8842e+01 1.2471e+02 2.6785e+02 -2.1718e+00 -5.1883e+01 4.2186e+02 9.8460e+02 -1.2976e+01 -1.6578e+02 2.7456e+03 -5.2973e+01 -3.4265e+02 3.2026e+01 4.9664e+00 7.0814e+01
5.4296e-01 3.7820e+01 1.2128e+02 2.6150e+02 -2.0855e+00 -5.0624e+01 4.1016e+02 9.6150e+02 -1.2737e+01 -1.6155e+02 2.6896e+03 -5.2544e+01 -3.3520e+02 3.1121e+01 4.7963e+00 6.9266e+01
5.4911e-01 3.6758e+01 1.1798e+02 2.5611e+02 -1.9273e+00 -4.9318e+01 3.9959e+02 9.4291e+02 -1.2127e+01 -1.5748e+02 2.6459e+03 -5.1560e+01 -3.2901e+02 3.0063e+01 4.5186e+00 6.7668e+01
5.5528e-01 3.5734e+01 1.1458e+02 2.4964e+02 -1.8048e+00 -4.8028e+01 3.8804e+02 9.1954e+02 -1.1476e+01 -1.5318e+02 2.5887e+03 -4.8989e+01 -3.2102e+02 2.8876e+01 4.3277e+00 6.6052e+01
5.6141e-01 3.4229e+01 1.0962e+02 2.3950e+02 -1.5668e+00 -4.6111e+01 3.7135e+02 8.8330e+02 -1.0533e+01 -1.4688e+02 2.4944e+03 -4.6578e+01 -3.0866e+02 2.8158e+01 3.9731e+00 6.3614e+01
5.6754e-01 3.3419e+01 1.0699e+02 2.3514e+02 -1.4944e+00 -4.5077e+01 3.6260e+02 8.6705e+02 -1.0362e+01 -1.4358e+02 2.4528e+03 -4.6054e+01 -3.0362e+02 2.7131e+01 3.8548e+00 6.2294e+01
5.7367e-01 3.2477e+01 1.0390e+02 2.2901e+02 -1.5163e+00 -4.3893e+01 3.5204e+02 8.4424e+02 -1.0032e+01 -1.3962e+02 2.3923e+03 -4.4226e+01 -2.9587e+02 2.6098e+01 3.7806e+00 6.0796e+01
5.7981e-01 3.1550e+01 1.0091e+02 2.2370e+02 -1.3615e+00 -4.2701e+01 3.4225e+02 8.2612e+02 -9.4163e+00 -1.3576e+02 2.3521e+03 -4.2822e+01 -2.8922e+02 2.5422e+01 3.5493e+00 5.9273e+01
5.8594e-01 3.0793e+01 9.8458e+01 2.1893e+02 -1.1885e+00 -4.1761e+01 3.3404e+02 8.0821e+02 -8.7896e+00 -1.3276e+02 2.2986e+03 -4.0452e+01 -2.8396e+02 2.4472e+01 3.3065e+00 5.8102e+01
5.9206e-01 2.9643e+01 9.4760e+01 2.1175e+02 -1.2329e+00 -4.0274e+01 3.2181e+02 7.8284e+02 -8.8520e+00 -1.2802e+02 2.2360e+03 -4.0929e+01 -2.7524e+02 2.3656e+01 3.2847e+00 5.6162e+01
5.9819e-01 2.8788e+01 9.1967e+01 2.0662e+02 -1.2315e+00 -3.9150e+01 3.1248e+02 7.6465e+02 -8.6144e+00 -1.2432e+02 2.1930e+03 -3.9159e+01 -2.6861e+02 2.2917e+01 3.2969e+00 5.4690e+01
6.0436e-01 2.8133e+01 8.9885e+01 2.0261e+02 -1.0995e+00 -3.8329e+01 3.0548e+02 7.4946e+02 -8.1915e+00 -1.2174e+02 2.1502e+03 -3.8801e+01 -2.6402e+02 2.2318e+01 3.0316e+00 5.3652e+01
6.1049e-01 2.7193e+01 8.6766e+01 1.9627e+02 -9.6922e-01 -3.7093e+01 2.9494e+02 7.2645e+02 -7.6248e+00 -1.1768e+02 2.0901e+03 -3.6709e+01 -2.5609e+02 2.1454e+01 2.8099e+00 5.2020e+01
6.1661e-01 2.6571e+01 8.4730e+01 1.9224e+02 -9.9965e-01 -3.6343e+01 2.8780e+02 7.1052e+02 -7.5432e+00 -1.1520e+02 2.0445e+03 -3.5783e+01 -2.5151e+02 2.0753e+01 2.8352e+00 5.1119e+01
6.2276e-01 2.5761e+01 8.2188e+01 1.8715e+02 -8.0922e-01 -3.5268e+01 2.7975e+02 6.9352e+02 -6.8049e+00 -1.1185e+02 2.0009e+03 -3.3785e+01 -2.4507e+02 2.0060e+01 2.5198e+00 4.9676e+01
6.2890e-01 2.5017e+01 7.9852e+01 1.8291e+02 -8.1930e-01 -3.4280e+01 2.7197e+02 6.7773e+02 -6.7124e+00 -1.0876e+02 1.9605e+03 -3.3200e+01 -2.3978e+02 1.9404e+01 2.4835e+00 4.8354e+01
6.3503e-01 2.4216e+01 7.7215e+01 1.7717e+02 -5.9073e-01 -3.3229e+01 2.6298e+02 6.5667e+02 -5.8497e+00 -1.0531e+02 1.9030e+03 -3.0655e+01 -2.3246e+02 1.8801e+01 2.1581e+00 4.6972e+01
6.4117e-01 2.3466e+01 7.4798e+01 1.7222e+02 -5.5432e-01 -3.2250e+01 2.5510e+02 6.3992e+02 -5.7251e+00 -1.0218e+02 1.8620e+03 -3.0365e+01 -2.2645e+02 1.8299e+01 2.0580e+00 4.5666e+01
6.4731e-01 2.2914e+01 7.3063e+01 1.6903e+02 -5.4701e-01 -3.1514e+01 2.4944e+02 6.2840e+02 -5.6001e+00 -9.9900e+01 1.8303e+03 -2.9607e+01 -2.2261e+02 1.7609e+01 2.0280e+00 4.4677e+01
6.5344e-01 2.2428e+01 7.1448e+01 1.6570e+02 -5.1608e-01 -3.0888e+01 2.4388e+02 6.1583e+02 -5.4222e+00 -9.7818e+01 1.7955e+03 -2.8880e+01 -2.1854e+02 1.7008e+01 1.9165e+00 4.3849e+01
6.5958e-01 2.1739e+01 6.9200e+01 1.6127e+02 -4.3723e-01 -2.9964e+01 2.3629e+02 5.9953e+02 -5.0586e+00 -9.4814e+01 1.7532e+03 -2.7704e+01 -2.1291e+02 1.6437e+01 1.7703e+00 4.2598e+01
6.6571e-01 2.1128e+01 6.7224e+01 1.5698e+02 -3.8461e-01 -2.9171e+01 2.2957e+02 5.8363e+02 -4.8380e+00 -9.2292e+01 1.7090e+03 -2.6928e+01 -2.0765e+02 1.6004e+01 1.6781e+00 4.1572e+01
6.7184e-01 2.0607e+01 6.5711e+01 1.5441e+02 -3.3137e-01 -2.8452e+01 2.2505e+02 5.7533e+02 -4.5315e+00 -9.0203e+01 1.6888e+03 -2.5850e+01 -2.0434e+02 1.5519e+01 1.5691e+00 4.0553e+01
6.7797e-01 2.0010e+01 6.3800e+01 1.5040e+02 -3.7708e-01 -2.7676e+01 2.1863e+02 5.6059e+02 -4.5727e+00 -8.7760e+01 1.6487e+03 -2.5547e+01 -1.9950e+02 1.5068e+01 1.6214e+00 3.9536e+01
6.8410e-01 1.9369e+01 6.1635e+01 1.4550e+02 -2.3158e-01 -2.6805e+01 2.1108e+02 5.4242e+02 -4.0801e+00 -8.4822e+01 1.5991e+03 -2.4372e+01 -1.9306e+02 1.4649e+01 1.3775e+00 3.8335e+01
6.9025e-01 1.8930e+01 6.0261e+01 1.4282e+02 -2.8321e-01 -2.6241e+01 2.0662e+02 5.3283e+02 -4.1221e+00 -8.3071e+01 1.5730e+03 -2.3889e+01 -1.8988e+02 1.4058e+01 1.3872e+00 3.7595e+01
6.9639e-01 1.8406e+01 5.8657e+01 1.3949e+02 -2.5462e-01 -2.5532e+01 2.0154e+02 5.2151e+02 -3.9366e+00 -8.0917e+01 1.5426e+03 -2.3000e+01 -1.8561e+02 1.3679e+01 1.3403e+00 3.6621e+01
7.0254e-01 1.7914e+01 5.7017e+01 1.3611e+02 -1.4874e-01 -2.4838e+01 1.9578e+02 5.0840e+02 -3.5522e+00 -7.8616e+01 1.5069e+03 -2.1913e+01 -1.8109e+02 1.3357e+01 1.1615e+00 3.5619e+01
7.0868e-01 1.7351e+01 5.5173e+01 1.3191e+02 -1.2888e-01 -2.4087e+01 1.8948e+02 4.9290e+02 -3.4494e+00 -7.6197e+01 1.4637e+03 -2.1533e+01 -1.7578e+02 1.2918e+01 1.1050e+00 3.4611e+01
7.1481e-01 1.6981e+01 5.4091e+01 1.3033e+02 -1.2431e-01 -2.3579e+01 1.8618e+02 4.8748e+02 -3.3107e+00 -7.4738e+01 1.4510e+03 -2.0695e+01 -1.7399e+02 1.2506e+01 1.0753e+00 3.3882e+01
7.2095e-01 1.6477e+01 5.2410e+01 1.2634e+02 -5.3581e-02 -2.2907e+01 1.8039e+02 4.7313e+02 -3.0309e+00 -7.2514e+01 1.4125e+03 -1.9857e+01 -1.6884e+02 1.2088e+01 9.5597e-01 3.2980e+01
7.2708e-01 1.6027e+01 5.0947e+01 1.2297e+02 -7.0886e-02 -2.2300e+01 1.7537e+02 4.6052e+02 -2.9720e+00 -7.0548e+01 1.3755e+03 -1.9356e+01 -1.6448e+02 1.1813e+01 9.5105e-01 3.2140e+01
7.3319e-01 1.5588e+01 4.9637e+01 1.2056e+02 -1.0686e-01 -2.1705e+01 1.7133e+02 4.5229e+02 -3.0009e+00 -6.8802e+01 1.3541e+03 -1.8951e+01 -1.6150e+02 1.1244e+01 9.6670e-01 3.1319e+01
7.3934e-01 1.5143e+01 4.8162e+01 1.1708e+02 -4.9855e-03 -2.1085e+01 1.6614e+02 4.3907e+02 -2.5696e+00 -6.6766e+01 1.3164e+03 -1.7691e+01 -1.5689e+02 1.0945e+01 7.9488e-01 3.0432e+01
7.4548e-01 1.4818e+01 4.7220e+01 1.1535e+02 1.5415e-02 -2.0655e+01 1.6324e+02 4.3311e+02 -2.4873e+00 -6.5525e+01 1.3004e+03 -1.7387e+01 -1.5476e+02 1.0678e+01 7.3770e-01 2.9848e+01
7.5161e-01 1.4328e+01 4.5566e+01 1.1144e+02 2.6967e-02 -1.9970e+01 1.5746e+02 4.1861e+02 -2.3602e+00 -6.3252e+01 1.2603e+03 -1.6757e+01 -1.4955e+02 1.0334e+01 7.0208e-01 2.8881e+01
7.5776e-01 1.3934e+01 4.4378e+01 1.0901e+02 -4.1960e-03 -1.9445e+01 1.5375e+02 4.1038e+02 -2.3971e+00 -6.1686e+01 1.2384e+03 -1.6555e+01 -1.4655e+02 1.0065e+01 7.3093e-01 2.8161e+01
7.6390e-01 1.3633e+01 4.3444e+01 1.0714e+02 1.0021e-01 -1.9022e+01 1.5066e+02 4.0341e+02 -2.0125e+00 -6.0403e+01 1.2193e+03 -1.5505e+01 -1.4415e+02 9.7227e+00 5.2851e-01 2.7543e+01
7.7006e-01 1.3176e+01 4.1981e+01 1.0383e+02 4.1289e-02 -1.8398e+01 1.4576e+02 3.9155e+02 -2.1337e+00 -5.8431e+01 1.1864e+03 -1.5349e+01 -1.3989e+02 9.4100e+00 6.2087e-01 2.6678e+01
7.7616e-01 1.2915e+01 4.1114e+01 1.0179e+02 7.2416e-02 -1.8058e+01 1.4268e+02 3.8348e+02 -2.0067e+00 -5.7315e+01 1.1614e+03 -1.4984e+01 -1.3743e+02 9.1853e+00 5.4083e-01 2.6213e+01
7.8228e-01 1.2547e+01 3.9992e+01 9.9484e+01 8.1367e-02 -1.7537e+01 1.3914e+02 3.7565e+02 -1.8558e+00 -5.5735e+01 1.1412e+03 -1.4317e+01 -1.3431e+02 8.8503e+00 5.0715e-01 2.5461e+01
7.8842e-01 1.2252e+01 3.9042e+01 9.7354e+01 1.1936e-01 -1.7116e+01 1.3583e+02 3.6750e+02 -1.7014e+00 -5.4396e+01 1.1179e+03 -1.3623e+01 -1.3146e+02 8.5887e+00 4.3391e-01 2.4837e+01
7.9456e-01 1.1844e+01 3.7774e+01 9.4549e+01 1.0120e-01 -1.6559e+01 1.3177e+02 3.5786e+02 -1.7372e+00 -5.2695e+01 1.0916e+03 -1.3511e+01 -1.2784e+02 8.3611e+00 4.4613e-01 2.4063e+01
8.0070e-01 1.1542e+01 3.6781e+01 9.2244e+01 1.3406e-01 -1.6140e+01 1.2829e+02 3.4896e+02 -1.5486e+00 -5.1338e+01 1.0655e+03 -1.2778e+01 -1.2483e+02 8.0901e+00 3.7028e-01 2.3464e+01
8.0683e-01 1.1268e+01 3.5901e+01 9.0249e+01 1.3564e-01 -1.5756e+01 1.2531e+02 3.4170e+02 -1.5072e+00 -5.0125e+01 1.0453e+03 -1.2593e+01 -1.2222e+02 7.8363e+00 3.3817e-01 2.2908e+01
8.1298e-01 1.1008e+01 3.5075e+01 8.8348e+01 1.3416e-01 -1.5393e+01 1.2259e+02 3.3472e+02 -1.4432e+00 -4.9002e+01 1.0241e+03 -1.2144e+01 -1.1978e+02 7.6233e+00 3.3504e-01 2.2390e+01
8.1914e-01 1.0690e+01 3.4103e+01 8.6344e+01 1.8778e-01 -1.4941e+01 1.1946e+02 3.2790e+02 -1.2534e+00 -4.7631e+01 1.0078e+03 -1.1587e+01 -1.1704e+02 7.4505e+00 2.4778e-01 2.1733e+01
8.2526e-01 1.0442e+01 3.3330e+01 8.4704e+01 1.5889e-01 -1.4600e+01 1.1686e+02 3.2163e+02 -1.2580e+00 -4.6580e+01 9.8933e+02 -1.1275e+01 -1.1494e+02 7.1938e+00 2.6344e-01 2.1242e+01
8.3138e-01 1.0165e+01 3.2387e+01 8.2271e+01 1.9239e-01 -1.4225e+01 1.1350e+02 3.1240e+02 -1.1250e+00 -4.5314e+01 9.6135e+02 -1.0766e+01 -1.1179e+02 7.0009e+00 2.0592e-01 2.0718e+01
8.3752e-01 9.8876e+00 3.1562e+01 8.0533e+01 1.7305e-01 -1.3845e+01 1.1084e+02 3.0616e+02 -1.1604e+00 -4.4203e+01 9.4421e+02 -1.0739e+01 -1.0957e+02 6.8143e+00 2.1747e-01 2.0184e+01
8.4366e-01 9.6171e+00 3.0671e+01 7.8413e+01 1.9992e-01 -1.3454e+01 1.0776e+02 2.9838e+02 -1.0061e+00 -4.2927e+01 9.2277e+02 -1.0152e+01 -1.0662e+02 6.6141e+00 1.6200e-01 1.9601e+01
8.4979e-01 9.4033e+00 3.0029e+01 7.7105e+01 1.4308e-01 -1.3165e+01 1.0574e+02 2.9383e+02 -1.1446e+00 -4.2086e+01 9.1036e+02 -1.0320e+01 -1.0506e+02 6.4026e+00 2.2884e-01 1.9196e+01
8.5593e-01 9.1522e+00 2.9234e+01 7.5265e+01 1.8858e-01 -1.2807e+01 1.0313e+02 2.8734e+02 -1.0000e+00 -4.0977e+01 8.9195e+02 -9.8587e+00 -1.0261e+02 6.2582e+00 1.5062e-01 1.8672e+01
8.6206e-01 8.9130e+00 2.8485e+01 7.3490e+01 1.6414e-01 -1.2476e+01 1.0063e+02 2.8087e+02 -1.0231e+00 -3.9955e+01 8.7289e+02 -9.7641e+00 -1.0028e+02 6.0768e+00 1.6751e-01 1.8200e+01
8.6820e-01 8.7183e+00 2.7855e+01 7.2042e+01 1.8228e-01 -1.2202e+01 9.8382e+01 2.7492e+02 -9.1899e-01 -3.9087e+01 8.5414e+02 -9.2480e+00 -9.8410e+01 5.8770e+00 1.3196e-01 1.7800e+01
8.7433e-01 8.4622e+00 2.7016e+01 6.9960e+01 2.1311e-01 -1.1840e+01 9.5530e+01 2.6758e+02 -7.8163e-01 -3.7902e+01 8.3375e+02 -8.7731e+00 -9.5539e+01 5.7088e+00 7.4723e-02 1.7269e+01
8.8046e-01 8.2861e+00 2.6517e+01 6.8989e+01 1.9272e-01 -1.1595e+01 9.3993e+01 2.6411e+02 -8.2502e-01 -3.7230e+01 8.2418e+02 -8.7961e+00 -9.4320e+01 5.5594e+00 8.2069e-02 1.6918e+01
8.8661e-01 8.0530e+00 2.5761e+01 6.7221e+01 1.8918e-01 -1.1266e+01 9.1359e+01 2.5737e+02 -7.9015e-01 -3.6182e+01 8.0462e+02 -8.4879e+00 -9.1977e+01 5.3942e+00 8.7609e-02 1.6440e+01
8.9275e-01 7.8233e+00 2.5020e+01 6.5407e+01 2.1251e-01 -1.0940e+01 8.8840e+01 2.5074e+02 -6.8999e-01 -3.5147e+01 7.8501e+02 -8.0716e+00 -8.9544e+01 5.2323e+00 3.7139e-02 1.5961e+01
8.9890e-01 7.6287e+00 2.4409e+01 6.3998e+01 2.2473e-01 -1.0671e+01 8.6894e+01 2.4596e+02 -6.1176e-01 -3.4321e+01 7.7172e+02 -7.7156e+00 -8.7724e+01 5.1150e+00 1.2314e-02 1.5576e+01
9.0503e-01 7.4343e+00 2.3822e+01 6.2630e+01 2.0214e-01 -1.0401e+01 8.4935e+01 2.4094e+02 -6.7162e-01 -3.3507e+01 7.5724e+02 -7.7253e+00 -8.5882e+01 4.9678e+00 3.8465e-02 1.5187e+01
9.1117e-01 7.2367e+00 2.3185e+01 6.1065e+01 2.0850e-01 -1.0125e+01 8.2723e+01 2.3496e+02 -6.0716e-01 -3.2638e+01 7.3900e+02 -7.4869e+00 -8.3845e+01 4.8036e+00 1.5828e-02 1.4792e+01
9.1731e-01 7.0704e+00 2.2647e+01 5.9807e+01 2.0802e-01 -9.8904e+00 8.0874e+01 2.3022e+02 -5.5476e-01 -3.1892e+01 7.2526e+02 -7.1445e+00 -8.2183e+01 4.6715e+00 3.2303e-03 1.4443e+01
9.2344e-01 6.8899e+00 2.2054e+01 5.8337e+01 2.1318e-01 -9.6346e+00 7.8802e+01 2.2470e+02 -5.5227e-01 -3.1070e+01 7.0891e+02 -7.0655e+00 -8.0204e+01 4.5712e+00 -8.8464e-03 1.4072e+01
9.2956e-01 6.7349e+00 2.1580e+01 5.7246e+01 2.0932e-01 -9.4151e+00 7.7220e+01 2.2072e+02 -5.2454e-01 -3.0396e+01 6.9770e+02 -6.9037e+00 -7.8696e+01 4.4355e+00 -1.7998e-02 1.3751e+01
9.3569e-01 6.5269e+00 2.0949e+01 5.5803e+01 1.7779e-01 -9.1207e+00 7.5161e+01 2.1553e+02 -5.8298e-01 -2.9516e+01 6.8266e+02 -6.8576e+00 -7.6758e+01 4.3012e+00 1.9272e-02 1.3323e+01
9.4183e-01 6.3818e+00 2.0462e+01 5.4573e+01 2.0618e-01 -8.9190e+00 7.3422e+01 2.1074e+02 -4.7548e-01 -2.8853e+01 6.6787e+02 -6.4791e+00 -7.5150e+01 4.1938e+00 -3.1638e-02 1.3028e+01
9.4799e-01 6.2575e+00 2.0078e+01 5.3705e+01 2.2117e-01 -8.7417e+00 7.2136e+01 2.0754e+02 -3.9124e-01 -2.8307e+01 6.5889e+02 -6.1521e+00 -7.3961e+01 4.1037e+00 -6.1934e-02 1.2763e+01
9.5411e-01 6.0636e+00 1.9452e+01 5.2177e+01 2.0273e-01 -8.4666e+00 7.0013e+01 2.0204e+02 -4.2040e-01 -2.7427e+01 6.4322e+02 -6.1105e+00 -7.1861e+01 3.9711e+00 -4.6366e-02 1.2362e+01
9.6024e-01 5.9347e+00 1.9050e+01 5.1196e+01 2.0604e-01 -8.2862e+00 6.8627e+01 1.9831e+02 -3.7946e-01 -2.6875e+01 6.3188e+02 -5.8527e+00 -7.0581e+01 3.8644e+00 -5.4506e-02 1.2098e+01
9.6637e-01 5.7392e+00 1.8423e+01 4.9667e+01 2.0944e-01 -8.0123e+00 6.6528e+01 1.9283e+02 -3.7136e-01 -2.6014e+01 6.1605e+02 -5.7682e+00 -6.8548e+01 3.7673e+00 -6.6101e-02 1.1704e+01
9.7251e-01 5.6062e+00 1.8004e+01 4.8616e+01 2.0706e-01 -7.8239e+00 6.5069e+01 1.8878e+02 -3.2464e-01 -2.5424e+01 6.0344e+02 -5.4567e+00 -6.7114e+01 3.6476e+00 -7.0872e-02 1.1427e+01
9.7865e-01 5.4946e+00 1.7647e+01 4.7765e+01 2.0082e-01 -7.6628e+00 6.3818e+01 1.8556e+02 -3.5505e-01 -2.4913e+01 5.9409e+02 -5.5183e+00 -6.5942e+01 3.5732e+00 -6.9472e-02 1.1185e+01
9.8477e-01 5.3569e+00 1.7215e+01 4.6714e+01 2.0140e-01 -7.4689e+00 6.2392e+01 1.8179e+02 -3.4176e-01 -2.4319e+01 5.8296e+02 -5.4045e+00 -6.4548e+01 3.4658e+00 -7.6100e-02 1.0904e+01
9.9092e-01 5.2137e+00 1.6742e+01 4.5490e+01 2.1977e-01 -7.2689e+00 6.0684e+01 1.7697e+02 -2.3949e-01 -2.3664e+01 5.6805e+02 -4.9802e+00 -6.2903e+01 3.3838e+00 -1.0994e-01 1.0614e+01
9.9706e-01 5.0965e+00 1.6380e+01 4.4617e+01 2.1124e-01 -7.1032e+00 5.9447e+01 1.7368e+02 -2.3646e-01 -2.3158e+01 5.5816e+02 -4.8740e+00 -6.1723e+01 3.2928e+00 -1.0043e-01 1.0369e+01
1.0032e+00 4.9801e+00 1.6015e+01 4.3748e+01 2.0478e-01 -6.9369e+00 5.8237e+01 1.7052e+02 -2.5025e-01 -2.2652e+01 5.4870e+02 -4.8072e+00 -6.0580e+01 3.1968e+00 -9.7744e-02 1.0124e+01
1.0093e+00 4.8594e+00 1.5649e+01 4.2875e+01 2.0205e-01 -6.7708e+00 5.7004e+01 1.6731e+02 -2.2904e-01 -2.2141e+01 5.3945e+02 -4.6553e+00 -5.9379e+01 3.1215e+00 -1.0027e-01 9.8840e+00
1.0155e+00 4.7057e+00 1.5150e+01 4.1604e+01 2.0029e-01 -6.5470e+00 5.5282e+01 1.6258e+02 -2.1984e-01 -2.1433e+01 5.2515e+02 -4.5557e+00 -5.7631e+01 3.0357e+00 -1.0171e-01 9.5507e+00
1.0216e+00 4.6031e+00 1.4810e+01 4.0729e+01 2.0210e-01 -6.4042e+00 5.4057e+01 1.5916e+02 -1.9349e-01 -2.0961e+01 5.1469e+02 -4.4018e+00 -5.6443e+01 2.9671e+00 -1.0974e-01 9.3455e+00
1.0277e+00 4.4950e+00 1.4488e+01 3.9984e+01 2.0133e-01 -6.2554e+00 5.2994e+01 1.5647e+02 -1.7317e-01 -2.0517e+01 5.0689e+02 -4.2361e+00 -5.5449e+01 2.8819e+00 -1.1504e-01 9.1302e+00
1.0339e+00 4.3717e+00 1.4075e+01 3.8898e+01 1.9100e-01 -6.0802e+00 5.1511e+01 1.5222e+02 -1.9773e-01 -1.9938e+01 4.9353e+02 -4.2126e+00 -5.3962e+01 2.8103e+00 -1.0695e-01 8.8734e+00
1.0400e+00 4.2875e+00 1.3803e+01 3.8237e+01 1.9304e-01 -5.9569e+00 5.0550e+01 1.4973e+02 -1.8233e-01 -1.9546e+01 4.8652e+02 -4.1406e+00 -5.3041e+01 2.7340e+00 -1.1330e-01 8.6870e+00
1.0462e+00 4.1563e+00 1.3379e+01 3.7121e+01 1.8317e-01 -5.7768e+00 4.9105e+01 1.4572e+02 -1.9367e-01 -1.8966e+01 4.7449e+02 -4.0592e+00 -5.1546e+01 2.6525e+00 -1.0428e-01 8.4322e+00
1.0523e+00 4.0697e+00 1.3125e+01 3.6542e+01 1.8851e-01 -5.6537e+00 4.8232e+01 1.4339e+02 -1.6088e-01 -1.8615e+01 4.6712e+02 -3.9205e+00 -5.0804e+01 2.5946e+00 -1.1622e-01 8.2485e+00
1.0584e+00 3.9667e+00 1.2786e+01 3.5586e+01 2.0083e-01 -5.5145e+00 4.7032e+01 1.3985e+02 -1.1756e-01 -1.8153e+01 4.5607e+02 -3.7490e+00 -4.9519e+01 2.5430e+00 -1.3542e-01 8.0527e+00
1.0646e+00 3.8792e+00 1.2513e+01 3.4943e+01 1.9670e-01 -5.3826e+00 4.6121e+01 1.3740e+02 -1.0156e-01 -1.7750e+01 4.4828e+02 -3.5727e+00 -4.8600e+01 2.4572e+00 -1.3554e-01 7.8486e+00
1.0707e+00 3.7908e+00 1.2233e+01 3.4257e+01 1.8509e-01 -5.2603e+00 4.5131e+01 1.3484e+02 -1.3417e-01 -1.7360e+01 4.4102e+02 -3.6109e+00 -4.7683e+01 2.4039e+00 -1.2156e-01 7.6704e+00
1.0768e+00 3.6916e+00 1.1913e+01 3.3404e+01 1.8122e-01 -5.1214e+00 4.3998e+01 1.3156e+02 -1.2301e-01 -1.6916e+01 4.3065e+02 -3.4877e+00 -4.6527e+01 2.3331e+00 -1.1913e-01 7.4684e+00
1.0830e+00 3.6000e+00 1.1628e+01 3.2691e+01 1.8391e-01 -4.9922e+00 4.3013e+01 1.2886e+02 -1.0957e-01 -1.6516e+01 4.2244e+02 -3.3993e+00 -4.5546e+01 2.2842e+00 -1.2616e-01 7.2801e+00
1.0891e+00 3.5076e+00 1.1329e+01 3.1901e+01 1.8224e-01 -4.8598e+00 4.1956e+01 1.2588e+02 -9.3507e-02 -1.6089e+01 4.1330e+02 -3.2807e+00 -4.4443e+01 2.2239e+00 -1.2944e-01 7.0844e+00
1.0952e+00 3.4258e+00 1.1076e+01 3.1272e+01 1.7601e-01 -4.7490e+00 4.1091e+01 1.2348e+02 -9.9686e-02 -1.5752e+01 4.0571e+02 -3.2145e+00 -4.3633e+01 2.1627e+00 -1.2311e-01 6.9278e+00
1.1014e+00 3.3368e+00 1.0793e+01 3.0535e+01 1.7728e-01 -4.6217e+00 4.0100e+01 1.2075e+02 -9.3911e-02 -1.5342e+01 3.9773e+02 -3.1752e+00 -4.2591e+01 2.1163e+00 -1.3001e-01 6.7380e+00
1.1075e+00 3.2680e+00 1.0571e+01 2.9957e+01 1.8078e-01 -4.5250e+00 3.9305e+01 1.1846e+02 -6.8170e-02 -1.5037e+01 3.9020e+02 -3.0101e+00 -4.1823e+01 2.0609e+00 -1.3556e-01 6.5974e+00
1.1136e+00 3.1883e+00 1.0327e+01 2.9349e+01 1.7224e-01 -4.4139e+00 3.8483e+01 1.1623e+02 -8.4144e-02 -1.4694e+01 3.8355e+02 -2.9995e+00 -4.0990e+01 2.0132e+00 -1.2656e-01 6.4354e+00
1.1198e+00 3.1150e+00 1.0086e+01 2.8732e+01 1.7196e-01 -4.3076e+00 3.7599e+01 1.1378e+02 -7.4571e-02 -1.4350e+01 3.7606e+02 -2.9253e+00 -4.0132e+01 1.9635e+00 -1.3018e-01 6.2758e+00
1.1259e+00 3.0426e+00 9.8621e+00 2.8156e+01 1.6511e-01 -4.2087e+00 3.6822e+01 1.1161e+02 -7.6149e-02 -1.4039e+01 3.6944e+02 -2.8528e+00 -3.9344e+01 1.9124e+00 -1.2204e-01 6.1350e+00
1.1321e+00 2.9523e+00 9.5737e+00 2.7367e+01 1.6721e-01 -4.0831e+00 3.5802e+01 1.0865e+02 -6.6796e-02 -1.3636e+01 3.6018e+02 -2.7800e+00 -3.8263e+01 1.8671e+00 -1.2826e-01 5.9540e+00
1.1382e+00 2.8847e+00 9.3504e+00 2.6769e+01 1.6965e-01 -3.9859e+00 3.4990e+01 1.0631e+02 -5.3102e-02 -1.3317e+01 3.5281e+02 -2.6738e+00 -3.7425e+01 1.8160e+00 -1.3282e-01 5.8094e+00
1.1443e+00 2.8205e+00 9.1466e+00 2.6248e+01 1.6482e-01 -3.8959e+00 3.4258e+01 1.0424e+02 -5.5635e-02 -1.3031e+01 3.4624e+02 -2.6287e+00 -3.6716e+01 1.7773e+00 -1.2950e-01 5.6776e+00
1.1505e+00 2.7584e+00 8.9621e+00 2.5791e+01 1.6446e-01 -3.8086e+00 3.3642e+01 1.0259e+02 -4.2541e-02 -1.2770e+01 3.4130e+02 -2.5405e+00 -3.6087e+01 1.7331e+00 -1.3105e-01 5.5496e+00
1.1566e+00 2.6908e+00 8.7315e+00 2.5165e+01 1.5458e-01 -3.7145e+00 3.2796e+01 1.0015e+02 -7.0281e-02 -1.2452e+01 3.3369e+02 -2.5803e+00 -3.5251e+01 1.6950e+00 -1.1787e-01 5.4136e+00
1.1627e+00 2.6173e+00 8.5090e+00 2.4593e+01 1.5711e-01 -3.6119e+00 3.2026e+01 9.7998e+01 -4.4236e-02 -1.2137e+01 3.2713e+02 -2.4159e+00 -3.4449e+01 1.6463e+00 -1.2380e-01 5.2642e+00
1.1689e+00 2.5646e+00 8.3395e+00 2.4166e+01 1.5119e-01 -3.5358e+00 3.1415e+01 9.6315e+01 -6.1466e-02 -1.1892e+01 3.2188e+02 -2.4285e+00 -3.3850e+01 1.6064e+00 -1.1844e-01 5.1493e+00
1.1750e+00 2.5010e+00 8.1355e+00 2.3589e+01 1.5571e-01 -3.4493e+00 3.0683e+01 9.4093e+01 -4.1461e-02 -1.1614e+01 3.1466e+02 -2.3280e+00 -3.3079e+01 1.5729e+00 -1.2555e-01 5.0272e+00
1.1811e+00 2.4357e+00 7.9255e+00 2.3029e+01 1.5608e-01 -3.3571e+00 2.9948e+01 9.2013e+01 -2.9165e-02 -1.1317e+01 3.0828e+02 -2.2628e+00 -3.2300e+01 1.5404e+00 -1.2994e-01 4.8925e+00
1.1873e+00 2.3836e+00 7.7633e+00 2.2594e+01 1.4769e-01 -3.2830e+00 2.9367e+01 9.0323e+01 -5.3411e-02 -1.1083e+01 3.0283e+02 -2.2826e+00 -3.1690e+01 1.5005e+00 -1.1880e-01 4.7820e+00
1.1934e+00 2.3253e+00 7.5742e+00 2.2106e+01 1.5312e-01 -3.2013e+00 2.8657e+01 8.8322e+01 -1.9382e-02 -1.0814e+01 2.9671e+02 -2.1294e+00 -3.1002e+01 1.4650e+00 -1.2856e-01 4.6628e+00
1.1996e+00 2.2795e+00 7.4256e+00 2.1706e+01 1.4576e-01 -3.1354e+00 2.8132e+01 8.6806e+01 -3.3462e-02 -1.0603e+01 2.9171e+02 -2.1080e+00 -3.0456e+01 1.4268e+00 -1.2075e-01 4.5645e+00
1.2057e+00 2.2128e+00 7.2127e+00 2.1111e+01 1.4521e-01 -3.0434e+00 2.7362e+01 8.4522e+01 -3.6034e-02 -1.0305e+01 2.8450e+02 -2.0828e+00 -2.9632e+01 1.3977e+00 -1.2045e-01 4.4323e+00
1.2118e+00 2.1718e+00 7.0767e+00 2.0748e+01 1.4718e-01 -2.9853e+00 2.6862e+01 8.3091e+01 -2.1810e-02 -1.0110e+01 2.8003e+02 -1.9921e+00 -2.9122e+01 1.3629e+00 -1.2480e-01 4.3461e+00
1.2179e+00 2.1144e+00 6.9061e+00 2.0291e+01 1.4208e-01 -2.9070e+00 2.6277e+01 8.1389e+01 -2.1696e-02 -9.8732e+00 2.7450e+02 -1.9448e+00 -2.8503e+01 1.3289e+00 -1.1964e-01 4.2352e+00
1.2241e+00 2.0553e+00 6.7104e+00 1.9763e+01 1.3667e-01 -2.8237e+00 2.5576e+01 7.9373e+01 -3.0952e-02 -9.5988e+00 2.6839e+02 -1.9346e+00 -2.7774e+01 1.3010e+00 -1.1368e-01 4.1138e+00
1.2302e+00 2.0154e+00 6.5890e+00 1.9439e+01 1.3516e-01 -2.7701e+00 2.5136e+01 7.8091e+01 -3.1818e-02 -9.4302e+00 2.6417e+02 -1.8969e+00 -2.7334e+01 1.2705e+00 -1.1325e-01 4.0365e+00
1.2364e+00 1.9668e+00 6.4310e+00 1.9007e+01 1.3594e-01 -2.7011e+00 2.4545e+01 7.6404e+01 -2.2086e-02 -9.2022e+00 2.5898e+02 -1.8345e+00 -2.6725e+01 1.2401e+00 -1.1660e-01 3.9353e+00
1.2425e+00 1.9232e+00 6.2915e+00 1.8634e+01 1.3272e-01 -2.6389e+00 2.4041e+01 7.4913e+01 -2.8606e-02 -9.0015e+00 2.5409e+02 -1.8104e+00 -2.6204e+01 1.2140e+00 -1.1170e-01 3.8418e+00
1.2486e+00 1.8785e+00 6.1587e+00 1.8276e+01 1.2868e-01 -2.5787e+00 2.3575e+01 7.3569e+01 -3.1835e-02 -8.8187e+00 2.4983e+02 -1.7847e+00 -2.5718e+01 1.1871e+00 -1.0879e-01 3.7569e+00
1.2548e+00 1.8325e+00 6.0068e+00 1.7864e+01 1.2422e-01 -2.5134e+00 2.3033e+01 7.2012e+01 -3.8100e-02 -8.6030e+00 2.4498e+02 -1.7587e+00 -2.5145e+01 1.1557e+00 -1.0350e-01 3.6613e+00
1.2609e+00 1.7943e+00 5.8783e+00 1.7487e+01 1.2570e-01 -2.4605e+00 2.2534e+01 7.0451e+01 -3.1424e-02 -8.4231e+00 2.3973e+02 -1.7071e+00 -2.4625e+01 1.1365e+00 -1.0557e-01 3.5846e+00
1.2671e+00 1.7500e+00 5.7413e+00 1.7110e+01 1.2309e-01 -2.3988e+00 2.2065e+01 6.9075e+01 -2.9511e-02 -8.2320e+00 2.3530e+02 -1.6581e+00 -2.4114e+01 1.1073e+00 -1.0214e-01 3.4955e+00
1.2732e+00 1.7098e+00 5.6085e+00 1.6761e+01 1.2253e-01 -2.3410e+00 2.1549e+01 6.7624e+01 -2.9310e-02 -8.0326e+00 2.3087e+02 -1.6269e+00 -2.3596e+01 1.0788e+00 -1.0324e-01 3.4069e+00
1.2793e+00 1.6737e+00 5.4905e+00 1.6417e+01 1.2543e-01 -2.2922e+00 2.1110e+01 6.6238e+01 -1.2789e-02 -7.8722e+00 2.2607e+02 -1.5460e+00 -2.3140e+01 1.0585e+00 -1.0811e-01 3.3384e+00
1.2855e+00 1.6362e+00 5.3755e+00 1.6129e+01 1.1867e-01 -2.2381e+00 2.0705e+01 6.5158e+01 -3.1563e-02 -7.7023e+00 2.2300e+02 -1.5721e+00 -2.2712e+01 1.0365e+00 -9.9349e-02 3.2574e+00
1.2916e+00 1.5969e+00 5.2526e+00 1.5773e+01 1.1888e-01 -2.1860e+00 2.0256e+01 6.3773e+01 -1.7590e-02 -7.5346e+00 2.1830e+02 -1.4831e+00 -2.2240e+01 1.0122e+00 -1.0179e-01 3.1846e+00
1.2977e+00 1.5560e+00 5.1168e+00 1.5402e+01 1.1187e-01 -2.1285e+00 1.9747e+01 6.2314e+01 -3.7393e-02 -7.3400e+00 2.1391e+02 -1.5282e+00 -2.1714e+01 9.9225e-01 -9.3350e-02 3.1003e+00
1.3039e+00 1.5232e+00 5.0108e+00 1.5100e+01 1.1315e-01 -2.0810e+00 1.9360e+01 6.1099e+01 -2.3953e-02 -7.1872e+00 2.0968e+02 -1.4355e+00 -2.1289e+01 9.7036e-01 -9.5242e-02 3.0296e+00
1.3100e+00 1.4876e+00 4.9045e+00 1.4811e+01 1.1150e-01 -2.0341e+00 1.8984e+01 6.0036e+01 -2.3282e-02 -7.0414e+00 2.0640e+02 -1.4091e+00 -2.0902e+01 9.4668e-01 -9.3464e-02 2.9642e+00
1.3161e+00 1.4539e+00 4.7897e+00 1.4479e+01 1.1194e-01 -1.9861e+00 1.8549e+01 5.8704e+01 -2.1354e-02 -6.8763e+00 2.0205e+02 -1.3795e+00 -2.0429e+01 9.2513e-01 -9.5955e-02 2.8929e+00
1.3223e+00 1.4229e+00 4.6908e+00 1.4216e+01 1.0755e-01 -1.9429e+00 1.8190e+01 5.7669e+01 -2.7404e-02 -6.7358e+00 1.9875e+02 -1.3565e+00 -2.0064e+01 9.0291e-01 -8.9867e-02 2.8298e+00
1.3284e+00 1.3912e+00 4.5893e+00 1.3917e+01 1.0746e-01 -1.8991e+00 1.7811e+01 5.6518e+01 -2.5086e-02 -6.5925e+00 1.9495e+02 -1.3279e+00 -1.9657e+01 8.8413e-01 -9.0738e-02 2.7665e+00
1.3345e+00 1.3637e+00 4.5028e+00 1.3684e+01 1.0549e-01 -1.8612e+00 1.7482e+01 5.5544e+01 -2.2866e-02 -6.4661e+00 1.9178e+02 -1.2933e+00 -1.9317e+01 8.6595e-01 -8.8998e-02 2.7101e+00
1.3407e+00 1.3287e+00 4.3899e+00 1.3356e+01 1.0492e-01 -1.8125e+00 1.7081e+01 5.4310e+01 -2.1353e-02 -6.3089e+00 1.8767e+02 -1.2635e+00 -1.8869e+01 8.4822e-01 -8.8554e-02 2.6407e+00
1.3468e+00 1.3010e+00 4.3038e+00 1.3136e+01 9.8756e-02 -1.7732e+00 1.6762e+01 5.3436e+01 -3.3046e-02 -6.1811e+00 1.8508e+02 -1.2689e+00 -1.8545e+01 8.3052e-01 -8.1761e-02 2.5819e+00
1.3529e+00 1.2661e+00 4.1905e+00 1.2796e+01 9.9429e-02 -1.7266e+00 1.6337e+01 5.2087e+01 -2.3635e-02 -6.0247e+00 1.8049e+02 -1.2116e+00 -1.8081e+01 8.1256e-01 -8.3714e-02 2.5161e+00
1.3591e+00 1.2419e+00 4.1077e+00 1.2553e+01 9.9074e-02 -1.6923e+00 1.6019e+01 5.1114e+01 -2.5381e-02 -5.9062e+00 1.7724e+02 -1.1970e+00 -1.7744e+01 7.9677e-01 -8.3155e-02 2.4654e+00
1.3652e+00 1.2123e+00 4.0114e+00 1.2282e+01 9.7295e-02 -1.6508e+00 1.5657e+01 5.0040e+01 -2.5198e-02 -5.7667e+00 1.7381e+02 -1.1700e+00 -1.7353e+01 7.7987e-01 -8.1800e-02 2.4048e+00
1.3714e+00 1.1879e+00 3.9377e+00 1.2086e+01 9.5873e-02 -1.6180e+00 1.5385e+01 4.9250e+01 -2.0404e-02 -5.6635e+00 1.7125e+02 -1.1198e+00 -1.7088e+01 7.6205e-01 -8.0624e-02 2.3577e+00
1.3775e+00 1.1656e+00 3.8652e+00 1.1881e+01 9.2201e-02 -1.5861e+00 1.5112e+01 4.8436e+01 -3.0472e-02 -5.5563e+00 1.6863e+02 -1.1293e+00 -1.6790e+01 7.4540e-01 -7.5461e-02 2.3094e+00
1.3836e+00 1.1395e+00 3.7805e+00 1.1632e+01 9.3570e-02 -1.5499e+00 1.4800e+01 4.7470e+01 -2.4403e-02 -5.4367e+00 1.6536e+02 -1.0957e+00 -1.6441e+01 7.3193e-01 -7.8513e-02 2.2572e+00
1.3898e+00 1.1087e+00 3.6775e+00 1.1332e+01 9.0998e-02 -1.5074e+00 1.4413e+01 4.6287e+01 -2.2663e-02 -5.2909e+00 1.6155e+02 -1.0650e+00 -1.6022e+01 7.1718e-01 -7.5732e-02 2.1960e+00
1.3959e+00 1.0885e+00 3.6173e+00 1.1161e+01 8.9034e-02 -1.4806e+00 1.4188e+01 4.5600e+01 -2.6038e-02 -5.2065e+00 1.5927e+02 -1.0537e+00 -1.5786e+01 7.0125e-01 -7.4202e-02 2.1579e+00
1.4020e+00 1.0638e+00 3.5361e+00 1.0929e+01 8.8026e-02 -1.4460e+00 1.3897e+01 4.4732e+01 -2.3526e-02 -5.0919e+00 1.5644e+02 -1.0243e+00 -1.5469e+01 6.8630e-01 -7.3285e-02 2.1072e+00
1.4082e+00 1.0413e+00 3.4621e+00 1.0716e+01 8.7290e-02 -1.4146e+00 1.3608e+01 4.3847e+01 -2.2009e-02 -4.9844e+00 1.5348e+02 -9.9255e-01 -1.5165e+01 6.7240e-01 -7.2147e-02 2.0611e+00
1.4143e+00 1.0240e+00 3.4072e+00 1.0564e+01 8.4703e-02 -1.3906e+00 1.3404e+01 4.3229e+01 -2.8183e-02 -4.9057e+00 1.5142e+02 -9.9708e-01 -1.4949e+01 6.5976e-01 -6.9404e-02 2.0257e+00
1.4204e+00 1.0016e+00 3.3360e+00 1.0356e+01 8.3903e-02 -1.3601e+00 1.3128e+01 4.2396e+01 -2.2663e-02 -4.8037e+00 1.4868e+02 -9.5426e-01 -1.4658e+01 6.4569e-01 -6.9131e-02 1.9818e+00
1.4266e+00 9.7765e-01 3.2567e+00 1.0129e+01 8.2133e-02 -1.3271e+00 1.2841e+01 4.1523e+01 -2.5021e-02 -4.6932e+00 1.4584e+02 -9.4457e-01 -1.4345e+01 6.3361e-01 -6.6899e-02 1.9346e+00
1.4327e+00 9.5691e-01 3.1893e+00 9.9377e+00 8.0604e-02 -1.2981e+00 1.2582e+01 4.0742e+01 -2.6344e-02 -4.5956e+00 1.4329e+02 -9.3498e-01 -1.4071e+01 6.2198e-01 -6.5771e-02 1.8924e+00
1.4389e+00 9.3781e-01 3.1278e+00 9.7548e+00 7.9484e-02 -1.2721e+00 1.2356e+01 4.0038e+01 -2.6195e-02 -4.5085e+00 1.4089e+02 -9.0744e-01 -1.3819e+01 6.0826e-01 -6.4794e-02 1.8541e+00
1.4450e+00 9.2295e-01 3.0812e+00 9.6203e+00 7.6905e-02 -1.2512e+00 1.2187e+01 3.9533e+01 -3.2508e-02 -4.4414e+00 1.3922e+02 -9.0943e-01 -1.3634e+01 5.9901e-01 -6.0705e-02 1.8232e+00
1.4511e+00 9.0033e-01 3.0066e+00 9.4091e+00 7.5053e-02 -1.2197e+00 1.1901e+01 3.8667e+01 -3.1456e-02 -4.3339e+00 1.3641e+02 -8.9161e-01 -1.3329e+01 5.8501e-01 -5.9729e-02 1.7772e+00
1.4573e+00 8.8230e-01 2.9447e+00 9.2235e+00 7.5852e-02 -1.1948e+00 1.1665e+01 3.7927e+01 -2.4792e-02 -4.2473e+00 1.3391e+02 -8.5042e-01 -1.3073e+01 5.7446e-01 -6.1017e-02 1.7418e+00
1.4634e+00 8.6566e-01 2.8927e+00 9.0717e+00 7.2988e-02 -1.1720e+00 1.1471e+01 3.7337e+01 -2.9775e-02 -4.1719e+00 1.3195e+02 -8.5231e-01 -1.2858e+01 5.6412e-01 -5.8050e-02 1.7080e+00
1.4695e+00 8.4793e-01 2.8298e+00 8.8839e+00 7.3628e-02 -1.1470e+00 1.1210e+01 3.6514e+01 -2.8329e-02 -4.0796e+00 1.2920e+02 -8.3346e-01 -1.2587e+01 5.5501e-01 -5.8736e-02 1.6707e+00
1.4757e+00 8.3280e-01 2.7822e+00 8.7462e+00 7.1233e-02 -1.1264e+00 1.1038e+01 3.5992e+01 -3.0088e-02 -4.0123e+00 1.2745e+02 -8.2009e-01 -1.2395e+01 5.4374e-01 -5.6378e-02 1.6413e+00
1.4818e+00 8.1513e-01 2.7278e+00 8.5859e+00 6.9547e-02 -1.1028e+00 1.0850e+01 3.5406e+01 -3.1526e-02 -3.9380e+00 1.2544e+02 -8.0947e-01 -1.2181e+01 5.3327e-01 -5.4218e-02 1.6080e+00
1.4879e+00 8.0060e-01 2.6763e+00 8.4354e+00 6.8478e-02 -1.0817e+00 1.0640e+01 3.4767e+01 -3.0233e-02 -3.8603e+00 1.2335e+02 -7.9113e-01 -1.1958e+01 5.2340e-01 -5.3510e-02 1.5757e+00
1.4941e+00 7.8610e-01 2.6318e+00 8.3076e+00 6.8956e-02 -1.0622e+00 1.0482e+01 3.4277e+01 -2.4702e-02 -3.7991e+00 1.2168e+02 -7.5675e-01 -1.1786e+01 5.1487e-01 -5.4835e-02 1.5479e+00
1.5002e+00 7.7083e-01 2.5791e+00 8.1487e+00 6.7401e-02 -1.0406e+00 1.0272e+01 3.3623e+01 -2.8710e-02 -3.7211e+00 1.1954e+02 -7.5312e-01 -1.1552e+01 5.0618e-01 -5.2208e-02 1.5158e+00
1.5064e+00 7.5714e-01 2.5359e+00 8.0284e+00 6.4656e-02 -1.0220e+00 1.0117e+01 3.3165e+01 -3.2175e-02 -3.6608e+00 1.1802e+02 -7.5409e-01 -1.1389e+01 4.9557e-01 -4.9955e-02 1.4891e+00
1.5125e+00 7.4084e-01 2.4771e+00 7.8407e+00 6.6039e-02 -9.9883e-01 9.8815e+00 3.2391e+01 -2.6502e-02 -3.5752e+00 1.1535e+02 -7.2720e-01 -1.1120e+01 4.8952e-01 -5.1771e-02 1.4548e+00
1.5186e+00 7.2865e-01 2.4418e+00 7.7408e+00 6.4342e-02 -9.8310e-01 9.7547e+00 3.2014e+01 -2.7983e-02 -3.5275e+00 1.1403e+02 -7.1433e-01 -1.0992e+01 4.8113e-01 -4.9819e-02 1.4330e+00
1.5248e+00 7.1621e-01 2.3980e+00 7.6176e+00 6.2847e-02 -9.6486e-01 9.5777e+00 3.1474e+01 -2.9431e-02 -3.4606e+00 1.1230e+02 -7.0527e-01 -1.0802e+01 4.7252e-01 -4.8124e-02 1.4048e+00
1.5309e+00 7.0369e-01 2.3559e+00 7.4826e+00 6.2201e-02 -9.4828e-01 9.4192e+00 3.0951e+01 -2.8008e-02 -3.4039e+00 1.1044e+02 -6.8664e-01 -1.0625e+01 4.6425e-01 -4.7615e-02 1.3816e+00
1.5370e+00 6.9270e-01 2.3194e+00 7.3854e+00 6.1200e-02 -9.3264e-01 9.2806e+00 3.0551e+01 -2.6388e-02 -3.3493e+00 1.0920e+02 -6.6725e-01 -1.0477e+01 4.5517e-01 -4.7322e-02 1.3582e+00
1.5432e+00 6.7821e-01 2.2735e+00 7.2439e+00 5.9096e-02 -9.1278e-01 9.1141e+00 3.0030e+01 -3.1922e-02 -3.2836e+00 1.0745e+02 -6.7948e-01 -1.0281e+01 4.4796e-01 -4.4456e-02 1.3291e+00
1.5493e+00 6.7028e-01 2.2445e+00 7.1546e+00 5.8254e-02 -9.0162e-01 8.9911e+00 2.9629e+01 -3.2035e-02 -3.2415e+00 1.0601e+02 -6.7032e-01 -1.0156e+01 4.4146e-01 -4.3400e-02 1.3121e+00
1.5554e+00 6.5970e-01 2.2087e+00 7.0501e+00 5.8842e-02 -8.8692e-01 8.8561e+00 2.9218e+01 -2.8108e-02 -3.1904e+00 1.0467e+02 -6.4842e-01 -1.0008e+01 4.3558e-01 -4.4853e-02 1.2908e+00
1.5616e+00 6.4510e-01 2.1638e+00 6.9128e+00 5.7438e-02 -8.6760e-01 8.6941e+00 2.8699e+01 -2.9332e-02 -3.1276e+00 1.0289e+02 -6.3676e-01 -9.8170e+00 4.2800e-01 -4.3296e-02 1.2640e+00
1.5677e+00 6.3779e-01 2.1368e+00 6.8387e+00 5.7284e-02 -8.5650e-01 8.5903e+00 2.8379e+01 -2.7062e-02 -3.0886e+00 1.0179e+02 -6.2323e-01 -9.7117e+00 4.2213e-01 -4.3141e-02 1.2469e+00
