# k / 1, b1, b2, bg, bk
0.0000e+00 0.0000e+00 0.0000e+00 0.0000e+00 0.0000e+00 0.0000e+00 0.0000e+00 0.0000e+00 0.0000e+00 0.0000e+00 0.0000e+00 0.0000e+00 0.0000e+00 0.0000e+00 0.0000e+00 0.0000e+00
8.6911e-03 3.3192e+02 3.5475e+03 6.2059e+03 -1.6016e+02 -3.3222e+02 3.8417e+04 6.7448e+04 -1.6597e+03 -3.5506e+03 1.2597e+05 1.8913e+03 -6.2112e+03 3.1519e+03 1.6042e+02 3.3251e+02
1.5033e-02 3.9978e+02 3.1550e+03 5.3351e+03 -1.5857e+02 -4.0041e+02 3.0023e+04 5.1764e+04 -1.6387e+03 -3.1612e+03 9.6760e+04 1.5557e+03 -5.3457e+03 2.7959e+03 1.5897e+02 4.0104e+02
2.1045e-02 3.2533e+02 2.7042e+03 4.7371e+03 1.5818e+01 -3.2647e+02 2.8113e+04 5.0341e+04 -2.1679e+01 -2.7163e+03 9.6526e+04 3.5440e+03 -4.7587e+03 2.2389e+03 -1.5817e+01 3.2761e+02
2.7184e-02 2.9396e+02 2.1527e+03 3.6731e+03 -3.7383e+00 -2.9535e+02 2.1301e+04 3.7918e+04 -2.1051e+02 -2.1669e+03 7.4930e+04 3.4764e+03 -3.6983e+03 2.3406e+03 3.9919e+00 2.9675e+02
3.3593e-02 5.0839e+02 2.5547e+03 4.2414e+03 7.0761e+01 -5.1071e+02 2.4332e+04 4.4655e+04 2.9598e+02 -2.5792e+03 8.8448e+04 3.4845e+03 -4.2866e+03 1.8803e+03 -7.0828e+01 5.1305e+02
3.9678e-02 4.5850e+02 2.0092e+03 3.2036e+03 6.6674e+01 -4.6094e+02 1.9371e+04 3.5419e+04 3.9991e+02 -2.0367e+03 7.1347e+04 3.3250e+03 -3.2542e+03 1.5537e+03 -6.6933e+01 4.6342e+02
4.5731e-02 4.1318e+02 1.8096e+03 2.8298e+03 1.4627e+01 -4.1619e+02 1.7104e+04 3.0471e+04 -5.6488e+01 -1.8420e+03 6.0902e+04 2.4722e+03 -2.8880e+03 1.5582e+03 -1.4253e+01 4.1926e+02
5.1869e-02 3.8063e+02 1.6094e+03 2.5091e+03 1.6024e+01 -3.8394e+02 1.5543e+04 2.8006e+04 5.7928e+01 -1.6469e+03 5.7349e+04 2.6151e+03 -2.5774e+03 1.4796e+03 -1.5883e+01 3.8734e+02
5.8080e-02 4.0999e+02 1.6052e+03 2.3628e+03 3.3206e+00 -4.1404e+02 1.4529e+04 2.6047e+04 2.6010e+01 -1.6490e+03 5.3260e+04 2.0141e+03 -2.4427e+03 1.1718e+03 -3.3151e+00 4.1824e+02
6.4221e-02 4.1124e+02 1.5782e+03 2.3049e+03 -1.7499e+01 -4.1607e+02 1.3894e+04 2.4545e+04 -3.6396e+01 -1.6291e+03 4.9601e+04 1.7378e+03 -2.3963e+03 1.0736e+03 1.7806e+01 4.2111e+02
7.0292e-02 3.4528e+02 1.2148e+03 1.7664e+03 -8.3551e+00 -3.4958e+02 1.0881e+04 1.9413e+04 -8.0322e+01 -1.2628e+03 4.0866e+04 1.5543e+03 -1.8532e+03 1.0372e+03 8.9976e+00 3.5410e+02
7.6570e-02 3.3048e+02 1.2493e+03 1.8361e+03 -2.1012e+01 -3.3585e+02 1.1014e+04 1.9637e+04 -9.5577e+01 -1.3063e+03 4.1169e+04 1.4279e+03 -1.9392e+03 9.5723e+02 2.1865e+01 3.4153e+02
8.2833e-02 3.1861e+02 1.0943e+03 1.5706e+03 3.1789e+01 -3.2384e+02 9.2506e+03 1.6579e+04 1.4443e+02 -1.1497e+03 3.5844e+04 1.6868e+03 -1.6716e+03 9.2315e+02 -3.2126e+01 3.2943e+02
8.8863e-02 2.8400e+02 9.4742e+02 1.3750e+03 1.6615e+00 -2.8920e+02 8.3761e+03 1.5208e+04 -8.5545e+00 -1.0060e+03 3.3585e+04 1.3544e+03 -1.4827e+03 8.7635e+02 -1.1309e+00 2.9482e+02
9.4935e-02 2.5293e+02 8.3864e+02 1.1715e+03 -8.3706e+00 -2.5817e+02 7.3491e+03 1.2964e+04 -5.4146e+01 -8.9704e+02 2.8205e+04 1.0337e+03 -1.2760e+03 7.7418e+02 9.0815e+00 2.6389e+02
1.0105e-01 2.3219e+02 7.8361e+02 1.1367e+03 -5.7477e+00 -2.3774e+02 6.6545e+03 1.1976e+04 -4.1954e+01 -8.4313e+02 2.6789e+04 1.0014e+03 -1.2452e+03 7.4277e+02 6.4651e+00 2.4384e+02
1.0719e-01 2.1043e+02 7.1442e+02 1.0250e+03 -1.3588e+01 -2.1621e+02 6.0188e+03 1.0697e+04 -7.7439e+01 -7.7527e+02 2.3825e+04 7.4970e+02 -1.1342e+03 6.3251e+02 1.4701e+01 2.2263e+02
1.1336e-01 1.9459e+02 6.5309e+02 9.3579e+02 -2.3922e+00 -2.0044e+02 5.6136e+03 1.0038e+04 -3.5153e+01 -7.1639e+02 2.2747e+04 7.7132e+02 -1.0501e+03 6.1166e+02 3.2871e+00 2.0703e+02
1.1952e-01 1.9172e+02 6.4260e+02 9.1393e+02 -2.1342e+00 -1.9813e+02 5.4432e+03 9.7289e+03 -7.2568e+00 -7.1096e+02 2.2070e+04 7.1709e+02 -1.0373e+03 5.7454e+02 2.6494e+00 2.0543e+02
1.2567e-01 1.6578e+02 5.7168e+02 8.2257e+02 -1.4150e+01 -1.7209e+02 4.9674e+03 8.8844e+03 -6.9071e+01 -6.4064e+02 2.0452e+04 5.9235e+02 -9.4670e+02 5.5683e+02 1.5563e+01 1.7941e+02
1.3179e-01 1.6950e+02 5.7108e+02 8.3378e+02 -1.3293e+01 -1.7637e+02 4.7925e+03 8.6795e+03 -4.3465e+01 -6.4379e+02 2.0246e+04 5.7840e+02 -9.6618e+02 5.0303e+02 1.4345e+01 1.8440e+02
1.3789e-01 1.5554e+02 5.2484e+02 7.6163e+02 -4.3296e+00 -1.6243e+02 4.4254e+03 7.9867e+03 -1.9373e+01 -5.9830e+02 1.8713e+04 5.3163e+02 -8.9480e+02 4.8652e+02 5.1862e+00 1.7061e+02
1.4406e-01 1.5105e+02 4.9608e+02 7.2401e+02 -4.4968e+00 -1.5804e+02 4.0505e+03 7.4225e+03 -1.9963e+01 -5.6898e+02 1.7896e+04 4.9350e+02 -8.5798e+02 4.5287e+02 5.4255e+00 1.6641e+02
1.5018e-01 1.3929e+02 4.4469e+02 6.4845e+02 -2.3559e+00 -1.4600e+02 3.6545e+03 6.7022e+03 5.1571e+00 -5.1609e+02 1.6250e+04 4.4768e+02 -7.7966e+02 4.1848e+02 2.7380e+00 1.5419e+02
1.5634e-01 1.3265e+02 4.1694e+02 6.0258e+02 -2.6052e+00 -1.3938e+02 3.3462e+03 6.0852e+03 -1.4249e+01 -4.8721e+02 1.4905e+04 3.7721e+02 -7.3058e+02 3.9991e+02 3.4482e+00 1.4767e+02
1.6254e-01 1.2434e+02 3.9214e+02 5.5711e+02 -5.9446e+00 -1.3122e+02 3.1045e+03 5.6061e+03 -2.6579e+01 -4.6270e+02 1.3897e+04 3.1649e+02 -6.8468e+02 3.7124e+02 7.0897e+00 1.3981e+02
1.6869e-01 1.1346e+02 3.4948e+02 4.9731e+02 -7.1533e+00 -1.1998e+02 2.8398e+03 5.1774e+03 -3.8482e+01 -4.1922e+02 1.3017e+04 2.5438e+02 -6.2418e+02 3.6204e+02 8.5522e+00 1.2833e+02
1.7480e-01 1.0660e+02 3.3821e+02 4.9249e+02 -6.5929e+00 -1.1346e+02 2.6750e+03 4.8801e+03 -3.2994e+01 -4.0849e+02 1.2363e+04 2.5041e+02 -6.2009e+02 3.4521e+02 8.0531e+00 1.2229e+02
1.8091e-01 1.0437e+02 3.2749e+02 4.6592e+02 -5.6379e+00 -1.1142e+02 2.5853e+03 4.6747e+03 -2.0741e+01 -4.0000e+02 1.1792e+04 2.2694e+02 -5.9674e+02 3.2116e+02 6.7361e+00 1.2065e+02
1.8701e-01 9.6565e+01 3.0843e+02 4.4509e+02 -5.9023e+00 -1.0367e+02 2.4621e+03 4.4811e+03 -2.2341e+01 -3.8191e+02 1.1403e+04 1.9498e+02 -5.7795e+02 3.0188e+02 7.1101e+00 1.1312e+02
1.9316e-01 8.8668e+01 2.8866e+02 4.3636e+02 -5.6215e+00 -9.5789e+01 2.3347e+03 4.3469e+03 -2.9840e+01 -3.6307e+02 1.1246e+04 1.4836e+02 -5.7357e+02 2.8548e+02 7.1207e+00 1.0545e+02
1.9933e-01 8.5996e+01 2.7467e+02 4.0200e+02 -5.9638e+00 -9.3128e+01 2.1950e+03 4.0216e+03 -2.5269e+01 -3.4911e+02 1.0444e+04 1.2660e+02 -5.3712e+02 2.7486e+02 7.2773e+00 1.0297e+02
2.0548e-01 8.1891e+01 2.6349e+02 3.9238e+02 -3.2998e+00 -8.9135e+01 2.0885e+03 3.8354e+03 -1.9208e+01 -3.3839e+02 1.0001e+04 1.0432e+02 -5.2798e+02 2.5813e+02 4.5659e+00 9.9272e+01
2.1163e-01 7.6817e+01 2.4335e+02 3.6201e+02 -4.9750e+00 -8.3822e+01 1.9064e+03 3.5085e+03 -2.3330e+01 -3.1560e+02 9.2739e+03 9.5633e+01 -4.9310e+02 2.5013e+02 6.4984e+00 9.3785e+01
2.1776e-01 7.2219e+01 2.2714e+02 3.4148e+02 -5.2147e+00 -7.9108e+01 1.7725e+03 3.2848e+03 -2.7446e+01 -2.9798e+02 8.7963e+03 6.2145e+01 -4.7079e+02 2.3750e+02 6.8534e+00 8.9061e+01
2.2390e-01 6.8848e+01 2.1254e+02 3.1248e+02 -4.4268e+00 -7.5628e+01 1.6588e+03 3.0680e+03 -1.6562e+01 -2.8274e+02 8.2416e+03 7.1449e+01 -4.4049e+02 2.2676e+02 5.6062e+00 8.5629e+01
2.3001e-01 6.6001e+01 2.0328e+02 3.0318e+02 -5.7113e+00 -7.2721e+01 1.5891e+03 2.9652e+03 -2.0223e+01 -2.7380e+02 8.0976e+03 4.4752e+01 -4.3270e+02 2.1265e+02 7.0263e+00 8.2845e+01
2.3615e-01 6.3023e+01 1.9187e+02 2.8423e+02 -4.6600e+00 -6.9585e+01 1.4569e+03 2.7113e+03 -1.9475e+01 -2.5921e+02 7.5125e+03 3.5852e+01 -4.0727e+02 2.0409e+02 6.0307e+00 7.9558e+01
2.4229e-01 5.9830e+01 1.8343e+02 2.7821e+02 -4.4312e+00 -6.6511e+01 1.3941e+03 2.6076e+03 -1.7011e+01 -2.5155e+02 7.2342e+03 3.0451e+01 -4.0303e+02 1.9835e+02 5.8007e+00 7.6836e+01
2.4841e-01 5.8463e+01 1.7747e+02 2.6710e+02 -3.3212e+00 -6.5166e+01 1.3601e+03 2.5566e+03 -2.4297e+01 -2.4709e+02 7.0814e+03 -1.3343e+00 -3.9537e+02 1.8868e+02 5.1838e+00 7.5776e+01
2.5454e-01 5.4106e+01 1.6582e+02 2.5533e+02 -3.0738e+00 -6.0618e+01 1.2779e+03 2.4052e+03 -1.5047e+01 -2.3425e+02 6.7004e+03 1.2445e+01 -3.8111e+02 1.7913e+02 4.4601e+00 7.1163e+01
2.6069e-01 5.2488e+01 1.5956e+02 2.4139e+02 -3.2363e+00 -5.9027e+01 1.2093e+03 2.2628e+03 -1.4281e+01 -2.2727e+02 6.3898e+03 8.2852e+00 -3.6491e+02 1.7200e+02 4.5319e+00 6.9747e+01
2.6686e-01 5.0117e+01 1.5077e+02 2.2802e+02 -2.9024e+00 -5.6574e+01 1.1405e+03 2.1435e+03 -1.1018e+01 -2.1757e+02 6.0999e+03 -5.8478e+00 -3.5036e+02 1.6537e+02 3.9781e+00 6.7352e+01
2.7300e-01 4.8342e+01 1.4681e+02 2.2663e+02 -2.7290e+00 -5.4877e+01 1.1020e+03 2.0852e+03 -1.2094e+01 -2.1397e+02 5.9366e+03 -9.1000e+00 -3.5015e+02 1.5937e+02 4.0049e+00 6.5948e+01
2.7914e-01 4.5533e+01 1.3906e+02 2.1613e+02 -3.5760e+00 -5.2002e+01 1.0282e+03 1.9481e+03 -1.6737e+01 -2.0432e+02 5.5867e+03 -2.5944e+01 -3.3612e+02 1.5483e+02 5.0775e+00 6.3075e+01
2.8524e-01 4.3309e+01 1.3011e+02 2.0105e+02 -3.7975e+00 -4.9518e+01 9.6157e+02 1.8310e+03 -1.4785e+01 -1.9357e+02 5.3342e+03 -2.9133e+01 -3.1828e+02 1.4661e+02 5.2276e+00 6.0406e+01
2.9135e-01 4.2170e+01 1.2642e+02 1.9488e+02 -2.3111e+00 -4.8433e+01 9.1555e+02 1.7314e+03 -9.4772e+00 -1.8908e+02 5.0834e+03 -2.1708e+01 -3.0948e+02 1.4098e+02 3.4839e+00 5.9500e+01
2.9751e-01 4.0158e+01 1.2057e+02 1.8717e+02 -2.4471e+00 -4.6330e+01 8.6329e+02 1.6339e+03 -9.4467e+00 -1.8180e+02 4.8199e+03 -2.8639e+01 -2.9880e+02 1.3628e+02 3.5360e+00 5.7390e+01
3.0365e-01 3.8178e+01 1.1602e+02 1.8153e+02 -3.1192e+00 -4.4429e+01 8.3276e+02 1.5866e+03 -1.3630e+01 -1.7759e+02 4.7060e+03 -3.9918e+01 -2.9465e+02 1.2919e+02 4.5498e+00 5.5791e+01
3.0979e-01 3.7009e+01 1.1007e+02 1.7073e+02 -2.7002e+00 -4.3041e+01 7.8157e+02 1.4979e+03 -1.3187e+01 -1.6978e+02 4.4969e+03 -4.1357e+01 -2.8115e+02 1.2494e+02 4.1621e+00 5.4232e+01
3.1595e-01 3.5665e+01 1.0687e+02 1.6944e+02 -2.2511e+00 -4.1753e+01 7.5717e+02 1.4534e+03 -1.0921e+01 -1.6676e+02 4.3488e+03 -4.4205e+01 -2.8027e+02 1.2192e+02 3.5550e+00 5.3200e+01
3.2211e-01 3.5362e+01 1.0271e+02 1.6049e+02 -2.2240e+00 -4.1296e+01 7.1568e+02 1.3697e+03 -9.2753e+00 -1.6121e+02 4.1229e+03 -4.0620e+01 -2.6803e+02 1.1579e+02 3.4459e+00 5.2681e+01
3.2826e-01 3.2603e+01 9.8491e+01 1.5588e+02 -1.9860e+00 -3.8617e+01 6.8888e+02 1.3242e+03 -9.9957e+00 -1.5682e+02 3.9982e+03 -4.3767e+01 -2.6343e+02 1.1148e+02 3.2922e+00 5.0254e+01
3.3435e-01 3.2013e+01 9.5275e+01 1.5168e+02 -2.1022e+00 -3.7927e+01 6.5960e+02 1.2704e+03 -9.6581e+00 -1.5287e+02 3.8467e+03 -4.9906e+01 -2.5819e+02 1.0859e+02 3.3205e+00 4.9592e+01
3.4048e-01 3.0851e+01 9.0649e+01 1.4388e+02 -2.1535e+00 -3.6613e+01 6.2678e+02 1.2128e+03 -1.0129e+01 -1.4711e+02 3.6982e+03 -4.5726e+01 -2.4858e+02 1.0271e+02 3.4329e+00 4.8213e+01
3.4663e-01 3.2265e+01 9.0440e+01 1.3993e+02 -1.8102e+00 -3.8025e+01 5.9919e+02 1.1508e+03 -9.1365e+00 -1.4570e+02 3.5384e+03 -4.7206e+01 -2.4167e+02 9.9488e+01 3.1229e+00 4.9689e+01
3.5273e-01 2.8727e+01 8.4303e+01 1.3503e+02 -1.5589e+00 -3.4413e+01 5.6953e+02 1.1062e+03 -7.0518e+00 -1.3866e+02 3.4059e+03 -4.3054e+01 -2.3577e+02 9.6399e+01 2.6629e+00 4.6097e+01
3.5887e-01 2.8026e+01 8.1225e+01 1.3064e+02 -1.5394e+00 -3.3601e+01 5.4253e+02 1.0576e+03 -8.2865e+00 -1.3453e+02 3.2838e+03 -5.2354e+01 -2.2966e+02 9.2464e+01 2.7408e+00 4.5262e+01
3.6501e-01 2.6794e+01 7.7138e+01 1.2292e+02 -1.6750e+00 -3.2217e+01 5.1263e+02 9.9583e+02 -9.0599e+00 -1.2900e+02 3.1135e+03 -4.9463e+01 -2.1883e+02 8.9341e+01 3.0177e+00 4.3767e+01
3.7117e-01 2.6862e+01 7.6021e+01 1.2183e+02 -1.8971e+00 -3.2329e+01 4.9216e+02 9.5938e+02 -9.7809e+00 -1.2714e+02 2.9996e+03 -5.2990e+01 -2.1683e+02 8.4775e+01 3.2373e+00 4.4018e+01
3.7731e-01 2.4712e+01 7.2048e+01 1.1740e+02 -1.2594e+00 -3.0109e+01 4.7351e+02 9.3106e+02 -7.4294e+00 -1.2281e+02 2.9366e+03 -4.9739e+01 -2.1219e+02 8.2809e+01 2.5028e+00 4.1886e+01
3.8342e-01 2.3923e+01 6.9207e+01 1.1354e+02 -1.2694e+00 -2.9156e+01 4.5119e+02 8.8807e+02 -8.0272e+00 -1.1871e+02 2.8123e+03 -5.2953e+01 -2.0582e+02 8.0048e+01 2.5693e+00 4.0803e+01
3.8958e-01 2.3095e+01 6.7410e+01 1.1110e+02 -1.0729e+00 -2.8373e+01 4.3494e+02 8.5649e+02 -6.6029e+00 -1.1645e+02 2.7080e+03 -4.9695e+01 -2.0238e+02 7.8491e+01 2.2088e+00 4.0196e+01
3.9572e-01 2.2255e+01 6.4691e+01 1.0794e+02 -1.3324e+00 -2.7405e+01 4.1532e+02 8.2503e+02 -7.7647e+00 -1.1267e+02 2.6257e+03 -5.0604e+01 -1.9788e+02 7.4716e+01 2.5794e+00 3.9152e+01
4.0186e-01 2.1708e+01 6.3665e+01 1.0719e+02 -9.9596e-01 -2.6949e+01 4.0255e+02 7.9887e+02 -6.8038e+00 -1.1118e+02 2.5506e+03 -5.1766e+01 -1.9582e+02 7.2042e+01 2.1700e+00 3.8872e+01
4.0800e-01 2.1099e+01 6.0702e+01 1.0030e+02 -1.2247e+00 -2.6138e+01 3.8159e+02 7.5597e+02 -7.2527e+00 -1.0682e+02 2.4305e+03 -4.9557e+01 -1.8631e+02 6.9908e+01 2.4424e+00 3.7868e+01
4.1411e-01 2.0350e+01 5.8230e+01 9.6421e+01 -1.1941e+00 -2.5262e+01 3.6280e+02 7.1911e+02 -6.9137e+00 -1.0316e+02 2.3226e+03 -4.8196e+01 -1.7997e+02 6.7488e+01 2.3553e+00 3.6891e+01
4.2026e-01 2.0702e+01 5.7510e+01 9.3797e+01 -1.0385e+00 -2.5584e+01 3.5205e+02 6.9813e+02 -6.7607e+00 -1.0206e+02 2.2536e+03 -4.7647e+01 -1.7709e+02 6.4887e+01 2.2256e+00 3.7303e+01
4.2641e-01 1.9311e+01 5.5252e+01 9.3304e+01 -9.8054e-01 -2.4165e+01 3.3851e+02 6.7730e+02 -6.1034e+00 -9.9074e+01 2.1812e+03 -4.5986e+01 -1.7556e+02 6.2429e+01 2.0903e+00 3.5921e+01
4.3253e-01 1.8659e+01 5.2431e+01 8.7845e+01 -9.0835e-01 -2.3289e+01 3.1698e+02 6.3263e+02 -6.1226e+00 -9.4319e+01 2.0665e+03 -4.6131e+01 -1.6602e+02 6.0636e+01 2.0187e+00 3.4716e+01
4.3864e-01 1.8156e+01 5.1593e+01 8.6644e+01 -9.0812e-01 -2.2897e+01 3.0927e+02 6.1668e+02 -5.2925e+00 -9.3468e+01 2.0100e+03 -4.4063e+01 -1.6465e+02 5.8635e+01 1.9100e+00 3.4587e+01
4.4477e-01 1.9559e+01 5.1408e+01 8.3527e+01 -7.5773e-01 -2.4136e+01 2.9646e+02 5.8919e+02 -4.3254e+00 -9.1973e+01 1.9268e+03 -4.1143e+01 -1.5911e+02 5.6288e+01 1.6208e+00 3.5617e+01
4.5094e-01 1.7003e+01 4.8113e+01 8.2399e+01 -8.5640e-01 -2.1573e+01 2.8317e+02 5.7173e+02 -5.2473e+00 -8.7859e+01 1.8813e+03 -4.3394e+01 -1.5697e+02 5.4904e+01 1.8747e+00 3.3061e+01
4.5710e-01 1.6607e+01 4.6495e+01 7.8542e+01 -6.9925e-01 -2.1071e+01 2.7266e+02 5.4851e+02 -5.0489e+00 -8.5654e+01 1.8109e+03 -4.2748e+01 -1.5169e+02 5.2606e+01 1.6875e+00 3.2544e+01
4.6324e-01 1.5987e+01 4.4427e+01 7.5889e+01 -8.0627e-01 -2.0286e+01 2.6003e+02 5.2787e+02 -5.4441e+00 -8.2519e+01 1.7475e+03 -4.1227e+01 -1.4783e+02 5.0557e+01 1.8834e+00 3.1583e+01
4.6938e-01 1.6493e+01 4.4299e+01 7.4362e+01 -5.9512e-01 -2.0794e+01 2.5060e+02 5.0657e+02 -4.7894e+00 -8.1525e+01 1.6774e+03 -3.8388e+01 -1.4437e+02 4.9065e+01 1.6236e+00 3.2095e+01
4.7550e-01 1.5054e+01 4.1962e+01 7.2566e+01 -5.8535e-01 -1.9265e+01 2.3939e+02 4.8930e+02 -4.5958e+00 -7.8201e+01 1.6342e+03 -3.8946e+01 -1.4091e+02 4.7321e+01 1.5570e+00 3.0442e+01
4.8161e-01 1.4708e+01 4.0925e+01 7.0464e+01 -5.9018e-01 -1.8883e+01 2.3055e+02 4.6949e+02 -4.5227e+00 -7.6412e+01 1.5597e+03 -3.6974e+01 -1.3736e+02 4.5683e+01 1.5850e+00 3.0021e+01
4.8774e-01 1.4200e+01 3.9456e+01 6.7557e+01 -6.2801e-01 -1.8310e+01 2.2100e+02 4.5016e+02 -4.3739e+00 -7.4139e+01 1.5114e+03 -3.6157e+01 -1.3267e+02 4.4670e+01 1.5789e+00 2.9393e+01
4.9386e-01 1.3733e+01 3.8243e+01 6.6436e+01 -4.2479e-01 -1.7750e+01 2.1233e+02 4.3451e+02 -3.4109e+00 -7.1930e+01 1.4562e+03 -3.4972e+01 -1.3003e+02 4.3239e+01 1.1570e+00 2.8663e+01
5.0000e-01 1.3280e+01 3.6656e+01 6.3426e+01 -6.0741e-01 -1.7173e+01 2.0293e+02 4.1562e+02 -3.6954e+00 -6.9574e+01 1.4004e+03 -3.3204e+01 -1.2536e+02 4.1123e+01 1.3976e+00 2.8003e+01
5.0617e-01 1.2967e+01 3.5648e+01 6.1758e+01 -6.0881e-01 -1.6823e+01 1.9495e+02 4.0179e+02 -3.8406e+00 -6.7714e+01 1.3614e+03 -3.2589e+01 -1.2251e+02 3.9812e+01 1.4257e+00 2.7557e+01
5.1232e-01 1.2635e+01 3.4772e+01 6.0503e+01 -4.2498e-01 -1.6430e+01 1.8797e+02 3.8523e+02 -2.6413e+00 -6.6122e+01 1.3034e+03 -2.9745e+01 -1.1933e+02 3.8768e+01 1.0568e+00 2.7101e+01
5.1844e-01 1.3259e+01 3.4772e+01 5.9741e+01 -4.3235e-01 -1.6995e+01 1.8188e+02 3.7420e+02 -3.5224e+00 -6.5388e+01 1.2716e+03 -3.0848e+01 -1.1762e+02 3.7393e+01 1.2633e+00 2.7582e+01
5.2458e-01 1.1975e+01 3.2798e+01 5.7008e+01 -2.8925e-01 -1.5652e+01 1.7423e+02 3.5962e+02 -2.5783e+00 -6.2691e+01 1.2198e+03 -2.7515e+01 -1.1351e+02 3.6205e+01 9.7017e-01 2.6148e+01
5.3073e-01 1.1684e+01 3.1834e+01 5.5578e+01 -3.0659e-01 -1.5292e+01 1.6734e+02 3.4551e+02 -2.6368e+00 -6.0989e+01 1.1754e+03 -2.6026e+01 -1.1063e+02 3.4895e+01 1.0111e+00 2.5695e+01
5.3687e-01 1.1321e+01 3.0697e+01 5.3747e+01 -2.1996e-01 -1.4833e+01 1.6067e+02 3.3288e+02 -2.5719e+00 -5.9126e+01 1.1363e+03 -2.6640e+01 -1.0748e+02 3.3393e+01 8.9498e-01 2.5119e+01
5.4296e-01 1.2843e+01 3.1925e+01 5.3229e+01 -3.2490e-01 -1.6349e+01 1.5759e+02 3.2292e+02 -2.7835e+00 -5.9804e+01 1.0961e+03 -2.6309e+01 -1.0581e+02 3.2522e+01 1.0212e+00 2.6603e+01
5.4911e-01 1.0762e+01 2.8906e+01 5.0583e+01 -2.4766e-01 -1.4144e+01 1.4841e+02 3.0865e+02 -2.4135e+00 -5.5830e+01 1.0566e+03 -2.4811e+01 -1.0170e+02 3.1532e+01 8.6739e-01 2.4172e+01
5.5528e-01 1.0391e+01 2.8098e+01 4.9769e+01 -2.3093e-01 -1.3717e+01 1.4262e+02 2.9750e+02 -2.2916e+00 -5.4190e+01 1.0253e+03 -2.4155e+01 -9.9030e+01 3.0581e+01 8.3689e-01 2.3602e+01
5.6141e-01 1.0205e+01 2.7400e+01 4.8464e+01 -1.5457e-01 -1.3470e+01 1.3792e+02 2.8917e+02 -2.1852e+00 -5.2950e+01 9.9492e+02 -2.2963e+01 -9.7245e+01 2.9450e+01 7.6110e-01 2.3279e+01
5.6754e-01 1.0736e+01 2.7474e+01 4.6924e+01 -1.7009e-01 -1.3958e+01 1.3414e+02 2.7747e+02 -2.4566e+00 -5.2567e+01 9.5165e+02 -2.2681e+01 -9.4214e+01 2.8315e+01 8.2945e-01 2.3749e+01
5.7367e-01 9.6425e+00 2.5852e+01 4.6382e+01 -1.5270e-01 -1.2781e+01 1.2761e+02 2.6929e+02 -2.0503e+00 -4.9920e+01 9.2990e+02 -2.0994e+01 -9.2242e+01 2.7262e+01 7.2173e-01 2.2300e+01
5.7981e-01 9.4593e+00 2.5370e+01 4.5432e+01 -1.2861e-01 -1.2569e+01 1.2390e+02 2.6048e+02 -1.7615e+00 -4.9008e+01 8.9543e+02 -1.9519e+01 -9.0206e+01 2.6335e+01 6.3921e-01 2.2065e+01
5.8594e-01 9.1325e+00 2.4392e+01 4.3480e+01 -7.5873e-02 -1.2142e+01 1.1851e+02 2.4914e+02 -1.7789e+00 -4.7249e+01 8.6110e+02 -1.9355e+01 -8.6743e+01 2.5341e+01 6.1306e-01 2.1447e+01
5.9206e-01 8.7506e+00 2.3587e+01 4.2624e+01 -1.2200e-01 -1.1739e+01 1.1451e+02 2.4324e+02 -1.8833e+00 -4.5949e+01 8.4392e+02 -1.9305e+01 -8.5275e+01 2.4439e+01 6.4798e-01 2.0959e+01
5.9819e-01 8.6949e+00 2.3131e+01 4.1910e+01 -1.0254e-01 -1.1587e+01 1.1043e+02 2.3564e+02 -1.8935e+00 -4.4759e+01 8.1745e+02 -1.8415e+01 -8.3425e+01 2.3679e+01 6.6453e-01 2.0613e+01
6.0436e-01 8.4908e+00 2.2589e+01 4.0614e+01 -5.2416e-02 -1.1358e+01 1.0691e+02 2.2776e+02 -1.4966e+00 -4.3734e+01 7.9123e+02 -1.6489e+01 -8.1128e+01 2.2932e+01 5.2413e-01 2.0323e+01
6.1049e-01 8.2436e+00 2.1963e+01 3.9297e+01 -6.9944e-02 -1.1075e+01 1.0352e+02 2.1962e+02 -1.4770e+00 -4.2685e+01 7.6123e+02 -1.6116e+01 -7.8734e+01 2.2164e+01 5.1532e-01 1.9968e+01
6.1661e-01 8.7554e+00 2.2033e+01 3.8504e+01 -1.2085e-01 -1.1510e+01 1.0022e+02 2.1219e+02 -1.5480e+00 -4.2153e+01 7.3631e+02 -1.5883e+01 -7.6913e+01 2.1395e+01 5.6205e-01 2.0269e+01
6.2276e-01 7.8520e+00 2.0746e+01 3.7471e+01 -7.4500e-02 -1.0550e+01 9.5563e+01 2.0364e+02 -1.6234e+00 -4.0132e+01 7.0713e+02 -1.5197e+01 -7.4332e+01 2.0854e+01 5.8115e-01 1.9112e+01
6.2890e-01 7.7550e+00 2.0399e+01 3.6917e+01 -2.1839e-02 -1.0427e+01 9.2830e+01 1.9838e+02 -1.3739e+00 -3.9318e+01 6.8897e+02 -1.4755e+01 -7.2989e+01 2.0001e+01 4.4263e-01 1.8887e+01
6.3503e-01 7.4359e+00 1.9588e+01 3.5212e+01 4.8865e-02 -1.0038e+01 8.9006e+01 1.9009e+02 -1.0935e+00 -3.7961e+01 6.6313e+02 -1.3322e+01 -7.0202e+01 1.9326e+01 3.5814e-01 1.8367e+01
6.4117e-01 8.6184e+00 2.0428e+01 3.4669e+01 6.1103e-03 -1.1144e+01 8.7484e+01 1.8516e+02 -1.0547e+00 -3.8286e+01 6.4589e+02 -1.2329e+01 -6.8840e+01 1.8630e+01 3.6221e-01 1.9323e+01
6.4731e-01 7.0866e+00 1.8546e+01 3.3680e+01 2.0439e-02 -9.5595e+00 8.3004e+01 1.7910e+02 -9.9706e-01 -3.5855e+01 6.2468e+02 -1.2035e+01 -6.6928e+01 1.7984e+01 3.2515e-01 1.7586e+01
6.5344e-01 6.9540e+00 1.8123e+01 3.3160e+01 4.7579e-02 -9.3847e+00 8.0462e+01 1.7445e+02 -9.7309e-01 -3.4995e+01 6.0925e+02 -1.1809e+01 -6.5617e+01 1.7422e+01 3.0040e-01 1.7294e+01
6.5958e-01 6.7659e+00 1.7655e+01 3.2331e+01 7.3276e-02 -9.1585e+00 7.7463e+01 1.6795e+02 -8.4130e-01 -3.3975e+01 5.8759e+02 -1.1146e+01 -6.3628e+01 1.6780e+01 2.4609e-01 1.6939e+01
6.6571e-01 7.2082e+00 1.7732e+01 3.1090e+01 -3.8645e-03 -9.5250e+00 7.5399e+01 1.6172e+02 -1.1074e+00 -3.3600e+01 5.6651e+02 -1.1062e+01 -6.1475e+01 1.6201e+01 3.6605e-01 1.7151e+01
6.7184e-01 6.4048e+00 1.6622e+01 3.0397e+01 7.1106e-02 -8.6734e+00 7.1981e+01 1.5609e+02 -9.2445e-01 -3.1953e+01 5.4643e+02 -1.0435e+01 -5.9697e+01 1.5616e+01 2.6883e-01 1.6150e+01
6.7797e-01 6.2819e+00 1.6257e+01 2.9714e+01 5.6707e-02 -8.5145e+00 6.9917e+01 1.5206e+02 -9.3870e-01 -3.1244e+01 5.3305e+02 -9.8533e+00 -5.8466e+01 1.5155e+01 2.9368e-01 1.5898e+01
6.8410e-01 6.0713e+00 1.5694e+01 2.8839e+01 4.7937e-02 -8.2250e+00 6.6954e+01 1.4606e+02 -9.2705e-01 -3.0044e+01 5.1299e+02 -9.5068e+00 -5.6358e+01 1.4519e+01 2.9644e-01 1.5380e+01
6.9025e-01 5.9175e+00 1.5387e+01 2.8330e+01 4.7822e-02 -8.0720e+00 6.5381e+01 1.4304e+02 -7.6894e-01 -2.9522e+01 5.0088e+02 -8.6281e+00 -5.5584e+01 1.4006e+01 2.3646e-01 1.5197e+01
6.9639e-01 5.8362e+00 1.5125e+01 2.7918e+01 5.5876e-02 -7.9534e+00 6.3683e+01 1.3976e+02 -8.6121e-01 -2.8898e+01 4.8798e+02 -8.2746e+00 -5.4544e+01 1.3536e+01 2.5541e-01 1.4959e+01
7.0254e-01 5.7123e+00 1.4737e+01 2.7224e+01 1.1187e-01 -7.7895e+00 6.1403e+01 1.3504e+02 -7.4784e-01 -2.8045e+01 4.7293e+02 -8.1537e+00 -5.2908e+01 1.3176e+01 1.8706e-01 1.4649e+01
7.0868e-01 5.5194e+00 1.4184e+01 2.6146e+01 1.2776e-01 -7.5076e+00 5.8896e+01 1.2972e+02 -6.2851e-01 -2.6998e+01 4.5702e+02 -7.6080e+00 -5.0817e+01 1.2720e+01 1.5339e-01 1.4185e+01
7.1481e-01 5.9983e+00 1.4550e+01 2.5866e+01 1.0403e-01 -7.9741e+00 5.8019e+01 1.2668e+02 -5.7899e-01 -2.7038e+01 4.4369e+02 -6.9841e+00 -4.9987e+01 1.2203e+01 1.4547e-01 1.4544e+01
7.2095e-01 5.3245e+00 1.3685e+01 2.5455e+01 3.3155e-02 -7.2658e+00 5.5758e+01 1.2315e+02 -8.1118e-01 -2.5827e+01 4.3068e+02 -7.2562e+00 -4.8918e+01 1.1838e+01 2.6571e-01 1.3718e+01
7.2708e-01 5.2269e+00 1.3389e+01 2.4802e+01 1.2162e-01 -7.1460e+00 5.4044e+01 1.1937e+02 -4.9636e-01 -2.5203e+01 4.1752e+02 -6.3390e+00 -4.7597e+01 1.1401e+01 1.0442e-01 1.3499e+01
7.3319e-01 5.0753e+00 1.3013e+01 2.4248e+01 4.3017e-02 -6.9341e+00 5.2228e+01 1.1565e+02 -7.1675e-01 -2.4430e+01 4.0310e+02 -6.2468e+00 -4.6265e+01 1.1000e+01 2.3664e-01 1.3139e+01
7.3934e-01 5.9829e+00 1.3662e+01 2.3504e+01 1.2413e-01 -7.7890e+00 5.1284e+01 1.1161e+02 -3.9087e-01 -2.4650e+01 3.9126e+02 -5.6158e+00 -4.4759e+01 1.0698e+01 6.2754e-02 1.3819e+01
7.4548e-01 4.8471e+00 1.2340e+01 2.2838e+01 8.0130e-02 -6.6220e+00 4.8844e+01 1.0840e+02 -5.4287e-01 -2.3024e+01 3.7949e+02 -5.4551e+00 -4.3472e+01 1.0251e+01 1.4637e-01 1.2535e+01
7.5161e-01 4.7806e+00 1.2134e+01 2.2512e+01 7.5342e-02 -6.5391e+00 4.7519e+01 1.0556e+02 -5.3095e-01 -2.2558e+01 3.6882e+02 -5.3273e+00 -4.2661e+01 9.9090e+00 1.3942e-01 1.2377e+01
7.5776e-01 4.6503e+00 1.1780e+01 2.1943e+01 1.2116e-01 -6.3498e+00 4.5866e+01 1.0228e+02 -3.6514e-01 -2.1818e+01 3.5710e+02 -4.7151e+00 -4.1417e+01 9.5416e+00 7.1868e-02 1.2015e+01
7.6390e-01 5.0003e+00 1.1948e+01 2.1371e+01 1.0788e-01 -6.6604e+00 4.4953e+01 9.9330e+01 -3.7256e-01 -2.1679e+01 3.4604e+02 -4.4421e+00 -4.0286e+01 9.2462e+00 7.9825e-02 1.2193e+01
7.7006e-01 4.4019e+00 1.1166e+01 2.0820e+01 1.1584e-01 -6.0293e+00 4.3108e+01 9.6440e+01 -4.3336e-01 -2.0611e+01 3.3646e+02 -4.4841e+00 -3.9108e+01 8.9113e+00 8.2261e-02 1.1456e+01
7.7616e-01 4.3242e+00 1.0950e+01 2.0533e+01 9.5521e-02 -5.9168e+00 4.1990e+01 9.4342e+01 -4.5299e-01 -2.0124e+01 3.2878e+02 -4.3749e+00 -3.8371e+01 8.5915e+00 1.0577e-01 1.1222e+01
7.8228e-01 4.1926e+00 1.0613e+01 1.9881e+01 1.2138e-01 -5.7468e+00 4.0506e+01 9.0913e+01 -3.1353e-01 -1.9494e+01 3.1687e+02 -3.7514e+00 -3.7116e+01 8.2333e+00 5.2959e-02 1.0932e+01
7.8842e-01 4.1072e+00 1.0418e+01 1.9584e+01 1.1689e-01 -5.6448e+00 3.9444e+01 8.8995e+01 -4.0485e-01 -1.9050e+01 3.1032e+02 -3.8958e+00 -3.6437e+01 8.0036e+00 7.7051e-02 1.0736e+01
7.9456e-01 4.0203e+00 1.0142e+01 1.9083e+01 1.1276e-01 -5.4995e+00 3.8138e+01 8.6003e+01 -3.3389e-01 -1.8438e+01 2.9919e+02 -3.4530e+00 -3.5212e+01 7.7506e+00 5.5465e-02 1.0428e+01
8.0070e-01 3.9230e+00 9.8423e+00 1.8442e+01 1.2857e-01 -5.3699e+00 3.6838e+01 8.3226e+01 -2.7762e-01 -1.7880e+01 2.9039e+02 -3.2160e+00 -3.4096e+01 7.4590e+00 2.2750e-02 1.0191e+01
8.0683e-01 3.8320e+00 9.6611e+00 1.8171e+01 1.0375e-01 -5.2616e+00 3.5968e+01 8.1526e+01 -3.0665e-01 -1.7473e+01 2.8336e+02 -3.1044e+00 -3.3451e+01 7.2101e+00 4.5522e-02 9.9786e+00
8.1298e-01 4.1562e+00 9.8123e+00 1.7690e+01 1.0673e-01 -5.5455e+00 3.5172e+01 7.8715e+01 -2.8985e-01 -1.7345e+01 2.7342e+02 -2.9868e+00 -3.2378e+01 6.9704e+00 4.2243e-02 1.0125e+01
8.1914e-01 3.6773e+00 9.2310e+00 1.7411e+01 1.0836e-01 -5.0436e+00 3.3928e+01 7.7106e+01 -2.6024e-01 -1.6548e+01 2.6753e+02 -2.7004e+00 -3.1677e+01 6.7085e+00 3.9589e-02 9.5275e+00
8.2526e-01 3.6052e+00 8.9932e+00 1.6857e+01 1.1378e-01 -4.9348e+00 3.2846e+01 7.4537e+01 -2.6641e-01 -1.6069e+01 2.5826e+02 -2.6689e+00 -3.0670e+01 6.4671e+00 3.4976e-02 9.3030e+00
8.3138e-01 3.4890e+00 8.7251e+00 1.6456e+01 1.1924e-01 -4.7897e+00 3.1783e+01 7.2440e+01 -2.3861e-01 -1.5576e+01 2.5118e+02 -2.4105e+00 -2.9843e+01 6.2379e+00 1.6676e-02 9.0614e+00
8.3752e-01 4.1710e+00 9.2784e+00 1.6105e+01 1.3172e-01 -5.4335e+00 3.1686e+01 7.0639e+01 -1.7095e-01 -1.5924e+01 2.4458e+02 -2.1479e+00 -2.9134e+01 6.0297e+00 -4.5640e-03 9.5860e+00
8.4366e-01 3.3839e+00 8.4108e+00 1.5828e+01 1.1232e-01 -4.6382e+00 3.0194e+01 6.8903e+01 -2.2136e-01 -1.4850e+01 2.3841e+02 -2.2497e+00 -2.8421e+01 5.8491e+00 2.2586e-02 8.6980e+00
8.4979e-01 3.3014e+00 8.2113e+00 1.5563e+01 1.0216e-01 -4.5161e+00 2.9391e+01 6.7429e+01 -2.1852e-01 -1.4432e+01 2.3287e+02 -2.0381e+00 -2.7801e+01 5.6184e+00 2.2527e-02 8.4614e+00
8.5593e-01 3.2105e+00 8.0050e+00 1.5167e+01 1.1273e-01 -4.4130e+00 2.8608e+01 6.5654e+01 -1.9464e-01 -1.4086e+01 2.2683e+02 -1.8936e+00 -2.7105e+01 5.4105e+00 1.5183e-02 8.2907e+00
8.6206e-01 3.4725e+00 8.1085e+00 1.4664e+01 1.1158e-01 -4.6345e+00 2.7974e+01 6.3451e+01 -1.7871e-01 -1.3949e+01 2.1932e+02 -1.7331e+00 -2.6127e+01 5.2401e+00 4.5672e-03 8.3835e+00
8.6820e-01 3.0958e+00 7.6953e+00 1.4591e+01 1.0740e-01 -4.2476e+00 2.7181e+01 6.2535e+01 -1.5158e-01 -1.3400e+01 2.1494e+02 -1.6313e+00 -2.5843e+01 5.0465e+00 -4.3395e-03 7.9242e+00
8.7433e-01 3.0070e+00 7.4535e+00 1.4174e+01 1.0959e-01 -4.1143e+00 2.6271e+01 6.0713e+01 -1.5992e-01 -1.2928e+01 2.0913e+02 -1.6260e+00 -2.5022e+01 4.8920e+00 4.8751e-04 7.6584e+00
8.8046e-01 2.9342e+00 7.2827e+00 1.3890e+01 1.1377e-01 -4.0207e+00 2.5575e+01 5.9251e+01 -1.2402e-01 -1.2601e+01 2.0385e+02 -1.3835e+00 -2.4438e+01 4.7424e+00 -8.1745e-03 7.4841e+00
8.8661e-01 2.8482e+00 7.0850e+00 1.3521e+01 1.0671e-01 -3.9097e+00 2.4752e+01 5.7191e+01 -1.4743e-01 -1.2217e+01 1.9607e+02 -1.3618e+00 -2.3612e+01 4.5617e+00 2.0012e-03 7.2787e+00
8.9275e-01 2.8059e+00 6.9375e+00 1.3213e+01 1.1765e-01 -3.8406e+00 2.4117e+01 5.5853e+01 -1.0754e-01 -1.1908e+01 1.9160e+02 -1.2832e+00 -2.3045e+01 4.4067e+00 -2.1013e-02 7.1120e+00
8.9890e-01 2.7738e+00 6.8379e+00 1.3000e+01 1.2167e-01 -3.8003e+00 2.3619e+01 5.4680e+01 -9.1647e-02 -1.1684e+01 1.8702e+02 -1.0907e+00 -2.2576e+01 4.2283e+00 -2.6820e-02 7.0084e+00
9.0503e-01 2.6953e+00 6.6353e+00 1.2638e+01 1.0080e-01 -3.6865e+00 2.2841e+01 5.2965e+01 -1.1955e-01 -1.1298e+01 1.8118e+02 -1.0999e+00 -2.1853e+01 4.0867e+00 5.5104e-04 6.7947e+00
9.1117e-01 2.9525e+00 6.8414e+00 1.2502e+01 1.0104e-01 -3.9308e+00 2.2695e+01 5.2044e+01 -1.0710e-01 -1.1370e+01 1.7731e+02 -9.9007e-01 -2.1479e+01 3.9639e+00 -4.1026e-03 6.9555e+00
9.1731e-01 2.5811e+00 6.3542e+00 1.2141e+01 1.1064e-01 -3.5338e+00 2.1721e+01 5.0634e+01 -8.3864e-02 -1.0734e+01 1.7299e+02 -9.4616e-01 -2.0844e+01 3.8210e+00 -2.5622e-02 6.4683e+00
9.2344e-01 2.5382e+00 6.2199e+00 1.1798e+01 1.1916e-01 -3.4688e+00 2.1134e+01 4.9078e+01 -5.8286e-02 -1.0458e+01 1.6711e+02 -8.0963e-01 -2.0192e+01 3.6932e+00 -3.9517e-02 6.3238e+00
9.2956e-01 2.4755e+00 6.0727e+00 1.1569e+01 1.0830e-01 -3.3828e+00 2.0574e+01 4.7895e+01 -8.0207e-02 -1.0175e+01 1.6290e+02 -8.4274e-01 -1.9710e+01 3.5650e+00 -2.5675e-02 6.1625e+00
9.3569e-01 2.9931e+00 6.5291e+00 1.1422e+01 8.9249e-02 -3.8900e+00 2.0761e+01 4.7246e+01 -1.0398e-01 -1.0548e+01 1.6028e+02 -8.3213e-01 -1.9464e+01 3.4391e+00 -1.0864e-02 6.6059e+00
9.4183e-01 2.3759e+00 5.8139e+00 1.1119e+01 1.0863e-01 -3.2430e+00 1.9597e+01 4.5937e+01 -6.1402e-02 -9.6632e+00 1.5593e+02 -6.9975e-01 -1.8846e+01 3.3244e+00 -3.0946e-02 5.8525e+00
9.4799e-01 2.3220e+00 5.6666e+00 1.0837e+01 1.1041e-01 -3.1644e+00 1.9024e+01 4.4574e+01 -3.6629e-02 -9.3835e+00 1.5119e+02 -6.2360e-01 -1.8265e+01 3.2125e+00 -4.6517e-02 5.6996e+00
9.5411e-01 2.2672e+00 5.5326e+00 1.0578e+01 1.0511e-01 -3.0960e+00 1.8537e+01 4.3445e+01 -5.4651e-02 -9.1512e+00 1.4722e+02 -6.5618e-01 -1.7785e+01 3.1103e+00 -3.6515e-02 5.5698e+00
9.6024e-01 2.4887e+00 5.7056e+00 1.0443e+01 1.0088e-01 -3.3002e+00 1.8432e+01 4.2664e+01 -4.8452e-02 -9.2141e+00 1.4397e+02 -6.1069e-01 -1.7464e+01 2.9964e+00 -3.4593e-02 5.7043e+00
9.6637e-01 2.1730e+00 5.2989e+00 1.0148e+01 1.0797e-01 -2.9666e+00 1.7642e+01 4.1386e+01 -2.6086e-02 -8.7034e+00 1.3953e+02 -4.7300e-01 -1.6954e+01 2.8936e+00 -4.2437e-02 5.3098e+00
9.7251e-01 2.1229e+00 5.1730e+00 9.9346e+00 1.0077e-01 -2.8974e+00 1.7220e+01 4.0605e+01 -4.1426e-02 -8.4810e+00 1.3695e+02 -4.8978e-01 -1.6609e+01 2.7972e+00 -3.9226e-02 5.1694e+00
9.7865e-01 2.0796e+00 5.0679e+00 9.7561e+00 1.0488e-01 -2.8355e+00 1.6790e+01 3.9619e+01 -2.3771e-02 -8.2544e+00 1.3357e+02 -4.4783e-01 -1.6157e+01 2.7080e+00 -5.1375e-02 5.0353e+00
9.8477e-01 2.0224e+00 4.9420e+00 9.5234e+00 9.5200e-02 -2.7621e+00 1.6353e+01 3.8585e+01 -3.9025e-02 -8.0365e+00 1.2964e+02 -4.2888e-01 -1.5742e+01 2.6111e+00 -3.3700e-02 4.8984e+00
9.9092e-01 1.9839e+00 4.8355e+00 9.3092e+00 9.9305e-02 -2.7081e+00 1.5967e+01 3.7722e+01 -1.3120e-02 -7.8339e+00 1.2673e+02 -3.7103e-01 -1.5340e+01 2.5251e+00 -4.4842e-02 4.7786e+00
9.9706e-01 1.9570e+00 4.7427e+00 9.1189e+00 9.5997e-02 -2.6633e+00 1.5578e+01 3.6787e+01 -1.2796e-02 -7.6533e+00 1.2335e+02 -3.4595e-01 -1.4989e+01 2.4509e+00 -4.4049e-02 4.6776e+00
1.0032e+00 1.9072e+00 4.6295e+00 8.9206e+00 9.0487e-02 -2.5972e+00 1.5195e+01 3.6008e+01 -1.7864e-02 -7.4482e+00 1.2083e+02 -3.2594e-01 -1.4626e+01 2.3574e+00 -3.9346e-02 4.5501e+00
1.0093e+00 2.0989e+00 4.7626e+00 8.7246e+00 9.2720e-02 -2.7728e+00 1.5072e+01 3.5160e+01 -1.6641e-02 -7.4916e+00 1.1775e+02 -3.2477e-01 -1.4237e+01 2.2814e+00 -4.0575e-02 4.6653e+00
1.0155e+00 1.8230e+00 4.4167e+00 8.5083e+00 9.1234e-02 -2.4779e+00 1.4454e+01 3.4313e+01 -1.1012e-02 -7.0627e+00 1.1480e+02 -2.8248e-01 -1.3890e+01 2.2136e+00 -4.3900e-02 4.3143e+00
1.0216e+00 1.8037e+00 4.3462e+00 8.3365e+00 9.2005e-02 -2.4473e+00 1.4134e+01 3.3433e+01 -7.2723e-03 -6.9162e+00 1.1148e+02 -2.4767e-01 -1.3530e+01 2.1283e+00 -4.7839e-02 4.2348e+00
1.0277e+00 1.7533e+00 4.2372e+00 8.1635e+00 8.7354e-02 -2.3850e+00 1.3787e+01 3.2712e+01 -8.5100e-03 -6.7396e+00 1.0908e+02 -2.4783e-01 -1.3245e+01 2.0649e+00 -4.2469e-02 4.1209e+00
1.0339e+00 2.1541e+00 4.5841e+00 8.0037e+00 8.6521e-02 -2.7722e+00 1.3888e+01 3.1989e+01 -1.5359e-02 -7.0024e+00 1.0675e+02 -2.6509e-01 -1.2910e+01 1.9963e+00 -3.9589e-02 4.4520e+00
1.0400e+00 1.6890e+00 4.0681e+00 7.8340e+00 8.6773e-02 -2.2917e+00 1.3173e+01 3.1301e+01 -6.3889e-04 -6.4157e+00 1.0410e+02 -2.0100e-01 -1.2612e+01 1.9172e+00 -4.3015e-02 3.9197e+00
1.0462e+00 1.6547e+00 3.9593e+00 7.5832e+00 8.8374e-02 -2.2382e+00 1.2780e+01 3.0311e+01 9.6594e-03 -6.2232e+00 1.0069e+02 -1.6230e-01 -1.2187e+01 1.8561e+00 -4.6039e-02 3.8119e+00
1.0523e+00 1.6121e+00 3.8784e+00 7.4967e+00 8.8178e-02 -2.1875e+00 1.2539e+01 2.9878e+01 1.4026e-02 -6.0952e+00 9.9009e+01 -1.5966e-01 -1.2026e+01 1.8050e+00 -4.7321e-02 3.7240e+00
1.0584e+00 1.7883e+00 4.0107e+00 7.3520e+00 9.0177e-02 -2.3510e+00 1.2466e+01 2.9191e+01 1.8682e-02 -6.1623e+00 9.6625e+01 -1.2253e-01 -1.1742e+01 1.7388e+00 -5.4373e-02 3.8400e+00
1.0646e+00 1.5478e+00 3.7086e+00 7.1704e+00 8.0996e-02 -2.0954e+00 1.1937e+01 2.8504e+01 8.4636e-04 -5.7845e+00 9.4383e+01 -1.8207e-01 -1.1415e+01 1.6828e+00 -4.1073e-02 3.5321e+00
1.0707e+00 1.5228e+00 3.6329e+00 7.0203e+00 8.4389e-02 -2.0575e+00 1.1649e+01 2.7808e+01 2.0899e-02 -5.6493e+00 9.1965e+01 -1.1682e-01 -1.1156e+01 1.6293e+00 -5.0235e-02 3.4541e+00
1.0768e+00 1.4841e+00 3.5514e+00 6.8739e+00 7.6882e-02 -2.0059e+00 1.1400e+01 2.7265e+01 2.7200e-03 -5.5080e+00 9.0095e+01 -1.4451e-01 -1.0892e+01 1.5714e+00 -4.0133e-02 3.3567e+00
1.0830e+00 1.4348e+00 3.4479e+00 6.7075e+00 7.7615e-02 -1.9396e+00 1.1093e+01 2.6594e+01 5.2905e-03 -5.3415e+00 8.7755e+01 -1.4282e-01 -1.0616e+01 1.5253e+00 -4.0868e-02 3.2425e+00
1.0891e+00 1.4200e+00 3.3905e+00 6.5498e+00 7.8518e-02 -1.9181e+00 1.0860e+01 2.5926e+01 1.4114e-02 -5.2347e+00 8.5308e+01 -1.2764e-01 -1.0327e+01 1.4734e+00 -4.6412e-02 3.1894e+00
1.0952e+00 1.4025e+00 3.3321e+00 6.4299e+00 8.1066e-02 -1.8911e+00 1.0637e+01 2.5411e+01 2.6790e-02 -5.1310e+00 8.3551e+01 -8.1405e-02 -1.0131e+01 1.4275e+00 -5.2314e-02 3.1258e+00
1.1014e+00 1.3624e+00 3.2481e+00 6.3046e+00 7.4969e-02 -1.8386e+00 1.0392e+01 2.4916e+01 1.3748e-02 -4.9955e+00 8.1912e+01 -1.0036e-01 -9.9075e+00 1.3817e+00 -4.1768e-02 3.0361e+00
1.1075e+00 1.5091e+00 3.3571e+00 6.1720e+00 7.5145e-02 -1.9734e+00 1.0343e+01 2.4376e+01 1.4583e-02 -5.0529e+00 8.0068e+01 -1.0716e-01 -9.6832e+00 1.3377e+00 -4.5010e-02 3.1317e+00
1.1136e+00 1.3050e+00 3.1028e+00 6.0188e+00 7.3406e-02 -1.7571e+00 9.9058e+00 2.3768e+01 1.5940e-02 -4.7448e+00 7.8040e+01 -8.9633e-02 -9.4172e+00 1.2935e+00 -4.4505e-02 2.8769e+00
1.1198e+00 1.2908e+00 3.0556e+00 5.9333e+00 7.5275e-02 -1.7347e+00 9.7254e+00 2.3374e+01 2.1045e-02 -4.6586e+00 7.6597e+01 -9.1022e-02 -9.2670e+00 1.2523e+00 -4.7089e-02 2.8230e+00
1.1259e+00 1.2527e+00 2.9726e+00 5.7794e+00 7.3876e-02 -1.6876e+00 9.4827e+00 2.2791e+01 2.5574e-02 -4.5347e+00 7.4554e+01 -7.4619e-02 -9.0279e+00 1.2182e+00 -4.8516e-02 2.7456e+00
1.1321e+00 1.5639e+00 3.2528e+00 5.6708e+00 7.1492e-02 -1.9881e+00 9.6204e+00 2.2313e+01 1.7712e-02 -4.7715e+00 7.2978e+01 -8.8464e-02 -8.8333e+00 1.1762e+00 -4.3051e-02 3.0136e+00
1.1382e+00 1.2050e+00 2.8480e+00 5.5350e+00 7.2285e-02 -1.6192e+00 9.0582e+00 2.1783e+01 2.7234e-02 -4.3215e+00 7.1168e+01 -6.7257e-02 -8.6062e+00 1.1429e+00 -4.6188e-02 2.6122e+00
1.1443e+00 1.1867e+00 2.7950e+00 5.4349e+00 7.0194e-02 -1.5903e+00 8.8737e+00 2.1361e+01 2.4897e-02 -4.2273e+00 6.9753e+01 -5.9668e-02 -8.4269e+00 1.1018e+00 -4.4813e-02 2.5514e+00
1.1505e+00 1.1544e+00 2.7284e+00 5.3209e+00 6.9349e-02 -1.5508e+00 8.6757e+00 2.0915e+01 2.8385e-02 -4.1239e+00 6.8227e+01 -5.9706e-02 -8.2400e+00 1.0708e+00 -4.5708e-02 2.4855e+00
1.1566e+00 1.2865e+00 2.8273e+00 5.2123e+00 7.0756e-02 -1.6727e+00 8.6403e+00 2.0450e+01 3.0437e-02 -4.1837e+00 6.6624e+01 -5.7383e-02 -8.0583e+00 1.0403e+00 -4.8505e-02 2.5747e+00
1.1627e+00 1.1057e+00 2.6054e+00 5.0790e+00 6.8785e-02 -1.4819e+00 8.2923e+00 2.0005e+01 2.6542e-02 -3.9275e+00 6.5163e+01 -8.0604e-02 -7.8527e+00 1.0028e+00 -4.5785e-02 2.3576e+00
1.1689e+00 1.0877e+00 2.5450e+00 4.9438e+00 6.6226e-02 -1.4543e+00 8.0735e+00 1.9467e+01 2.3446e-02 -3.8261e+00 6.3468e+01 -7.9100e-02 -7.6347e+00 9.6900e-01 -4.3501e-02 2.3017e+00
1.1750e+00 1.0631e+00 2.4992e+00 4.8888e+00 6.5149e-02 -1.4225e+00 7.9337e+00 1.9173e+01 2.4836e-02 -3.7494e+00 6.2341e+01 -7.1281e-02 -7.5229e+00 9.4067e-01 -4.2889e-02 2.2449e+00
1.1811e+00 1.0343e+00 2.4355e+00 4.7708e+00 6.6302e-02 -1.3851e+00 7.7446e+00 1.8735e+01 2.7527e-02 -3.6508e+00 6.0900e+01 -7.7579e-02 -7.3348e+00 9.1860e-01 -4.5885e-02 2.1828e+00
1.1873e+00 1.0173e+00 2.3847e+00 4.6558e+00 6.4758e-02 -1.3595e+00 7.5711e+00 1.8290e+01 2.9137e-02 -3.5665e+00 5.9425e+01 -6.1159e-02 -7.1427e+00 8.8861e-01 -4.5056e-02 2.1321e+00
1.1934e+00 1.0110e+00 2.3540e+00 4.5779e+00 6.4466e-02 -1.3483e+00 7.4419e+00 1.7945e+01 2.8416e-02 -3.5118e+00 5.8166e+01 -6.9078e-02 -7.0190e+00 8.5897e-01 -4.5587e-02 2.1014e+00
1.1996e+00 9.8222e-01 2.2961e+00 4.4929e+00 6.5207e-02 -1.3099e+00 7.2774e+00 1.7594e+01 3.6312e-02 -3.4211e+00 5.7017e+01 -3.9453e-02 -6.8721e+00 8.3373e-01 -4.6271e-02 2.0380e+00
1.2057e+00 1.1032e+00 2.3878e+00 4.3940e+00 6.2615e-02 -1.4239e+00 7.2685e+00 1.7232e+01 3.0427e-02 -3.4854e+00 5.5786e+01 -6.6505e-02 -6.7189e+00 8.0962e-01 -4.4672e-02 2.1304e+00
1.2118e+00 9.3905e-01 2.1884e+00 4.2921e+00 6.4647e-02 -1.2502e+00 6.9394e+00 1.6809e+01 3.6465e-02 -3.2518e+00 5.4439e+01 -5.0262e-02 -6.5464e+00 7.8450e-01 -4.8200e-02 1.9332e+00
1.2179e+00 9.2602e-01 2.1488e+00 4.2057e+00 6.2861e-02 -1.2300e+00 6.8064e+00 1.6487e+01 3.4866e-02 -3.1879e+00 5.3385e+01 -6.0973e-02 -6.4176e+00 7.6118e-01 -4.7163e-02 1.8942e+00
1.2241e+00 8.9899e-01 2.0915e+00 4.0932e+00 5.9256e-02 -1.1962e+00 6.6490e+00 1.6098e+01 2.8950e-02 -3.1053e+00 5.2122e+01 -6.6354e-02 -6.2466e+00 7.4064e-01 -4.1903e-02 1.8408e+00
1.2302e+00 1.1517e+00 2.3276e+00 4.0465e+00 5.8861e-02 -1.4434e+00 6.8139e+00 1.5867e+01 2.9174e-02 -3.3219e+00 5.1251e+01 -6.9804e-02 -6.1660e+00 7.2024e-01 -4.2284e-02 2.0711e+00
1.2364e+00 8.6869e-01 2.0155e+00 3.9616e+00 5.8239e-02 -1.1522e+00 6.3931e+00 1.5510e+01 2.8465e-02 -2.9781e+00 5.0132e+01 -7.5471e-02 -6.0177e+00 6.9675e-01 -4.2107e-02 1.7568e+00
1.2425e+00 8.5566e-01 1.9744e+00 3.8778e+00 5.7607e-02 -1.1329e+00 6.2550e+00 1.5179e+01 2.9328e-02 -2.9151e+00 4.8980e+01 -7.1909e-02 -5.8962e+00 6.7863e-01 -4.2598e-02 1.7216e+00
1.2486e+00 8.3133e-01 1.9243e+00 3.7867e+00 5.7159e-02 -1.1014e+00 6.1195e+00 1.4858e+01 2.9813e-02 -2.8417e+00 4.7981e+01 -7.5703e-02 -5.7512e+00 6.5714e-01 -4.2195e-02 1.6716e+00
1.2548e+00 9.3902e-01 2.0089e+00 3.7097e+00 5.5852e-02 -1.2042e+00 6.1181e+00 1.4559e+01 2.8790e-02 -2.9070e+00 4.7003e+01 -7.8748e-02 -5.6354e+00 6.3991e-01 -4.0898e-02 1.7603e+00
1.2609e+00 8.0025e-01 1.8496e+00 3.6526e+00 5.5850e-02 -1.0589e+00 5.8816e+00 1.4295e+01 2.9787e-02 -2.7258e+00 4.6073e+01 -7.0885e-02 -5.5330e+00 6.2167e-01 -4.1898e-02 1.5982e+00
1.2671e+00 7.8859e-01 1.8130e+00 3.5654e+00 5.4133e-02 -1.0420e+00 5.7556e+00 1.3953e+01 2.6425e-02 -2.6696e+00 4.4930e+01 -8.4319e-02 -5.4028e+00 6.0545e-01 -3.9524e-02 1.5667e+00
1.2732e+00 7.6685e-01 1.7676e+00 3.4925e+00 5.3016e-02 -1.0139e+00 5.6305e+00 1.3688e+01 2.4805e-02 -2.6031e+00 4.4078e+01 -8.6781e-02 -5.2921e+00 5.8912e-01 -3.9389e-02 1.5228e+00
1.2793e+00 7.4505e-01 1.7258e+00 3.4203e+00 5.3893e-02 -9.8622e-01 5.5133e+00 1.3397e+01 3.0529e-02 -2.5412e+00 4.3076e+01 -7.6066e-02 -5.1750e+00 5.7219e-01 -4.0972e-02 1.4800e+00
1.2855e+00 7.3792e-01 1.6930e+00 3.3469e+00 5.3009e-02 -9.7306e-01 5.3875e+00 1.3096e+01 2.9055e-02 -2.4867e+00 4.2146e+01 -7.3452e-02 -5.0587e+00 5.5628e-01 -4.0374e-02 1.4522e+00
1.2916e+00 7.2699e-01 1.6595e+00 3.2758e+00 5.3135e-02 -9.5609e-01 5.2760e+00 1.2823e+01 2.8782e-02 -2.4340e+00 4.1251e+01 -8.1413e-02 -4.9488e+00 5.4061e-01 -4.1268e-02 1.4204e+00
1.2977e+00 7.0977e-01 1.6250e+00 3.2134e+00 5.2946e-02 -9.3418e-01 5.1767e+00 1.2577e+01 2.9729e-02 -2.3829e+00 4.0444e+01 -7.7728e-02 -4.8517e+00 5.2858e-01 -4.0950e-02 1.3862e+00
1.3039e+00 8.0854e-01 1.7035e+00 3.1458e+00 5.2274e-02 -1.0283e+00 5.1821e+00 1.2315e+01 2.8666e-02 -2.4443e+00 3.9569e+01 -8.0261e-02 -4.7455e+00 5.1234e-01 -4.0627e-02 1.4680e+00
1.3100e+00 6.7949e-01 1.5524e+00 3.0766e+00 5.0702e-02 -8.9345e-01 4.9607e+00 1.2066e+01 2.5862e-02 -2.2769e+00 3.8780e+01 -8.8328e-02 -4.6458e+00 4.9922e-01 -3.8535e-02 1.3209e+00
1.3161e+00 6.7147e-01 1.5241e+00 3.0178e+00 5.0116e-02 -8.7973e-01 4.8617e+00 1.1827e+01 2.6978e-02 -2.2303e+00 3.8007e+01 -8.6775e-02 -4.5511e+00 4.8609e-01 -3.8921e-02 1.2936e+00
1.3223e+00 6.5616e-01 1.4942e+00 2.9723e+00 5.0089e-02 -8.6035e-01 4.7765e+00 1.1627e+01 2.6172e-02 -2.1872e+00 3.7309e+01 -8.3320e-02 -4.4766e+00 4.7297e-01 -3.7941e-02 1.2642e+00
1.3284e+00 8.5947e-01 1.6811e+00 2.9096e+00 4.8828e-02 -1.0594e+00 4.8940e+00 1.1372e+01 2.5363e-02 -2.3578e+00 3.6471e+01 -8.8616e-02 -4.3792e+00 4.6027e-01 -3.6937e-02 1.4523e+00
1.3345e+00 6.3328e-01 1.4379e+00 2.8589e+00 4.9154e-02 -8.2879e-01 4.5947e+00 1.1178e+01 2.6596e-02 -2.1005e+00 3.5858e+01 -8.7804e-02 -4.3020e+00 4.4906e-01 -3.7999e-02 1.2111e+00
1.3407e+00 6.2208e-01 1.4049e+00 2.7890e+00 4.7989e-02 -8.1223e-01 4.4909e+00 1.0925e+01 2.6950e-02 -2.0519e+00 3.5039e+01 -8.7389e-02 -4.1980e+00 4.3842e-01 -3.7344e-02 1.1836e+00
1.3468e+00 6.0497e-01 1.3699e+00 2.7324e+00 4.8405e-02 -7.9078e-01 4.3965e+00 1.0704e+01 2.8365e-02 -2.0029e+00 3.4327e+01 -8.0555e-02 -4.1118e+00 4.2780e-01 -3.8066e-02 1.1520e+00
1.3529e+00 6.9619e-01 1.4478e+00 2.6825e+00 4.8021e-02 -8.7875e-01 4.4154e+00 1.0494e+01 2.8389e-02 -2.0690e+00 3.3657e+01 -8.2914e-02 -4.0363e+00 4.1400e-01 -3.8425e-02 1.2320e+00
1.3591e+00 5.8255e-01 1.3146e+00 2.6187e+00 4.7972e-02 -7.6006e-01 4.2168e+00 1.0259e+01 2.9125e-02 -1.9198e+00 3.2893e+01 -8.3594e-02 -3.9405e+00 4.0533e-01 -3.8629e-02 1.1022e+00
1.3652e+00 5.7611e-01 1.2904e+00 2.5658e+00 4.5713e-02 -7.4974e-01 4.1353e+00 1.0053e+01 2.2760e-02 -1.8843e+00 3.2229e+01 -9.7744e-02 -3.8620e+00 3.9638e-01 -3.5850e-02 1.0841e+00
1.3714e+00 5.5962e-01 1.2597e+00 2.5156e+00 4.6008e-02 -7.2916e-01 4.0589e+00 9.8819e+00 2.4390e-02 -1.8420e+00 3.1677e+01 -9.2610e-02 -3.7901e+00 3.8593e-01 -3.6109e-02 1.0545e+00
1.3775e+00 5.4399e-01 1.2322e+00 2.4777e+00 4.5241e-02 -7.1071e-01 3.9742e+00 9.6890e+00 2.5092e-02 -1.8031e+00 3.1028e+01 -9.2030e-02 -3.7291e+00 3.7587e-01 -3.5950e-02 1.0287e+00
1.3836e+00 5.3846e-01 1.2098e+00 2.4229e+00 4.5022e-02 -7.0021e-01 3.8992e+00 9.4965e+00 2.4785e-02 -1.7669e+00 3.0452e+01 -9.2217e-02 -3.6442e+00 3.6699e-01 -3.5775e-02 1.0085e+00
1.3898e+00 5.3285e-01 1.1894e+00 2.3766e+00 4.3931e-02 -6.9113e-01 3.8263e+00 9.3060e+00 2.2785e-02 -1.7352e+00 2.9817e+01 -9.4513e-02 -3.5742e+00 3.5919e-01 -3.4342e-02 9.9164e-01
1.3959e+00 5.2188e-01 1.1692e+00 2.3440e+00 4.5023e-02 -6.7824e-01 3.7662e+00 9.1611e+00 2.6360e-02 -1.7070e+00 2.9304e+01 -9.1192e-02 -3.5244e+00 3.5064e-01 -3.6308e-02 9.7319e-01
1.4020e+00 6.0585e-01 1.2378e+00 2.3013e+00 4.4356e-02 -7.5760e-01 3.7817e+00 8.9805e+00 2.6306e-02 -1.7624e+00 2.8749e+01 -8.7131e-02 -3.4541e+00 3.4275e-01 -3.5858e-02 1.0437e+00
1.4082e+00 4.9921e-01 1.1169e+00 2.2444e+00 4.3254e-02 -6.4748e-01 3.6156e+00 8.8093e+00 2.2622e-02 -1.6313e+00 2.8225e+01 -9.7189e-02 -3.3754e+00 3.3453e-01 -3.4438e-02 9.2647e-01
1.4143e+00 4.9431e-01 1.0975e+00 2.2007e+00 4.3623e-02 -6.3862e-01 3.5491e+00 8.6274e+00 2.4117e-02 -1.6007e+00 2.7608e+01 -9.5085e-02 -3.3089e+00 3.2683e-01 -3.5420e-02 9.0994e-01
1.4204e+00 4.8263e-01 1.0769e+00 2.1712e+00 4.1507e-02 -6.2459e-01 3.4908e+00 8.5006e+00 2.1274e-02 -1.5723e+00 2.7194e+01 -9.7033e-02 -3.2615e+00 3.1920e-01 -3.2783e-02 8.9066e-01
1.4266e+00 6.5730e-01 1.2395e+00 2.1371e+00 4.2573e-02 -7.9627e-01 3.6060e+00 8.3395e+00 2.5113e-02 -1.7250e+00 2.6671e+01 -8.9621e-02 -3.2067e+00 3.1207e-01 -3.4768e-02 1.0558e+00
1.4327e+00 4.6764e-01 1.0356e+00 2.0832e+00 4.2401e-02 -6.0336e-01 3.3633e+00 8.1806e+00 2.4190e-02 -1.5124e+00 2.6180e+01 -9.4544e-02 -3.1331e+00 3.0569e-01 -3.4627e-02 8.5669e-01
1.4389e+00 4.5973e-01 1.0145e+00 2.0407e+00 4.0863e-02 -5.9203e-01 3.2937e+00 8.0110e+00 2.0919e-02 -1.4808e+00 2.5656e+01 -9.9482e-02 -3.0696e+00 2.9898e-01 -3.2628e-02 8.3880e-01
1.4450e+00 4.4899e-01 9.9198e-01 2.0030e+00 4.0621e-02 -5.7812e-01 3.2279e+00 7.8619e+00 2.0176e-02 -1.4486e+00 2.5185e+01 -1.0007e-01 -3.0122e+00 2.9317e-01 -3.2458e-02 8.1859e-01
1.4511e+00 5.2685e-01 1.0612e+00 1.9745e+00 4.1357e-02 -6.5380e-01 3.2607e+00 7.7409e+00 2.3654e-02 -1.5102e+00 2.4814e+01 -9.3871e-02 -2.9677e+00 2.8676e-01 -3.3955e-02 8.8948e-01
1.4573e+00 4.3284e-01 9.5635e-01 1.9348e+00 3.9700e-02 -5.5709e-01 3.1262e+00 7.6111e+00 1.9554e-02 -1.3987e+00 2.4359e+01 -1.0147e-01 -2.9126e+00 2.7997e-01 -3.1790e-02 7.8775e-01
1.4634e+00 4.2836e-01 9.4010e-01 1.8977e+00 3.9790e-02 -5.4959e-01 3.0640e+00 7.4567e+00 2.1890e-02 -1.3722e+00 2.3901e+01 -9.1691e-02 -2.8531e+00 2.7479e-01 -3.2222e-02 7.7425e-01
1.4695e+00 4.1919e-01 9.2102e-01 1.8705e+00 3.9370e-02 -5.3787e-01 3.0072e+00 7.3306e+00 2.0644e-02 -1.3457e+00 2.3496e+01 -9.7801e-02 -2.8109e+00 2.6861e-01 -3.2085e-02 7.5773e-01
1.4757e+00 4.0581e-01 8.9964e-01 1.8351e+00 3.8823e-02 -5.2240e-01 2.9587e+00 7.2107e+00 1.9694e-02 -1.3188e+00 2.3076e+01 -9.9771e-02 -2.7621e+00 2.6381e-01 -3.1370e-02 7.3813e-01
1.4818e+00 4.0301e-01 8.8495e-01 1.7979e+00 3.8561e-02 -5.1676e-01 2.9025e+00 7.0673e+00 2.0866e-02 -1.2947e+00 2.2640e+01 -9.6922e-02 -2.7059e+00 2.5842e-01 -3.1593e-02 7.2710e-01
1.4879e+00 3.9956e-01 8.7028e-01 1.7634e+00 3.7905e-02 -5.1090e-01 2.8479e+00 6.9267e+00 1.9145e-02 -1.2725e+00 2.2193e+01 -1.0025e-01 -2.6546e+00 2.5427e-01 -3.0599e-02 7.1673e-01
1.4941e+00 3.9076e-01 8.5441e-01 1.7396e+00 3.7785e-02 -4.9995e-01 2.8036e+00 6.8275e+00 1.8691e-02 -1.2502e+00 2.1880e+01 -1.0059e-01 -2.6178e+00 2.4828e-01 -3.0669e-02 7.0165e-01
1.5002e+00 4.6257e-01 9.1711e-01 1.7090e+00 3.7592e-02 -5.6937e-01 2.8340e+00 6.7108e+00 1.9316e-02 -1.3060e+00 2.1509e+01 -9.5884e-02 -2.5716e+00 2.4402e-01 -3.0375e-02 7.6663e-01
1.5064e+00 3.7825e-01 8.2517e-01 1.6825e+00 3.7260e-02 -4.8310e-01 2.7103e+00 6.5934e+00 1.9247e-02 -1.2076e+00 2.1122e+01 -9.5092e-02 -2.5310e+00 2.3926e-01 -3.0433e-02 6.7662e-01
1.5125e+00 3.7366e-01 8.0907e-01 1.6418e+00 3.7191e-02 -4.7612e-01 2.6608e+00 6.4679e+00 1.8435e-02 -1.1846e+00 2.0750e+01 -9.7281e-02 -2.4753e+00 2.3499e-01 -3.0103e-02 6.6540e-01
1.5186e+00 3.6527e-01 7.9322e-01 1.6173e+00 3.6990e-02 -4.6535e-01 2.6166e+00 6.3674e+00 1.8970e-02 -1.1619e+00 2.0428e+01 -9.3614e-02 -2.4369e+00 2.3029e-01 -3.0265e-02 6.5020e-01
1.5248e+00 5.1780e-01 9.4012e-01 1.6025e+00 3.6480e-02 -6.1643e-01 2.7388e+00 6.2852e+00 1.7535e-02 -1.3040e+00 2.0146e+01 -9.3924e-02 -2.4123e+00 2.2704e-01 -2.9485e-02 7.9832e-01
1.5309e+00 3.5360e-01 7.6675e-01 1.5693e+00 3.5444e-02 -4.4980e-01 2.5367e+00 6.1793e+00 1.6354e-02 -1.1238e+00 1.9820e+01 -9.7751e-02 -2.3642e+00 2.2221e-01 -2.8504e-02 6.2747e-01
1.5370e+00 3.5121e-01 7.5675e-01 1.5462e+00 3.5251e-02 -4.4554e-01 2.5003e+00 6.0855e+00 1.6606e-02 -1.1083e+00 1.9535e+01 -9.7471e-02 -2.3298e+00 2.1895e-01 -2.8425e-02 6.1995e-01
1.5432e+00 3.4338e-01 7.4196e-01 1.5189e+00 3.5206e-02 -4.3618e-01 2.4591e+00 5.9833e+00 1.7394e-02 -1.0886e+00 1.9205e+01 -9.3320e-02 -2.2907e+00 2.1473e-01 -2.8761e-02 6.0760e-01
1.5493e+00 4.1239e-01 8.0474e-01 1.5021e+00 3.4389e-02 -5.0343e-01 2.4942e+00 5.8983e+00 1.6513e-02 -1.1454e+00 1.8928e+01 -9.5192e-02 -2.2620e+00 2.1218e-01 -2.7871e-02 6.7147e-01
1.5554e+00 3.3272e-01 7.1823e-01 1.4784e+00 3.4624e-02 -4.2206e-01 2.3875e+00 5.8240e+00 1.7840e-02 -1.0543e+00 1.8704e+01 -9.0768e-02 -2.2294e+00 2.0775e-01 -2.8325e-02 5.8718e-01
1.5616e+00 3.3117e-01 7.0976e-01 1.4544e+00 3.3893e-02 -4.1907e-01 2.3501e+00 5.7193e+00 1.6585e-02 -1.0408e+00 1.8370e+01 -9.3427e-02 -2.1928e+00 2.0597e-01 -2.7713e-02 5.8144e-01
1.5677e+00 3.2339e-01 6.9550e-01 1.4292e+00 3.4375e-02 -4.0963e-01 2.3180e+00 5.6452e+00 1.7224e-02 -1.0226e+00 1.8132e+01 -9.2622e-02 -2.1595e+00 2.0254e-01 -2.8225e-02 5.6930e-01
