# k / 1, b1, b2, bg, bk
0.0000e+00 0.0000e+00 0.0000e+00 0.0000e+00 0.0000e+00 0.0000e+00 0.0000e+00 0.0000e+00 0.0000e+00 0.0000e+00 0.0000e+00 0.0000e+00 0.0000e+00 0.0000e+00 0.0000e+00 0.0000e+00
8.6911e-03 2.8866e+03 1.8969e+04 -1.3576e+03 -7.1703e+02 -5.0017e+01 1.2634e+05 -8.9394e+03 -4.9041e+03 -3.7275e+02 4.0859e+04 2.6291e+04 4.3001e+02 1.7379e+04 3.8287e+02 1.9184e+02
1.5033e-02 3.1846e+03 1.6110e+04 -1.2573e+03 -1.2792e+03 -9.1485e-01 9.6738e+04 -7.5889e+03 -6.9783e+03 -1.4188e+01 4.0971e+04 2.4587e+04 -3.1245e+02 1.5490e+04 -2.1940e+02 1.4130e+02
2.1045e-02 2.6215e+03 1.4098e+04 -3.6151e+02 1.1147e+01 -3.2877e+01 9.2172e+04 -3.0420e+03 -3.1166e+02 -1.3141e+02 3.2259e+04 1.8670e+04 1.3995e+02 1.1681e+04 1.0863e+02 1.6369e+02
2.7184e-02 2.3408e+03 1.1032e+04 -3.6606e+02 -1.3258e+02 9.0239e+01 6.8749e+04 -2.2425e+03 -1.3793e+03 4.0535e+02 4.0446e+04 2.2696e+04 5.1828e+01 1.4063e+04 4.4741e+01 1.1822e+02
3.3593e-02 3.5244e+03 1.2069e+04 9.0472e+02 4.0789e+02 2.2194e+01 7.8795e+04 4.6149e+03 1.3259e+03 1.0283e+02 3.2255e+04 1.8142e+04 4.2023e+01 1.1693e+04 8.3633e+00 1.5392e+02
3.9678e-02 3.0625e+03 9.2010e+03 6.6830e+02 3.1695e+02 2.6870e+01 6.3469e+04 2.9713e+03 1.3815e+03 -1.4129e+02 3.2831e+04 1.6237e+04 1.1396e+02 9.7564e+03 6.8153e+01 1.5175e+02
4.5731e-02 2.7203e+03 8.1196e+03 2.0607e+02 1.0309e+02 -7.3287e+00 5.5760e+04 -6.2092e+02 -1.9087e+02 -2.4881e+02 3.2286e+04 1.5807e+04 1.7200e+01 9.8639e+03 -1.4413e+01 1.3585e+02
5.1869e-02 2.5713e+03 7.1933e+03 3.3351e+02 2.9234e+01 -2.5828e+01 5.0773e+04 6.9228e+01 -1.0777e+02 -2.1134e+02 3.3752e+04 1.5536e+04 8.6012e+01 9.5453e+03 6.1185e+01 1.4808e+02
5.8080e-02 2.5741e+03 6.9067e+03 -1.7480e+01 -2.0163e+00 -3.9820e+01 4.7159e+04 1.1294e+03 5.4206e+01 -2.7359e+02 3.1113e+04 1.3000e+04 1.4430e+01 7.9407e+03 1.1396e+01 1.4082e+02
6.4221e-02 2.5938e+03 6.6381e+03 -1.3304e+02 -2.0900e+02 -1.0092e+01 4.4758e+04 2.6772e+02 -6.6294e+01 -2.8958e+02 2.9461e+04 1.2000e+04 1.0479e+02 7.4963e+03 6.6403e+01 1.4649e+02
7.0292e-02 2.1178e+03 4.9153e+03 2.1444e+02 -9.2520e+01 -1.3289e+01 3.5261e+04 5.7104e+02 -1.6805e+02 -1.1570e+02 3.1527e+04 1.2250e+04 3.4438e+01 7.5858e+03 3.1460e+01 1.3665e+02
7.6570e-02 2.0752e+03 5.1481e+03 1.6712e+02 -1.4243e+02 -3.9838e+01 3.5545e+04 8.0200e+02 -3.1106e+02 -3.2950e+02 3.1518e+04 1.1639e+04 3.4313e+01 6.9829e+03 2.3905e+01 1.4300e+02
8.2833e-02 1.8470e+03 4.2613e+03 2.6601e+02 1.2067e+02 -4.3013e+01 2.9689e+04 1.3750e+03 5.1133e+02 -2.5069e+02 3.0557e+04 1.0894e+04 1.2908e+01 6.8263e+03 1.1408e+01 1.4806e+02
8.8863e-02 1.6657e+03 3.6309e+03 3.3839e+02 -4.7447e+01 -2.0855e+01 2.7266e+04 1.5272e+03 1.0759e+01 -2.5135e+02 3.1089e+04 1.0802e+04 -7.2863e+00 6.7792e+03 5.5719e+00 1.4053e+02
9.4935e-02 1.4956e+03 3.2487e+03 4.4285e+01 -1.7851e+02 -3.9981e+01 2.4010e+04 -2.1705e+02 -3.6887e+02 -3.2259e+02 2.7357e+04 9.1526e+03 1.8243e+01 6.0804e+03 -6.5592e+00 1.4337e+02
1.0105e-01 1.3491e+03 2.9736e+03 3.2427e+02 -7.7926e+01 -3.7814e+01 2.1498e+04 1.0394e+03 -2.1332e+02 -2.9283e+02 2.7776e+04 9.1656e+03 -4.9912e+01 6.0653e+03 -1.7560e+01 1.4639e+02
1.0719e-01 1.2093e+03 2.6757e+03 2.1992e+02 -1.3579e+02 -3.0333e+01 1.9458e+04 5.2583e+02 -2.4006e+02 -2.8679e+02 2.5896e+04 8.0623e+03 -7.8953e+00 5.3655e+03 7.7575e+00 1.4353e+02
1.1336e-01 1.1350e+03 2.4454e+03 2.0357e+02 -6.9316e+01 -3.0509e+01 1.8246e+04 2.3820e+02 -3.0148e+02 -2.6128e+02 2.5688e+04 7.5765e+03 -2.3315e+01 5.0419e+03 -4.2536e+00 1.4361e+02
1.1952e-01 1.0989e+03 2.3435e+03 2.1818e+02 -7.5078e+01 -3.5214e+01 1.7625e+04 5.9762e+02 -8.6771e+01 -3.0432e+02 2.5115e+04 7.1554e+03 2.1367e+01 4.9379e+03 2.1266e+01 1.4354e+02
1.2567e-01 9.9345e+02 2.1426e+03 1.4369e+02 -1.5806e+02 -3.0128e+01 1.6279e+04 4.4355e+02 -2.8934e+02 -3.0341e+02 2.4680e+04 6.9229e+03 1.0495e+01 4.8401e+03 1.4463e+01 1.4199e+02
1.3179e-01 9.7169e+02 2.0470e+03 3.2129e+02 -1.0074e+02 -2.9374e+01 1.5576e+04 1.1176e+03 -9.8448e+01 -2.8829e+02 2.5089e+04 6.7805e+03 -5.2269e+01 4.5686e+03 -1.3381e+01 1.4505e+02
1.3789e-01 8.7486e+02 1.8329e+03 2.6743e+02 -8.9780e+01 -3.2227e+01 1.4366e+04 7.0773e+02 -1.6103e+02 -3.2238e+02 2.3854e+04 6.1394e+03 3.9463e+00 4.2935e+03 5.1108e+00 1.4592e+02
1.4406e-01 8.3665e+02 1.7159e+03 3.3437e+02 -8.4681e+01 -3.6171e+01 1.3202e+04 1.3749e+03 -2.3335e+01 -3.2851e+02 2.3910e+04 5.9300e+03 -1.5135e+01 4.1427e+03 1.0075e+01 1.4444e+02
1.5018e-01 8.3754e+02 1.5100e+03 2.8601e+02 -6.5560e+01 -3.1976e+01 1.1996e+04 1.0489e+03 -2.1311e+01 -3.4692e+02 2.2507e+04 5.4960e+03 1.7530e+01 3.9465e+03 -8.0716e-01 1.4989e+02
1.5634e-01 7.3512e+02 1.3940e+03 2.8081e+02 -5.4477e+01 -3.3959e+01 1.0905e+04 8.1039e+02 -8.3008e+01 -3.2470e+02 2.2249e+04 5.3630e+03 2.8076e+01 3.8496e+03 1.5138e+01 1.4688e+02
1.6254e-01 6.7059e+02 1.2835e+03 2.2147e+02 -7.1936e+01 -3.1158e+01 1.0079e+04 7.4445e+02 -9.4924e+01 -3.1279e+02 2.1900e+04 5.0030e+03 4.0129e+01 3.5752e+03 1.4838e+01 1.4860e+02
1.6869e-01 6.3816e+02 1.1367e+03 2.5875e+02 -7.9156e+01 -3.3098e+01 9.4177e+03 7.3295e+02 -1.6584e+02 -3.3760e+02 2.0932e+04 4.7326e+03 -7.0235e+00 3.5481e+03 1.5872e+01 1.4713e+02
1.7480e-01 6.1834e+02 1.0884e+03 2.7319e+02 -7.1194e+01 -2.7434e+01 8.8089e+03 7.5678e+02 -1.2125e+02 -3.2319e+02 2.1058e+04 4.7321e+03 -1.2033e+01 3.4307e+03 4.1959e+00 1.5071e+02
1.8091e-01 5.5324e+02 1.0038e+03 2.3533e+02 -7.5561e+01 -3.0345e+01 8.5069e+03 5.5444e+02 -1.2355e+02 -3.4161e+02 1.9937e+04 4.2633e+03 1.2904e+01 3.2125e+03 1.5984e+01 1.4887e+02
1.8701e-01 5.3580e+02 9.8148e+02 2.2268e+02 -6.3361e+01 -3.5784e+01 8.1631e+03 6.4534e+02 -8.6837e+01 -3.3738e+02 1.9751e+04 4.1352e+03 -9.0583e+00 3.0611e+03 9.8400e+00 1.5107e+02
1.9316e-01 4.8866e+02 8.9531e+02 2.5187e+02 -8.1391e+01 -2.8279e+01 7.7740e+03 9.1231e+02 -1.0956e+02 -3.4007e+02 1.9445e+04 3.9335e+03 2.6743e+00 3.0211e+03 9.5654e+00 1.4956e+02
1.9933e-01 4.6895e+02 8.3882e+02 2.1947e+02 -7.8426e+01 -3.0106e+01 7.3483e+03 6.5016e+02 -1.1058e+02 -3.3975e+02 1.9172e+04 3.7474e+03 5.6580e+00 2.9394e+03 9.9221e+00 1.5058e+02
2.0548e-01 4.4726e+02 7.8773e+02 2.4202e+02 -6.0728e+01 -2.8532e+01 6.9860e+03 5.7918e+02 -1.0953e+02 -3.5069e+02 1.8219e+04 3.3641e+03 1.3281e+01 2.7496e+03 9.8188e+00 1.5366e+02
2.1163e-01 4.1934e+02 7.2781e+02 2.3412e+02 -5.6364e+01 -2.7736e+01 6.4119e+03 6.2334e+02 -9.4998e+01 -3.4011e+02 1.7765e+04 3.3894e+03 2.3597e+01 2.7115e+03 1.3367e+01 1.5291e+02
2.1776e-01 3.9141e+02 6.7773e+02 2.3023e+02 -6.6041e+01 -2.6253e+01 6.0018e+03 5.7687e+02 -1.2469e+02 -3.3320e+02 1.7570e+04 3.1937e+03 1.3983e+01 2.6066e+03 1.6260e+01 1.5274e+02
2.2390e-01 3.9106e+02 6.2389e+02 2.1072e+02 -6.1384e+01 -2.7107e+01 5.6791e+03 6.1939e+02 -5.3242e+01 -3.3212e+02 1.6868e+04 3.1382e+03 2.2033e+01 2.5309e+03 6.2725e+00 1.5123e+02
2.3001e-01 3.5888e+02 5.8431e+02 2.0753e+02 -6.3829e+01 -2.8444e+01 5.4647e+03 6.0135e+02 -8.1583e+01 -3.4039e+02 1.6911e+04 2.9119e+03 1.6869e+01 2.4114e+03 8.3962e+00 1.5321e+02
2.3615e-01 3.4493e+02 5.3530e+02 1.9033e+02 -5.4563e+01 -2.4655e+01 4.9698e+03 5.3948e+02 -9.7153e+01 -3.2825e+02 1.6502e+04 2.8174e+03 -2.4395e+00 2.3338e+03 1.1832e+01 1.5172e+02
2.4229e-01 3.2391e+02 5.2256e+02 2.0957e+02 -5.1198e+01 -2.5695e+01 4.8174e+03 5.2759e+02 -8.9648e+01 -3.3330e+02 1.6014e+04 2.7269e+03 9.0243e+00 2.3025e+03 2.0221e+01 1.5329e+02
2.4841e-01 3.4612e+02 4.8740e+02 2.0861e+02 -4.1289e+01 -2.3991e+01 4.7363e+03 6.2333e+02 -7.7909e+01 -3.3587e+02 1.5432e+04 2.5572e+03 -1.1844e+01 2.2071e+03 6.9464e+00 1.5657e+02
2.5454e-01 2.9179e+02 4.5535e+02 1.7466e+02 -4.2204e+01 -2.3383e+01 4.5009e+03 4.6726e+02 -7.7108e+01 -3.3669e+02 1.5346e+04 2.5334e+03 3.6198e+00 2.1353e+03 1.7125e+01 1.5644e+02
2.6069e-01 2.8173e+02 4.3151e+02 1.7703e+02 -4.0882e+01 -2.4675e+01 4.2443e+03 4.7804e+02 -4.9282e+01 -3.3514e+02 1.5178e+04 2.4504e+03 -3.3015e+00 2.0728e+03 1.2525e+01 1.5732e+02
2.6686e-01 2.6478e+02 3.8895e+02 1.5043e+02 -4.3525e+01 -2.3820e+01 4.0626e+03 4.0405e+02 -4.2766e+01 -3.3567e+02 1.4594e+04 2.2256e+03 -1.0967e+00 1.9955e+03 1.4275e+00 1.5601e+02
2.7300e-01 2.7216e+02 3.8398e+02 1.7842e+02 -3.5676e+01 -2.2510e+01 3.9257e+03 4.9017e+02 -3.8665e+01 -3.3705e+02 1.4348e+04 2.1747e+03 -2.0731e+00 1.9480e+03 1.0390e+01 1.5669e+02
2.7914e-01 2.4155e+02 3.6010e+02 1.7049e+02 -3.6547e+01 -2.1894e+01 3.6804e+03 4.3403e+02 -6.4404e+01 -3.3015e+02 1.3943e+04 2.1262e+03 -2.6157e+00 1.9224e+03 1.3783e+01 1.5856e+02
2.8524e-01 2.3109e+02 3.4309e+02 1.5131e+02 -4.4573e+01 -2.0897e+01 3.4975e+03 4.5144e+02 -5.9634e+01 -3.3283e+02 1.3544e+04 1.9463e+03 1.8123e+01 1.8224e+03 1.6486e+01 1.5930e+02
2.9135e-01 2.2507e+02 3.2031e+02 1.4755e+02 -3.3873e+01 -2.0540e+01 3.3237e+03 4.0427e+02 -3.4889e+01 -3.2741e+02 1.3443e+04 1.9029e+03 5.6878e+00 1.7620e+03 1.2394e+01 1.6103e+02
2.9751e-01 2.1331e+02 2.9865e+02 1.4651e+02 -3.3538e+01 -1.9201e+01 3.1496e+03 3.6720e+02 -2.7296e+01 -3.1722e+02 1.3072e+04 1.8353e+03 2.5136e+00 1.7396e+03 1.0928e+01 1.6137e+02
3.0365e-01 2.0625e+02 3.0254e+02 1.3326e+02 -3.9170e+01 -2.1352e+01 3.0873e+03 4.0169e+02 -5.2170e+01 -3.2266e+02 1.3000e+04 1.7894e+03 1.5141e+00 1.6798e+03 1.0738e+01 1.6059e+02
3.0979e-01 1.9547e+02 2.7208e+02 1.2939e+02 -3.7041e+01 -1.8195e+01 2.9088e+03 4.1745e+02 -5.0737e+01 -3.1447e+02 1.2741e+04 1.6994e+03 6.4640e+00 1.6327e+03 1.2863e+01 1.6027e+02
3.1595e-01 1.8668e+02 2.6209e+02 1.1488e+02 -4.0249e+01 -1.8503e+01 2.8393e+03 3.5287e+02 -6.9160e+01 -3.2626e+02 1.2485e+04 1.6708e+03 -5.0053e+00 1.6203e+03 9.9542e+00 1.6335e+02
3.2211e-01 1.9298e+02 2.4573e+02 1.2987e+02 -3.1712e+01 -1.7292e+01 2.7003e+03 3.6540e+02 -3.5690e+01 -3.1516e+02 1.2036e+04 1.5395e+03 -2.3076e+00 1.5552e+03 9.7689e+00 1.6080e+02
3.2826e-01 1.7352e+02 2.3878e+02 1.1239e+02 -2.9453e+01 -1.8136e+01 2.6174e+03 3.3113e+02 -3.6906e+01 -3.1892e+02 1.1860e+04 1.5471e+03 1.2855e+01 1.4988e+03 1.0839e+01 1.6224e+02
3.3435e-01 1.6740e+02 2.2824e+02 1.0957e+02 -3.2041e+01 -1.7999e+01 2.5313e+03 3.3157e+02 -4.7920e+01 -3.2115e+02 1.1674e+04 1.4496e+03 3.8283e+00 1.4685e+03 1.4926e+01 1.6414e+02
3.4048e-01 1.6000e+02 2.1671e+02 1.0670e+02 -2.7878e+01 -1.7501e+01 2.4305e+03 3.2799e+02 -4.1104e+01 -3.1511e+02 1.1434e+04 1.4472e+03 6.0175e-03 1.4341e+03 7.7892e+00 1.6329e+02
3.4663e-01 1.7672e+02 2.0928e+02 9.8939e+01 -2.8182e+01 -1.7246e+01 2.3265e+03 2.6704e+02 -5.7230e+01 -3.1894e+02 1.1298e+04 1.3848e+03 6.2667e+00 1.4026e+03 1.7970e+01 1.6591e+02
3.5273e-01 1.4997e+02 2.0071e+02 9.6657e+01 -2.9301e+01 -1.7140e+01 2.2402e+03 2.8867e+02 -3.9429e+01 -3.1268e+02 1.0858e+04 1.3103e+03 7.0040e+00 1.3551e+03 1.6375e+01 1.6557e+02
3.5887e-01 1.4520e+02 1.9002e+02 8.6326e+01 -2.8834e+01 -1.6396e+01 2.1628e+03 2.6166e+02 -5.2851e+01 -3.1357e+02 1.0857e+04 1.2599e+03 3.6600e+00 1.3216e+03 1.1113e+01 1.6692e+02
3.6501e-01 1.3914e+02 1.8174e+02 8.8876e+01 -2.7558e+01 -1.5887e+01 2.0674e+03 2.7956e+02 -4.3493e+01 -3.0887e+02 1.0640e+04 1.2535e+03 -4.7736e+00 1.2960e+03 1.1320e+01 1.6678e+02
3.7117e-01 1.4216e+02 1.7664e+02 8.0880e+01 -2.8821e+01 -1.6980e+01 2.0010e+03 2.7893e+02 -4.8951e+01 -3.1143e+02 1.0334e+04 1.1811e+03 -6.0858e-01 1.2590e+03 1.2194e+01 1.6844e+02
3.7731e-01 1.2907e+02 1.6926e+02 8.6050e+01 -2.5212e+01 -1.5448e+01 1.9452e+03 2.8392e+02 -3.9607e+01 -3.0978e+02 1.0259e+04 1.1548e+03 2.2880e+00 1.2374e+03 1.3568e+01 1.6875e+02
3.8342e-01 1.2383e+02 1.5763e+02 7.9804e+01 -2.4789e+01 -1.5694e+01 1.8713e+03 2.4352e+02 -5.4682e+01 -3.0678e+02 9.9764e+03 1.0709e+03 8.4430e+00 1.1898e+03 1.4066e+01 1.6911e+02
3.8958e-01 1.1980e+02 1.5476e+02 7.7488e+01 -2.5060e+01 -1.4890e+01 1.8159e+03 2.5390e+02 -3.7576e+01 -3.0375e+02 9.8577e+03 1.0697e+03 5.8124e+00 1.1891e+03 1.0299e+01 1.6897e+02
3.9572e-01 1.1469e+02 1.4636e+02 8.1951e+01 -2.3011e+01 -1.3458e+01 1.7585e+03 2.6351e+02 -4.3354e+01 -3.0776e+02 9.5988e+03 1.0322e+03 4.7679e+00 1.1518e+03 1.2400e+01 1.7201e+02
4.0186e-01 1.1163e+02 1.4317e+02 7.8270e+01 -2.0457e+01 -1.4465e+01 1.7072e+03 2.3313e+02 -4.6649e+01 -3.0896e+02 9.5686e+03 9.8259e+02 -1.4437e+00 1.1139e+03 1.1775e+01 1.7335e+02
4.0800e-01 1.0706e+02 1.3546e+02 6.5064e+01 -2.4915e+01 -1.3890e+01 1.6349e+03 2.0471e+02 -5.0264e+01 -3.0238e+02 9.4084e+03 9.7120e+02 9.4180e+00 1.0977e+03 1.4757e+01 1.7244e+02
4.1411e-01 1.0433e+02 1.3002e+02 6.8667e+01 -2.2251e+01 -1.2409e+01 1.5867e+03 2.1860e+02 -3.8174e+01 -3.0227e+02 9.2491e+03 9.3076e+02 -1.6475e+00 1.0697e+03 1.4432e+01 1.7411e+02
4.2026e-01 1.0614e+02 1.2803e+02 5.9040e+01 -2.4035e+01 -1.3264e+01 1.5535e+03 2.1954e+02 -3.5793e+01 -3.0530e+02 9.0371e+03 9.0211e+02 9.5083e+00 1.0490e+03 9.4616e+00 1.7603e+02
4.2641e-01 9.7560e+01 1.2297e+02 5.9009e+01 -2.1290e+01 -1.2276e+01 1.5086e+03 2.1150e+02 -3.8514e+01 -3.0340e+02 8.8552e+03 8.7084e+02 6.6896e+00 1.0149e+03 1.2538e+01 1.7586e+02
4.3253e-01 9.4768e+01 1.1732e+02 5.7216e+01 -2.2184e+01 -1.2765e+01 1.4389e+03 1.9880e+02 -3.5639e+01 -2.9899e+02 8.6933e+03 8.3680e+02 -2.3725e+00 9.9452e+02 1.1099e+01 1.7613e+02
4.3864e-01 9.1123e+01 1.1590e+02 6.0932e+01 -2.0650e+01 -1.2635e+01 1.4124e+03 1.8823e+02 -3.4425e+01 -2.9831e+02 8.5672e+03 8.2860e+02 -3.3245e-01 9.9169e+02 9.1866e+00 1.7617e+02
4.4477e-01 9.7586e+01 1.1087e+02 6.0638e+01 -2.1214e+01 -1.1909e+01 1.3565e+03 1.6768e+02 -3.2089e+01 -2.9618e+02 8.4315e+03 7.9282e+02 1.0128e+01 9.6032e+02 1.1295e+01 1.7706e+02
4.5094e-01 8.5472e+01 1.0581e+02 6.0245e+01 -1.9600e+01 -1.1695e+01 1.3082e+03 1.8690e+02 -3.7447e+01 -2.9285e+02 8.2428e+03 7.3963e+02 -3.5431e-01 9.4660e+02 1.1781e+01 1.7718e+02
4.5710e-01 8.2572e+01 1.0107e+02 4.7478e+01 -2.0794e+01 -1.1762e+01 1.2904e+03 1.7290e+02 -3.4475e+01 -2.9519e+02 8.1735e+03 7.3130e+02 3.7390e+00 9.2240e+02 1.0062e+01 1.7723e+02
4.6324e-01 7.9948e+01 1.0002e+02 4.9978e+01 -1.9060e+01 -1.1661e+01 1.2513e+03 1.6896e+02 -4.2577e+01 -2.9237e+02 8.0320e+03 7.1262e+02 1.4201e+00 9.0101e+02 1.0906e+01 1.7920e+02
4.6938e-01 8.1074e+01 9.6442e+01 4.8267e+01 -1.8668e+01 -1.1717e+01 1.2108e+03 1.6089e+02 -4.4845e+01 -2.9198e+02 7.8410e+03 7.0136e+02 9.1918e+00 8.8595e+02 1.4710e+01 1.8041e+02
4.7550e-01 7.5588e+01 9.4540e+01 5.2357e+01 -1.9062e+01 -1.1856e+01 1.1773e+03 1.8128e+02 -3.5478e+01 -2.9267e+02 7.7579e+03 6.5142e+02 4.0130e+00 8.6066e+02 9.9453e+00 1.8146e+02
4.8161e-01 7.2573e+01 9.0444e+01 4.5636e+01 -1.8910e+01 -1.1345e+01 1.1411e+03 1.5513e+02 -4.2912e+01 -2.8801e+02 7.5986e+03 6.5476e+02 7.1649e+00 8.5190e+02 1.4042e+01 1.8111e+02
4.8774e-01 7.0767e+01 8.6601e+01 3.9835e+01 -1.8214e+01 -1.0605e+01 1.1051e+03 1.4444e+02 -3.6872e+01 -2.8548e+02 7.4583e+03 6.1165e+02 4.2012e+00 8.3426e+02 1.2358e+01 1.8067e+02
4.9386e-01 6.8788e+01 8.5839e+01 4.7218e+01 -1.6939e+01 -1.1331e+01 1.0706e+03 1.5625e+02 -3.0010e+01 -2.8529e+02 7.3565e+03 5.9057e+02 3.1309e+00 8.2056e+02 1.3396e+01 1.8449e+02
5.0000e-01 6.6607e+01 8.1819e+01 4.0029e+01 -1.8525e+01 -1.1173e+01 1.0477e+03 1.5036e+02 -2.8398e+01 -2.8423e+02 7.2433e+03 5.7334e+02 -2.0686e+00 7.9486e+02 1.0558e+01 1.8260e+02
5.0617e-01 6.4824e+01 7.9916e+01 4.2684e+01 -1.7360e+01 -1.0829e+01 1.0179e+03 1.6349e+02 -3.0355e+01 -2.8354e+02 7.1776e+03 5.7055e+02 5.3348e+00 7.8367e+02 1.1947e+01 1.8514e+02
5.1232e-01 6.2635e+01 7.7070e+01 4.0243e+01 -1.6559e+01 -1.0145e+01 9.9303e+02 1.3828e+02 -2.8991e+01 -2.8130e+02 7.0539e+03 5.3298e+02 4.5428e+00 7.7294e+02 1.0500e+01 1.8426e+02
5.1844e-01 6.2972e+01 7.3932e+01 3.4549e+01 -1.6409e+01 -1.0073e+01 9.6378e+02 1.3674e+02 -3.2513e+01 -2.7938e+02 6.9519e+03 5.2681e+02 3.9180e+00 7.5587e+02 1.3050e+01 1.8557e+02
5.2458e-01 5.9460e+01 7.2045e+01 3.4291e+01 -1.6578e+01 -9.9012e+00 9.3909e+02 1.3811e+02 -2.9135e+01 -2.7729e+02 6.8198e+03 5.1353e+02 2.3337e+00 7.4090e+02 9.9140e+00 1.8525e+02
5.3073e-01 5.7045e+01 6.9648e+01 3.4161e+01 -1.6929e+01 -9.7475e+00 9.1013e+02 1.2539e+02 -3.3403e+01 -2.7533e+02 6.6642e+03 5.0971e+02 7.5709e+00 7.3151e+02 1.3219e+01 1.8638e+02
5.3687e-01 5.5754e+01 6.8048e+01 3.4802e+01 -1.4866e+01 -1.0115e+01 8.9786e+02 1.2811e+02 -3.0612e+01 -2.7900e+02 6.6255e+03 4.7650e+02 2.5907e+00 7.0439e+02 1.1859e+01 1.8858e+02
5.4296e-01 5.8273e+01 6.5670e+01 2.9795e+01 -1.4315e+01 -9.6848e+00 8.7246e+02 1.1796e+02 -2.4691e+01 -2.7555e+02 6.4906e+03 4.5988e+02 4.4370e+00 6.9188e+02 1.0273e+01 1.8917e+02
5.4911e-01 5.2569e+01 6.2594e+01 3.0577e+01 -1.5765e+01 -9.2267e+00 8.4143e+02 1.1611e+02 -2.9248e+01 -2.7187e+02 6.4062e+03 4.5059e+02 8.3643e+00 6.8326e+02 1.2057e+01 1.8817e+02
5.5528e-01 5.1094e+01 6.1378e+01 3.0166e+01 -1.4393e+01 -9.4041e+00 8.1731e+02 1.0983e+02 -2.8237e+01 -2.7003e+02 6.3688e+03 4.3899e+02 1.4013e+00 6.7269e+02 1.1737e+01 1.8839e+02
5.6141e-01 4.9770e+01 6.0534e+01 2.8650e+01 -1.4388e+01 -9.4940e+00 8.0468e+02 1.2949e+02 -2.7817e+01 -2.7194e+02 6.2536e+03 4.3170e+02 -1.8853e+00 6.6018e+02 1.1412e+01 1.9126e+02
5.6754e-01 5.0111e+01 5.8150e+01 2.6752e+01 -1.3659e+01 -9.5443e+00 7.8820e+02 9.5999e+01 -2.8967e+01 -2.7183e+02 6.1094e+03 4.1460e+02 6.7281e+00 6.4353e+02 1.1535e+01 1.9259e+02
5.7367e-01 4.6741e+01 5.5353e+01 2.7546e+01 -1.2861e+01 -8.4460e+00 7.5556e+02 9.9147e+01 -2.6277e+01 -2.6598e+02 6.0369e+03 4.0183e+02 9.7400e+00 6.3444e+02 1.1534e+01 1.9139e+02
5.7981e-01 4.5673e+01 5.3973e+01 2.5723e+01 -1.3465e+01 -8.9600e+00 7.4299e+02 1.0339e+02 -2.4518e+01 -2.6697e+02 5.9310e+03 3.7877e+02 5.7166e+00 6.2025e+02 9.8372e+00 1.9238e+02
5.8594e-01 4.4134e+01 5.2267e+01 2.7658e+01 -1.3818e+01 -8.9002e+00 7.2307e+02 9.4879e+01 -2.7976e+01 -2.6439e+02 5.8341e+03 3.6907e+02 7.2953e+00 6.0700e+02 1.0904e+01 1.9281e+02
5.9206e-01 4.2972e+01 5.1937e+01 2.4777e+01 -1.3112e+01 -8.6567e+00 7.0744e+02 9.9776e+01 -2.7568e+01 -2.6364e+02 5.7954e+03 3.5640e+02 6.3872e+00 5.9507e+02 1.1303e+01 1.9338e+02
5.9819e-01 4.2074e+01 4.9347e+01 2.7643e+01 -1.1893e+01 -8.2458e+00 6.8556e+02 1.0253e+02 -2.6976e+01 -2.6165e+02 5.7174e+03 3.4913e+02 4.7726e+00 5.8476e+02 1.2422e+01 1.9523e+02
6.0436e-01 4.0666e+01 4.7857e+01 2.3299e+01 -1.2372e+01 -8.0772e+00 6.7391e+02 1.0419e+02 -2.3720e+01 -2.6151e+02 5.6567e+03 3.4329e+02 5.3597e-01 5.7518e+02 9.2593e+00 1.9550e+02
6.1049e-01 3.9594e+01 4.7020e+01 2.2378e+01 -1.2915e+01 -8.1963e+00 6.5824e+02 9.3417e+01 -2.4881e+01 -2.5909e+02 5.4815e+03 3.1857e+02 1.3993e+00 5.6711e+02 9.2628e+00 1.9492e+02
6.1661e-01 3.9899e+01 4.5629e+01 2.1962e+01 -1.2001e+01 -8.2444e+00 6.4636e+02 9.5504e+01 -2.2351e+01 -2.5992e+02 5.4350e+03 3.2056e+02 2.6801e+00 5.5411e+02 9.2818e+00 1.9735e+02
6.2276e-01 3.7292e+01 4.4206e+01 2.1315e+01 -1.2055e+01 -8.2192e+00 6.2540e+02 8.3009e+01 -2.6646e+01 -2.5694e+02 5.3457e+03 3.0695e+02 1.1259e+01 5.4565e+02 1.2159e+01 1.9755e+02
6.2890e-01 3.6173e+01 4.2955e+01 2.1364e+01 -1.1842e+01 -7.7002e+00 6.1073e+02 8.4702e+01 -2.5350e+01 -2.5425e+02 5.2670e+03 2.8554e+02 7.4841e+00 5.3542e+02 1.2345e+01 1.9734e+02
6.3503e-01 3.5772e+01 4.2415e+01 2.0207e+01 -1.1052e+01 -7.9594e+00 5.9626e+02 8.1081e+01 -2.1950e+01 -2.5275e+02 5.2060e+03 2.8285e+02 9.5069e+00 5.2463e+02 1.0676e+01 1.9753e+02
6.4117e-01 3.7088e+01 4.0890e+01 2.0182e+01 -1.1042e+01 -7.7207e+00 5.8421e+02 7.8532e+01 -2.3655e+01 -2.5303e+02 5.1325e+03 2.8176e+02 5.3744e+00 5.1661e+02 1.0257e+01 1.9946e+02
6.4731e-01 3.3634e+01 3.9419e+01 1.9513e+01 -1.1367e+01 -7.5932e+00 5.7017e+02 8.6122e+01 -2.0855e+01 -2.5043e+02 5.0275e+03 2.6748e+02 3.7955e+00 5.0727e+02 9.9367e+00 1.9936e+02
6.5344e-01 3.3141e+01 3.8534e+01 1.8844e+01 -1.1324e+01 -7.3910e+00 5.5738e+02 7.3038e+01 -2.4471e+01 -2.5025e+02 4.9958e+03 2.6511e+02 8.8546e+00 5.0184e+02 1.1372e+01 2.0112e+02
6.5958e-01 3.2060e+01 3.7550e+01 1.9844e+01 -1.0281e+01 -7.2983e+00 5.4658e+02 7.5380e+01 -2.2113e+01 -2.4964e+02 4.9003e+03 2.4481e+02 7.8682e+00 4.8931e+02 1.0176e+01 2.0224e+02
6.6571e-01 3.2316e+01 3.5972e+01 1.8617e+01 -1.0541e+01 -6.9832e+00 5.3184e+02 7.0407e+01 -1.9714e+01 -2.4704e+02 4.8287e+03 2.3996e+02 1.0602e+01 4.8202e+02 8.1373e+00 2.0159e+02
6.7184e-01 3.0346e+01 3.4872e+01 1.7048e+01 -1.0499e+01 -6.8597e+00 5.2070e+02 6.6441e+01 -2.3555e+01 -2.4550e+02 4.7580e+03 2.3104e+02 8.3174e+00 4.7437e+02 1.0747e+01 2.0238e+02
6.7797e-01 2.9753e+01 3.4622e+01 1.6786e+01 -9.7212e+00 -7.0937e+00 5.1392e+02 6.9835e+01 -2.1627e+01 -2.4707e+02 4.7139e+03 2.2266e+02 8.3891e+00 4.6516e+02 1.0588e+01 2.0432e+02
6.8410e-01 2.8881e+01 3.3434e+01 1.6280e+01 -1.0250e+01 -6.9060e+00 4.9726e+02 6.3518e+01 -2.3094e+01 -2.4301e+02 4.6428e+03 2.2058e+02 9.6883e+00 4.5706e+02 1.1084e+01 2.0363e+02
6.9025e-01 2.8298e+01 3.2427e+01 1.5526e+01 -9.6106e+00 -6.6036e+00 4.8939e+02 7.0487e+01 -2.0347e+01 -2.4267e+02 4.6073e+03 2.1511e+02 2.9348e+00 4.5143e+02 1.0125e+01 2.0445e+02
6.9639e-01 2.7485e+01 3.1799e+01 1.4903e+01 -9.2252e+00 -6.9022e+00 4.8065e+02 6.8803e+01 -1.9784e+01 -2.4348e+02 4.5117e+03 2.0647e+02 3.5672e+00 4.4126e+02 8.9570e+00 2.0688e+02
7.0254e-01 2.6911e+01 3.0432e+01 1.5743e+01 -9.2472e+00 -6.5863e+00 4.6768e+02 6.5350e+01 -2.1684e+01 -2.3990e+02 4.4425e+03 1.9373e+02 7.3025e+00 4.3543e+02 1.0389e+01 2.0626e+02
7.0868e-01 2.6242e+01 2.9946e+01 1.5367e+01 -9.4194e+00 -6.5982e+00 4.5952e+02 6.1889e+01 -2.2191e+01 -2.4000e+02 4.4097e+03 1.9106e+02 8.5433e+00 4.2816e+02 1.0758e+01 2.0791e+02
7.1481e-01 2.6545e+01 2.9098e+01 1.4678e+01 -9.1107e+00 -6.2939e+00 4.4743e+02 6.2134e+01 -1.9017e+01 -2.3664e+02 4.3666e+03 1.8674e+02 5.3279e+00 4.2212e+02 9.1149e+00 2.0674e+02
7.2095e-01 2.4887e+01 2.7849e+01 1.3303e+01 -9.1964e+00 -6.1341e+00 4.3661e+02 5.6948e+01 -2.0008e+01 -2.3402e+02 4.2900e+03 1.7361e+02 7.2766e+00 4.1654e+02 1.0640e+01 2.0640e+02
7.2708e-01 2.4381e+01 2.7829e+01 1.3480e+01 -8.5333e+00 -6.5425e+00 4.2967e+02 5.3867e+01 -1.9691e+01 -2.3488e+02 4.2395e+03 1.7107e+02 1.0408e+01 4.0686e+02 1.0699e+01 2.0871e+02
7.3319e-01 2.3838e+01 2.6602e+01 1.3243e+01 -8.3886e+00 -6.0974e+00 4.2180e+02 5.5857e+01 -1.8820e+01 -2.3410e+02 4.1514e+03 1.6140e+02 8.6145e+00 3.9880e+02 9.3201e+00 2.0926e+02
7.3934e-01 2.4683e+01 2.6026e+01 1.3318e+01 -8.3347e+00 -6.0708e+00 4.0938e+02 5.4844e+01 -1.7032e+01 -2.3015e+02 4.1233e+03 1.5914e+02 5.8442e+00 3.9478e+02 8.0665e+00 2.0827e+02
7.4548e-01 2.2651e+01 2.4820e+01 1.1953e+01 -8.1963e+00 -5.6651e+00 3.9951e+02 5.6255e+01 -1.6105e+01 -2.2845e+02 4.0321e+03 1.5242e+02 4.0825e+00 3.8642e+02 7.5367e+00 2.0887e+02
7.5161e-01 2.2305e+01 2.4771e+01 1.1900e+01 -8.3665e+00 -5.9391e+00 3.9544e+02 5.3933e+01 -1.7527e+01 -2.2941e+02 4.0181e+03 1.5226e+02 5.7408e+00 3.8061e+02 9.0191e+00 2.1096e+02
7.5776e-01 2.1558e+01 2.3630e+01 1.2005e+01 -7.7342e+00 -5.6115e+00 3.8607e+02 5.0696e+01 -1.7591e+01 -2.2748e+02 3.9561e+03 1.4141e+02 6.9842e+00 3.7344e+02 9.0496e+00 2.1026e+02
7.6390e-01 2.1716e+01 2.2855e+01 1.1799e+01 -7.9153e+00 -5.5258e+00 3.7821e+02 5.1041e+01 -1.6647e+01 -2.2677e+02 3.8876e+03 1.3987e+02 5.6197e+00 3.6911e+02 8.6788e+00 2.1242e+02
7.7006e-01 2.0691e+01 2.2597e+01 1.0831e+01 -7.3074e+00 -5.5959e+00 3.7039e+02 4.5511e+01 -1.6989e+01 -2.2492e+02 3.8300e+03 1.3292e+02 5.8630e+00 3.6302e+02 9.3322e+00 2.1143e+02
7.7616e-01 2.0187e+01 2.1804e+01 1.0484e+01 -7.3440e+00 -5.4042e+00 3.6334e+02 4.7024e+01 -1.9175e+01 -2.2340e+02 3.7940e+03 1.2499e+02 5.8346e+00 3.5725e+02 1.0138e+01 2.1213e+02
7.8228e-01 1.9684e+01 2.1108e+01 1.0372e+01 -7.0476e+00 -5.2914e+00 3.5618e+02 4.5491e+01 -1.5143e+01 -2.2239e+02 3.7526e+03 1.2241e+02 7.6612e+00 3.4925e+02 7.9371e+00 2.1270e+02
7.8842e-01 1.9279e+01 2.0997e+01 9.4232e+00 -7.1913e+00 -5.4105e+00 3.5012e+02 4.6255e+01 -1.7485e+01 -2.2171e+02 3.7020e+03 1.1971e+02 4.8811e+00 3.4322e+02 9.8064e+00 2.1395e+02
7.9456e-01 1.8807e+01 2.0081e+01 1.0144e+01 -7.1393e+00 -5.0884e+00 3.4189e+02 4.2056e+01 -1.6393e+01 -2.1985e+02 3.6456e+03 1.0807e+02 7.8424e+00 3.3734e+02 8.4791e+00 2.1411e+02
8.0070e-01 1.8593e+01 1.9766e+01 9.2353e+00 -6.9681e+00 -5.1153e+00 3.3604e+02 4.1603e+01 -1.6967e+01 -2.1909e+02 3.6024e+03 1.0759e+02 5.3744e+00 3.3458e+02 9.6804e+00 2.1496e+02
8.0683e-01 1.8033e+01 1.9064e+01 9.0432e+00 -6.7253e+00 -4.8883e+00 3.2792e+02 4.2998e+01 -1.6364e+01 -2.1658e+02 3.5244e+03 1.0512e+02 3.8333e+00 3.2931e+02 8.8543e+00 2.1429e+02
8.1298e-01 1.8163e+01 1.8670e+01 9.2574e+00 -6.3600e+00 -5.0404e+00 3.2187e+02 4.1935e+01 -1.4284e+01 -2.1571e+02 3.4985e+03 9.9720e+01 7.0527e+00 3.2312e+02 8.1338e+00 2.1517e+02
8.1914e-01 1.7265e+01 1.8276e+01 8.7033e+00 -6.5726e+00 -4.9968e+00 3.1631e+02 3.9539e+01 -1.4905e+01 -2.1511e+02 3.4512e+03 9.6535e+01 4.7541e+00 3.1875e+02 8.8258e+00 2.1635e+02
8.2526e-01 1.6915e+01 1.7676e+01 7.7158e+00 -6.6151e+00 -4.8827e+00 3.0858e+02 3.7200e+01 -1.5028e+01 -2.1236e+02 3.3912e+03 9.1176e+01 6.6410e+00 3.1307e+02 8.6374e+00 2.1529e+02
8.3138e-01 1.6464e+01 1.7049e+01 7.6837e+00 -6.2751e+00 -4.6409e+00 3.0499e+02 4.0017e+01 -1.4597e+01 -2.1294e+02 3.3666e+03 8.4250e+01 5.2573e+00 3.0814e+02 7.9598e+00 2.1760e+02
8.3752e-01 1.7079e+01 1.6662e+01 8.4202e+00 -5.9795e+00 -4.6577e+00 2.9828e+02 3.6347e+01 -1.3441e+01 -2.1054e+02 3.3189e+03 8.5400e+01 7.1856e+00 3.0268e+02 7.4272e+00 2.1685e+02
8.4366e-01 1.5764e+01 1.6205e+01 7.3099e+00 -6.0851e+00 -4.5624e+00 2.9153e+02 3.5578e+01 -1.4709e+01 -2.0894e+02 3.2793e+03 7.4702e+01 4.9043e+00 2.9929e+02 8.5284e+00 2.1724e+02
8.4979e-01 1.5432e+01 1.5685e+01 7.7955e+00 -6.0624e+00 -4.3986e+00 2.8689e+02 3.6924e+01 -1.4219e+01 -2.0799e+02 3.2425e+03 7.5386e+01 4.8180e+00 2.9481e+02 8.3890e+00 2.1803e+02
8.5593e-01 1.5100e+01 1.5383e+01 7.5518e+00 -5.5779e+00 -4.3798e+00 2.8232e+02 3.4554e+01 -1.3202e+01 -2.0733e+02 3.2009e+03 6.9468e+01 6.6101e+00 2.8825e+02 7.7431e+00 2.1867e+02
8.6206e-01 1.5187e+01 1.4993e+01 7.7301e+00 -5.6371e+00 -4.4053e+00 2.7720e+02 3.4320e+01 -1.2796e+01 -2.0619e+02 3.1487e+03 6.6120e+01 5.3848e+00 2.8550e+02 7.4631e+00 2.1903e+02
8.6820e-01 1.4475e+01 1.4451e+01 6.9122e+00 -5.5252e+00 -4.2549e+00 2.7146e+02 3.2943e+01 -1.2368e+01 -2.0495e+02 3.1133e+03 6.2921e+01 6.6711e+00 2.8060e+02 6.7786e+00 2.1994e+02
8.7433e-01 1.4206e+01 1.4257e+01 7.0268e+00 -5.6745e+00 -4.2701e+00 2.6562e+02 3.3565e+01 -1.3236e+01 -2.0241e+02 3.0725e+03 6.1461e+01 3.9795e+00 2.7671e+02 7.9653e+00 2.1863e+02
8.8046e-01 1.3929e+01 1.3901e+01 6.8578e+00 -5.0790e+00 -4.1702e+00 2.6108e+02 3.2582e+01 -1.3300e+01 -2.0189e+02 3.0365e+03 5.6923e+01 3.8765e+00 2.7258e+02 8.2295e+00 2.2043e+02
8.8661e-01 1.3616e+01 1.3287e+01 7.2190e+00 -5.0080e+00 -3.9822e+00 2.5642e+02 2.7837e+01 -1.2629e+01 -2.0082e+02 2.9787e+03 5.5969e+01 7.6572e+00 2.6749e+02 7.7913e+00 2.2072e+02
8.9275e-01 1.3324e+01 1.2927e+01 7.3565e+00 -5.0247e+00 -3.8038e+00 2.5066e+02 3.0674e+01 -1.1976e+01 -1.9851e+02 2.9746e+03 5.1381e+01 3.9434e+00 2.6487e+02 7.3672e+00 2.2023e+02
8.9890e-01 1.3081e+01 1.2792e+01 5.7857e+00 -4.9763e+00 -3.9607e+00 2.4773e+02 2.6042e+01 -1.2005e+01 -1.9891e+02 2.9225e+03 4.9423e+01 7.3867e+00 2.5847e+02 6.8510e+00 2.2209e+02
9.0503e-01 1.2822e+01 1.2379e+01 6.2414e+00 -4.8861e+00 -3.7963e+00 2.4341e+02 2.6383e+01 -1.1786e+01 -1.9751e+02 2.8866e+03 4.7458e+01 5.3162e+00 2.5612e+02 7.0290e+00 2.2197e+02
9.1117e-01 1.2907e+01 1.2081e+01 5.9322e+00 -4.6728e+00 -3.8523e+00 2.3782e+02 2.8104e+01 -1.2188e+01 -1.9569e+02 2.8404e+03 4.4652e+01 3.2831e+00 2.5315e+02 7.7230e+00 2.2211e+02
9.1731e-01 1.2412e+01 1.1810e+01 5.9196e+00 -4.8140e+00 -3.6181e+00 2.3404e+02 2.5612e+01 -1.1375e+01 -1.9398e+02 2.8037e+03 3.9534e+01 5.2954e+00 2.4938e+02 6.8524e+00 2.2145e+02
9.2344e-01 1.2191e+01 1.1540e+01 4.8058e+00 -4.5594e+00 -3.7163e+00 2.3007e+02 2.4883e+01 -1.1167e+01 -1.9353e+02 2.7801e+03 3.9834e+01 4.9835e+00 2.4511e+02 6.1713e+00 2.2273e+02
9.2956e-01 1.1840e+01 1.1170e+01 5.6349e+00 -4.5643e+00 -3.5747e+00 2.2626e+02 2.6716e+01 -1.1258e+01 -1.9241e+02 2.7469e+03 3.4187e+01 3.1565e+00 2.4075e+02 6.7533e+00 2.2301e+02
9.3569e-01 1.2243e+01 1.1020e+01 5.4950e+00 -4.2685e+00 -3.6954e+00 2.2215e+02 2.4801e+01 -1.0171e+01 -1.9130e+02 2.7144e+03 3.2326e+01 3.9993e+00 2.3808e+02 6.1735e+00 2.2355e+02
9.4183e-01 1.1424e+01 1.0467e+01 5.2833e+00 -4.2920e+00 -3.3911e+00 2.1685e+02 2.3789e+01 -1.0641e+01 -1.8861e+02 2.6779e+03 3.0407e+01 6.4983e+00 2.3443e+02 6.4537e+00 2.2245e+02
9.4799e-01 1.1162e+01 1.0126e+01 5.3413e+00 -4.1763e+00 -3.3004e+00 2.1317e+02 2.3094e+01 -9.8460e+00 -1.8747e+02 2.6504e+03 2.7779e+01 4.3432e+00 2.3100e+02 5.8106e+00 2.2273e+02
9.5411e-01 1.0938e+01 1.0011e+01 4.8112e+00 -4.1640e+00 -3.4349e+00 2.1009e+02 2.0973e+01 -1.0400e+01 -1.8715e+02 2.6177e+03 2.4859e+01 5.8391e+00 2.2790e+02 6.5744e+00 2.2417e+02
9.6024e-01 1.1037e+01 9.6837e+00 5.3129e+00 -3.9483e+00 -3.1854e+00 2.0601e+02 2.1261e+01 -9.8735e+00 -1.8519e+02 2.5748e+03 2.2217e+01 4.9899e+00 2.2547e+02 5.9943e+00 2.2339e+02
9.6637e-01 1.0516e+01 9.4893e+00 4.7503e+00 -4.0278e+00 -3.2023e+00 2.0422e+02 2.0867e+01 -1.0035e+01 -1.8577e+02 2.5492e+03 2.1137e+01 5.4420e+00 2.2128e+02 6.2210e+00 2.2560e+02
9.7251e-01 1.0328e+01 9.0413e+00 4.3938e+00 -3.7798e+00 -2.9529e+00 1.9972e+02 1.8638e+01 -9.3545e+00 -1.8401e+02 2.5139e+03 2.0048e+01 7.0721e+00 2.1784e+02 6.2102e+00 2.2567e+02
9.7865e-01 1.0154e+01 9.0036e+00 4.6202e+00 -3.7921e+00 -3.1396e+00 1.9619e+02 1.9721e+01 -8.6498e+00 -1.8273e+02 2.4897e+03 1.5724e+01 5.2655e+00 2.1473e+02 5.0272e+00 2.2579e+02
9.8477e-01 9.9790e+00 8.8521e+00 4.6604e+00 -3.7685e+00 -3.1545e+00 1.9322e+02 1.9127e+01 -8.9065e+00 -1.8147e+02 2.4535e+03 1.5004e+01 5.3770e+00 2.1164e+02 5.3393e+00 2.2539e+02
9.9092e-01 9.7713e+00 8.5358e+00 3.9216e+00 -3.5217e+00 -3.0262e+00 1.8953e+02 1.9496e+01 -8.7695e+00 -1.8026e+02 2.4211e+03 1.2486e+01 4.9651e+00 2.0849e+02 5.6985e+00 2.2597e+02
9.9706e-01 9.6076e+00 8.2602e+00 4.0690e+00 -3.5835e+00 -2.8382e+00 1.8622e+02 1.6671e+01 -8.3117e+00 -1.7895e+02 2.3976e+03 1.0659e+01 6.0434e+00 2.0654e+02 5.3357e+00 2.2627e+02
1.0032e+00 9.4104e+00 8.0790e+00 4.4748e+00 -3.3943e+00 -2.8932e+00 1.8372e+02 1.8979e+01 -8.6668e+00 -1.7829e+02 2.3610e+03 8.5034e+00 3.6372e+00 2.0274e+02 5.5039e+00 2.2659e+02
1.0093e+00 9.5046e+00 7.7942e+00 4.0457e+00 -3.3704e+00 -2.6930e+00 1.7974e+02 1.6958e+01 -9.0755e+00 -1.7659e+02 2.3412e+03 5.7553e+00 4.8218e+00 2.0026e+02 6.2957e+00 2.2673e+02
1.0155e+00 9.0768e+00 7.6361e+00 3.7653e+00 -3.2863e+00 -2.7759e+00 1.7776e+02 1.6524e+01 -8.1913e+00 -1.7603e+02 2.3044e+03 4.0401e+00 4.6694e+00 1.9645e+02 5.1239e+00 2.2685e+02
1.0216e+00 8.9554e+00 7.4920e+00 3.5886e+00 -3.2836e+00 -2.7352e+00 1.7487e+02 1.6412e+01 -8.5978e+00 -1.7508e+02 2.2838e+03 4.4159e+00 3.9694e+00 1.9479e+02 5.7900e+00 2.2775e+02
1.0277e+00 8.7892e+00 7.2753e+00 4.1390e+00 -3.2160e+00 -2.6199e+00 1.7172e+02 1.6726e+01 -8.3589e+00 -1.7379e+02 2.2515e+03 7.3389e-01 3.7298e+00 1.9190e+02 5.0667e+00 2.2778e+02
1.0339e+00 9.0604e+00 7.0905e+00 3.6656e+00 -3.2530e+00 -2.6257e+00 1.6797e+02 1.2884e+01 -7.8375e+00 -1.7165e+02 2.2326e+03 -6.4773e-01 7.2573e+00 1.8970e+02 5.1231e+00 2.2698e+02
1.0400e+00 8.4924e+00 6.8218e+00 3.8250e+00 -3.0453e+00 -2.4932e+00 1.6541e+02 1.4872e+01 -8.0712e+00 -1.7075e+02 2.1986e+03 -2.7879e+00 4.7210e+00 1.8699e+02 5.2391e+00 2.2737e+02
1.0462e+00 8.3488e+00 6.8057e+00 3.6514e+00 -2.9537e+00 -2.6089e+00 1.6366e+02 1.5418e+01 -7.4240e+00 -1.7036e+02 2.1891e+03 -4.1147e+00 3.4672e+00 1.8411e+02 4.5721e+00 2.2793e+02
1.0523e+00 8.2044e+00 6.4128e+00 3.1718e+00 -2.9254e+00 -2.3028e+00 1.6054e+02 1.3315e+01 -7.8751e+00 -1.6901e+02 2.1478e+03 -3.1776e+00 5.1749e+00 1.8160e+02 5.3852e+00 2.2822e+02
1.0584e+00 8.2236e+00 6.4283e+00 3.5286e+00 -2.7931e+00 -2.4618e+00 1.5811e+02 1.3247e+01 -6.9473e+00 -1.6797e+02 2.1269e+03 -4.9909e+00 5.2141e+00 1.7918e+02 4.5278e+00 2.2854e+02
1.0646e+00 7.8643e+00 6.1133e+00 3.0415e+00 -2.8491e+00 -2.3702e+00 1.5490e+02 1.3506e+01 -7.2486e+00 -1.6638e+02 2.0940e+03 -8.0668e+00 3.6178e+00 1.7677e+02 4.7846e+00 2.2811e+02
1.0707e+00 7.7972e+00 5.9928e+00 3.3556e+00 -2.6871e+00 -2.2359e+00 1.5307e+02 1.3598e+01 -6.6878e+00 -1.6596e+02 2.0770e+03 -7.8511e+00 3.6170e+00 1.7522e+02 4.3384e+00 2.2913e+02
1.0768e+00 7.6097e+00 5.7920e+00 2.9241e+00 -2.7158e+00 -2.1961e+00 1.5026e+02 1.2732e+01 -6.7285e+00 -1.6437e+02 2.0576e+03 -9.2400e+00 3.6437e+00 1.7225e+02 4.0963e+00 2.2853e+02
1.0830e+00 7.4930e+00 5.7592e+00 3.2457e+00 -2.6711e+00 -2.3460e+00 1.4867e+02 1.1302e+01 -6.8462e+00 -1.6428e+02 2.0375e+03 -1.1771e+01 5.1002e+00 1.7037e+02 4.6019e+00 2.2997e+02
1.0891e+00 7.3573e+00 5.4058e+00 2.9391e+00 -2.5507e+00 -2.0349e+00 1.4563e+02 1.0969e+01 -6.8116e+00 -1.6244e+02 2.0120e+03 -1.4207e+01 4.9525e+00 1.6773e+02 4.5884e+00 2.2903e+02
1.0952e+00 7.2602e+00 5.3358e+00 3.1031e+00 -2.5074e+00 -2.0350e+00 1.4363e+02 1.0963e+01 -6.5374e+00 -1.6184e+02 1.9848e+03 -1.3744e+01 4.4932e+00 1.6625e+02 4.3525e+00 2.3019e+02
1.1014e+00 7.1479e+00 5.1896e+00 2.8437e+00 -2.4357e+00 -1.9662e+00 1.4159e+02 1.0262e+01 -6.5763e+00 -1.6111e+02 1.9624e+03 -1.4588e+01 4.7454e+00 1.6332e+02 4.3533e+00 2.3086e+02
1.1075e+00 7.2499e+00 5.0870e+00 2.6956e+00 -2.3578e+00 -1.9802e+00 1.3927e+02 1.1695e+01 -6.2566e+00 -1.5963e+02 1.9461e+03 -1.6116e+01 2.9764e+00 1.6157e+02 4.0003e+00 2.2997e+02
1.1136e+00 6.9199e+00 4.9544e+00 2.7294e+00 -2.3401e+00 -1.9910e+00 1.3680e+02 1.2106e+01 -6.0701e+00 -1.5843e+02 1.9116e+03 -1.7792e+01 1.3338e+00 1.6009e+02 3.8552e+00 2.3018e+02
1.1198e+00 6.8078e+00 4.7989e+00 2.7073e+00 -2.3533e+00 -1.8716e+00 1.3511e+02 9.3539e+00 -5.6678e+00 -1.5781e+02 1.8945e+03 -1.7884e+01 4.6257e+00 1.5778e+02 3.4492e+00 2.3052e+02
1.1259e+00 6.7161e+00 4.6474e+00 2.2859e+00 -2.2171e+00 -1.8203e+00 1.3287e+02 8.8223e+00 -5.1325e+00 -1.5682e+02 1.8790e+03 -2.0458e+01 5.3431e+00 1.5566e+02 2.8748e+00 2.3139e+02
1.1321e+00 6.9406e+00 4.4846e+00 2.4575e+00 -2.1625e+00 -1.7878e+00 1.3144e+02 1.0366e+01 -5.9800e+00 -1.5632e+02 1.8555e+03 -2.2582e+01 2.3533e+00 1.5340e+02 4.1499e+00 2.3189e+02
1.1382e+00 6.4773e+00 4.3430e+00 2.6995e+00 -2.1258e+00 -1.6828e+00 1.2870e+02 9.3402e+00 -5.5624e+00 -1.5466e+02 1.8261e+03 -2.2974e+01 4.0892e+00 1.5173e+02 3.7259e+00 2.3144e+02
1.1443e+00 6.3987e+00 4.3242e+00 2.8933e+00 -2.1182e+00 -1.7570e+00 1.2695e+02 7.9737e+00 -5.5321e+00 -1.5392e+02 1.8176e+03 -2.2455e+01 5.0844e+00 1.4953e+02 3.6338e+00 2.3196e+02
1.1505e+00 6.2875e+00 4.1705e+00 2.3348e+00 -2.0509e+00 -1.6893e+00 1.2486e+02 7.7824e+00 -5.4213e+00 -1.5275e+02 1.7869e+03 -2.3509e+01 4.1968e+00 1.4830e+02 3.8304e+00 2.3195e+02
1.1566e+00 6.3473e+00 4.0792e+00 2.5703e+00 -2.0907e+00 -1.7271e+00 1.2291e+02 7.6088e+00 -5.0249e+00 -1.5156e+02 1.7788e+03 -2.4333e+01 4.3262e+00 1.4618e+02 3.2410e+00 2.3158e+02
1.1627e+00 6.0569e+00 3.9458e+00 2.0194e+00 -1.9690e+00 -1.6602e+00 1.2128e+02 7.2429e+00 -5.2278e+00 -1.5089e+02 1.7587e+03 -2.7200e+01 4.5216e+00 1.4483e+02 3.4555e+00 2.3220e+02
1.1689e+00 6.0040e+00 3.8479e+00 2.3720e+00 -1.9264e+00 -1.5747e+00 1.1967e+02 8.4302e+00 -5.1630e+00 -1.4997e+02 1.7323e+03 -2.5986e+01 2.1600e+00 1.4249e+02 3.5775e+00 2.3222e+02
1.1750e+00 5.8977e+00 3.7210e+00 2.2507e+00 -1.9305e+00 -1.5965e+00 1.1762e+02 8.0270e+00 -5.2580e+00 -1.4883e+02 1.7114e+03 -2.6736e+01 2.8178e+00 1.4089e+02 3.7808e+00 2.3219e+02
1.1811e+00 5.7945e+00 3.6284e+00 2.2705e+00 -1.7834e+00 -1.4794e+00 1.1592e+02 8.2715e+00 -4.7603e+00 -1.4798e+02 1.6971e+03 -2.7289e+01 2.1005e+00 1.3993e+02 3.1264e+00 2.3274e+02
1.1873e+00 5.7202e+00 3.4844e+00 2.0845e+00 -1.7869e+00 -1.4437e+00 1.1401e+02 5.0241e+00 -4.5280e+00 -1.4682e+02 1.6795e+03 -2.7291e+01 5.2786e+00 1.3767e+02 2.9093e+00 2.3267e+02
1.1934e+00 5.6390e+00 3.4817e+00 2.1755e+00 -1.7719e+00 -1.5266e+00 1.1249e+02 6.6579e+00 -4.6265e+00 -1.4615e+02 1.6600e+03 -2.9543e+01 3.2277e+00 1.3567e+02 2.9452e+00 2.3331e+02
1.1996e+00 5.5540e+00 3.2774e+00 2.1664e+00 -1.7403e+00 -1.3545e+00 1.1087e+02 7.1972e+00 -4.6358e+00 -1.4520e+02 1.6406e+03 -3.0148e+01 3.1094e+00 1.3459e+02 3.3005e+00 2.3340e+02
1.2057e+00 5.6236e+00 3.2355e+00 2.0848e+00 -1.7056e+00 -1.3556e+00 1.0906e+02 6.4763e+00 -4.2076e+00 -1.4393e+02 1.6216e+03 -3.0160e+01 3.3958e+00 1.3266e+02 2.7420e+00 2.3306e+02
1.2118e+00 5.3921e+00 3.1310e+00 1.9834e+00 -1.5737e+00 -1.3037e+00 1.0771e+02 6.1294e+00 -4.2128e+00 -1.4342e+02 1.6042e+03 -3.2302e+01 4.2464e+00 1.3132e+02 2.6946e+00 2.3382e+02
1.2179e+00 5.3253e+00 3.0463e+00 1.9225e+00 -1.5806e+00 -1.3164e+00 1.0669e+02 6.6954e+00 -4.1355e+00 -1.4338e+02 1.5933e+03 -3.3447e+01 2.3639e+00 1.3041e+02 2.6388e+00 2.3527e+02
1.2241e+00 5.2460e+00 2.9444e+00 2.1419e+00 -1.5815e+00 -1.2187e+00 1.0447e+02 6.0930e+00 -4.3508e+00 -1.4135e+02 1.5833e+03 -3.2042e+01 2.7086e+00 1.2821e+02 3.1393e+00 2.3374e+02
1.2302e+00 5.4251e+00 2.9016e+00 1.7858e+00 -1.5430e+00 -1.2730e+00 1.0315e+02 5.8847e+00 -3.9576e+00 -1.4080e+02 1.5604e+03 -3.3973e+01 2.5837e+00 1.2719e+02 2.4740e+00 2.3444e+02
1.2364e+00 5.1024e+00 2.8572e+00 1.9001e+00 -1.4938e+00 -1.2799e+00 1.0145e+02 5.9584e+00 -4.1651e+00 -1.3953e+02 1.5379e+03 -3.5123e+01 1.8348e+00 1.2559e+02 3.0510e+00 2.3383e+02
1.2425e+00 5.0346e+00 2.7155e+00 1.8476e+00 -1.5209e+00 -1.1560e+00 1.0047e+02 5.8106e+00 -3.9703e+00 -1.3948e+02 1.5224e+03 -3.5232e+01 2.0803e+00 1.2465e+02 2.6232e+00 2.3557e+02
1.2486e+00 4.9552e+00 2.6495e+00 2.0144e+00 -1.4344e+00 -1.1445e+00 9.8843e+01 5.3799e+00 -3.8283e+00 -1.3811e+02 1.5094e+03 -3.6287e+01 3.2142e+00 1.2256e+02 2.4911e+00 2.3482e+02
1.2548e+00 5.0134e+00 2.5857e+00 1.9087e+00 -1.3817e+00 -1.1329e+00 9.7685e+01 4.5020e+00 -3.7715e+00 -1.3776e+02 1.4934e+03 -3.6968e+01 3.9146e+00 1.2153e+02 2.6653e+00 2.3606e+02
1.2609e+00 4.8048e+00 2.4844e+00 1.8280e+00 -1.3081e+00 -1.0787e+00 9.6069e+01 4.3911e+00 -3.5718e+00 -1.3665e+02 1.4763e+03 -3.6505e+01 3.3391e+00 1.2012e+02 2.3272e+00 2.3602e+02
1.2671e+00 4.7380e+00 2.4404e+00 1.7932e+00 -1.3588e+00 -1.0843e+00 9.4921e+01 5.0751e+00 -3.6114e+00 -1.3588e+02 1.4588e+03 -3.8142e+01 2.0360e+00 1.1934e+02 2.4462e+00 2.3593e+02
1.2732e+00 4.6782e+00 2.3086e+00 1.5101e+00 -1.3035e+00 -9.7276e-01 9.3610e+01 5.4898e+00 -3.5235e+00 -1.3510e+02 1.4505e+03 -3.8360e+01 8.6339e-01 1.1764e+02 2.4382e+00 2.3636e+02
1.2793e+00 4.5929e+00 2.2915e+00 1.7565e+00 -1.2600e+00 -1.0151e+00 9.2239e+01 5.3415e+00 -3.2818e+00 -1.3408e+02 1.4340e+03 -3.8347e+01 1.1428e+00 1.1639e+02 2.2198e+00 2.3624e+02
1.2855e+00 4.5600e+00 2.2936e+00 1.6012e+00 -1.2770e+00 -1.0764e+00 9.0948e+01 5.1812e+00 -3.0946e+00 -1.3327e+02 1.4142e+03 -3.7506e+01 9.6728e-01 1.1537e+02 1.8882e+00 2.3649e+02
1.2916e+00 4.4938e+00 2.1790e+00 1.6381e+00 -1.2342e+00 -1.0100e+00 8.9813e+01 4.2393e+00 -3.0386e+00 -1.3258e+02 1.4065e+03 -3.9591e+01 2.3463e+00 1.1421e+02 1.7608e+00 2.3673e+02
1.2977e+00 4.4201e+00 2.1290e+00 1.4846e+00 -1.1190e+00 -9.6182e-01 8.8415e+01 4.2038e+00 -3.0296e+00 -1.3156e+02 1.3926e+03 -3.9633e+01 1.9954e+00 1.1234e+02 2.0254e+00 2.3655e+02
1.3039e+00 4.4841e+00 2.0108e+00 1.2236e+00 -1.1606e+00 -8.5362e-01 8.6869e+01 3.8391e+00 -2.8681e+00 -1.3030e+02 1.3786e+03 -4.0445e+01 1.8839e+00 1.1164e+02 1.7425e+00 2.3637e+02
1.3100e+00 4.3218e+00 2.0255e+00 1.4996e+00 -1.1286e+00 -9.1315e-01 8.6412e+01 4.5444e+00 -3.0982e+00 -1.3040e+02 1.3684e+03 -3.9769e+01 4.8106e-01 1.1046e+02 2.1616e+00 2.3764e+02
1.3161e+00 4.2724e+00 1.9223e+00 1.5718e+00 -1.0822e+00 -8.1207e-01 8.4674e+01 4.4143e+00 -3.0744e+00 -1.2889e+02 1.3501e+03 -4.0423e+01 1.2655e+00 1.0943e+02 2.1729e+00 2.3694e+02
1.3223e+00 4.2011e+00 1.8856e+00 1.5358e+00 -1.0565e+00 -8.3489e-01 8.3754e+01 4.5363e+00 -2.7669e+00 -1.2845e+02 1.3389e+03 -4.1442e+01 6.2495e-01 1.0858e+02 1.7042e+00 2.3738e+02
1.3284e+00 4.3749e+00 1.8221e+00 1.2773e+00 -1.0488e+00 -8.0663e-01 8.2587e+01 2.5443e+00 -2.7893e+00 -1.2761e+02 1.3274e+03 -4.2204e+01 3.4355e+00 1.0758e+02 1.6455e+00 2.3766e+02
1.3345e+00 4.1063e+00 1.8208e+00 1.2544e+00 -1.0355e+00 -8.6029e-01 8.1596e+01 3.4118e+00 -2.7373e+00 -1.2678e+02 1.3138e+03 -4.1219e+01 2.0505e+00 1.0634e+02 1.8503e+00 2.3743e+02
1.3407e+00 4.0621e+00 1.7496e+00 1.2507e+00 -1.0261e+00 -8.2859e-01 8.0587e+01 3.3295e+00 -2.7003e+00 -1.2625e+02 1.2953e+03 -4.1976e+01 2.4783e+00 1.0556e+02 1.9740e+00 2.3815e+02
1.3468e+00 3.9973e+00 1.6733e+00 1.2046e+00 -9.1747e-01 -7.8847e-01 7.9229e+01 3.2654e+00 -2.7301e+00 -1.2517e+02 1.2878e+03 -4.3043e+01 1.9189e+00 1.0433e+02 2.2055e+00 2.3821e+02
1.3529e+00 4.0551e+00 1.6320e+00 1.1135e+00 -9.8777e-01 -7.3824e-01 7.8611e+01 3.4511e+00 -2.5173e+00 -1.2513e+02 1.2759e+03 -4.2860e+01 1.4941e+00 1.0334e+02 1.5847e+00 2.3959e+02
1.3591e+00 3.9020e+00 1.5570e+00 1.3101e+00 -9.7412e-01 -6.8498e-01 7.7476e+01 3.5330e+00 -2.5517e+00 -1.2419e+02 1.2662e+03 -4.2930e+01 1.1692e+00 1.0251e+02 1.8210e+00 2.3941e+02
1.3652e+00 3.8481e+00 1.5515e+00 1.1674e+00 -9.1244e-01 -7.2357e-01 7.6615e+01 2.6675e+00 -2.3229e+00 -1.2369e+02 1.2560e+03 -4.3516e+01 2.3604e+00 1.0146e+02 1.5007e+00 2.4011e+02
1.3714e+00 3.8036e+00 1.4758e+00 1.0760e+00 -9.3281e-01 -6.5584e-01 7.5699e+01 3.2165e+00 -2.4898e+00 -1.2308e+02 1.2452e+03 -4.3823e+01 1.0975e+00 1.0052e+02 1.7780e+00 2.4038e+02
1.3775e+00 3.7407e+00 1.4386e+00 1.1294e+00 -8.6213e-01 -6.3585e-01 7.4690e+01 2.9902e+00 -2.4913e+00 -1.2241e+02 1.2319e+03 -4.3691e+01 1.5967e+00 9.9661e+01 1.7877e+00 2.4108e+02
1.3836e+00 3.7145e+00 1.3768e+00 9.4996e-01 -8.8428e-01 -5.9337e-01 7.3392e+01 2.3394e+00 -2.2262e+00 -1.2103e+02 1.2180e+03 -4.4400e+01 2.0117e+00 9.9190e+01 1.4248e+00 2.3998e+02
1.3898e+00 3.6750e+00 1.3317e+00 1.0896e+00 -8.8157e-01 -5.8949e-01 7.2817e+01 3.4804e+00 -2.1195e+00 -1.2093e+02 1.2075e+03 -4.4916e+01 1.3589e-01 9.8152e+01 1.4222e+00 2.4114e+02
1.3959e+00 3.6193e+00 1.3351e+00 1.1499e+00 -8.6887e-01 -6.0140e-01 7.1626e+01 2.0127e+00 -2.2515e+00 -1.1990e+02 1.1975e+03 -4.4604e+01 2.6106e+00 9.6960e+01 1.5855e+00 2.4099e+02
1.4020e+00 3.6812e+00 1.2844e+00 8.9004e-01 -8.3997e-01 -5.6110e-01 7.0850e+01 2.7767e+00 -2.1893e+00 -1.1936e+02 1.1883e+03 -4.4753e+01 8.2328e-01 9.6399e+01 1.5588e+00 2.4148e+02
1.4082e+00 3.5424e+00 1.2604e+00 9.6849e-01 -7.5156e-01 -6.0293e-01 6.9912e+01 2.4457e+00 -2.2774e+00 -1.1859e+02 1.1759e+03 -4.4858e+01 1.2717e+00 9.5624e+01 1.8086e+00 2.4156e+02
1.4143e+00 3.5019e+00 1.2493e+00 9.6302e-01 -7.5238e-01 -6.2544e-01 6.9055e+01 2.4416e+00 -1.9949e+00 -1.1799e+02 1.1709e+03 -4.5528e+01 7.9224e-01 9.4507e+01 1.1955e+00 2.4213e+02
1.4204e+00 3.4603e+00 1.1866e+00 8.8116e-01 -7.4004e-01 -5.7667e-01 6.8383e+01 2.1550e+00 -1.9670e+00 -1.1764e+02 1.1644e+03 -4.5693e+01 1.3780e+00 9.3891e+01 1.3515e+00 2.4283e+02
1.4266e+00 3.5935e+00 1.1613e+00 9.3754e-01 -7.3513e-01 -5.5090e-01 6.7444e+01 2.8197e+00 -1.8638e+00 -1.1669e+02 1.1476e+03 -4.5969e+01 5.5699e-01 9.3185e+01 1.1203e+00 2.4242e+02
1.4327e+00 3.3897e+00 1.1088e+00 9.3464e-01 -7.4604e-01 -5.4572e-01 6.6848e+01 2.3616e+00 -2.0010e+00 -1.1653e+02 1.1370e+03 -4.5343e+01 4.7011e-01 9.2373e+01 1.4709e+00 2.4374e+02
1.4389e+00 3.3510e+00 1.0429e+00 8.6321e-01 -6.8931e-01 -4.5064e-01 6.5804e+01 2.0801e+00 -1.5142e+00 -1.1551e+02 1.1305e+03 -4.5714e+01 1.6360e+00 9.1546e+01 7.5213e-01 2.4337e+02
1.4450e+00 3.3218e+00 1.0352e+00 9.4843e-01 -6.8365e-01 -4.6417e-01 6.5058e+01 2.2449e+00 -1.8284e+00 -1.1490e+02 1.1181e+03 -4.6052e+01 7.1210e-01 9.1050e+01 1.3250e+00 2.4368e+02
1.4511e+00 3.3556e+00 1.0290e+00 9.4742e-01 -6.7152e-01 -4.9889e-01 6.4262e+01 1.8518e+00 -1.7441e+00 -1.1436e+02 1.1099e+03 -4.5267e+01 1.4335e+00 9.0295e+01 1.0982e+00 2.4430e+02
1.4573e+00 3.2380e+00 1.0141e+00 8.8175e-01 -6.5843e-01 -5.0365e-01 6.3571e+01 2.1576e+00 -1.8826e+00 -1.1367e+02 1.0998e+03 -4.6145e+01 6.5233e-01 8.9555e+01 1.3864e+00 2.4412e+02
1.4634e+00 3.2035e+00 9.5893e-01 8.1634e-01 -6.5419e-01 -4.6263e-01 6.2893e+01 2.1921e+00 -1.5880e+00 -1.1333e+02 1.0930e+03 -4.5953e+01 3.5805e-01 8.9369e+01 8.7435e-01 2.4519e+02
1.4695e+00 3.1704e+00 9.3718e-01 7.8881e-01 -5.7122e-01 -4.5512e-01 6.2176e+01 2.1665e+00 -1.6000e+00 -1.1286e+02 1.0821e+03 -4.6346e+01 3.6136e-01 8.8320e+01 1.0299e+00 2.4599e+02
1.4757e+00 3.1284e+00 9.2572e-01 6.5084e-01 -6.0603e-01 -4.5036e-01 6.1597e+01 1.7926e+00 -1.6179e+00 -1.1241e+02 1.0737e+03 -4.6686e+01 9.4779e-01 8.7597e+01 1.0922e+00 2.4626e+02
1.4818e+00 3.1009e+00 9.0353e-01 8.5460e-01 -5.9971e-01 -4.5688e-01 6.0593e+01 2.1367e+00 -1.6181e+00 -1.1134e+02 1.0675e+03 -4.6871e+01 2.9570e-01 8.7320e+01 1.3101e+00 2.4599e+02
1.4879e+00 3.0667e+00 8.5025e-01 7.5037e-01 -5.8583e-01 -4.0988e-01 6.0022e+01 1.6261e+00 -1.6234e+00 -1.1099e+02 1.0607e+03 -4.6782e+01 1.0161e+00 8.6512e+01 1.3104e+00 2.4663e+02
1.4941e+00 3.0412e+00 8.1107e-01 7.5087e-01 -5.6680e-01 -3.7365e-01 5.9317e+01 2.0854e+00 -1.5060e+00 -1.1050e+02 1.0534e+03 -4.7391e+01 7.4460e-01 8.5865e+01 9.4644e-01 2.4741e+02
1.5002e+00 3.0901e+00 8.4808e-01 6.9845e-01 -5.6418e-01 -4.6065e-01 5.8663e+01 1.2496e+00 -1.4899e+00 -1.0991e+02 1.0444e+03 -4.6532e+01 1.6582e+00 8.5397e+01 1.1042e+00 2.4755e+02
1.5064e+00 2.9839e+00 8.1188e-01 8.2971e-01 -5.6652e-01 -3.9967e-01 5.8160e+01 1.2980e+00 -1.4995e+00 -1.0962e+02 1.0373e+03 -4.6073e+01 1.7156e+00 8.4644e+01 9.3535e-01 2.4860e+02
1.5125e+00 2.9610e+00 7.7980e-01 6.1326e-01 -5.7439e-01 -3.8988e-01 5.7255e+01 1.3638e+00 -1.4323e+00 -1.0857e+02 1.0286e+03 -4.7548e+01 1.3114e+00 8.4522e+01 1.0266e+00 2.4780e+02
1.5186e+00 2.9360e+00 7.5403e-01 7.0517e-01 -5.2831e-01 -3.6948e-01 5.6759e+01 1.7803e+00 -1.2169e+00 -1.0829e+02 1.0208e+03 -4.6416e+01 2.5985e-01 8.3548e+01 6.6474e-01 2.4885e+02
1.5248e+00 3.0589e+00 7.2971e-01 7.0968e-01 -4.9915e-01 -3.6051e-01 5.6156e+01 1.7933e+00 -1.1864e+00 -1.0795e+02 1.0144e+03 -4.6810e+01 9.4559e-02 8.3077e+01 6.9963e-01 2.4982e+02
1.5309e+00 2.8759e+00 7.0858e-01 7.1558e-01 -5.3620e-01 -3.4448e-01 5.5591e+01 1.6117e+00 -1.3873e+00 -1.0732e+02 1.0073e+03 -4.7725e+01 6.4952e-01 8.2930e+01 9.7686e-01 2.4969e+02
1.5370e+00 2.8543e+00 7.0653e-01 6.6065e-01 -4.9503e-01 -3.6469e-01 5.4976e+01 1.6625e+00 -1.2961e+00 -1.0689e+02 9.9560e+02 -4.6899e+01 3.9936e-01 8.2115e+01 8.3756e-01 2.5057e+02
1.5432e+00 2.8189e+00 6.5510e-01 6.6863e-01 -5.0978e-01 -2.8242e-01 5.4237e+01 1.4262e+00 -1.2814e+00 -1.0606e+02 9.9499e+02 -4.7230e+01 6.0412e-01 8.1787e+01 8.6231e-01 2.5016e+02
1.5493e+00 2.8682e+00 6.5107e-01 5.6129e-01 -4.9729e-01 -3.1489e-01 5.3778e+01 1.2520e+00 -1.2508e+00 -1.0596e+02 9.8763e+02 -4.7559e+01 1.2611e+00 8.1207e+01 6.9586e-01 2.5197e+02
1.5554e+00 2.7759e+00 6.2326e-01 6.9504e-01 -4.7142e-01 -2.5981e-01 5.3100e+01 1.6702e+00 -1.1922e+00 -1.0517e+02 9.7904e+02 -4.7179e+01 3.7260e-01 8.0918e+01 7.7943e-01 2.5149e+02
1.5616e+00 2.7533e+00 6.1959e-01 6.1427e-01 -4.6489e-01 -3.1732e-01 5.2680e+01 1.4325e+00 -1.3965e+00 -1.0495e+02 9.7660e+02 -4.7035e+01 4.1293e-02 8.0356e+01 1.2613e+00 2.5252e+02
1.5677e+00 2.7306e+00 6.0222e-01 6.5038e-01 -4.7576e-01 -3.0377e-01 5.2069e+01 1.1915e+00 -1.2104e+00 -1.0435e+02 9.6483e+02 -4.7610e+01 5.5677e-01 8.0012e+01 8.5266e-01 2.5282e+02
