# k, phh, phm/ 
0.0000e+00 0.0000e+00 0.0000e+00
5.7940e-03 2.7586e+04 2.2195e+04
1.0472e-02 2.7377e+04 2.3286e+04
1.4266e-02 3.3018e+04 2.8309e+04
1.8123e-02 2.7948e+04 2.4081e+04
2.2484e-02 2.9553e+04 2.5425e+04
2.6451e-02 2.7595e+04 2.3001e+04
3.0447e-02 2.7257e+04 2.2859e+04
3.4732e-02 2.3559e+04 1.9685e+04
3.8831e-02 2.1686e+04 1.8092e+04
4.2814e-02 2.0170e+04 1.6867e+04
4.6886e-02 1.7364e+04 1.4291e+04
5.0986e-02 1.6305e+04 1.3440e+04
5.5146e-02 1.6706e+04 1.3720e+04
5.9224e-02 1.5732e+04 1.2959e+04
6.3286e-02 1.4972e+04 1.2189e+04
6.7367e-02 1.4119e+04 1.1588e+04
7.1496e-02 1.3326e+04 1.0825e+04
7.5589e-02 1.2459e+04 1.0070e+04
7.9666e-02 1.1866e+04 9.6263e+03
8.3818e-02 1.0576e+04 8.5191e+03
8.7894e-02 1.0253e+04 8.1951e+03
9.1924e-02 9.2950e+03 7.4339e+03
9.6045e-02 8.8912e+03 7.0498e+03
1.0013e-01 8.2991e+03 6.5855e+03
1.0421e-01 7.6322e+03 5.9998e+03
1.0833e-01 7.2797e+03 5.7326e+03
1.1245e-01 7.3014e+03 5.6894e+03
1.1652e-01 6.9757e+03 5.4849e+03
1.2060e-01 6.6203e+03 5.1518e+03
1.2466e-01 6.5096e+03 5.0693e+03
1.2877e-01 6.4820e+03 5.0265e+03
1.3287e-01 6.0457e+03 4.7048e+03
1.3698e-01 5.9604e+03 4.6156e+03
1.4107e-01 5.5537e+03 4.2781e+03
1.4517e-01 5.3209e+03 4.0748e+03
1.4927e-01 5.0990e+03 3.8907e+03
1.5333e-01 4.9277e+03 3.7499e+03
1.5742e-01 4.6238e+03 3.4950e+03
1.6151e-01 4.4372e+03 3.3569e+03
1.6559e-01 4.4616e+03 3.3592e+03
1.6969e-01 4.2078e+03 3.1528e+03
1.7380e-01 4.1554e+03 3.1055e+03
1.7790e-01 4.0236e+03 3.0081e+03
1.8200e-01 3.8874e+03 2.9024e+03
1.8609e-01 3.8041e+03 2.8427e+03
1.9016e-01 3.6877e+03 2.7261e+03
1.9424e-01 3.6607e+03 2.6872e+03
1.9833e-01 3.5144e+03 2.5798e+03
2.0243e-01 3.4596e+03 2.5359e+03
2.0652e-01 3.3424e+03 2.4512e+03
2.1063e-01 3.2661e+03 2.3752e+03
2.1472e-01 3.1641e+03 2.3005e+03
2.1883e-01 3.0689e+03 2.2277e+03
2.2290e-01 3.0299e+03 2.1902e+03
2.2699e-01 2.9763e+03 2.1472e+03
2.3108e-01 2.9020e+03 2.0852e+03
2.3515e-01 2.8563e+03 2.0491e+03
2.3924e-01 2.7466e+03 1.9481e+03
2.4334e-01 2.7551e+03 1.9676e+03
2.4744e-01 2.6907e+03 1.9101e+03
2.5154e-01 2.6616e+03 1.8912e+03
2.5561e-01 2.5684e+03 1.8076e+03
2.5972e-01 2.5433e+03 1.7890e+03
2.6381e-01 2.4984e+03 1.7535e+03
2.6790e-01 2.4336e+03 1.6948e+03
2.7199e-01 2.3830e+03 1.6636e+03
2.7607e-01 2.3737e+03 1.6520e+03
2.8017e-01 2.3337e+03 1.6112e+03
2.8427e-01 2.2804e+03 1.5702e+03
2.8835e-01 2.2270e+03 1.5336e+03
2.9243e-01 2.2124e+03 1.5203e+03
2.9651e-01 2.1867e+03 1.5002e+03
3.0063e-01 2.1361e+03 1.4597e+03
3.0473e-01 2.1246e+03 1.4456e+03
3.0882e-01 2.0782e+03 1.4083e+03
3.1292e-01 2.0583e+03 1.3939e+03
3.1700e-01 2.0240e+03 1.3670e+03
3.2108e-01 1.9967e+03 1.3419e+03
3.2517e-01 1.9608e+03 1.3170e+03
3.2925e-01 1.9571e+03 1.3100e+03
3.3333e-01 1.9093e+03 1.2722e+03
3.3744e-01 1.9000e+03 1.2583e+03
3.4154e-01 1.8663e+03 1.2400e+03
3.4562e-01 1.8380e+03 1.2139e+03
3.4972e-01 1.8312e+03 1.2090e+03
3.5382e-01 1.8030e+03 1.1854e+03
3.5791e-01 1.7951e+03 1.1760e+03
3.6198e-01 1.7794e+03 1.1646e+03
3.6607e-01 1.7557e+03 1.1453e+03
3.7019e-01 1.7263e+03 1.1218e+03
3.7428e-01 1.7012e+03 1.1048e+03
3.7836e-01 1.6816e+03 1.0877e+03
3.8245e-01 1.6700e+03 1.0779e+03
3.8653e-01 1.6420e+03 1.0586e+03
3.9062e-01 1.6350e+03 1.0481e+03
3.9471e-01 1.6348e+03 1.0452e+03
3.9879e-01 1.5999e+03 1.0233e+03
4.0290e-01 1.5843e+03 1.0097e+03
4.0699e-01 1.5728e+03 9.9808e+02
4.1107e-01 1.5583e+03 9.8790e+02
4.1517e-01 1.5402e+03 9.7023e+02
4.1926e-01 1.5246e+03 9.6142e+02
4.2335e-01 1.5145e+03 9.5528e+02
4.2745e-01 1.5200e+03 9.5468e+02
4.3153e-01 1.4860e+03 9.3024e+02
4.3562e-01 1.4872e+03 9.2760e+02
4.3972e-01 1.4728e+03 9.1675e+02
4.4380e-01 1.4477e+03 8.9990e+02
4.4789e-01 1.4397e+03 8.9292e+02
4.5198e-01 1.4299e+03 8.8288e+02
4.5607e-01 1.4120e+03 8.7072e+02
4.6017e-01 1.4027e+03 8.6381e+02
4.6426e-01 1.3979e+03 8.5432e+02
4.6835e-01 1.3858e+03 8.4702e+02
4.7245e-01 1.3777e+03 8.3812e+02
4.7654e-01 1.3600e+03 8.2590e+02
4.8063e-01 1.3605e+03 8.2586e+02
4.8472e-01 1.3488e+03 8.1700e+02
4.8879e-01 1.3417e+03 8.0868e+02
4.9289e-01 1.3228e+03 7.9751e+02
4.9698e-01 1.3197e+03 7.9396e+02
5.0107e-01 1.3117e+03 7.8433e+02
5.0517e-01 1.3049e+03 7.8069e+02
5.0927e-01 1.2930e+03 7.7205e+02
5.1337e-01 1.2834e+03 7.6596e+02
5.1744e-01 1.2730e+03 7.5856e+02
5.2152e-01 1.2693e+03 7.5048e+02
5.2561e-01 1.2588e+03 7.4359e+02
5.2971e-01 1.2605e+03 7.4447e+02
5.3380e-01 1.2435e+03 7.3077e+02
5.3789e-01 1.2331e+03 7.2380e+02
5.4199e-01 1.2301e+03 7.1975e+02
5.4609e-01 1.2242e+03 7.1380e+02
5.5017e-01 1.2136e+03 7.0538e+02
5.5425e-01 1.2078e+03 7.0460e+02
5.5835e-01 1.2012e+03 6.9402e+02
5.6244e-01 1.1962e+03 6.9361e+02
5.6653e-01 1.1948e+03 6.8773e+02
5.7062e-01 1.1812e+03 6.8018e+02
5.7471e-01 1.1773e+03 6.7522e+02
5.7880e-01 1.1743e+03 6.7023e+02
5.8288e-01 1.1648e+03 6.6630e+02
5.8698e-01 1.1590e+03 6.5998e+02
5.9107e-01 1.1491e+03 6.5449e+02
5.9517e-01 1.1486e+03 6.5308e+02
5.9926e-01 1.1368e+03 6.4370e+02
6.0335e-01 1.1370e+03 6.4324e+02
6.0745e-01 1.1356e+03 6.4086e+02
6.1154e-01 1.1215e+03 6.3041e+02
6.1562e-01 1.1217e+03 6.3078e+02
6.1970e-01 1.1162e+03 6.2506e+02
6.2379e-01 1.1105e+03 6.2057e+02
6.2789e-01 1.1075e+03 6.1948e+02
6.3199e-01 1.0994e+03 6.1311e+02
6.3607e-01 1.0947e+03 6.0851e+02
6.4016e-01 1.0908e+03 6.0567e+02
6.4424e-01 1.0847e+03 6.0065e+02
6.4834e-01 1.0854e+03 6.0061e+02
6.5243e-01 1.0776e+03 5.9517e+02
6.5651e-01 1.0714e+03 5.8964e+02
6.6061e-01 1.0714e+03 5.8729e+02
6.6471e-01 1.0619e+03 5.8189e+02
6.6880e-01 1.0617e+03 5.8030e+02
6.7289e-01 1.0576e+03 5.7711e+02
6.7698e-01 1.0549e+03 5.7307e+02
6.8107e-01 1.0512e+03 5.7071e+02
6.8516e-01 1.0387e+03 5.6291e+02
6.8925e-01 1.0403e+03 5.6287e+02
6.9334e-01 1.0366e+03 5.5770e+02
6.9743e-01 1.0347e+03 5.5658e+02
7.0153e-01 1.0239e+03 5.4958e+02
7.0562e-01 1.0224e+03 5.4797e+02
7.0971e-01 1.0217e+03 5.4619e+02
7.1380e-01 1.0160e+03 5.4295e+02
7.1789e-01 1.0121e+03 5.3982e+02
7.2198e-01 1.0059e+03 5.3577e+02
7.2606e-01 1.0084e+03 5.3529e+02
7.3015e-01 9.9903e+02 5.2900e+02
7.3424e-01 9.9938e+02 5.2852e+02
7.3834e-01 9.9063e+02 5.2338e+02
7.4243e-01 9.9209e+02 5.2199e+02
7.4651e-01 9.8890e+02 5.2062e+02
7.5061e-01 9.8632e+02 5.1530e+02
7.5471e-01 9.8850e+02 5.1700e+02
7.5879e-01 9.7751e+02 5.0995e+02
7.6289e-01 9.7307e+02 5.0700e+02
7.6699e-01 9.7004e+02 5.0415e+02
7.7107e-01 9.7002e+02 5.0236e+02
7.7515e-01 9.6447e+02 4.9881e+02
7.7924e-01 9.6085e+02 4.9642e+02
7.8334e-01 9.5722e+02 4.9404e+02
7.8743e-01 9.5549e+02 4.9194e+02
7.9151e-01 9.5213e+02 4.8960e+02
7.9561e-01 9.5268e+02 4.8837e+02
7.9970e-01 9.4917e+02 4.8700e+02
8.0380e-01 9.4525e+02 4.8296e+02
8.0788e-01 9.4598e+02 4.8139e+02
8.1196e-01 9.3769e+02 4.7747e+02
8.1606e-01 9.3486e+02 4.7455e+02
8.2015e-01 9.3280e+02 4.7245e+02
8.2424e-01 9.3053e+02 4.7051e+02
8.2833e-01 9.2666e+02 4.6818e+02
8.3243e-01 9.2472e+02 4.6517e+02
8.3652e-01 9.1997e+02 4.6207e+02
8.4061e-01 9.1820e+02 4.5998e+02
8.4470e-01 9.1727e+02 4.5920e+02
8.4879e-01 9.1284e+02 4.5611e+02
8.5288e-01 9.1039e+02 4.5457e+02
8.5697e-01 9.0932e+02 4.5271e+02
8.6106e-01 9.1069e+02 4.5336e+02
8.6515e-01 9.0505e+02 4.4914e+02
8.6923e-01 9.0265e+02 4.4702e+02
8.7333e-01 8.9831e+02 4.4419e+02
8.7743e-01 9.0024e+02 4.4377e+02
8.8151e-01 8.9633e+02 4.4116e+02
8.8560e-01 8.9534e+02 4.3943e+02
8.8969e-01 8.9181e+02 4.3708e+02
8.9378e-01 8.9027e+02 4.3540e+02
8.9788e-01 8.8596e+02 4.3194e+02
9.0196e-01 8.8473e+02 4.3165e+02
9.0605e-01 8.8552e+02 4.3014e+02
9.1015e-01 8.7884e+02 4.2663e+02
9.1424e-01 8.7740e+02 4.2511e+02
9.1833e-01 8.7466e+02 4.2291e+02
9.2242e-01 8.7357e+02 4.2147e+02
9.2651e-01 8.7128e+02 4.1901e+02
9.3060e-01 8.6792e+02 4.1668e+02
9.3469e-01 8.6948e+02 4.1639e+02
9.3879e-01 8.6692e+02 4.1540e+02
9.4287e-01 8.6374e+02 4.1244e+02
9.4696e-01 8.6247e+02 4.1140e+02
9.5105e-01 8.6079e+02 4.0966e+02
9.5515e-01 8.5671e+02 4.0710e+02
9.5924e-01 8.5448e+02 4.0481e+02
9.6333e-01 8.5635e+02 4.0486e+02
9.6742e-01 8.5147e+02 4.0320e+02
9.7151e-01 8.5047e+02 4.0111e+02
9.7559e-01 8.4916e+02 3.9989e+02
9.7968e-01 8.4830e+02 3.9896e+02
9.8377e-01 8.4416e+02 3.9612e+02
9.8787e-01 8.4196e+02 3.9472e+02
9.9196e-01 8.4167e+02 3.9329e+02
9.9605e-01 8.3920e+02 3.9171e+02
1.0002e+00 8.3584e+02 3.8804e+02
1.0042e+00 8.3236e+02 3.8671e+02
1.0083e+00 8.3334e+02 3.8586e+02
1.0124e+00 8.3327e+02 3.8516e+02
1.0165e+00 8.3032e+02 3.8319e+02
1.0206e+00 8.2822e+02 3.8135e+02
1.0247e+00 8.2509e+02 3.7928e+02
1.0288e+00 8.2405e+02 3.7769e+02
1.0329e+00 8.2087e+02 3.7578e+02
1.0370e+00 8.2021e+02 3.7448e+02
1.0410e+00 8.1970e+02 3.7405e+02
1.0451e+00 8.1588e+02 3.7105e+02
1.0492e+00 8.1543e+02 3.7168e+02
1.0533e+00 8.1718e+02 3.7078e+02
1.0574e+00 8.1282e+02 3.6838e+02
1.0615e+00 8.1072e+02 3.6594e+02
1.0656e+00 8.0983e+02 3.6572e+02
1.0697e+00 8.0717e+02 3.6377e+02
1.0738e+00 8.0592e+02 3.6147e+02
1.0779e+00 8.0515e+02 3.6123e+02
1.0820e+00 8.0442e+02 3.6032e+02
1.0860e+00 8.0197e+02 3.5824e+02
1.0901e+00 8.0111e+02 3.5751e+02
1.0942e+00 7.9979e+02 3.5601e+02
1.0983e+00 7.9560e+02 3.5384e+02
1.1024e+00 7.9605e+02 3.5296e+02
1.1065e+00 7.9368e+02 3.5136e+02
1.1106e+00 7.9200e+02 3.4993e+02
1.1147e+00 7.8923e+02 3.4716e+02
1.1188e+00 7.8936e+02 3.4777e+02
1.1229e+00 7.8745e+02 3.4572e+02
1.1270e+00 7.8454e+02 3.4353e+02
1.1310e+00 7.8277e+02 3.4266e+02
1.1351e+00 7.8279e+02 3.4197e+02
1.1392e+00 7.8044e+02 3.4012e+02
1.1433e+00 7.8151e+02 3.4004e+02
1.1474e+00 7.7712e+02 3.3713e+02
1.1515e+00 7.7863e+02 3.3693e+02
1.1556e+00 7.7644e+02 3.3553e+02
1.1597e+00 7.7458e+02 3.3437e+02
1.1638e+00 7.7165e+02 3.3298e+02
1.1679e+00 7.7086e+02 3.3171e+02
1.1719e+00 7.6934e+02 3.3086e+02
1.1760e+00 7.6850e+02 3.2940e+02
1.1801e+00 7.6648e+02 3.2772e+02
1.1842e+00 7.6423e+02 3.2653e+02
1.1883e+00 7.6537e+02 3.2576e+02
1.1924e+00 7.6311e+02 3.2466e+02
1.1965e+00 7.6317e+02 3.2375e+02
1.2006e+00 7.5875e+02 3.2100e+02
1.2047e+00 7.5877e+02 3.2106e+02
1.2088e+00 7.5594e+02 3.1867e+02
1.2129e+00 7.5379e+02 3.1739e+02
1.2169e+00 7.5735e+02 3.1812e+02
1.2210e+00 7.5298e+02 3.1597e+02
1.2251e+00 7.5209e+02 3.1439e+02
1.2292e+00 7.5024e+02 3.1376e+02
1.2333e+00 7.4976e+02 3.1268e+02
1.2374e+00 7.4515e+02 3.1027e+02
1.2415e+00 7.4730e+02 3.1024e+02
1.2456e+00 7.4347e+02 3.0859e+02
1.2497e+00 7.4256e+02 3.0757e+02
1.2538e+00 7.4301e+02 3.0725e+02
1.2579e+00 7.4094e+02 3.0577e+02
1.2619e+00 7.3916e+02 3.0431e+02
1.2660e+00 7.3764e+02 3.0318e+02
1.2701e+00 7.3662e+02 3.0220e+02
1.2742e+00 7.3626e+02 3.0126e+02
1.2783e+00 7.3270e+02 2.9910e+02
1.2824e+00 7.3245e+02 2.9879e+02
1.2865e+00 7.3299e+02 2.9848e+02
1.2906e+00 7.2986e+02 2.9619e+02
1.2947e+00 7.3014e+02 2.9633e+02
1.2988e+00 7.2834e+02 2.9426e+02
1.3029e+00 7.2650e+02 2.9312e+02
1.3069e+00 7.2609e+02 2.9213e+02
1.3110e+00 7.2577e+02 2.9190e+02
1.3151e+00 7.2299e+02 2.9030e+02
1.3192e+00 7.2192e+02 2.8939e+02
1.3233e+00 7.2121e+02 2.8854e+02
1.3274e+00 7.1999e+02 2.8742e+02
1.3315e+00 7.1729e+02 2.8612e+02
1.3356e+00 7.1632e+02 2.8497e+02
1.3397e+00 7.1599e+02 2.8441e+02
1.3438e+00 7.1364e+02 2.8265e+02
1.3479e+00 7.1316e+02 2.8237e+02
1.3519e+00 7.1214e+02 2.8171e+02
1.3560e+00 7.1090e+02 2.8064e+02
1.3601e+00 7.1004e+02 2.7915e+02
1.3642e+00 7.0780e+02 2.7780e+02
1.3683e+00 7.0715e+02 2.7744e+02
1.3724e+00 7.0800e+02 2.7700e+02
1.3765e+00 7.0366e+02 2.7507e+02
1.3806e+00 7.0370e+02 2.7429e+02
1.3847e+00 7.0193e+02 2.7278e+02
1.3888e+00 7.0034e+02 2.7173e+02
1.3928e+00 6.9974e+02 2.7061e+02
1.3969e+00 6.9737e+02 2.6972e+02
1.4010e+00 6.9830e+02 2.6986e+02
1.4051e+00 6.9646e+02 2.6826e+02
1.4092e+00 6.9603e+02 2.6827e+02
1.4133e+00 6.9537e+02 2.6696e+02
1.4174e+00 6.9426e+02 2.6587e+02
1.4215e+00 6.9145e+02 2.6444e+02
1.4256e+00 6.9140e+02 2.6374e+02
1.4297e+00 6.8855e+02 2.6237e+02
1.4338e+00 6.8874e+02 2.6188e+02
1.4378e+00 6.8872e+02 2.6160e+02
1.4419e+00 6.8547e+02 2.5978e+02
1.4460e+00 6.8485e+02 2.5924e+02
1.4501e+00 6.8322e+02 2.5779e+02
1.4542e+00 6.8307e+02 2.5743e+02
1.4583e+00 6.8118e+02 2.5635e+02
1.4624e+00 6.8026e+02 2.5549e+02
1.4665e+00 6.8002e+02 2.5513e+02
1.4706e+00 6.7673e+02 2.5311e+02
1.4747e+00 6.7579e+02 2.5252e+02
1.4787e+00 6.7553e+02 2.5209e+02
1.4828e+00 6.7429e+02 2.5066e+02
1.4869e+00 6.7244e+02 2.4991e+02
1.4910e+00 6.7275e+02 2.4959e+02
1.4951e+00 6.7075e+02 2.4792e+02
1.4992e+00 6.7107e+02 2.4781e+02
1.5033e+00 6.6735e+02 2.4594e+02
1.5074e+00 6.6782e+02 2.4536e+02
1.5115e+00 6.6734e+02 2.4471e+02
1.5156e+00 6.6483e+02 2.4384e+02
1.5197e+00 6.6487e+02 2.4305e+02
1.5237e+00 6.6239e+02 2.4184e+02
1.5278e+00 6.6251e+02 2.4152e+02
1.5319e+00 6.6049e+02 2.4024e+02
1.5360e+00 6.5976e+02 2.3933e+02
1.5401e+00 6.5894e+02 2.3871e+02
1.5442e+00 6.5863e+02 2.3808e+02
1.5483e+00 6.5682e+02 2.3712e+02
1.5524e+00 6.5510e+02 2.3631e+02
1.5565e+00 6.5381e+02 2.3524e+02
1.5606e+00 6.5400e+02 2.3483e+02
1.5646e+00 6.5277e+02 2.3370e+02
1.5687e+00 6.5154e+02 2.3320e+02
1.5728e+00 6.4995e+02 2.3206e+02
1.5769e+00 6.4990e+02 2.3142e+02
1.5810e+00 6.4832e+02 2.3079e+02
1.5851e+00 6.4585e+02 2.2945e+02
1.5892e+00 6.4498e+02 2.2853e+02
1.5933e+00 6.4527e+02 2.2835e+02
1.5974e+00 6.4287e+02 2.2714e+02
1.6015e+00 6.4193e+02 2.2582e+02
1.6056e+00 6.4158e+02 2.2570e+02
1.6096e+00 6.4099e+02 2.2496e+02
1.6137e+00 6.3974e+02 2.2394e+02
1.6178e+00 6.3838e+02 2.2351e+02
1.6219e+00 6.3738e+02 2.2275e+02
1.6260e+00 6.3574e+02 2.2141e+02
1.6301e+00 6.3524e+02 2.2094e+02
1.6342e+00 6.3398e+02 2.2015e+02
1.6383e+00 6.3230e+02 2.1922e+02
1.6424e+00 6.3095e+02 2.1829e+02
1.6465e+00 6.3100e+02 2.1760e+02
1.6506e+00 6.2853e+02 2.1683e+02
1.6546e+00 6.2820e+02 2.1635e+02
1.6587e+00 6.2707e+02 2.1503e+02
1.6628e+00 6.2532e+02 2.1404e+02
1.6669e+00 6.2597e+02 2.1427e+02
1.6710e+00 6.2416e+02 2.1307e+02
1.6751e+00 6.2315e+02 2.1233e+02
1.6792e+00 6.2227e+02 2.1179e+02
1.6833e+00 6.2051e+02 2.1081e+02
1.6874e+00 6.2017e+02 2.1019e+02
1.6915e+00 6.1783e+02 2.0911e+02
1.6955e+00 6.1723e+02 2.0825e+02
1.6996e+00 6.1722e+02 2.0806e+02
1.7037e+00 6.1719e+02 2.0769e+02
1.7078e+00 6.1614e+02 2.0710e+02
1.7119e+00 6.1429e+02 2.0583e+02
1.7160e+00 6.1274e+02 2.0489e+02
1.7201e+00 6.1195e+02 2.0446e+02
1.7242e+00 6.0961e+02 2.0300e+02
1.7283e+00 6.1006e+02 2.0288e+02
1.7324e+00 6.0910e+02 2.0218e+02
1.7365e+00 6.0789e+02 2.0140e+02
1.7405e+00 6.0672e+02 2.0060e+02
1.7446e+00 6.0590e+02 2.0004e+02
1.7487e+00 6.0489e+02 1.9931e+02
1.7528e+00 6.0231e+02 1.9839e+02
1.7569e+00 6.0150e+02 1.9755e+02
1.7610e+00 6.0180e+02 1.9714e+02
1.7651e+00 6.0042e+02 1.9653e+02
1.7692e+00 5.9913e+02 1.9569e+02
1.7733e+00 5.9719e+02 1.9474e+02
1.7774e+00 5.9763e+02 1.9467e+02
1.7815e+00 5.9630e+02 1.9364e+02
1.7855e+00 5.9494e+02 1.9284e+02
1.7896e+00 5.9300e+02 1.9193e+02
1.7937e+00 5.9252e+02 1.9159e+02
1.7978e+00 5.9127e+02 1.9044e+02
1.8019e+00 5.9215e+02 1.9073e+02
1.8060e+00 5.9049e+02 1.8973e+02
1.8101e+00 5.8988e+02 1.8927e+02
1.8142e+00 5.8815e+02 1.8820e+02
1.8183e+00 5.8638e+02 1.8763e+02
1.8224e+00 5.8556e+02 1.8676e+02
1.8265e+00 5.8381e+02 1.8593e+02
1.8305e+00 5.8302e+02 1.8525e+02
1.8346e+00 5.8232e+02 1.8484e+02
1.8387e+00 5.8144e+02 1.8393e+02
1.8428e+00 5.8039e+02 1.8345e+02
1.8469e+00 5.8011e+02 1.8307e+02
1.8510e+00 5.7943e+02 1.8258e+02
1.8551e+00 5.7633e+02 1.8113e+02
1.8592e+00 5.7579e+02 1.8058e+02
1.8633e+00 5.7426e+02 1.7993e+02
1.8674e+00 5.7475e+02 1.7980e+02
1.8715e+00 5.7347e+02 1.7903e+02
1.8755e+00 5.7211e+02 1.7818e+02
1.8796e+00 5.7146e+02 1.7774e+02
1.8837e+00 5.7055e+02 1.7702e+02
1.8878e+00 5.6883e+02 1.7639e+02
1.8919e+00 5.6864e+02 1.7592e+02
1.8960e+00 5.6774e+02 1.7534e+02
1.9001e+00 5.6577e+02 1.7445e+02
1.9042e+00 5.6495e+02 1.7392e+02
1.9083e+00 5.6469e+02 1.7338e+02
1.9124e+00 5.6297e+02 1.7260e+02
1.9164e+00 5.6201e+02 1.7188e+02
1.9205e+00 5.6120e+02 1.7143e+02
1.9246e+00 5.5988e+02 1.7071e+02
1.9287e+00 5.5923e+02 1.7013e+02
1.9328e+00 5.5758e+02 1.6943e+02
1.9369e+00 5.5705e+02 1.6885e+02
1.9410e+00 5.5570e+02 1.6820e+02
1.9451e+00 5.5578e+02 1.6777e+02
1.9492e+00 5.5348e+02 1.6682e+02
1.9533e+00 5.5334e+02 1.6655e+02
1.9573e+00 5.5175e+02 1.6574e+02
1.9614e+00 5.5116e+02 1.6532e+02
1.9655e+00 5.5055e+02 1.6495e+02
1.9696e+00 5.4926e+02 1.6405e+02
1.9737e+00 5.4724e+02 1.6326e+02
1.9778e+00 5.4664e+02 1.6279e+02
1.9819e+00 5.4569e+02 1.6191e+02
1.9860e+00 5.4540e+02 1.6169e+02
1.9901e+00 5.4418e+02 1.6106e+02
1.9942e+00 5.4353e+02 1.6048e+02
1.9983e+00 5.4177e+02 1.5984e+02
2.0024e+00 5.4157e+02 1.5967e+02
2.0064e+00 5.4060e+02 1.5886e+02
2.0105e+00 5.3914e+02 1.5824e+02
2.0146e+00 5.3835e+02 1.5770e+02
2.0187e+00 5.3735e+02 1.5712e+02
2.0228e+00 5.3621e+02 1.5643e+02
2.0269e+00 5.3482e+02 1.5576e+02
2.0310e+00 5.3389e+02 1.5541e+02
2.0351e+00 5.3430e+02 1.5518e+02
2.0392e+00 5.3252e+02 1.5437e+02
2.0433e+00 5.3042e+02 1.5346e+02
2.0473e+00 5.3062e+02 1.5310e+02
2.0514e+00 5.2956e+02 1.5269e+02
2.0555e+00 5.2769e+02 1.5184e+02
2.0596e+00 5.2736e+02 1.5155e+02
2.0637e+00 5.2627e+02 1.5086e+02
2.0678e+00 5.2496e+02 1.5017e+02
2.0719e+00 5.2365e+02 1.4967e+02
2.0760e+00 5.2323e+02 1.4925e+02
2.0801e+00 5.2276e+02 1.4882e+02
2.0842e+00 5.2120e+02 1.4810e+02
2.0883e+00 5.2030e+02 1.4761e+02
2.0923e+00 5.1988e+02 1.4725e+02
2.0964e+00 5.1844e+02 1.4630e+02
2.1005e+00 5.1706e+02 1.4588e+02
2.1046e+00 5.1602e+02 1.4529e+02
2.1087e+00 5.1599e+02 1.4500e+02
2.1128e+00 5.1418e+02 1.4409e+02
2.1169e+00 5.1401e+02 1.4386e+02
2.1210e+00 5.1261e+02 1.4345e+02
2.1251e+00 5.1173e+02 1.4277e+02
2.1292e+00 5.1030e+02 1.4218e+02
2.1332e+00 5.0963e+02 1.4167e+02
2.1373e+00 5.0919e+02 1.4134e+02
2.1414e+00 5.0788e+02 1.4070e+02
2.1455e+00 5.0629e+02 1.4002e+02
2.1496e+00 5.0586e+02 1.3974e+02
2.1537e+00 5.0466e+02 1.3909e+02
2.1578e+00 5.0342e+02 1.3843e+02
2.1619e+00 5.0258e+02 1.3800e+02
2.1660e+00 5.0175e+02 1.3745e+02
2.1701e+00 5.0034e+02 1.3679e+02
2.1742e+00 4.9994e+02 1.3655e+02
2.1782e+00 4.9822e+02 1.3579e+02
2.1823e+00 4.9778e+02 1.3536e+02
2.1864e+00 4.9732e+02 1.3506e+02
2.1905e+00 4.9640e+02 1.3474e+02
2.1946e+00 4.9526e+02 1.3404e+02
2.1987e+00 4.9392e+02 1.3352e+02
2.2028e+00 4.9316e+02 1.3281e+02
2.2069e+00 4.9198e+02 1.3246e+02
2.2110e+00 4.9154e+02 1.3204e+02
2.2151e+00 4.8987e+02 1.3136e+02
2.2191e+00 4.8945e+02 1.3107e+02
2.2232e+00 4.8952e+02 1.3090e+02
2.2273e+00 4.8735e+02 1.2999e+02
2.2314e+00 4.8624e+02 1.2946e+02
2.2355e+00 4.8477e+02 1.2881e+02
2.2396e+00 4.8463e+02 1.2860e+02
2.2437e+00 4.8336e+02 1.2825e+02
2.2478e+00 4.8334e+02 1.2797e+02
2.2519e+00 4.8178e+02 1.2704e+02
2.2560e+00 4.8041e+02 1.2666e+02
2.2601e+00 4.7962e+02 1.2602e+02
2.2642e+00 4.7930e+02 1.2598e+02
2.2682e+00 4.7781e+02 1.2523e+02
2.2723e+00 4.7625e+02 1.2452e+02
2.2764e+00 4.7612e+02 1.2434e+02
2.2805e+00 4.7507e+02 1.2392e+02
2.2846e+00 4.7414e+02 1.2338e+02
2.2887e+00 4.7305e+02 1.2305e+02
2.2928e+00 4.7226e+02 1.2239e+02
2.2969e+00 4.7103e+02 1.2190e+02
2.3010e+00 4.7021e+02 1.2148e+02
2.3051e+00 4.6926e+02 1.2116e+02
2.3091e+00 4.6781e+02 1.2040e+02
2.3132e+00 4.6704e+02 1.2017e+02
2.3173e+00 4.6615e+02 1.1967e+02
2.3214e+00 4.6548e+02 1.1935e+02
2.3255e+00 4.6439e+02 1.1870e+02
2.3296e+00 4.6331e+02 1.1822e+02
2.3337e+00 4.6233e+02 1.1784e+02
2.3378e+00 4.6172e+02 1.1737e+02
2.3419e+00 4.6085e+02 1.1708e+02
2.3460e+00 4.5961e+02 1.1661e+02
2.3500e+00 4.5884e+02 1.1604e+02
2.3541e+00 4.5816e+02 1.1572e+02
2.3582e+00 4.5677e+02 1.1512e+02
2.3623e+00 4.5639e+02 1.1481e+02
2.3664e+00 4.5555e+02 1.1451e+02
2.3705e+00 4.5425e+02 1.1398e+02
2.3746e+00 4.5353e+02 1.1363e+02
2.3787e+00 4.5308e+02 1.1321e+02
2.3828e+00 4.5210e+02 1.1279e+02
2.3869e+00 4.5020e+02 1.1207e+02
2.3910e+00 4.4952e+02 1.1180e+02
2.3951e+00 4.4842e+02 1.1123e+02
2.3991e+00 4.4815e+02 1.1097e+02
2.4032e+00 4.4662e+02 1.1045e+02
2.4073e+00 4.4620e+02 1.1012e+02
2.4114e+00 4.4510e+02 1.0972e+02
2.4155e+00 4.4432e+02 1.0932e+02
2.4196e+00 4.4313e+02 1.0875e+02
2.4237e+00 4.4281e+02 1.0850e+02
2.4278e+00 4.4111e+02 1.0795e+02
2.4319e+00 4.4047e+02 1.0758e+02
2.4360e+00 4.3929e+02 1.0712e+02
2.4400e+00 4.3852e+02 1.0672e+02
2.4441e+00 4.3798e+02 1.0634e+02
2.4482e+00 4.3685e+02 1.0600e+02
2.4523e+00 4.3589e+02 1.0551e+02
2.4564e+00 4.3497e+02 1.0513e+02
2.4605e+00 4.3400e+02 1.0470e+02
2.4646e+00 4.3329e+02 1.0429e+02
2.4687e+00 4.3241e+02 1.0399e+02
2.4728e+00 4.3156e+02 1.0353e+02
2.4769e+00 4.3056e+02 1.0306e+02
2.4810e+00 4.3001e+02 1.0281e+02
2.4850e+00 4.2854e+02 1.0231e+02
2.4891e+00 4.2752e+02 1.0185e+02
2.4932e+00 4.2704e+02 1.0158e+02
2.4973e+00 4.2568e+02 1.0110e+02
2.5014e+00 4.2505e+02 1.0086e+02
2.5055e+00 4.2404e+02 1.0033e+02
2.5096e+00 4.2301e+02 9.9950e+01
2.5137e+00 4.2245e+02 9.9599e+01
2.5178e+00 4.2161e+02 9.9360e+01
2.5219e+00 4.2100e+02 9.8986e+01
2.5259e+00 4.1922e+02 9.8379e+01
2.5300e+00 4.1890e+02 9.8034e+01
2.5341e+00 4.1772e+02 9.7611e+01
2.5382e+00 4.1707e+02 9.7338e+01
2.5423e+00 4.1634e+02 9.6899e+01
2.5464e+00 4.1473e+02 9.6405e+01
2.5505e+00 4.1475e+02 9.6295e+01
2.5546e+00 4.1364e+02 9.5827e+01
2.5587e+00 4.1322e+02 9.5628e+01
2.5628e+00 4.1191e+02 9.5079e+01
2.5669e+00 4.1084e+02 9.4669e+01
2.5709e+00 4.0986e+02 9.4242e+01
2.5750e+00 4.0890e+02 9.3856e+01
2.5791e+00 4.0803e+02 9.3522e+01
2.5832e+00 4.0726e+02 9.3241e+01
2.5873e+00 4.0664e+02 9.2904e+01
2.5914e+00 4.0533e+02 9.2445e+01
2.5955e+00 4.0454e+02 9.2124e+01
2.5996e+00 4.0398e+02 9.1748e+01
2.6037e+00 4.0320e+02 9.1468e+01
2.6078e+00 4.0241e+02 9.1065e+01
2.6119e+00 4.0125e+02 9.0728e+01
2.6159e+00 4.0074e+02 9.0401e+01
2.6200e+00 3.9965e+02 9.0066e+01
2.6241e+00 3.9885e+02 8.9640e+01
2.6282e+00 3.9761e+02 8.9209e+01
2.6323e+00 3.9673e+02 8.8897e+01
2.6364e+00 3.9606e+02 8.8641e+01
2.6405e+00 3.9505e+02 8.8163e+01
2.6446e+00 3.9462e+02 8.7929e+01
2.6487e+00 3.9326e+02 8.7523e+01
2.6528e+00 3.9218e+02 8.7127e+01
2.6568e+00 3.9144e+02 8.6716e+01
2.6609e+00 3.9081e+02 8.6547e+01
2.6650e+00 3.8952e+02 8.5984e+01
2.6691e+00 3.8936e+02 8.5937e+01
2.6732e+00 3.8804e+02 8.5394e+01
2.6773e+00 3.8739e+02 8.5158e+01
2.6814e+00 3.8674e+02 8.4870e+01
2.6855e+00 3.8558e+02 8.4494e+01
2.6896e+00 3.8479e+02 8.4135e+01
2.6937e+00 3.8416e+02 8.3843e+01
2.6978e+00 3.8300e+02 8.3460e+01
2.7018e+00 3.8193e+02 8.3022e+01
2.7059e+00 3.8134e+02 8.2819e+01
2.7100e+00 3.8080e+02 8.2557e+01
2.7141e+00 3.7972e+02 8.2166e+01
2.7182e+00 3.7875e+02 8.1814e+01
2.7223e+00 3.7840e+02 8.1578e+01
2.7264e+00 3.7699e+02 8.1152e+01
2.7305e+00 3.7656e+02 8.0860e+01
2.7346e+00 3.7589e+02 8.0575e+01
2.7387e+00 3.7476e+02 8.0205e+01
2.7427e+00 3.7348e+02 7.9855e+01
2.7468e+00 3.7304e+02 7.9608e+01
2.7509e+00 3.7202e+02 7.9247e+01
2.7550e+00 3.7139e+02 7.8991e+01
2.7591e+00 3.7047e+02 7.8574e+01
2.7632e+00 3.6982e+02 7.8328e+01
2.7673e+00 3.6915e+02 7.8049e+01
2.7714e+00 3.6791e+02 7.7648e+01
2.7755e+00 3.6677e+02 7.7210e+01
2.7796e+00 3.6634e+02 7.7084e+01
2.7837e+00 3.6564e+02 7.6820e+01
2.7877e+00 3.6493e+02 7.6550e+01
2.7918e+00 3.6380e+02 7.6136e+01
2.7959e+00 3.6299e+02 7.5839e+01
2.8000e+00 3.6226e+02 7.5556e+01
2.8041e+00 3.6102e+02 7.5134e+01
2.8082e+00 3.6043e+02 7.4884e+01
2.8123e+00 3.5984e+02 7.4705e+01
2.8164e+00 3.5921e+02 7.4388e+01
2.8205e+00 3.5853e+02 7.4075e+01
2.8246e+00 3.5730e+02 7.3719e+01
2.8287e+00 3.5632e+02 7.3465e+01
2.8327e+00 3.5617e+02 7.3297e+01
2.8368e+00 3.5477e+02 7.2850e+01
2.8409e+00 3.5438e+02 7.2671e+01
2.8450e+00 3.5332e+02 7.2252e+01
2.8491e+00 3.5267e+02 7.2035e+01
2.8532e+00 3.5212e+02 7.1827e+01
2.8573e+00 3.5092e+02 7.1446e+01
2.8614e+00 3.4996e+02 7.1153e+01
2.8655e+00 3.4914e+02 7.0804e+01
2.8696e+00 3.4868e+02 7.0588e+01
2.8736e+00 3.4766e+02 7.0312e+01
2.8777e+00 3.4668e+02 6.9908e+01
2.8818e+00 3.4612e+02 6.9718e+01
2.8859e+00 3.4525e+02 6.9430e+01
2.8900e+00 3.4459e+02 6.9155e+01
2.8941e+00 3.4397e+02 6.8904e+01
2.8982e+00 3.4298e+02 6.8588e+01
2.9023e+00 3.4264e+02 6.8397e+01
2.9064e+00 3.4170e+02 6.8146e+01
2.9105e+00 3.4072e+02 6.7792e+01
2.9146e+00 3.3984e+02 6.7495e+01
2.9187e+00 3.3910e+02 6.7279e+01
2.9227e+00 3.3831e+02 6.6946e+01
2.9268e+00 3.3736e+02 6.6678e+01
2.9309e+00 3.3687e+02 6.6437e+01
2.9350e+00 3.3599e+02 6.6118e+01
2.9391e+00 3.3509e+02 6.5858e+01
2.9432e+00 3.3426e+02 6.5597e+01
2.9473e+00 3.3366e+02 6.5333e+01
2.9514e+00 3.3276e+02 6.5096e+01
2.9555e+00 3.3209e+02 6.4792e+01
2.9596e+00 3.3129e+02 6.4587e+01
2.9636e+00 3.3029e+02 6.4222e+01
2.9677e+00 3.2990e+02 6.4088e+01
2.9718e+00 3.2918e+02 6.3847e+01
2.9759e+00 3.2805e+02 6.3448e+01
2.9800e+00 3.2737e+02 6.3173e+01
2.9841e+00 3.2665e+02 6.2957e+01
2.9882e+00 3.2603e+02 6.2782e+01
2.9923e+00 3.2491e+02 6.2384e+01
2.9964e+00 3.2443e+02 6.2238e+01
3.0005e+00 3.2378e+02 6.2014e+01
3.0046e+00 3.2270e+02 6.1659e+01
3.0086e+00 3.2196e+02 6.1419e+01
3.0127e+00 3.2136e+02 6.1207e+01
3.0168e+00 3.2044e+02 6.0892e+01
3.0209e+00 3.1991e+02 6.0690e+01
3.0250e+00 3.1921e+02 6.0486e+01
3.0291e+00 3.1836e+02 6.0195e+01
3.0332e+00 3.1787e+02 6.0055e+01
3.0373e+00 3.1687e+02 5.9766e+01
3.0414e+00 3.1599e+02 5.9431e+01
3.0455e+00 3.1543e+02 5.9204e+01
3.0495e+00 3.1447e+02 5.8950e+01
3.0536e+00 3.1378e+02 5.8736e+01
3.0577e+00 3.1328e+02 5.8523e+01
3.0618e+00 3.1233e+02 5.8268e+01
3.0659e+00 3.1186e+02 5.8094e+01
3.0700e+00 3.1131e+02 5.7868e+01
3.0741e+00 3.1031e+02 5.7588e+01
3.0782e+00 3.0955e+02 5.7319e+01
3.0823e+00 3.0891e+02 5.7087e+01
3.0864e+00 3.0834e+02 5.6926e+01
3.0905e+00 3.0762e+02 5.6664e+01
3.0945e+00 3.0666e+02 5.6426e+01
3.0986e+00 3.0586e+02 5.6136e+01
3.1027e+00 3.0548e+02 5.5984e+01
3.1068e+00 3.0442e+02 5.5682e+01
3.1109e+00 3.0403e+02 5.5535e+01
3.1150e+00 3.0285e+02 5.5185e+01
3.1191e+00 3.0208e+02 5.4967e+01
3.1232e+00 3.0181e+02 5.4854e+01
3.1273e+00 3.0074e+02 5.4554e+01
3.1314e+00 3.0014e+02 5.4310e+01
3.1355e+00 2.9938e+02 5.4117e+01
3.1395e+00 2.9883e+02 5.3889e+01
3.1436e+00 2.9789e+02 5.3596e+01
3.1477e+00 2.9745e+02 5.3461e+01
3.1518e+00 2.9658e+02 5.3211e+01
3.1559e+00 2.9618e+02 5.3085e+01
3.1600e+00 2.9533e+02 5.2819e+01
3.1641e+00 2.9435e+02 5.2525e+01
3.1682e+00 2.9346e+02 5.2296e+01
3.1723e+00 2.9294e+02 5.2114e+01
3.1764e+00 2.9233e+02 5.1889e+01
3.1804e+00 2.9163e+02 5.1703e+01
3.1845e+00 2.9104e+02 5.1542e+01
3.1886e+00 2.9049e+02 5.1327e+01
3.1927e+00 2.8942e+02 5.1018e+01
3.1968e+00 2.8912e+02 5.0915e+01
3.2009e+00 2.8860e+02 5.0712e+01
3.2050e+00 2.8743e+02 5.0424e+01
3.2091e+00 2.8690e+02 5.0210e+01
3.2132e+00 2.8649e+02 5.0074e+01
3.2173e+00 2.8562e+02 4.9878e+01
3.2214e+00 2.8487e+02 4.9637e+01
3.2254e+00 2.8387e+02 4.9377e+01
3.2295e+00 2.8348e+02 4.9238e+01
3.2336e+00 2.8288e+02 4.9040e+01
3.2377e+00 2.8202e+02 4.8821e+01
3.2418e+00 2.8147e+02 4.8616e+01
3.2459e+00 2.8058e+02 4.8360e+01
3.2500e+00 2.8041e+02 4.8227e+01
3.2541e+00 2.7936e+02 4.8026e+01
3.2582e+00 2.7881e+02 4.7789e+01
3.2623e+00 2.7803e+02 4.7623e+01
3.2663e+00 2.7762e+02 4.7455e+01
3.2704e+00 2.7700e+02 4.7239e+01
3.2745e+00 2.7603e+02 4.6978e+01
3.2786e+00 2.7549e+02 4.6812e+01
3.2827e+00 2.7495e+02 4.6673e+01
3.2868e+00 2.7443e+02 4.6496e+01
3.2909e+00 2.7350e+02 4.6273e+01
3.2950e+00 2.7289e+02 4.6049e+01
3.2991e+00 2.7241e+02 4.5922e+01
3.3032e+00 2.7172e+02 4.5693e+01
3.3073e+00 2.7104e+02 4.5493e+01
3.3113e+00 2.7026e+02 4.5298e+01
3.3154e+00 2.6956e+02 4.5113e+01
3.3195e+00 2.6894e+02 4.4941e+01
3.3236e+00 2.6844e+02 4.4764e+01
3.3277e+00 2.6787e+02 4.4610e+01
3.3318e+00 2.6703e+02 4.4374e+01
3.3359e+00 2.6650e+02 4.4204e+01
3.3400e+00 2.6568e+02 4.4002e+01
3.3441e+00 2.6518e+02 4.3816e+01
3.3482e+00 2.6464e+02 4.3646e+01
3.3523e+00 2.6386e+02 4.3444e+01
3.3563e+00 2.6319e+02 4.3262e+01
3.3604e+00 2.6271e+02 4.3125e+01
3.3645e+00 2.6200e+02 4.2946e+01
3.3686e+00 2.6134e+02 4.2745e+01
3.3727e+00 2.6092e+02 4.2603e+01
3.3768e+00 2.5990e+02 4.2366e+01
3.3809e+00 2.5958e+02 4.2262e+01
3.3850e+00 2.5877e+02 4.2033e+01
3.3891e+00 2.5823e+02 4.1878e+01
3.3932e+00 2.5788e+02 4.1742e+01
3.3973e+00 2.5721e+02 4.1582e+01
3.4013e+00 2.5646e+02 4.1358e+01
3.4054e+00 2.5559e+02 4.1167e+01
3.4095e+00 2.5537e+02 4.1053e+01
3.4136e+00 2.5477e+02 4.0887e+01
3.4177e+00 2.5396e+02 4.0669e+01
3.4218e+00 2.5351e+02 4.0530e+01
3.4259e+00 2.5286e+02 4.0336e+01
3.4300e+00 2.5196e+02 4.0162e+01
3.4341e+00 2.5151e+02 3.9981e+01
3.4382e+00 2.5107e+02 3.9891e+01
3.4422e+00 2.5017e+02 3.9664e+01
3.4463e+00 2.4974e+02 3.9545e+01
3.4504e+00 2.4923e+02 3.9373e+01
3.4545e+00 2.4833e+02 3.9185e+01
3.4586e+00 2.4798e+02 3.9019e+01
3.4627e+00 2.4738e+02 3.8867e+01
3.4668e+00 2.4676e+02 3.8713e+01
3.4709e+00 2.4608e+02 3.8528e+01
3.4750e+00 2.4564e+02 3.8424e+01
3.4791e+00 2.4487e+02 3.8205e+01
3.4832e+00 2.4450e+02 3.8095e+01
3.4872e+00 2.4391e+02 3.7906e+01
3.4913e+00 2.4338e+02 3.7786e+01
3.4954e+00 2.4280e+02 3.7639e+01
3.4995e+00 2.4209e+02 3.7436e+01
3.5036e+00 2.4165e+02 3.7297e+01
3.5077e+00 2.4101e+02 3.7133e+01
3.5118e+00 2.4034e+02 3.7025e+01
3.5159e+00 2.3968e+02 3.6841e+01
3.5200e+00 2.3926e+02 3.6720e+01
3.5241e+00 2.3876e+02 3.6539e+01
3.5281e+00 2.3816e+02 3.6405e+01
3.5322e+00 2.3751e+02 3.6238e+01
3.5363e+00 2.3699e+02 3.6099e+01
3.5404e+00 2.3631e+02 3.5980e+01
3.5445e+00 2.3585e+02 3.5807e+01
3.5486e+00 2.3523e+02 3.5693e+01
3.5527e+00 2.3493e+02 3.5556e+01
3.5568e+00 2.3428e+02 3.5378e+01
3.5609e+00 2.3381e+02 3.5259e+01
3.5650e+00 2.3337e+02 3.5132e+01
3.5691e+00 2.3252e+02 3.4953e+01
3.5732e+00 2.3192e+02 3.4800e+01
3.5772e+00 2.3135e+02 3.4666e+01
3.5813e+00 2.3104e+02 3.4512e+01
3.5854e+00 2.3035e+02 3.4399e+01
3.5895e+00 2.2962e+02 3.4232e+01
3.5936e+00 2.2959e+02 3.4149e+01
3.5977e+00 2.2870e+02 3.3946e+01
3.6018e+00 2.2833e+02 3.3861e+01
3.6059e+00 2.2786e+02 3.3710e+01
3.6100e+00 2.2713e+02 3.3554e+01
3.6141e+00 2.2674e+02 3.3436e+01
3.6181e+00 2.2605e+02 3.3275e+01
3.6222e+00 2.2551e+02 3.3134e+01
3.6263e+00 2.2505e+02 3.2988e+01
3.6304e+00 2.2451e+02 3.2889e+01
3.6345e+00 2.2400e+02 3.2743e+01
3.6386e+00 2.2350e+02 3.2626e+01
3.6427e+00 2.2287e+02 3.2451e+01
3.6468e+00 2.2239e+02 3.2335e+01
3.6509e+00 2.2178e+02 3.2226e+01
3.6550e+00 2.2123e+02 3.2078e+01
3.6591e+00 2.2077e+02 3.1951e+01
3.6631e+00 2.2026e+02 3.1835e+01
3.6672e+00 2.1989e+02 3.1711e+01
3.6713e+00 2.1916e+02 3.1549e+01
3.6754e+00 2.1884e+02 3.1452e+01
3.6795e+00 2.1846e+02 3.1364e+01
3.6836e+00 2.1766e+02 3.1188e+01
3.6877e+00 2.1714e+02 3.1067e+01
3.6918e+00 2.1688e+02 3.0959e+01
3.6959e+00 2.1624e+02 3.0814e+01
3.7000e+00 2.1570e+02 3.0684e+01
3.7040e+00 2.1537e+02 3.0587e+01
3.7081e+00 2.1480e+02 3.0463e+01
3.7122e+00 2.1439e+02 3.0372e+01
3.7163e+00 2.1382e+02 3.0199e+01
3.7204e+00 2.1328e+02 3.0085e+01
3.7245e+00 2.1278e+02 2.9965e+01
3.7286e+00 2.1221e+02 2.9853e+01
3.7327e+00 2.1187e+02 2.9756e+01
3.7368e+00 2.1123e+02 2.9616e+01
3.7409e+00 2.1098e+02 2.9516e+01
3.7450e+00 2.1047e+02 2.9374e+01
3.7490e+00 2.0984e+02 2.9246e+01
3.7531e+00 2.0952e+02 2.9166e+01
3.7572e+00 2.0888e+02 2.9049e+01
3.7613e+00 2.0844e+02 2.8928e+01
3.7654e+00 2.0804e+02 2.8821e+01
3.7695e+00 2.0752e+02 2.8694e+01
3.7736e+00 2.0709e+02 2.8593e+01
3.7777e+00 2.0653e+02 2.8468e+01
3.7818e+00 2.0592e+02 2.8328e+01
3.7859e+00 2.0553e+02 2.8265e+01
3.7900e+00 2.0518e+02 2.8146e+01
3.7940e+00 2.0461e+02 2.8016e+01
3.7981e+00 2.0423e+02 2.7921e+01
3.8022e+00 2.0372e+02 2.7792e+01
3.8063e+00 2.0325e+02 2.7706e+01
3.8104e+00 2.0276e+02 2.7600e+01
3.8145e+00 2.0229e+02 2.7492e+01
3.8186e+00 2.0189e+02 2.7388e+01
3.8227e+00 2.0154e+02 2.7281e+01
3.8268e+00 2.0099e+02 2.7168e+01
3.8309e+00 2.0049e+02 2.7061e+01
3.8349e+00 2.0015e+02 2.6960e+01
3.8390e+00 1.9964e+02 2.6871e+01
3.8431e+00 1.9917e+02 2.6751e+01
3.8472e+00 1.9860e+02 2.6648e+01
3.8513e+00 1.9832e+02 2.6550e+01
3.8554e+00 1.9787e+02 2.6437e+01
3.8595e+00 1.9742e+02 2.6353e+01
3.8636e+00 1.9692e+02 2.6220e+01
3.8677e+00 1.9651e+02 2.6159e+01
3.8718e+00 1.9620e+02 2.6062e+01
3.8759e+00 1.9571e+02 2.5944e+01
3.8799e+00 1.9529e+02 2.5846e+01
3.8840e+00 1.9492e+02 2.5773e+01
3.8881e+00 1.9435e+02 2.5649e+01
3.8922e+00 1.9390e+02 2.5539e+01
3.8963e+00 1.9360e+02 2.5452e+01
3.9004e+00 1.9310e+02 2.5356e+01
3.9045e+00 1.9265e+02 2.5257e+01
3.9086e+00 1.9238e+02 2.5196e+01
3.9127e+00 1.9181e+02 2.5077e+01
3.9168e+00 1.9143e+02 2.4979e+01
3.9209e+00 1.9108e+02 2.4900e+01
3.9249e+00 1.9053e+02 2.4794e+01
3.9290e+00 1.9025e+02 2.4698e+01
3.9331e+00 1.8988e+02 2.4605e+01
3.9372e+00 1.8937e+02 2.4532e+01
3.9413e+00 1.8913e+02 2.4457e+01
3.9454e+00 1.8865e+02 2.4358e+01
3.9495e+00 1.8817e+02 2.4236e+01
3.9536e+00 1.8771e+02 2.4163e+01
3.9577e+00 1.8733e+02 2.4039e+01
3.9618e+00 1.8690e+02 2.3982e+01
3.9658e+00 1.8658e+02 2.3900e+01
3.9699e+00 1.8618e+02 2.3808e+01
3.9740e+00 1.8592e+02 2.3734e+01
3.9781e+00 1.8555e+02 2.3659e+01
3.9822e+00 1.8505e+02 2.3558e+01
3.9863e+00 1.8476e+02 2.3482e+01
3.9904e+00 1.8435e+02 2.3399e+01
3.9945e+00 1.8398e+02 2.3334e+01
3.9986e+00 1.8331e+02 2.3200e+01
4.0027e+00 1.8323e+02 2.3143e+01
4.0068e+00 1.8271e+02 2.3041e+01
4.0108e+00 1.8229e+02 2.2977e+01
4.0149e+00 1.8197e+02 2.2885e+01
4.0190e+00 1.8160e+02 2.2814e+01
4.0231e+00 1.8135e+02 2.2745e+01
4.0272e+00 1.8083e+02 2.2637e+01
4.0313e+00 1.8065e+02 2.2600e+01
4.0354e+00 1.8015e+02 2.2498e+01
4.0395e+00 1.7969e+02 2.2400e+01
4.0436e+00 1.7939e+02 2.2347e+01
4.0477e+00 1.7914e+02 2.2292e+01
4.0517e+00 1.7870e+02 2.2189e+01
4.0558e+00 1.7830e+02 2.2115e+01
4.0599e+00 1.7794e+02 2.2026e+01
4.0640e+00 1.7763e+02 2.1979e+01
4.0681e+00 1.7736e+02 2.1899e+01
4.0722e+00 1.7673e+02 2.1797e+01
4.0763e+00 1.7656e+02 2.1737e+01
4.0804e+00 1.7601e+02 2.1626e+01
4.0845e+00 1.7583e+02 2.1601e+01
4.0886e+00 1.7535e+02 2.1499e+01
4.0927e+00 1.7497e+02 2.1428e+01
4.0967e+00 1.7471e+02 2.1373e+01
4.1008e+00 1.7438e+02 2.1288e+01
4.1049e+00 1.7403e+02 2.1222e+01
4.1090e+00 1.7373e+02 2.1152e+01
4.1131e+00 1.7340e+02 2.1076e+01
4.1172e+00 1.7305e+02 2.1015e+01
4.1213e+00 1.7268e+02 2.0930e+01
4.1254e+00 1.7234e+02 2.0860e+01
4.1295e+00 1.7206e+02 2.0812e+01
4.1336e+00 1.7170e+02 2.0736e+01
4.1377e+00 1.7140e+02 2.0668e+01
4.1417e+00 1.7106e+02 2.0595e+01
4.1458e+00 1.7079e+02 2.0537e+01
4.1499e+00 1.7031e+02 2.0470e+01
4.1540e+00 1.6997e+02 2.0383e+01
4.1581e+00 1.6985e+02 2.0361e+01
4.1622e+00 1.6927e+02 2.0267e+01
4.1663e+00 1.6908e+02 2.0207e+01
4.1704e+00 1.6875e+02 2.0145e+01
4.1745e+00 1.6856e+02 2.0111e+01
4.1786e+00 1.6818e+02 2.0028e+01
4.1826e+00 1.6778e+02 1.9954e+01
4.1867e+00 1.6760e+02 1.9902e+01
