# k, phh, phm/ 
0.0000e+00 0.0000e+00 0.0000e+00
5.7940e-03 1.5521e+04 8.0654e+03
1.0472e-02 2.6049e+04 1.3608e+04
1.4266e-02 3.5639e+04 1.8726e+04
1.8123e-02 3.3603e+04 1.7154e+04
2.2484e-02 3.0661e+04 1.5611e+04
2.6451e-02 3.0911e+04 1.5600e+04
3.0447e-02 2.8053e+04 1.4040e+04
3.4732e-02 2.5890e+04 1.2844e+04
3.8831e-02 2.2822e+04 1.1287e+04
4.2814e-02 2.0992e+04 1.0273e+04
4.6886e-02 2.1052e+04 1.0264e+04
5.0986e-02 1.9269e+04 9.4469e+03
5.5146e-02 1.6422e+04 7.9315e+03
5.9224e-02 1.7894e+04 8.6354e+03
6.3286e-02 1.6123e+04 7.7655e+03
6.7367e-02 1.5484e+04 7.4183e+03
7.1496e-02 1.4392e+04 6.8350e+03
7.5589e-02 1.3976e+04 6.6467e+03
7.9666e-02 1.3384e+04 6.2824e+03
8.3818e-02 1.2329e+04 5.7589e+03
8.7894e-02 1.1178e+04 5.1871e+03
9.1924e-02 1.0738e+04 4.9866e+03
9.6045e-02 1.0084e+04 4.6743e+03
1.0013e-01 9.0951e+03 4.1826e+03
1.0421e-01 8.5918e+03 3.9082e+03
1.0833e-01 8.0823e+03 3.6566e+03
1.1245e-01 8.0915e+03 3.6566e+03
1.1652e-01 7.7164e+03 3.4713e+03
1.2060e-01 7.4651e+03 3.3437e+03
1.2466e-01 7.2889e+03 3.2439e+03
1.2877e-01 7.2231e+03 3.2025e+03
1.3287e-01 7.0623e+03 3.1130e+03
1.3698e-01 6.7691e+03 2.9815e+03
1.4107e-01 6.3747e+03 2.7769e+03
1.4517e-01 6.1943e+03 2.6986e+03
1.4927e-01 5.8075e+03 2.5087e+03
1.5333e-01 5.7168e+03 2.4338e+03
1.5742e-01 5.4122e+03 2.3144e+03
1.6151e-01 5.2219e+03 2.2092e+03
1.6559e-01 5.0098e+03 2.0933e+03
1.6969e-01 4.8230e+03 2.0077e+03
1.7380e-01 4.7132e+03 1.9557e+03
1.7790e-01 4.6983e+03 1.9365e+03
1.8200e-01 4.5638e+03 1.8823e+03
1.8609e-01 4.4876e+03 1.8389e+03
1.9016e-01 4.3649e+03 1.7700e+03
1.9424e-01 4.3018e+03 1.7444e+03
1.9833e-01 4.1718e+03 1.6767e+03
2.0243e-01 4.0935e+03 1.6377e+03
2.0652e-01 4.0157e+03 1.5977e+03
2.1063e-01 3.8563e+03 1.5231e+03
2.1472e-01 3.7591e+03 1.4699e+03
2.1883e-01 3.6821e+03 1.4304e+03
2.2290e-01 3.5049e+03 1.3619e+03
2.2699e-01 3.5122e+03 1.3555e+03
2.3108e-01 3.4531e+03 1.3195e+03
2.3515e-01 3.3559e+03 1.2795e+03
2.3924e-01 3.3124e+03 1.2547e+03
2.4334e-01 3.2555e+03 1.2242e+03
2.4744e-01 3.1920e+03 1.1914e+03
2.5154e-01 3.1070e+03 1.1644e+03
2.5561e-01 3.1066e+03 1.1478e+03
2.5972e-01 3.0374e+03 1.1179e+03
2.6381e-01 2.9399e+03 1.0766e+03
2.6790e-01 2.9602e+03 1.0760e+03
2.7199e-01 2.9116e+03 1.0553e+03
2.7607e-01 2.8161e+03 1.0145e+03
2.8017e-01 2.7840e+03 9.9261e+02
2.8427e-01 2.7183e+03 9.6298e+02
2.8835e-01 2.7174e+03 9.5972e+02
2.9243e-01 2.6609e+03 9.3457e+02
2.9651e-01 2.6244e+03 9.1463e+02
3.0063e-01 2.5585e+03 8.8905e+02
3.0473e-01 2.5231e+03 8.7577e+02
3.0882e-01 2.4970e+03 8.5950e+02
3.1292e-01 2.4871e+03 8.5303e+02
3.1700e-01 2.4557e+03 8.3713e+02
3.2108e-01 2.4111e+03 8.1708e+02
3.2517e-01 2.3801e+03 8.0149e+02
3.2925e-01 2.3607e+03 7.9110e+02
3.3333e-01 2.3185e+03 7.7040e+02
3.3744e-01 2.3147e+03 7.6678e+02
3.4154e-01 2.2485e+03 7.3980e+02
3.4562e-01 2.2573e+03 7.4005e+02
3.4972e-01 2.2204e+03 7.2206e+02
3.5382e-01 2.2023e+03 7.1231e+02
3.5791e-01 2.1657e+03 6.9882e+02
3.6198e-01 2.1665e+03 6.9746e+02
3.6607e-01 2.1226e+03 6.7875e+02
3.7019e-01 2.1007e+03 6.7007e+02
3.7428e-01 2.0872e+03 6.6044e+02
3.7836e-01 2.0553e+03 6.4558e+02
3.8245e-01 2.0574e+03 6.4358e+02
3.8653e-01 2.0279e+03 6.3047e+02
3.9062e-01 2.0124e+03 6.2333e+02
3.9471e-01 1.9876e+03 6.1460e+02
3.9879e-01 1.9844e+03 6.1029e+02
4.0290e-01 1.9409e+03 5.9292e+02
4.0699e-01 1.9269e+03 5.8574e+02
4.1107e-01 1.9119e+03 5.7895e+02
4.1517e-01 1.8932e+03 5.6950e+02
4.1926e-01 1.8884e+03 5.6684e+02
4.2335e-01 1.8748e+03 5.5795e+02
4.2745e-01 1.8650e+03 5.5362e+02
4.3153e-01 1.8275e+03 5.4042e+02
4.3562e-01 1.8306e+03 5.3845e+02
4.3972e-01 1.8050e+03 5.2931e+02
4.4380e-01 1.7856e+03 5.2040e+02
4.4789e-01 1.7775e+03 5.1565e+02
4.5198e-01 1.7679e+03 5.0968e+02
4.5607e-01 1.7545e+03 5.0412e+02
4.6017e-01 1.7418e+03 4.9886e+02
4.6426e-01 1.7309e+03 4.9197e+02
4.6835e-01 1.7072e+03 4.8483e+02
4.7245e-01 1.7007e+03 4.7925e+02
4.7654e-01 1.6879e+03 4.7433e+02
4.8063e-01 1.6726e+03 4.6896e+02
4.8472e-01 1.6643e+03 4.6509e+02
4.8879e-01 1.6629e+03 4.6218e+02
4.9289e-01 1.6453e+03 4.5465e+02
4.9698e-01 1.6332e+03 4.4976e+02
5.0107e-01 1.6345e+03 4.4726e+02
5.0517e-01 1.6164e+03 4.4132e+02
5.0927e-01 1.6042e+03 4.3555e+02
5.1337e-01 1.5928e+03 4.3031e+02
5.1744e-01 1.5841e+03 4.2849e+02
5.2152e-01 1.5812e+03 4.2532e+02
5.2561e-01 1.5606e+03 4.1656e+02
5.2971e-01 1.5583e+03 4.1549e+02
5.3380e-01 1.5411e+03 4.0934e+02
5.3789e-01 1.5414e+03 4.0856e+02
5.4199e-01 1.5348e+03 4.0312e+02
5.4609e-01 1.5211e+03 3.9824e+02
5.5017e-01 1.5208e+03 3.9772e+02
5.5425e-01 1.5050e+03 3.9184e+02
5.5835e-01 1.4994e+03 3.8963e+02
5.6244e-01 1.4885e+03 3.8416e+02
5.6653e-01 1.4798e+03 3.8160e+02
5.7062e-01 1.4769e+03 3.8033e+02
5.7471e-01 1.4655e+03 3.7535e+02
5.7880e-01 1.4542e+03 3.6911e+02
5.8288e-01 1.4490e+03 3.6760e+02
5.8698e-01 1.4461e+03 3.6526e+02
5.9107e-01 1.4421e+03 3.6203e+02
5.9517e-01 1.4275e+03 3.5785e+02
5.9926e-01 1.4234e+03 3.5654e+02
6.0335e-01 1.4149e+03 3.5176e+02
6.0745e-01 1.4095e+03 3.4899e+02
6.1154e-01 1.4043e+03 3.4586e+02
6.1562e-01 1.3965e+03 3.4427e+02
6.1970e-01 1.3897e+03 3.4109e+02
6.2379e-01 1.3838e+03 3.3821e+02
6.2789e-01 1.3786e+03 3.3585e+02
6.3199e-01 1.3804e+03 3.3478e+02
6.3607e-01 1.3646e+03 3.2933e+02
6.4016e-01 1.3576e+03 3.2710e+02
6.4424e-01 1.3538e+03 3.2491e+02
6.4834e-01 1.3455e+03 3.2188e+02
6.5243e-01 1.3468e+03 3.2167e+02
6.5651e-01 1.3361e+03 3.1780e+02
6.6061e-01 1.3344e+03 3.1578e+02
6.6471e-01 1.3231e+03 3.1264e+02
6.6880e-01 1.3190e+03 3.1099e+02
6.7289e-01 1.3135e+03 3.0772e+02
6.7698e-01 1.3065e+03 3.0569e+02
6.8107e-01 1.3079e+03 3.0509e+02
6.8516e-01 1.3039e+03 3.0295e+02
6.8925e-01 1.2975e+03 3.0129e+02
6.9334e-01 1.2922e+03 2.9817e+02
6.9743e-01 1.2820e+03 2.9534e+02
7.0153e-01 1.2828e+03 2.9380e+02
7.0562e-01 1.2714e+03 2.9055e+02
7.0971e-01 1.2761e+03 2.9145e+02
7.1380e-01 1.2680e+03 2.8808e+02
7.1789e-01 1.2612e+03 2.8686e+02
7.2198e-01 1.2603e+03 2.8496e+02
7.2606e-01 1.2547e+03 2.8268e+02
7.3015e-01 1.2508e+03 2.8074e+02
7.3424e-01 1.2460e+03 2.7931e+02
7.3834e-01 1.2414e+03 2.7690e+02
7.4243e-01 1.2383e+03 2.7570e+02
7.4651e-01 1.2335e+03 2.7440e+02
7.5061e-01 1.2320e+03 2.7295e+02
7.5471e-01 1.2172e+03 2.6849e+02
7.5879e-01 1.2225e+03 2.6901e+02
7.6289e-01 1.2168e+03 2.6696e+02
7.6699e-01 1.2142e+03 2.6532e+02
7.7107e-01 1.2074e+03 2.6360e+02
7.7515e-01 1.2082e+03 2.6244e+02
7.7924e-01 1.2001e+03 2.6012e+02
7.8334e-01 1.1979e+03 2.5861e+02
7.8743e-01 1.1936e+03 2.5718e+02
7.9151e-01 1.1875e+03 2.5458e+02
7.9561e-01 1.1892e+03 2.5508e+02
7.9970e-01 1.1830e+03 2.5302e+02
8.0380e-01 1.1806e+03 2.5179e+02
8.0788e-01 1.1736e+03 2.4969e+02
8.1196e-01 1.1745e+03 2.4912e+02
8.1606e-01 1.1699e+03 2.4703e+02
8.2015e-01 1.1626e+03 2.4522e+02
8.2424e-01 1.1655e+03 2.4502e+02
8.2833e-01 1.1579e+03 2.4303e+02
8.3243e-01 1.1549e+03 2.4115e+02
8.3652e-01 1.1582e+03 2.4190e+02
8.4061e-01 1.1483e+03 2.3885e+02
8.4470e-01 1.1433e+03 2.3729e+02
8.4879e-01 1.1423e+03 2.3715e+02
8.5288e-01 1.1343e+03 2.3479e+02
8.5697e-01 1.1336e+03 2.3369e+02
8.6106e-01 1.1329e+03 2.3265e+02
8.6515e-01 1.1312e+03 2.3188e+02
8.6923e-01 1.1283e+03 2.3043e+02
8.7333e-01 1.1217e+03 2.2816e+02
8.7743e-01 1.1227e+03 2.2834e+02
8.8151e-01 1.1177e+03 2.2683e+02
8.8560e-01 1.1160e+03 2.2562e+02
8.8969e-01 1.1144e+03 2.2453e+02
8.9378e-01 1.1116e+03 2.2364e+02
8.9788e-01 1.1058e+03 2.2195e+02
9.0196e-01 1.1030e+03 2.2114e+02
9.0605e-01 1.0985e+03 2.1982e+02
9.1015e-01 1.1009e+03 2.1989e+02
9.1424e-01 1.0941e+03 2.1783e+02
9.1833e-01 1.0953e+03 2.1716e+02
9.2242e-01 1.0927e+03 2.1615e+02
9.2651e-01 1.0869e+03 2.1443e+02
9.3060e-01 1.0867e+03 2.1415e+02
9.3469e-01 1.0852e+03 2.1301e+02
9.3879e-01 1.0796e+03 2.1190e+02
9.4287e-01 1.0759e+03 2.1052e+02
9.4696e-01 1.0757e+03 2.0979e+02
9.5105e-01 1.0686e+03 2.0837e+02
9.5515e-01 1.0681e+03 2.0732e+02
9.5924e-01 1.0689e+03 2.0706e+02
9.6333e-01 1.0618e+03 2.0514e+02
9.6742e-01 1.0610e+03 2.0478e+02
9.7151e-01 1.0591e+03 2.0367e+02
9.7559e-01 1.0583e+03 2.0266e+02
9.7968e-01 1.0526e+03 2.0151e+02
9.8377e-01 1.0538e+03 2.0128e+02
9.8787e-01 1.0487e+03 2.0014e+02
9.9196e-01 1.0468e+03 1.9907e+02
9.9605e-01 1.0498e+03 1.9899e+02
1.0002e+00 1.0414e+03 1.9705e+02
1.0042e+00 1.0407e+03 1.9615e+02
1.0083e+00 1.0389e+03 1.9548e+02
1.0124e+00 1.0381e+03 1.9524e+02
1.0165e+00 1.0312e+03 1.9392e+02
1.0206e+00 1.0310e+03 1.9265e+02
1.0247e+00 1.0312e+03 1.9268e+02
1.0288e+00 1.0259e+03 1.9131e+02
1.0329e+00 1.0239e+03 1.9070e+02
1.0370e+00 1.0251e+03 1.9009e+02
1.0410e+00 1.0206e+03 1.8892e+02
1.0451e+00 1.0174e+03 1.8812e+02
1.0492e+00 1.0138e+03 1.8684e+02
1.0533e+00 1.0137e+03 1.8687e+02
1.0574e+00 1.0130e+03 1.8581e+02
1.0615e+00 1.0093e+03 1.8502e+02
1.0656e+00 1.0076e+03 1.8441e+02
1.0697e+00 1.0075e+03 1.8383e+02
1.0738e+00 1.0035e+03 1.8291e+02
1.0779e+00 1.0008e+03 1.8193e+02
1.0820e+00 9.9807e+02 1.8126e+02
1.0860e+00 9.9706e+02 1.8055e+02
1.0901e+00 9.9667e+02 1.7975e+02
1.0942e+00 9.9456e+02 1.7959e+02
1.0983e+00 9.9000e+02 1.7821e+02
1.1024e+00 9.8640e+02 1.7678e+02
1.1065e+00 9.8513e+02 1.7673e+02
1.1106e+00 9.8605e+02 1.7605e+02
1.1147e+00 9.8370e+02 1.7547e+02
1.1188e+00 9.8039e+02 1.7478e+02
1.1229e+00 9.7929e+02 1.7442e+02
1.1270e+00 9.7823e+02 1.7356e+02
1.1310e+00 9.7297e+02 1.7229e+02
1.1351e+00 9.7402e+02 1.7220e+02
1.1392e+00 9.7210e+02 1.7113e+02
1.1433e+00 9.7122e+02 1.7065e+02
1.1474e+00 9.6844e+02 1.6985e+02
1.1515e+00 9.6886e+02 1.6979e+02
1.1556e+00 9.6757e+02 1.6891e+02
1.1597e+00 9.6236e+02 1.6810e+02
1.1638e+00 9.6310e+02 1.6783e+02
1.1679e+00 9.5798e+02 1.6678e+02
1.1719e+00 9.5906e+02 1.6684e+02
1.1760e+00 9.5529e+02 1.6525e+02
1.1801e+00 9.5318e+02 1.6493e+02
1.1842e+00 9.5358e+02 1.6455e+02
1.1883e+00 9.5050e+02 1.6396e+02
1.1924e+00 9.4909e+02 1.6348e+02
1.1965e+00 9.4893e+02 1.6267e+02
1.2006e+00 9.4523e+02 1.6170e+02
1.2047e+00 9.4366e+02 1.6151e+02
1.2088e+00 9.4307e+02 1.6068e+02
1.2129e+00 9.4160e+02 1.6045e+02
1.2169e+00 9.3569e+02 1.5900e+02
1.2210e+00 9.3622e+02 1.5856e+02
1.2251e+00 9.3541e+02 1.5845e+02
1.2292e+00 9.3347e+02 1.5783e+02
1.2333e+00 9.3133e+02 1.5725e+02
1.2374e+00 9.3090e+02 1.5681e+02
1.2415e+00 9.3017e+02 1.5642e+02
1.2456e+00 9.2505e+02 1.5534e+02
1.2497e+00 9.2473e+02 1.5483e+02
1.2538e+00 9.2290e+02 1.5453e+02
1.2579e+00 9.2101e+02 1.5359e+02
1.2619e+00 9.2095e+02 1.5349e+02
1.2660e+00 9.1916e+02 1.5320e+02
1.2701e+00 9.1661e+02 1.5191e+02
1.2742e+00 9.1503e+02 1.5172e+02
1.2783e+00 9.1182e+02 1.5118e+02
1.2824e+00 9.1328e+02 1.5093e+02
1.2865e+00 9.1073e+02 1.5011e+02
1.2906e+00 9.0835e+02 1.4945e+02
1.2947e+00 9.0505e+02 1.4875e+02
1.2988e+00 9.0738e+02 1.4878e+02
1.3029e+00 9.0440e+02 1.4790e+02
1.3069e+00 9.0141e+02 1.4742e+02
1.3110e+00 9.0258e+02 1.4717e+02
1.3151e+00 9.0125e+02 1.4671e+02
1.3192e+00 8.9744e+02 1.4606e+02
1.3233e+00 8.9637e+02 1.4560e+02
1.3274e+00 8.9725e+02 1.4552e+02
1.3315e+00 8.9337e+02 1.4442e+02
1.3356e+00 8.9209e+02 1.4399e+02
1.3397e+00 8.9096e+02 1.4335e+02
1.3438e+00 8.8937e+02 1.4317e+02
1.3479e+00 8.8623e+02 1.4255e+02
1.3519e+00 8.8709e+02 1.4219e+02
1.3560e+00 8.8476e+02 1.4162e+02
1.3601e+00 8.8361e+02 1.4129e+02
1.3642e+00 8.8083e+02 1.4074e+02
1.3683e+00 8.7930e+02 1.4013e+02
1.3724e+00 8.7910e+02 1.4004e+02
1.3765e+00 8.7546e+02 1.3886e+02
1.3806e+00 8.7669e+02 1.3882e+02
1.3847e+00 8.7499e+02 1.3873e+02
1.3888e+00 8.7320e+02 1.3806e+02
1.3928e+00 8.7155e+02 1.3742e+02
1.3969e+00 8.6896e+02 1.3691e+02
1.4010e+00 8.6778e+02 1.3624e+02
1.4051e+00 8.6686e+02 1.3623e+02
1.4092e+00 8.6634e+02 1.3569e+02
1.4133e+00 8.6395e+02 1.3522e+02
1.4174e+00 8.6328e+02 1.3476e+02
1.4215e+00 8.6045e+02 1.3410e+02
1.4256e+00 8.5863e+02 1.3389e+02
1.4297e+00 8.5800e+02 1.3340e+02
1.4338e+00 8.5689e+02 1.3285e+02
1.4378e+00 8.5659e+02 1.3284e+02
1.4419e+00 8.5371e+02 1.3206e+02
1.4460e+00 8.5130e+02 1.3147e+02
1.4501e+00 8.5122e+02 1.3117e+02
1.4542e+00 8.4913e+02 1.3081e+02
1.4583e+00 8.4893e+02 1.3061e+02
1.4624e+00 8.4912e+02 1.3037e+02
1.4665e+00 8.4598e+02 1.2959e+02
1.4706e+00 8.4447e+02 1.2924e+02
1.4747e+00 8.4354e+02 1.2883e+02
1.4787e+00 8.4241e+02 1.2861e+02
1.4828e+00 8.4047e+02 1.2787e+02
1.4869e+00 8.3986e+02 1.2771e+02
1.4910e+00 8.3847e+02 1.2722e+02
1.4951e+00 8.3683e+02 1.2680e+02
1.4992e+00 8.3489e+02 1.2644e+02
1.5033e+00 8.3453e+02 1.2605e+02
1.5074e+00 8.3315e+02 1.2548e+02
1.5115e+00 8.3115e+02 1.2498e+02
1.5156e+00 8.2883e+02 1.2462e+02
1.5197e+00 8.2803e+02 1.2424e+02
1.5237e+00 8.2786e+02 1.2392e+02
1.5278e+00 8.2566e+02 1.2353e+02
1.5319e+00 8.2274e+02 1.2316e+02
1.5360e+00 8.2351e+02 1.2274e+02
1.5401e+00 8.2047e+02 1.2231e+02
1.5442e+00 8.2043e+02 1.2215e+02
1.5483e+00 8.1965e+02 1.2175e+02
1.5524e+00 8.1860e+02 1.2129e+02
1.5565e+00 8.1760e+02 1.2092e+02
1.5606e+00 8.1537e+02 1.2049e+02
1.5646e+00 8.1343e+02 1.2004e+02
1.5687e+00 8.1124e+02 1.1958e+02
1.5728e+00 8.1289e+02 1.1949e+02
1.5769e+00 8.0992e+02 1.1896e+02
1.5810e+00 8.0896e+02 1.1864e+02
1.5851e+00 8.0692e+02 1.1809e+02
1.5892e+00 8.0638e+02 1.1792e+02
1.5933e+00 8.0461e+02 1.1751e+02
1.5974e+00 8.0339e+02 1.1725e+02
1.6015e+00 8.0263e+02 1.1672e+02
1.6056e+00 8.0202e+02 1.1658e+02
1.6096e+00 7.9934e+02 1.1605e+02
1.6137e+00 7.9921e+02 1.1594e+02
1.6178e+00 7.9655e+02 1.1538e+02
1.6219e+00 7.9635e+02 1.1518e+02
1.6260e+00 7.9354e+02 1.1459e+02
1.6301e+00 7.9303e+02 1.1414e+02
1.6342e+00 7.9406e+02 1.1428e+02
1.6383e+00 7.9036e+02 1.1350e+02
1.6424e+00 7.8958e+02 1.1328e+02
1.6465e+00 7.8849e+02 1.1285e+02
1.6506e+00 7.8953e+02 1.1296e+02
1.6546e+00 7.8669e+02 1.1239e+02
1.6587e+00 7.8483e+02 1.1180e+02
1.6628e+00 7.8442e+02 1.1178e+02
1.6669e+00 7.8444e+02 1.1154e+02
1.6710e+00 7.8068e+02 1.1091e+02
1.6751e+00 7.8070e+02 1.1080e+02
1.6792e+00 7.7790e+02 1.1007e+02
1.6833e+00 7.7514e+02 1.0954e+02
1.6874e+00 7.7714e+02 1.0965e+02
1.6915e+00 7.7525e+02 1.0930e+02
1.6955e+00 7.7413e+02 1.0883e+02
1.6996e+00 7.7333e+02 1.0852e+02
1.7037e+00 7.7158e+02 1.0820e+02
1.7078e+00 7.7122e+02 1.0796e+02
1.7119e+00 7.6840e+02 1.0743e+02
1.7160e+00 7.6856e+02 1.0732e+02
1.7201e+00 7.6642e+02 1.0691e+02
1.7242e+00 7.6434e+02 1.0637e+02
1.7283e+00 7.6325e+02 1.0606e+02
1.7324e+00 7.6282e+02 1.0593e+02
1.7365e+00 7.6157e+02 1.0549e+02
1.7405e+00 7.5993e+02 1.0532e+02
1.7446e+00 7.6007e+02 1.0508e+02
1.7487e+00 7.5906e+02 1.0468e+02
1.7528e+00 7.5809e+02 1.0433e+02
1.7569e+00 7.5470e+02 1.0386e+02
1.7610e+00 7.5310e+02 1.0351e+02
1.7651e+00 7.5310e+02 1.0342e+02
1.7692e+00 7.5290e+02 1.0314e+02
1.7733e+00 7.5100e+02 1.0265e+02
1.7774e+00 7.4890e+02 1.0231e+02
1.7815e+00 7.4872e+02 1.0215e+02
1.7855e+00 7.4846e+02 1.0183e+02
1.7896e+00 7.4621e+02 1.0161e+02
1.7937e+00 7.4378e+02 1.0106e+02
1.7978e+00 7.4307e+02 1.0073e+02
1.8019e+00 7.4239e+02 1.0054e+02
1.8060e+00 7.4195e+02 1.0041e+02
1.8101e+00 7.3921e+02 9.9916e+01
1.8142e+00 7.3884e+02 9.9631e+01
1.8183e+00 7.3855e+02 9.9496e+01
1.8224e+00 7.3752e+02 9.9293e+01
1.8265e+00 7.3523e+02 9.8620e+01
1.8305e+00 7.3416e+02 9.8462e+01
1.8346e+00 7.3250e+02 9.8037e+01
1.8387e+00 7.3132e+02 9.7859e+01
1.8428e+00 7.3092e+02 9.7596e+01
1.8469e+00 7.2937e+02 9.7252e+01
1.8510e+00 7.2792e+02 9.6830e+01
1.8551e+00 7.2685e+02 9.6676e+01
1.8592e+00 7.2484e+02 9.6209e+01
1.8633e+00 7.2417e+02 9.6024e+01
1.8674e+00 7.2358e+02 9.5740e+01
1.8715e+00 7.2177e+02 9.5511e+01
1.8755e+00 7.2198e+02 9.5349e+01
1.8796e+00 7.1846e+02 9.4774e+01
1.8837e+00 7.2014e+02 9.4783e+01
1.8878e+00 7.1840e+02 9.4495e+01
1.8919e+00 7.1641e+02 9.4035e+01
1.8960e+00 7.1457e+02 9.3591e+01
1.9001e+00 7.1387e+02 9.3479e+01
1.9042e+00 7.1331e+02 9.3265e+01
1.9083e+00 7.1123e+02 9.2756e+01
1.9124e+00 7.1035e+02 9.2612e+01
1.9164e+00 7.0834e+02 9.2181e+01
1.9205e+00 7.0835e+02 9.2121e+01
1.9246e+00 7.0707e+02 9.1785e+01
1.9287e+00 7.0739e+02 9.1785e+01
1.9328e+00 7.0452e+02 9.1230e+01
1.9369e+00 7.0264e+02 9.0776e+01
1.9410e+00 7.0202e+02 9.0651e+01
1.9451e+00 7.0178e+02 9.0470e+01
1.9492e+00 7.0036e+02 9.0176e+01
1.9533e+00 6.9963e+02 8.9940e+01
1.9573e+00 6.9751e+02 8.9491e+01
1.9614e+00 6.9604e+02 8.9227e+01
1.9655e+00 6.9579e+02 8.9095e+01
1.9696e+00 6.9309e+02 8.8595e+01
1.9737e+00 6.9278e+02 8.8446e+01
1.9778e+00 6.9202e+02 8.8196e+01
1.9819e+00 6.9087e+02 8.7815e+01
1.9860e+00 6.8893e+02 8.7575e+01
1.9901e+00 6.8862e+02 8.7515e+01
1.9942e+00 6.8731e+02 8.7195e+01
1.9983e+00 6.8583e+02 8.6835e+01
2.0024e+00 6.8600e+02 8.6716e+01
2.0064e+00 6.8382e+02 8.6281e+01
2.0105e+00 6.8283e+02 8.6104e+01
2.0146e+00 6.8211e+02 8.5853e+01
2.0187e+00 6.8085e+02 8.5596e+01
2.0228e+00 6.7959e+02 8.5336e+01
2.0269e+00 6.7865e+02 8.5075e+01
2.0310e+00 6.7693e+02 8.4744e+01
2.0351e+00 6.7631e+02 8.4438e+01
2.0392e+00 6.7554e+02 8.4360e+01
2.0433e+00 6.7309e+02 8.3903e+01
2.0473e+00 6.7265e+02 8.3845e+01
2.0514e+00 6.7018e+02 8.3330e+01
2.0555e+00 6.6970e+02 8.3205e+01
2.0596e+00 6.6899e+02 8.2991e+01
2.0637e+00 6.6711e+02 8.2555e+01
2.0678e+00 6.6644e+02 8.2347e+01
2.0719e+00 6.6525e+02 8.2145e+01
2.0760e+00 6.6433e+02 8.1900e+01
2.0801e+00 6.6345e+02 8.1700e+01
2.0842e+00 6.6280e+02 8.1452e+01
2.0883e+00 6.6093e+02 8.1185e+01
2.0923e+00 6.6088e+02 8.1058e+01
2.0964e+00 6.5829e+02 8.0619e+01
2.1005e+00 6.5792e+02 8.0461e+01
2.1046e+00 6.5706e+02 8.0215e+01
2.1087e+00 6.5503e+02 7.9877e+01
2.1128e+00 6.5474e+02 7.9683e+01
2.1169e+00 6.5396e+02 7.9512e+01
2.1210e+00 6.5169e+02 7.9137e+01
2.1251e+00 6.5079e+02 7.8858e+01
2.1292e+00 6.4941e+02 7.8643e+01
2.1332e+00 6.4908e+02 7.8548e+01
2.1373e+00 6.4749e+02 7.8164e+01
2.1414e+00 6.4686e+02 7.8028e+01
2.1455e+00 6.4498e+02 7.7743e+01
2.1496e+00 6.4431e+02 7.7531e+01
2.1537e+00 6.4367e+02 7.7170e+01
2.1578e+00 6.4145e+02 7.6873e+01
2.1619e+00 6.4013e+02 7.6706e+01
2.1660e+00 6.3915e+02 7.6453e+01
2.1701e+00 6.3901e+02 7.6335e+01
2.1742e+00 6.3765e+02 7.6059e+01
2.1782e+00 6.3593e+02 7.5693e+01
2.1823e+00 6.3538e+02 7.5581e+01
2.1864e+00 6.3410e+02 7.5337e+01
2.1905e+00 6.3257e+02 7.5053e+01
2.1946e+00 6.3147e+02 7.4846e+01
2.1987e+00 6.3105e+02 7.4622e+01
2.2028e+00 6.2990e+02 7.4429e+01
2.2069e+00 6.2754e+02 7.4082e+01
2.2110e+00 6.2673e+02 7.3762e+01
2.2151e+00 6.2677e+02 7.3785e+01
2.2191e+00 6.2557e+02 7.3504e+01
2.2232e+00 6.2451e+02 7.3286e+01
2.2273e+00 6.2249e+02 7.2946e+01
2.2314e+00 6.2259e+02 7.2848e+01
2.2355e+00 6.2078e+02 7.2548e+01
2.2396e+00 6.1990e+02 7.2289e+01
2.2437e+00 6.1798e+02 7.1972e+01
2.2478e+00 6.1755e+02 7.1855e+01
2.2519e+00 6.1681e+02 7.1681e+01
2.2560e+00 6.1629e+02 7.1536e+01
2.2601e+00 6.1387e+02 7.1164e+01
2.2642e+00 6.1313e+02 7.0931e+01
2.2682e+00 6.1167e+02 7.0665e+01
2.2723e+00 6.1157e+02 7.0568e+01
2.2764e+00 6.1021e+02 7.0328e+01
2.2805e+00 6.0882e+02 7.0112e+01
2.2846e+00 6.0760e+02 6.9863e+01
2.2887e+00 6.0666e+02 6.9573e+01
2.2928e+00 6.0531e+02 6.9436e+01
2.2969e+00 6.0416e+02 6.9126e+01
2.3010e+00 6.0308e+02 6.8879e+01
2.3051e+00 6.0211e+02 6.8678e+01
2.3091e+00 6.0107e+02 6.8541e+01
2.3132e+00 5.9967e+02 6.8199e+01
2.3173e+00 5.9861e+02 6.8062e+01
2.3214e+00 5.9772e+02 6.7847e+01
2.3255e+00 5.9659e+02 6.7626e+01
2.3296e+00 5.9589e+02 6.7465e+01
2.3337e+00 5.9389e+02 6.7119e+01
2.3378e+00 5.9340e+02 6.6982e+01
2.3419e+00 5.9216e+02 6.6768e+01
2.3460e+00 5.9195e+02 6.6631e+01
2.3500e+00 5.9141e+02 6.6480e+01
2.3541e+00 5.8944e+02 6.6201e+01
2.3582e+00 5.8836e+02 6.5995e+01
2.3623e+00 5.8651e+02 6.5640e+01
2.3664e+00 5.8555e+02 6.5459e+01
2.3705e+00 5.8442e+02 6.5245e+01
2.3746e+00 5.8367e+02 6.5101e+01
2.3787e+00 5.8264e+02 6.4779e+01
2.3828e+00 5.8083e+02 6.4621e+01
2.3869e+00 5.7986e+02 6.4374e+01
2.3910e+00 5.8064e+02 6.4430e+01
2.3951e+00 5.7817e+02 6.4035e+01
2.3991e+00 5.7716e+02 6.3838e+01
2.4032e+00 5.7606e+02 6.3644e+01
2.4073e+00 5.7542e+02 6.3512e+01
2.4114e+00 5.7428e+02 6.3306e+01
2.4155e+00 5.7349e+02 6.3100e+01
2.4196e+00 5.7207e+02 6.2824e+01
2.4237e+00 5.7166e+02 6.2645e+01
2.4278e+00 5.6953e+02 6.2379e+01
2.4319e+00 5.6943e+02 6.2325e+01
2.4360e+00 5.6798e+02 6.2070e+01
2.4400e+00 5.6644e+02 6.1742e+01
2.4441e+00 5.6595e+02 6.1608e+01
2.4482e+00 5.6407e+02 6.1362e+01
2.4523e+00 5.6319e+02 6.1214e+01
2.4564e+00 5.6244e+02 6.1037e+01
2.4605e+00 5.6115e+02 6.0843e+01
2.4646e+00 5.5986e+02 6.0540e+01
2.4687e+00 5.5936e+02 6.0422e+01
2.4728e+00 5.5829e+02 6.0252e+01
2.4769e+00 5.5718e+02 5.9992e+01
2.4810e+00 5.5610e+02 5.9871e+01
2.4850e+00 5.5560e+02 5.9658e+01
2.4891e+00 5.5338e+02 5.9350e+01
2.4932e+00 5.5319e+02 5.9273e+01
2.4973e+00 5.5156e+02 5.9005e+01
2.5014e+00 5.5019e+02 5.8810e+01
2.5055e+00 5.4943e+02 5.8684e+01
2.5096e+00 5.4798e+02 5.8368e+01
2.5137e+00 5.4783e+02 5.8330e+01
2.5178e+00 5.4641e+02 5.8091e+01
2.5219e+00 5.4500e+02 5.7882e+01
2.5259e+00 5.4445e+02 5.7706e+01
2.5300e+00 5.4309e+02 5.7462e+01
2.5341e+00 5.4341e+02 5.7392e+01
2.5382e+00 5.4085e+02 5.7122e+01
2.5423e+00 5.4018e+02 5.6948e+01
2.5464e+00 5.3944e+02 5.6759e+01
2.5505e+00 5.3887e+02 5.6637e+01
2.5546e+00 5.3673e+02 5.6351e+01
2.5587e+00 5.3569e+02 5.6192e+01
2.5628e+00 5.3492e+02 5.5998e+01
2.5669e+00 5.3416e+02 5.5858e+01
2.5709e+00 5.3330e+02 5.5652e+01
2.5750e+00 5.3196e+02 5.5464e+01
2.5791e+00 5.3104e+02 5.5224e+01
2.5832e+00 5.3053e+02 5.5151e+01
2.5873e+00 5.2836e+02 5.4809e+01
2.5914e+00 5.2776e+02 5.4736e+01
2.5955e+00 5.2700e+02 5.4557e+01
2.5996e+00 5.2591e+02 5.4366e+01
2.6037e+00 5.2471e+02 5.4186e+01
2.6078e+00 5.2341e+02 5.3968e+01
2.6119e+00 5.2304e+02 5.3798e+01
2.6159e+00 5.2195e+02 5.3677e+01
2.6200e+00 5.2015e+02 5.3414e+01
2.6241e+00 5.1850e+02 5.3176e+01
2.6282e+00 5.1850e+02 5.3103e+01
2.6323e+00 5.1715e+02 5.2847e+01
2.6364e+00 5.1624e+02 5.2712e+01
2.6405e+00 5.1513e+02 5.2511e+01
2.6446e+00 5.1418e+02 5.2313e+01
2.6487e+00 5.1316e+02 5.2183e+01
2.6528e+00 5.1273e+02 5.2049e+01
2.6568e+00 5.1146e+02 5.1819e+01
2.6609e+00 5.1028e+02 5.1658e+01
2.6650e+00 5.0971e+02 5.1529e+01
2.6691e+00 5.0771e+02 5.1266e+01
2.6732e+00 5.0705e+02 5.1107e+01
2.6773e+00 5.0608e+02 5.0960e+01
2.6814e+00 5.0530e+02 5.0781e+01
2.6855e+00 5.0471e+02 5.0698e+01
2.6896e+00 5.0291e+02 5.0420e+01
2.6937e+00 5.0222e+02 5.0268e+01
2.6978e+00 5.0161e+02 5.0148e+01
2.7018e+00 5.0040e+02 4.9966e+01
2.7059e+00 4.9945e+02 4.9782e+01
2.7100e+00 4.9797e+02 4.9576e+01
2.7141e+00 4.9782e+02 4.9519e+01
2.7182e+00 4.9592e+02 4.9229e+01
2.7223e+00 4.9532e+02 4.9126e+01
2.7264e+00 4.9495e+02 4.9043e+01
2.7305e+00 4.9351e+02 4.8759e+01
2.7346e+00 4.9238e+02 4.8658e+01
2.7387e+00 4.9140e+02 4.8493e+01
2.7427e+00 4.9000e+02 4.8238e+01
2.7468e+00 4.8855e+02 4.8062e+01
2.7509e+00 4.8838e+02 4.7988e+01
2.7550e+00 4.8751e+02 4.7784e+01
2.7591e+00 4.8607e+02 4.7566e+01
2.7632e+00 4.8494e+02 4.7434e+01
2.7673e+00 4.8367e+02 4.7210e+01
2.7714e+00 4.8368e+02 4.7149e+01
2.7755e+00 4.8182e+02 4.6932e+01
2.7796e+00 4.8079e+02 4.6762e+01
2.7837e+00 4.7997e+02 4.6617e+01
2.7877e+00 4.7931e+02 4.6458e+01
2.7918e+00 4.7848e+02 4.6337e+01
2.7959e+00 4.7712e+02 4.6122e+01
2.8000e+00 4.7624e+02 4.5998e+01
2.8041e+00 4.7515e+02 4.5822e+01
2.8082e+00 4.7466e+02 4.5727e+01
2.8123e+00 4.7355e+02 4.5515e+01
2.8164e+00 4.7222e+02 4.5376e+01
2.8205e+00 4.7142e+02 4.5209e+01
2.8246e+00 4.7034e+02 4.5047e+01
2.8287e+00 4.6936e+02 4.4875e+01
2.8327e+00 4.6876e+02 4.4763e+01
2.8368e+00 4.6727e+02 4.4557e+01
2.8409e+00 4.6684e+02 4.4421e+01
2.8450e+00 4.6531e+02 4.4241e+01
2.8491e+00 4.6454e+02 4.4087e+01
2.8532e+00 4.6332e+02 4.3932e+01
2.8573e+00 4.6282e+02 4.3828e+01
2.8614e+00 4.6169e+02 4.3634e+01
2.8655e+00 4.6073e+02 4.3500e+01
2.8696e+00 4.5969e+02 4.3394e+01
2.8736e+00 4.5837e+02 4.3158e+01
2.8777e+00 4.5749e+02 4.3053e+01
2.8818e+00 4.5672e+02 4.2883e+01
2.8859e+00 4.5567e+02 4.2727e+01
2.8900e+00 4.5435e+02 4.2549e+01
2.8941e+00 4.5367e+02 4.2407e+01
2.8982e+00 4.5278e+02 4.2258e+01
2.9023e+00 4.5204e+02 4.2153e+01
2.9064e+00 4.5089e+02 4.1946e+01
2.9105e+00 4.5003e+02 4.1794e+01
2.9146e+00 4.4927e+02 4.1687e+01
2.9187e+00 4.4809e+02 4.1526e+01
2.9227e+00 4.4724e+02 4.1383e+01
2.9268e+00 4.4696e+02 4.1311e+01
2.9309e+00 4.4496e+02 4.1068e+01
2.9350e+00 4.4459e+02 4.0992e+01
2.9391e+00 4.4383e+02 4.0838e+01
2.9432e+00 4.4266e+02 4.0683e+01
2.9473e+00 4.4179e+02 4.0532e+01
2.9514e+00 4.4063e+02 4.0367e+01
2.9555e+00 4.3954e+02 4.0214e+01
2.9596e+00 4.3886e+02 4.0141e+01
2.9636e+00 4.3781e+02 3.9960e+01
2.9677e+00 4.3686e+02 3.9816e+01
2.9718e+00 4.3594e+02 3.9684e+01
2.9759e+00 4.3457e+02 3.9496e+01
2.9800e+00 4.3380e+02 3.9395e+01
2.9841e+00 4.3311e+02 3.9253e+01
2.9882e+00 4.3232e+02 3.9137e+01
2.9923e+00 4.3127e+02 3.8956e+01
2.9964e+00 4.3028e+02 3.8808e+01
3.0005e+00 4.2928e+02 3.8672e+01
3.0046e+00 4.2873e+02 3.8578e+01
3.0086e+00 4.2776e+02 3.8429e+01
3.0127e+00 4.2677e+02 3.8287e+01
3.0168e+00 4.2603e+02 3.8171e+01
3.0209e+00 4.2479e+02 3.7988e+01
3.0250e+00 4.2383e+02 3.7841e+01
3.0291e+00 4.2283e+02 3.7720e+01
3.0332e+00 4.2237e+02 3.7636e+01
3.0373e+00 4.2139e+02 3.7470e+01
3.0414e+00 4.2029e+02 3.7307e+01
3.0455e+00 4.1926e+02 3.7168e+01
3.0495e+00 4.1835e+02 3.7049e+01
3.0536e+00 4.1747e+02 3.6872e+01
3.0577e+00 4.1630e+02 3.6741e+01
3.0618e+00 4.1592e+02 3.6645e+01
3.0659e+00 4.1496e+02 3.6510e+01
3.0700e+00 4.1379e+02 3.6370e+01
3.0741e+00 4.1263e+02 3.6189e+01
3.0782e+00 4.1235e+02 3.6147e+01
3.0823e+00 4.1124e+02 3.5993e+01
3.0864e+00 4.1039e+02 3.5836e+01
3.0905e+00 4.0959e+02 3.5752e+01
3.0945e+00 4.0874e+02 3.5616e+01
3.0986e+00 4.0781e+02 3.5505e+01
3.1027e+00 4.0661e+02 3.5297e+01
3.1068e+00 4.0589e+02 3.5207e+01
3.1109e+00 4.0545e+02 3.5116e+01
3.1150e+00 4.0414e+02 3.4965e+01
3.1191e+00 4.0332e+02 3.4859e+01
3.1232e+00 4.0216e+02 3.4663e+01
3.1273e+00 4.0169e+02 3.4570e+01
3.1314e+00 4.0042e+02 3.4456e+01
3.1355e+00 3.9945e+02 3.4297e+01
3.1395e+00 3.9915e+02 3.4230e+01
3.1436e+00 3.9838e+02 3.4104e+01
3.1477e+00 3.9736e+02 3.3962e+01
3.1518e+00 3.9608e+02 3.3840e+01
3.1559e+00 3.9540e+02 3.3707e+01
3.1600e+00 3.9461e+02 3.3596e+01
3.1641e+00 3.9403e+02 3.3507e+01
3.1682e+00 3.9300e+02 3.3362e+01
3.1723e+00 3.9209e+02 3.3237e+01
3.1764e+00 3.9113e+02 3.3140e+01
3.1804e+00 3.9013e+02 3.2964e+01
3.1845e+00 3.8928e+02 3.2841e+01
3.1886e+00 3.8854e+02 3.2731e+01
3.1927e+00 3.8779e+02 3.2653e+01
3.1968e+00 3.8673e+02 3.2483e+01
3.2009e+00 3.8627e+02 3.2438e+01
3.2050e+00 3.8504e+02 3.2254e+01
3.2091e+00 3.8437e+02 3.2146e+01
3.2132e+00 3.8343e+02 3.2032e+01
3.2173e+00 3.8243e+02 3.1893e+01
3.2214e+00 3.8206e+02 3.1809e+01
3.2254e+00 3.8122e+02 3.1708e+01
3.2295e+00 3.8032e+02 3.1599e+01
3.2336e+00 3.7905e+02 3.1415e+01
3.2377e+00 3.7863e+02 3.1341e+01
3.2418e+00 3.7753e+02 3.1211e+01
3.2459e+00 3.7658e+02 3.1085e+01
3.2500e+00 3.7619e+02 3.1024e+01
3.2541e+00 3.7537e+02 3.0910e+01
3.2582e+00 3.7397e+02 3.0730e+01
3.2623e+00 3.7331e+02 3.0647e+01
3.2663e+00 3.7267e+02 3.0544e+01
3.2704e+00 3.7171e+02 3.0432e+01
3.2745e+00 3.7120e+02 3.0338e+01
3.2786e+00 3.7023e+02 3.0220e+01
3.2827e+00 3.6964e+02 3.0127e+01
3.2868e+00 3.6860e+02 2.9995e+01
3.2909e+00 3.6775e+02 2.9863e+01
3.2950e+00 3.6706e+02 2.9770e+01
3.2991e+00 3.6582e+02 2.9611e+01
3.3032e+00 3.6504e+02 2.9523e+01
3.3073e+00 3.6459e+02 2.9430e+01
3.3113e+00 3.6413e+02 2.9369e+01
3.3154e+00 3.6279e+02 2.9223e+01
3.3195e+00 3.6218e+02 2.9146e+01
3.3236e+00 3.6131e+02 2.9004e+01
3.3277e+00 3.6053e+02 2.8893e+01
3.3318e+00 3.5986e+02 2.8797e+01
3.3359e+00 3.5872e+02 2.8686e+01
3.3400e+00 3.5797e+02 2.8597e+01
3.3441e+00 3.5705e+02 2.8467e+01
3.3482e+00 3.5646e+02 2.8383e+01
3.3523e+00 3.5558e+02 2.8259e+01
3.3563e+00 3.5485e+02 2.8166e+01
3.3604e+00 3.5419e+02 2.8056e+01
3.3645e+00 3.5347e+02 2.7974e+01
3.3686e+00 3.5264e+02 2.7856e+01
3.3727e+00 3.5211e+02 2.7782e+01
3.3768e+00 3.5106e+02 2.7648e+01
3.3809e+00 3.5007e+02 2.7513e+01
3.3850e+00 3.4963e+02 2.7468e+01
3.3891e+00 3.4888e+02 2.7359e+01
3.3932e+00 3.4805e+02 2.7261e+01
3.3973e+00 3.4702e+02 2.7132e+01
3.4013e+00 3.4656e+02 2.7054e+01
3.4054e+00 3.4552e+02 2.6932e+01
3.4095e+00 3.4498e+02 2.6872e+01
3.4136e+00 3.4414e+02 2.6748e+01
3.4177e+00 3.4319e+02 2.6625e+01
3.4218e+00 3.4255e+02 2.6548e+01
3.4259e+00 3.4188e+02 2.6469e+01
3.4300e+00 3.4102e+02 2.6354e+01
3.4341e+00 3.4000e+02 2.6216e+01
3.4382e+00 3.3918e+02 2.6121e+01
3.4422e+00 3.3875e+02 2.6046e+01
3.4463e+00 3.3801e+02 2.5983e+01
3.4504e+00 3.3710e+02 2.5839e+01
3.4545e+00 3.3686e+02 2.5795e+01
3.4586e+00 3.3576e+02 2.5668e+01
3.4627e+00 3.3503e+02 2.5590e+01
3.4668e+00 3.3441e+02 2.5501e+01
3.4709e+00 3.3348e+02 2.5404e+01
3.4750e+00 3.3253e+02 2.5283e+01
3.4791e+00 3.3212e+02 2.5224e+01
3.4832e+00 3.3132e+02 2.5132e+01
3.4872e+00 3.3061e+02 2.5016e+01
3.4913e+00 3.2974e+02 2.4932e+01
3.4954e+00 3.2886e+02 2.4827e+01
3.4995e+00 3.2830e+02 2.4738e+01
3.5036e+00 3.2779e+02 2.4672e+01
3.5077e+00 3.2667e+02 2.4551e+01
3.5118e+00 3.2615e+02 2.4472e+01
3.5159e+00 3.2552e+02 2.4376e+01
3.5200e+00 3.2484e+02 2.4290e+01
3.5241e+00 3.2397e+02 2.4203e+01
3.5281e+00 3.2308e+02 2.4080e+01
3.5322e+00 3.2260e+02 2.4041e+01
3.5363e+00 3.2176e+02 2.3940e+01
3.5404e+00 3.2129e+02 2.3866e+01
3.5445e+00 3.2049e+02 2.3772e+01
3.5486e+00 3.1954e+02 2.3636e+01
3.5527e+00 3.1896e+02 2.3576e+01
3.5568e+00 3.1853e+02 2.3512e+01
3.5609e+00 3.1729e+02 2.3381e+01
3.5650e+00 3.1683e+02 2.3314e+01
3.5691e+00 3.1628e+02 2.3223e+01
3.5732e+00 3.1551e+02 2.3160e+01
3.5772e+00 3.1476e+02 2.3063e+01
3.5813e+00 3.1427e+02 2.2997e+01
3.5854e+00 3.1349e+02 2.2907e+01
3.5895e+00 3.1284e+02 2.2806e+01
3.5936e+00 3.1197e+02 2.2726e+01
3.5977e+00 3.1126e+02 2.2630e+01
3.6018e+00 3.1074e+02 2.2559e+01
3.6059e+00 3.1005e+02 2.2498e+01
3.6100e+00 3.0903e+02 2.2369e+01
3.6141e+00 3.0859e+02 2.2306e+01
3.6181e+00 3.0798e+02 2.2230e+01
3.6222e+00 3.0720e+02 2.2146e+01
3.6263e+00 3.0662e+02 2.2069e+01
3.6304e+00 3.0597e+02 2.1989e+01
3.6345e+00 3.0517e+02 2.1907e+01
3.6386e+00 3.0455e+02 2.1828e+01
3.6427e+00 3.0396e+02 2.1772e+01
3.6468e+00 3.0330e+02 2.1671e+01
3.6509e+00 3.0269e+02 2.1593e+01
3.6550e+00 3.0205e+02 2.1506e+01
3.6591e+00 3.0087e+02 2.1406e+01
3.6631e+00 3.0064e+02 2.1371e+01
3.6672e+00 3.0000e+02 2.1276e+01
3.6713e+00 2.9916e+02 2.1191e+01
3.6754e+00 2.9864e+02 2.1135e+01
3.6795e+00 2.9797e+02 2.1045e+01
3.6836e+00 2.9754e+02 2.0997e+01
3.6877e+00 2.9649e+02 2.0878e+01
3.6918e+00 2.9606e+02 2.0824e+01
3.6959e+00 2.9557e+02 2.0744e+01
3.7000e+00 2.9480e+02 2.0669e+01
3.7040e+00 2.9401e+02 2.0585e+01
3.7081e+00 2.9317e+02 2.0488e+01
3.7122e+00 2.9261e+02 2.0420e+01
3.7163e+00 2.9250e+02 2.0402e+01
3.7204e+00 2.9125e+02 2.0274e+01
3.7245e+00 2.9084e+02 2.0203e+01
3.7286e+00 2.9028e+02 2.0135e+01
3.7327e+00 2.8988e+02 2.0091e+01
3.7368e+00 2.8929e+02 2.0014e+01
3.7409e+00 2.8842e+02 1.9922e+01
3.7450e+00 2.8792e+02 1.9867e+01
3.7490e+00 2.8699e+02 1.9778e+01
3.7531e+00 2.8668e+02 1.9734e+01
3.7572e+00 2.8622e+02 1.9664e+01
3.7613e+00 2.8545e+02 1.9581e+01
3.7654e+00 2.8473e+02 1.9509e+01
3.7695e+00 2.8431e+02 1.9448e+01
3.7736e+00 2.8376e+02 1.9395e+01
3.7777e+00 2.8292e+02 1.9301e+01
3.7818e+00 2.8214e+02 1.9229e+01
3.7859e+00 2.8170e+02 1.9162e+01
3.7900e+00 2.8133e+02 1.9101e+01
3.7940e+00 2.8043e+02 1.9012e+01
3.7981e+00 2.7997e+02 1.8957e+01
3.8022e+00 2.7908e+02 1.8870e+01
3.8063e+00 2.7890e+02 1.8826e+01
3.8104e+00 2.7813e+02 1.8747e+01
3.8145e+00 2.7756e+02 1.8685e+01
3.8186e+00 2.7702e+02 1.8624e+01
3.8227e+00 2.7646e+02 1.8559e+01
3.8268e+00 2.7569e+02 1.8483e+01
3.8309e+00 2.7513e+02 1.8415e+01
3.8349e+00 2.7475e+02 1.8360e+01
3.8390e+00 2.7428e+02 1.8305e+01
3.8431e+00 2.7328e+02 1.8218e+01
3.8472e+00 2.7292e+02 1.8169e+01
3.8513e+00 2.7232e+02 1.8108e+01
3.8554e+00 2.7200e+02 1.8061e+01
3.8595e+00 2.7125e+02 1.7972e+01
3.8636e+00 2.7072e+02 1.7922e+01
3.8677e+00 2.7004e+02 1.7850e+01
3.8718e+00 2.6954e+02 1.7793e+01
3.8759e+00 2.6897e+02 1.7734e+01
3.8799e+00 2.6849e+02 1.7678e+01
3.8840e+00 2.6786e+02 1.7608e+01
3.8881e+00 2.6745e+02 1.7563e+01
3.8922e+00 2.6679e+02 1.7478e+01
3.8963e+00 2.6643e+02 1.7444e+01
3.9004e+00 2.6556e+02 1.7374e+01
3.9045e+00 2.6523e+02 1.7307e+01
3.9086e+00 2.6469e+02 1.7270e+01
3.9127e+00 2.6403e+02 1.7190e+01
3.9168e+00 2.6373e+02 1.7144e+01
3.9209e+00 2.6289e+02 1.7068e+01
3.9249e+00 2.6229e+02 1.7010e+01
3.9290e+00 2.6173e+02 1.6941e+01
3.9331e+00 2.6141e+02 1.6897e+01
3.9372e+00 2.6110e+02 1.6864e+01
3.9413e+00 2.6047e+02 1.6798e+01
3.9454e+00 2.5998e+02 1.6741e+01
3.9495e+00 2.5931e+02 1.6682e+01
3.9536e+00 2.5883e+02 1.6630e+01
3.9577e+00 2.5839e+02 1.6569e+01
3.9618e+00 2.5785e+02 1.6505e+01
3.9658e+00 2.5702e+02 1.6440e+01
3.9699e+00 2.5661e+02 1.6390e+01
3.9740e+00 2.5611e+02 1.6334e+01
3.9781e+00 2.5554e+02 1.6276e+01
3.9822e+00 2.5494e+02 1.6220e+01
3.9863e+00 2.5473e+02 1.6179e+01
3.9904e+00 2.5412e+02 1.6134e+01
3.9945e+00 2.5364e+02 1.6069e+01
3.9986e+00 2.5316e+02 1.6011e+01
4.0027e+00 2.5252e+02 1.5963e+01
4.0068e+00 2.5213e+02 1.5916e+01
4.0108e+00 2.5153e+02 1.5857e+01
4.0149e+00 2.5097e+02 1.5809e+01
4.0190e+00 2.5051e+02 1.5758e+01
4.0231e+00 2.5011e+02 1.5709e+01
4.0272e+00 2.4968e+02 1.5663e+01
4.0313e+00 2.4925e+02 1.5602e+01
4.0354e+00 2.4884e+02 1.5563e+01
4.0395e+00 2.4835e+02 1.5514e+01
4.0436e+00 2.4769e+02 1.5448e+01
4.0477e+00 2.4731e+02 1.5406e+01
4.0517e+00 2.4670e+02 1.5346e+01
4.0558e+00 2.4636e+02 1.5316e+01
4.0599e+00 2.4588e+02 1.5261e+01
4.0640e+00 2.4543e+02 1.5210e+01
4.0681e+00 2.4499e+02 1.5172e+01
4.0722e+00 2.4458e+02 1.5122e+01
4.0763e+00 2.4400e+02 1.5078e+01
4.0804e+00 2.4358e+02 1.5024e+01
4.0845e+00 2.4292e+02 1.4955e+01
4.0886e+00 2.4254e+02 1.4928e+01
4.0927e+00 2.4209e+02 1.4877e+01
4.0967e+00 2.4163e+02 1.4834e+01
4.1008e+00 2.4122e+02 1.4787e+01
4.1049e+00 2.4090e+02 1.4754e+01
4.1090e+00 2.4018e+02 1.4688e+01
4.1131e+00 2.3992e+02 1.4656e+01
4.1172e+00 2.3952e+02 1.4614e+01
4.1213e+00 2.3887e+02 1.4556e+01
4.1254e+00 2.3851e+02 1.4509e+01
4.1295e+00 2.3815e+02 1.4485e+01
4.1336e+00 2.3777e+02 1.4447e+01
4.1377e+00 2.3725e+02 1.4396e+01
4.1417e+00 2.3691e+02 1.4346e+01
4.1458e+00 2.3649e+02 1.4303e+01
4.1499e+00 2.3586e+02 1.4255e+01
4.1540e+00 2.3551e+02 1.4215e+01
4.1581e+00 2.3510e+02 1.4174e+01
4.1622e+00 2.3453e+02 1.4132e+01
4.1663e+00 2.3422e+02 1.4086e+01
4.1704e+00 2.3400e+02 1.4059e+01
4.1745e+00 2.3355e+02 1.4022e+01
4.1786e+00 2.3278e+02 1.3955e+01
4.1826e+00 2.3266e+02 1.3941e+01
4.1867e+00 2.3237e+02 1.3898e+01
