# k, phh, phm/ 
0.0000e+00 0.0000e+00 0.0000e+00
5.7940e-03 2.8121e+04 1.3824e+04
1.0472e-02 2.4589e+04 1.2293e+04
1.4266e-02 3.3801e+04 1.6732e+04
1.8123e-02 4.0749e+04 1.9897e+04
2.2484e-02 3.4608e+04 1.7085e+04
2.6451e-02 3.1360e+04 1.5539e+04
3.0447e-02 3.0434e+04 1.4991e+04
3.4732e-02 3.0694e+04 1.5069e+04
3.8831e-02 2.4136e+04 1.1751e+04
4.2814e-02 2.0798e+04 1.0210e+04
4.6886e-02 1.9297e+04 9.4194e+03
5.0986e-02 1.8590e+04 9.0479e+03
5.5146e-02 1.7536e+04 8.4797e+03
5.9224e-02 1.6969e+04 8.2249e+03
6.3286e-02 1.6512e+04 7.9355e+03
6.7367e-02 1.5828e+04 7.6165e+03
7.1496e-02 1.4400e+04 6.9218e+03
7.5589e-02 1.3921e+04 6.6362e+03
7.9666e-02 1.2986e+04 6.1794e+03
8.3818e-02 1.2140e+04 5.7327e+03
8.7894e-02 1.1184e+04 5.2780e+03
9.1924e-02 1.0521e+04 4.9265e+03
9.6045e-02 9.5144e+03 4.4072e+03
1.0013e-01 9.2443e+03 4.2430e+03
1.0421e-01 8.6155e+03 3.9751e+03
1.0833e-01 8.0774e+03 3.6889e+03
1.1245e-01 7.9865e+03 3.6187e+03
1.1652e-01 7.7992e+03 3.5442e+03
1.2060e-01 7.4896e+03 3.3745e+03
1.2466e-01 7.2399e+03 3.2607e+03
1.2877e-01 7.1091e+03 3.1822e+03
1.3287e-01 6.9952e+03 3.1222e+03
1.3698e-01 6.7237e+03 2.9839e+03
1.4107e-01 6.4315e+03 2.8275e+03
1.4517e-01 6.0740e+03 2.6688e+03
1.4927e-01 5.7303e+03 2.4984e+03
1.5333e-01 5.5114e+03 2.3742e+03
1.5742e-01 5.3068e+03 2.2709e+03
1.6151e-01 5.0544e+03 2.1469e+03
1.6559e-01 5.0298e+03 2.1342e+03
1.6969e-01 4.8086e+03 2.0160e+03
1.7380e-01 4.7363e+03 1.9806e+03
1.7790e-01 4.5540e+03 1.9027e+03
1.8200e-01 4.4472e+03 1.8495e+03
1.8609e-01 4.3545e+03 1.7911e+03
1.9016e-01 4.3037e+03 1.7635e+03
1.9424e-01 4.1987e+03 1.7139e+03
1.9833e-01 4.1293e+03 1.6763e+03
2.0243e-01 4.0409e+03 1.6353e+03
2.0652e-01 3.9186e+03 1.5773e+03
2.1063e-01 3.8125e+03 1.5241e+03
2.1472e-01 3.7490e+03 1.4855e+03
2.1883e-01 3.6058e+03 1.4231e+03
2.2290e-01 3.4897e+03 1.3659e+03
2.2699e-01 3.4534e+03 1.3358e+03
2.3108e-01 3.3856e+03 1.3088e+03
2.3515e-01 3.2521e+03 1.2507e+03
2.3924e-01 3.1891e+03 1.2211e+03
2.4334e-01 3.2121e+03 1.2212e+03
2.4744e-01 3.1478e+03 1.1857e+03
2.5154e-01 3.0637e+03 1.1553e+03
2.5561e-01 3.0497e+03 1.1375e+03
2.5972e-01 2.9690e+03 1.1084e+03
2.6381e-01 2.9459e+03 1.0920e+03
2.6790e-01 2.8701e+03 1.0529e+03
2.7199e-01 2.8309e+03 1.0343e+03
2.7607e-01 2.7756e+03 1.0123e+03
2.8017e-01 2.7447e+03 9.9338e+02
2.8427e-01 2.7148e+03 9.7972e+02
2.8835e-01 2.6478e+03 9.5080e+02
2.9243e-01 2.6048e+03 9.2596e+02
2.9651e-01 2.5578e+03 9.0350e+02
3.0063e-01 2.5363e+03 8.9332e+02
3.0473e-01 2.4960e+03 8.7118e+02
3.0882e-01 2.4698e+03 8.6058e+02
3.1292e-01 2.4467e+03 8.4759e+02
3.1700e-01 2.3997e+03 8.2819e+02
3.2108e-01 2.3677e+03 8.1084e+02
3.2517e-01 2.3687e+03 8.0530e+02
3.2925e-01 2.3297e+03 7.9140e+02
3.3333e-01 2.2786e+03 7.6568e+02
3.3744e-01 2.2432e+03 7.5314e+02
3.4154e-01 2.2414e+03 7.4571e+02
3.4562e-01 2.2010e+03 7.3036e+02
3.4972e-01 2.1829e+03 7.2007e+02
3.5382e-01 2.1544e+03 7.0925e+02
3.5791e-01 2.1211e+03 6.9644e+02
3.6198e-01 2.0989e+03 6.8369e+02
3.6607e-01 2.0756e+03 6.7420e+02
3.7019e-01 2.0557e+03 6.6107e+02
3.7428e-01 2.0516e+03 6.5873e+02
3.7836e-01 2.0019e+03 6.4164e+02
3.8245e-01 1.9872e+03 6.3135e+02
3.8653e-01 1.9979e+03 6.3068e+02
3.9062e-01 1.9626e+03 6.1683e+02
3.9471e-01 1.9341e+03 6.0503e+02
3.9879e-01 1.9353e+03 6.0171e+02
4.0290e-01 1.9120e+03 5.9195e+02
4.0699e-01 1.8820e+03 5.8025e+02
4.1107e-01 1.8743e+03 5.7456e+02
4.1517e-01 1.8578e+03 5.6657e+02
4.1926e-01 1.8364e+03 5.5718e+02
4.2335e-01 1.8171e+03 5.4963e+02
4.2745e-01 1.8160e+03 5.4633e+02
4.3153e-01 1.7935e+03 5.3791e+02
4.3562e-01 1.7838e+03 5.3377e+02
4.3972e-01 1.7695e+03 5.2537e+02
4.4380e-01 1.7603e+03 5.2066e+02
4.4789e-01 1.7484e+03 5.1450e+02
4.5198e-01 1.7230e+03 5.0470e+02
4.5607e-01 1.7095e+03 4.9902e+02
4.6017e-01 1.7096e+03 4.9685e+02
4.6426e-01 1.6880e+03 4.8816e+02
4.6835e-01 1.6844e+03 4.8361e+02
4.7245e-01 1.6668e+03 4.7832e+02
4.7654e-01 1.6568e+03 4.7311e+02
4.8063e-01 1.6390e+03 4.6665e+02
4.8472e-01 1.6299e+03 4.5923e+02
4.8879e-01 1.6260e+03 4.5839e+02
4.9289e-01 1.6024e+03 4.5026e+02
4.9698e-01 1.5962e+03 4.4581e+02
5.0107e-01 1.5880e+03 4.4038e+02
5.0517e-01 1.5779e+03 4.3658e+02
5.0927e-01 1.5661e+03 4.3317e+02
5.1337e-01 1.5601e+03 4.2975e+02
5.1744e-01 1.5390e+03 4.2175e+02
5.2152e-01 1.5443e+03 4.2081e+02
5.2561e-01 1.5299e+03 4.1517e+02
5.2971e-01 1.5157e+03 4.1085e+02
5.3380e-01 1.5097e+03 4.0681e+02
5.3789e-01 1.5115e+03 4.0604e+02
5.4199e-01 1.4959e+03 4.0052e+02
5.4609e-01 1.4875e+03 3.9549e+02
5.5017e-01 1.4819e+03 3.9325e+02
5.5425e-01 1.4624e+03 3.8567e+02
5.5835e-01 1.4588e+03 3.8354e+02
5.6244e-01 1.4562e+03 3.8206e+02
5.6653e-01 1.4463e+03 3.7753e+02
5.7062e-01 1.4301e+03 3.7178e+02
5.7471e-01 1.4225e+03 3.6837e+02
5.7880e-01 1.4289e+03 3.6964e+02
5.8288e-01 1.4144e+03 3.6394e+02
5.8698e-01 1.4160e+03 3.6288e+02
5.9107e-01 1.3980e+03 3.5784e+02
5.9517e-01 1.3931e+03 3.5431e+02
5.9926e-01 1.3918e+03 3.5248e+02
6.0335e-01 1.3843e+03 3.4914e+02
6.0745e-01 1.3734e+03 3.4596e+02
6.1154e-01 1.3636e+03 3.4180e+02
6.1562e-01 1.3635e+03 3.4148e+02
6.1970e-01 1.3538e+03 3.3797e+02
6.2379e-01 1.3528e+03 3.3583e+02
6.2789e-01 1.3496e+03 3.3430e+02
6.3199e-01 1.3355e+03 3.2915e+02
6.3607e-01 1.3319e+03 3.2650e+02
6.4016e-01 1.3281e+03 3.2392e+02
6.4424e-01 1.3177e+03 3.2200e+02
6.4834e-01 1.3130e+03 3.1908e+02
6.5243e-01 1.3093e+03 3.1763e+02
6.5651e-01 1.3067e+03 3.1570e+02
6.6061e-01 1.2953e+03 3.1145e+02
6.6471e-01 1.2968e+03 3.1115e+02
6.6880e-01 1.2829e+03 3.0733e+02
6.7289e-01 1.2833e+03 3.0524e+02
6.7698e-01 1.2797e+03 3.0355e+02
6.8107e-01 1.2754e+03 3.0187e+02
6.8516e-01 1.2686e+03 2.9954e+02
6.8925e-01 1.2599e+03 2.9604e+02
6.9334e-01 1.2635e+03 2.9588e+02
6.9743e-01 1.2597e+03 2.9377e+02
7.0153e-01 1.2470e+03 2.9080e+02
7.0562e-01 1.2446e+03 2.8899e+02
7.0971e-01 1.2367e+03 2.8634e+02
7.1380e-01 1.2311e+03 2.8386e+02
7.1789e-01 1.2282e+03 2.8250e+02
7.2198e-01 1.2249e+03 2.8165e+02
7.2606e-01 1.2256e+03 2.7991e+02
7.3015e-01 1.2188e+03 2.7766e+02
7.3424e-01 1.2183e+03 2.7681e+02
7.3834e-01 1.2051e+03 2.7303e+02
7.4243e-01 1.2035e+03 2.7240e+02
7.4651e-01 1.2097e+03 2.7235e+02
7.5061e-01 1.1953e+03 2.6850e+02
7.5471e-01 1.1926e+03 2.6679e+02
7.5879e-01 1.1867e+03 2.6466e+02
7.6289e-01 1.1854e+03 2.6366e+02
7.6699e-01 1.1796e+03 2.6127e+02
7.7107e-01 1.1778e+03 2.6133e+02
7.7515e-01 1.1733e+03 2.5820e+02
7.7924e-01 1.1698e+03 2.5745e+02
7.8334e-01 1.1697e+03 2.5658e+02
7.8743e-01 1.1657e+03 2.5512e+02
7.9151e-01 1.1635e+03 2.5363e+02
7.9561e-01 1.1529e+03 2.5073e+02
7.9970e-01 1.1559e+03 2.5093e+02
8.0380e-01 1.1484e+03 2.4848e+02
8.0788e-01 1.1435e+03 2.4639e+02
8.1196e-01 1.1420e+03 2.4607e+02
8.1606e-01 1.1385e+03 2.4455e+02
8.2015e-01 1.1354e+03 2.4289e+02
8.2424e-01 1.1287e+03 2.4153e+02
8.2833e-01 1.1263e+03 2.4003e+02
8.3243e-01 1.1264e+03 2.3929e+02
8.3652e-01 1.1219e+03 2.3783e+02
8.4061e-01 1.1196e+03 2.3595e+02
8.4470e-01 1.1107e+03 2.3419e+02
8.4879e-01 1.1088e+03 2.3281e+02
8.5288e-01 1.1097e+03 2.3282e+02
8.5697e-01 1.1094e+03 2.3160e+02
8.6106e-01 1.1030e+03 2.2952e+02
8.6515e-01 1.0999e+03 2.2850e+02
8.6923e-01 1.0997e+03 2.2850e+02
8.7333e-01 1.0925e+03 2.2632e+02
8.7743e-01 1.0924e+03 2.2540e+02
8.8151e-01 1.0887e+03 2.2434e+02
8.8560e-01 1.0861e+03 2.2291e+02
8.8969e-01 1.0823e+03 2.2176e+02
8.9378e-01 1.0824e+03 2.2106e+02
8.9788e-01 1.0741e+03 2.1891e+02
9.0196e-01 1.0748e+03 2.1864e+02
9.0605e-01 1.0746e+03 2.1773e+02
9.1015e-01 1.0668e+03 2.1549e+02
9.1424e-01 1.0675e+03 2.1516e+02
9.1833e-01 1.0630e+03 2.1427e+02
9.2242e-01 1.0589e+03 2.1282e+02
9.2651e-01 1.0569e+03 2.1215e+02
9.3060e-01 1.0546e+03 2.1074e+02
9.3469e-01 1.0514e+03 2.1005e+02
9.3879e-01 1.0519e+03 2.0949e+02
9.4287e-01 1.0472e+03 2.0779e+02
9.4696e-01 1.0463e+03 2.0715e+02
9.5105e-01 1.0441e+03 2.0627e+02
9.5515e-01 1.0404e+03 2.0556e+02
9.5924e-01 1.0361e+03 2.0383e+02
9.6333e-01 1.0343e+03 2.0313e+02
9.6742e-01 1.0345e+03 2.0249e+02
9.7151e-01 1.0284e+03 2.0083e+02
9.7559e-01 1.0288e+03 2.0021e+02
9.7968e-01 1.0268e+03 1.9982e+02
9.8377e-01 1.0237e+03 1.9853e+02
9.8787e-01 1.0221e+03 1.9777e+02
9.9196e-01 1.0152e+03 1.9584e+02
9.9605e-01 1.0145e+03 1.9559e+02
1.0002e+00 1.0150e+03 1.9499e+02
1.0042e+00 1.0108e+03 1.9402e+02
1.0083e+00 1.0087e+03 1.9300e+02
1.0124e+00 1.0070e+03 1.9211e+02
1.0165e+00 1.0034e+03 1.9093e+02
1.0206e+00 1.0043e+03 1.9054e+02
1.0247e+00 9.9978e+02 1.8931e+02
1.0288e+00 9.9881e+02 1.8905e+02
1.0329e+00 9.9582e+02 1.8795e+02
1.0370e+00 9.9217e+02 1.8713e+02
1.0410e+00 9.9095e+02 1.8623e+02
1.0451e+00 9.8794e+02 1.8522e+02
1.0492e+00 9.8691e+02 1.8488e+02
1.0533e+00 9.8239e+02 1.8329e+02
1.0574e+00 9.8303e+02 1.8334e+02
1.0615e+00 9.8044e+02 1.8213e+02
1.0656e+00 9.7865e+02 1.8175e+02
1.0697e+00 9.7656e+02 1.8071e+02
1.0738e+00 9.7581e+02 1.8052e+02
1.0779e+00 9.7097e+02 1.7932e+02
1.0820e+00 9.6834e+02 1.7830e+02
1.0860e+00 9.6771e+02 1.7802e+02
1.0901e+00 9.6471e+02 1.7693e+02
1.0942e+00 9.6313e+02 1.7604e+02
1.0983e+00 9.6188e+02 1.7568e+02
1.1024e+00 9.6224e+02 1.7530e+02
1.1065e+00 9.5776e+02 1.7413e+02
1.1106e+00 9.5686e+02 1.7388e+02
1.1147e+00 9.5520e+02 1.7307e+02
1.1188e+00 9.4968e+02 1.7155e+02
1.1229e+00 9.4936e+02 1.7136e+02
1.1270e+00 9.4636e+02 1.7030e+02
1.1310e+00 9.4766e+02 1.7026e+02
1.1351e+00 9.4625e+02 1.6988e+02
1.1392e+00 9.4565e+02 1.6946e+02
1.1433e+00 9.4046e+02 1.6779e+02
1.1474e+00 9.4054e+02 1.6787e+02
1.1515e+00 9.3776e+02 1.6688e+02
1.1556e+00 9.3621e+02 1.6621e+02
1.1597e+00 9.3649e+02 1.6605e+02
1.1638e+00 9.3490e+02 1.6554e+02
1.1679e+00 9.3070e+02 1.6427e+02
1.1719e+00 9.3049e+02 1.6401e+02
1.1760e+00 9.2985e+02 1.6343e+02
1.1801e+00 9.2630e+02 1.6240e+02
1.1842e+00 9.2574e+02 1.6205e+02
1.1883e+00 9.2353e+02 1.6149e+02
1.1924e+00 9.1933e+02 1.6045e+02
1.1965e+00 9.1864e+02 1.5996e+02
1.2006e+00 9.1873e+02 1.5958e+02
1.2047e+00 9.1606e+02 1.5895e+02
1.2088e+00 9.1254e+02 1.5790e+02
1.2129e+00 9.1073e+02 1.5746e+02
1.2169e+00 9.1052e+02 1.5708e+02
1.2210e+00 9.0686e+02 1.5620e+02
1.2251e+00 9.0746e+02 1.5588e+02
1.2292e+00 9.0507e+02 1.5551e+02
1.2333e+00 9.0409e+02 1.5478e+02
1.2374e+00 9.0135e+02 1.5415e+02
1.2415e+00 9.0004e+02 1.5367e+02
1.2456e+00 8.9830e+02 1.5277e+02
1.2497e+00 8.9823e+02 1.5277e+02
1.2538e+00 8.9628e+02 1.5203e+02
1.2579e+00 8.9501e+02 1.5169e+02
1.2619e+00 8.9186e+02 1.5085e+02
1.2660e+00 8.9137e+02 1.5032e+02
1.2701e+00 8.8774e+02 1.4977e+02
1.2742e+00 8.8877e+02 1.4965e+02
1.2783e+00 8.8649e+02 1.4893e+02
1.2824e+00 8.8392e+02 1.4841e+02
1.2865e+00 8.8237e+02 1.4760e+02
1.2906e+00 8.8278e+02 1.4747e+02
1.2947e+00 8.7912e+02 1.4656e+02
1.2988e+00 8.7834e+02 1.4603e+02
1.3029e+00 8.7784e+02 1.4584e+02
1.3069e+00 8.7491e+02 1.4516e+02
1.3110e+00 8.7395e+02 1.4471e+02
1.3151e+00 8.7056e+02 1.4377e+02
1.3192e+00 8.7063e+02 1.4357e+02
1.3233e+00 8.6727e+02 1.4269e+02
1.3274e+00 8.6494e+02 1.4228e+02
1.3315e+00 8.6586e+02 1.4188e+02
1.3356e+00 8.6467e+02 1.4190e+02
1.3397e+00 8.6226e+02 1.4115e+02
1.3438e+00 8.6193e+02 1.4073e+02
1.3479e+00 8.6136e+02 1.4040e+02
1.3519e+00 8.5781e+02 1.3964e+02
1.3560e+00 8.5757e+02 1.3937e+02
1.3601e+00 8.5644e+02 1.3879e+02
1.3642e+00 8.5498e+02 1.3843e+02
1.3683e+00 8.5165e+02 1.3777e+02
1.3724e+00 8.5142e+02 1.3742e+02
1.3765e+00 8.4953e+02 1.3713e+02
1.3806e+00 8.4923e+02 1.3654e+02
1.3847e+00 8.4725e+02 1.3594e+02
1.3888e+00 8.4542e+02 1.3545e+02
1.3928e+00 8.4337e+02 1.3503e+02
1.3969e+00 8.4264e+02 1.3468e+02
1.4010e+00 8.4212e+02 1.3428e+02
1.4051e+00 8.4021e+02 1.3380e+02
1.4092e+00 8.3955e+02 1.3350e+02
1.4133e+00 8.3838e+02 1.3307e+02
1.4174e+00 8.3542e+02 1.3248e+02
1.4215e+00 8.3577e+02 1.3211e+02
1.4256e+00 8.3220e+02 1.3150e+02
1.4297e+00 8.3217e+02 1.3118e+02
1.4338e+00 8.3221e+02 1.3084e+02
1.4378e+00 8.2784e+02 1.3031e+02
1.4419e+00 8.2731e+02 1.2985e+02
1.4460e+00 8.2724e+02 1.2950e+02
1.4501e+00 8.2279e+02 1.2873e+02
1.4542e+00 8.2506e+02 1.2890e+02
1.4583e+00 8.2327e+02 1.2829e+02
1.4624e+00 8.2267e+02 1.2821e+02
1.4665e+00 8.2157e+02 1.2776e+02
1.4706e+00 8.1655e+02 1.2653e+02
1.4747e+00 8.1741e+02 1.2666e+02
1.4787e+00 8.1505e+02 1.2592e+02
1.4828e+00 8.1376e+02 1.2543e+02
1.4869e+00 8.1149e+02 1.2516e+02
1.4910e+00 8.1225e+02 1.2492e+02
1.4951e+00 8.1027e+02 1.2460e+02
1.4992e+00 8.1075e+02 1.2453e+02
1.5033e+00 8.0788e+02 1.2394e+02
1.5074e+00 8.0710e+02 1.2357e+02
1.5115e+00 8.0500e+02 1.2276e+02
1.5156e+00 8.0390e+02 1.2271e+02
1.5197e+00 8.0192e+02 1.2204e+02
1.5237e+00 8.0260e+02 1.2194e+02
1.5278e+00 7.9964e+02 1.2131e+02
1.5319e+00 7.9788e+02 1.2079e+02
1.5360e+00 7.9714e+02 1.2067e+02
1.5401e+00 7.9608e+02 1.2017e+02
1.5442e+00 7.9384e+02 1.1979e+02
1.5483e+00 7.9260e+02 1.1928e+02
1.5524e+00 7.9216e+02 1.1896e+02
1.5565e+00 7.8962e+02 1.1860e+02
1.5606e+00 7.9023e+02 1.1864e+02
1.5646e+00 7.8869e+02 1.1805e+02
1.5687e+00 7.8705e+02 1.1751e+02
1.5728e+00 7.8617e+02 1.1723e+02
1.5769e+00 7.8192e+02 1.1640e+02
1.5810e+00 7.8429e+02 1.1680e+02
1.5851e+00 7.8363e+02 1.1642e+02
1.5892e+00 7.8115e+02 1.1571e+02
1.5933e+00 7.7885e+02 1.1547e+02
1.5974e+00 7.8023e+02 1.1547e+02
1.6015e+00 7.7785e+02 1.1488e+02
1.6056e+00 7.7523e+02 1.1435e+02
1.6096e+00 7.7496e+02 1.1405e+02
1.6137e+00 7.7259e+02 1.1354e+02
1.6178e+00 7.7073e+02 1.1310e+02
1.6219e+00 7.6951e+02 1.1271e+02
1.6260e+00 7.6954e+02 1.1255e+02
1.6301e+00 7.6873e+02 1.1226e+02
1.6342e+00 7.6644e+02 1.1171e+02
1.6383e+00 7.6673e+02 1.1165e+02
1.6424e+00 7.6518e+02 1.1124e+02
1.6465e+00 7.6240e+02 1.1064e+02
1.6506e+00 7.6241e+02 1.1058e+02
1.6546e+00 7.5951e+02 1.0986e+02
1.6587e+00 7.6098e+02 1.1002e+02
1.6628e+00 7.5861e+02 1.0962e+02
1.6669e+00 7.5745e+02 1.0931e+02
1.6710e+00 7.5638e+02 1.0875e+02
1.6751e+00 7.5469e+02 1.0844e+02
1.6792e+00 7.5255e+02 1.0802e+02
1.6833e+00 7.5236e+02 1.0783e+02
1.6874e+00 7.5118e+02 1.0743e+02
1.6915e+00 7.4948e+02 1.0704e+02
1.6955e+00 7.4840e+02 1.0678e+02
1.6996e+00 7.4685e+02 1.0626e+02
1.7037e+00 7.4647e+02 1.0608e+02
1.7078e+00 7.4561e+02 1.0595e+02
1.7119e+00 7.4465e+02 1.0562e+02
1.7160e+00 7.4206e+02 1.0521e+02
1.7201e+00 7.4282e+02 1.0495e+02
1.7242e+00 7.3937e+02 1.0440e+02
1.7283e+00 7.3824e+02 1.0397e+02
1.7324e+00 7.3742e+02 1.0378e+02
1.7365e+00 7.3776e+02 1.0373e+02
1.7405e+00 7.3508e+02 1.0300e+02
1.7446e+00 7.3499e+02 1.0294e+02
1.7487e+00 7.3240e+02 1.0254e+02
1.7528e+00 7.3221e+02 1.0228e+02
1.7569e+00 7.3192e+02 1.0205e+02
1.7610e+00 7.2864e+02 1.0141e+02
1.7651e+00 7.2881e+02 1.0140e+02
1.7692e+00 7.2672e+02 1.0091e+02
1.7733e+00 7.2530e+02 1.0059e+02
1.7774e+00 7.2545e+02 1.0044e+02
1.7815e+00 7.2365e+02 1.0014e+02
1.7855e+00 7.2229e+02 9.9773e+01
1.7896e+00 7.2085e+02 9.9369e+01
1.7937e+00 7.2059e+02 9.9291e+01
1.7978e+00 7.1882e+02 9.8877e+01
1.8019e+00 7.1736e+02 9.8329e+01
1.8060e+00 7.1645e+02 9.8275e+01
1.8101e+00 7.1570e+02 9.8039e+01
1.8142e+00 7.1377e+02 9.7560e+01
1.8183e+00 7.1333e+02 9.7448e+01
1.8224e+00 7.1062e+02 9.6983e+01
1.8265e+00 7.1113e+02 9.6750e+01
1.8305e+00 7.1054e+02 9.6628e+01
1.8346e+00 7.0873e+02 9.6241e+01
1.8387e+00 7.0686e+02 9.5784e+01
1.8428e+00 7.0609e+02 9.5559e+01
1.8469e+00 7.0607e+02 9.5404e+01
1.8510e+00 7.0383e+02 9.5059e+01
1.8551e+00 7.0353e+02 9.4748e+01
1.8592e+00 7.0115e+02 9.4377e+01
1.8633e+00 7.0096e+02 9.4165e+01
1.8674e+00 7.0001e+02 9.4001e+01
1.8715e+00 6.9877e+02 9.3695e+01
1.8755e+00 6.9674e+02 9.3235e+01
1.8796e+00 6.9692e+02 9.3195e+01
1.8837e+00 6.9505e+02 9.2704e+01
1.8878e+00 6.9449e+02 9.2548e+01
1.8919e+00 6.9310e+02 9.2200e+01
1.8960e+00 6.9061e+02 9.1738e+01
1.9001e+00 6.9109e+02 9.1780e+01
1.9042e+00 6.8872e+02 9.1281e+01
1.9083e+00 6.8885e+02 9.1155e+01
1.9124e+00 6.8603e+02 9.0643e+01
1.9164e+00 6.8625e+02 9.0557e+01
1.9205e+00 6.8398e+02 9.0057e+01
1.9246e+00 6.8436e+02 9.0091e+01
1.9287e+00 6.8258e+02 8.9630e+01
1.9328e+00 6.8245e+02 8.9431e+01
1.9369e+00 6.8063e+02 8.9118e+01
1.9410e+00 6.7892e+02 8.8778e+01
1.9451e+00 6.7821e+02 8.8573e+01
1.9492e+00 6.7681e+02 8.8267e+01
1.9533e+00 6.7487e+02 8.7865e+01
1.9573e+00 6.7433e+02 8.7753e+01
1.9614e+00 6.7283e+02 8.7422e+01
1.9655e+00 6.7226e+02 8.7196e+01
1.9696e+00 6.7134e+02 8.6868e+01
1.9737e+00 6.6973e+02 8.6723e+01
1.9778e+00 6.6842e+02 8.6388e+01
1.9819e+00 6.6734e+02 8.6096e+01
1.9860e+00 6.6693e+02 8.5811e+01
1.9901e+00 6.6575e+02 8.5632e+01
1.9942e+00 6.6526e+02 8.5452e+01
1.9983e+00 6.6308e+02 8.5027e+01
2.0024e+00 6.6231e+02 8.4920e+01
2.0064e+00 6.6131e+02 8.4705e+01
2.0105e+00 6.5901e+02 8.4217e+01
2.0146e+00 6.5902e+02 8.4080e+01
2.0187e+00 6.5897e+02 8.4000e+01
2.0228e+00 6.5678e+02 8.3512e+01
2.0269e+00 6.5586e+02 8.3293e+01
2.0310e+00 6.5479e+02 8.3161e+01
2.0351e+00 6.5351e+02 8.2872e+01
2.0392e+00 6.5201e+02 8.2500e+01
2.0433e+00 6.5109e+02 8.2157e+01
2.0473e+00 6.4980e+02 8.1943e+01
2.0514e+00 6.4877e+02 8.1667e+01
2.0555e+00 6.4686e+02 8.1376e+01
2.0596e+00 6.4699e+02 8.1243e+01
2.0637e+00 6.4530e+02 8.0961e+01
2.0678e+00 6.4490e+02 8.0797e+01
2.0719e+00 6.4248e+02 8.0411e+01
2.0760e+00 6.4206e+02 8.0243e+01
2.0801e+00 6.4119e+02 8.0028e+01
2.0842e+00 6.3973e+02 7.9693e+01
2.0883e+00 6.3848e+02 7.9426e+01
2.0923e+00 6.3726e+02 7.9137e+01
2.0964e+00 6.3699e+02 7.8982e+01
2.1005e+00 6.3540e+02 7.8760e+01
2.1046e+00 6.3440e+02 7.8517e+01
2.1087e+00 6.3370e+02 7.8320e+01
2.1128e+00 6.3261e+02 7.8092e+01
2.1169e+00 6.3086e+02 7.7709e+01
2.1210e+00 6.3045e+02 7.7629e+01
2.1251e+00 6.2927e+02 7.7352e+01
2.1292e+00 6.2777e+02 7.7070e+01
2.1332e+00 6.2689e+02 7.6755e+01
2.1373e+00 6.2513e+02 7.6454e+01
2.1414e+00 6.2569e+02 7.6469e+01
2.1455e+00 6.2329e+02 7.6115e+01
2.1496e+00 6.2200e+02 7.5842e+01
2.1537e+00 6.2169e+02 7.5679e+01
2.1578e+00 6.1986e+02 7.5342e+01
2.1619e+00 6.1836e+02 7.5084e+01
2.1660e+00 6.1751e+02 7.4828e+01
2.1701e+00 6.1657e+02 7.4580e+01
2.1742e+00 6.1593e+02 7.4478e+01
2.1782e+00 6.1490e+02 7.4253e+01
2.1823e+00 6.1357e+02 7.3966e+01
2.1864e+00 6.1319e+02 7.3831e+01
2.1905e+00 6.1108e+02 7.3461e+01
2.1946e+00 6.1045e+02 7.3321e+01
2.1987e+00 6.0963e+02 7.3106e+01
2.2028e+00 6.0844e+02 7.2942e+01
2.2069e+00 6.0754e+02 7.2636e+01
2.2110e+00 6.0635e+02 7.2390e+01
2.2151e+00 6.0508e+02 7.2165e+01
2.2191e+00 6.0394e+02 7.1964e+01
2.2232e+00 6.0307e+02 7.1676e+01
2.2273e+00 6.0143e+02 7.1446e+01
2.2314e+00 6.0092e+02 7.1315e+01
2.2355e+00 5.9972e+02 7.0983e+01
2.2396e+00 5.9856e+02 7.0837e+01
2.2437e+00 5.9777e+02 7.0542e+01
2.2478e+00 5.9621e+02 7.0267e+01
2.2519e+00 5.9545e+02 7.0096e+01
2.2560e+00 5.9489e+02 7.0002e+01
2.2601e+00 5.9324e+02 6.9691e+01
2.2642e+00 5.9308e+02 6.9600e+01
2.2682e+00 5.9153e+02 6.9202e+01
2.2723e+00 5.8925e+02 6.8889e+01
2.2764e+00 5.8902e+02 6.8814e+01
2.2805e+00 5.8875e+02 6.8645e+01
2.2846e+00 5.8693e+02 6.8348e+01
2.2887e+00 5.8595e+02 6.8151e+01
2.2928e+00 5.8489e+02 6.7892e+01
2.2969e+00 5.8392e+02 6.7722e+01
2.3010e+00 5.8290e+02 6.7526e+01
2.3051e+00 5.8195e+02 6.7325e+01
2.3091e+00 5.8036e+02 6.6996e+01
2.3132e+00 5.7964e+02 6.6859e+01
2.3173e+00 5.7899e+02 6.6689e+01
2.3214e+00 5.7656e+02 6.6347e+01
2.3255e+00 5.7745e+02 6.6366e+01
2.3296e+00 5.7532e+02 6.5977e+01
2.3337e+00 5.7450e+02 6.5803e+01
2.3378e+00 5.7411e+02 6.5703e+01
2.3419e+00 5.7279e+02 6.5455e+01
2.3460e+00 5.7177e+02 6.5272e+01
2.3500e+00 5.6977e+02 6.4932e+01
2.3541e+00 5.6919e+02 6.4718e+01
2.3582e+00 5.6819e+02 6.4575e+01
2.3623e+00 5.6645e+02 6.4332e+01
2.3664e+00 5.6630e+02 6.4160e+01
2.3705e+00 5.6468e+02 6.3937e+01
2.3746e+00 5.6376e+02 6.3690e+01
2.3787e+00 5.6314e+02 6.3567e+01
2.3828e+00 5.6207e+02 6.3358e+01
2.3869e+00 5.6130e+02 6.3103e+01
2.3910e+00 5.5991e+02 6.2966e+01
2.3951e+00 5.5872e+02 6.2680e+01
2.3991e+00 5.5746e+02 6.2515e+01
2.4032e+00 5.5670e+02 6.2326e+01
2.4073e+00 5.5550e+02 6.2066e+01
2.4114e+00 5.5419e+02 6.1890e+01
2.4155e+00 5.5332e+02 6.1664e+01
2.4196e+00 5.5282e+02 6.1485e+01
2.4237e+00 5.5160e+02 6.1283e+01
2.4278e+00 5.5033e+02 6.1125e+01
2.4319e+00 5.4928e+02 6.0871e+01
2.4360e+00 5.4869e+02 6.0770e+01
2.4400e+00 5.4760e+02 6.0537e+01
2.4441e+00 5.4649e+02 6.0336e+01
2.4482e+00 5.4466e+02 6.0026e+01
2.4523e+00 5.4456e+02 5.9953e+01
2.4564e+00 5.4284e+02 5.9678e+01
2.4605e+00 5.4148e+02 5.9462e+01
2.4646e+00 5.4099e+02 5.9328e+01
2.4687e+00 5.3947e+02 5.9051e+01
2.4728e+00 5.3907e+02 5.8939e+01
2.4769e+00 5.3776e+02 5.8703e+01
2.4810e+00 5.3682e+02 5.8559e+01
2.4850e+00 5.3609e+02 5.8377e+01
2.4891e+00 5.3466e+02 5.8183e+01
2.4932e+00 5.3353e+02 5.7944e+01
2.4973e+00 5.3301e+02 5.7790e+01
2.5014e+00 5.3124e+02 5.7565e+01
2.5055e+00 5.3007e+02 5.7285e+01
2.5096e+00 5.2984e+02 5.7228e+01
2.5137e+00 5.2983e+02 5.7164e+01
2.5178e+00 5.2754e+02 5.6790e+01
2.5219e+00 5.2630e+02 5.6571e+01
2.5259e+00 5.2508e+02 5.6354e+01
2.5300e+00 5.2464e+02 5.6308e+01
2.5341e+00 5.2441e+02 5.6192e+01
2.5382e+00 5.2269e+02 5.5943e+01
2.5423e+00 5.2085e+02 5.5577e+01
2.5464e+00 5.2111e+02 5.5588e+01
2.5505e+00 5.1863e+02 5.5184e+01
2.5546e+00 5.1907e+02 5.5200e+01
2.5587e+00 5.1766e+02 5.4975e+01
2.5628e+00 5.1710e+02 5.4881e+01
2.5669e+00 5.1571e+02 5.4671e+01
2.5709e+00 5.1468e+02 5.4434e+01
2.5750e+00 5.1336e+02 5.4205e+01
2.5791e+00 5.1286e+02 5.4058e+01
2.5832e+00 5.1187e+02 5.3954e+01
2.5873e+00 5.1081e+02 5.3745e+01
2.5914e+00 5.0961e+02 5.3521e+01
2.5955e+00 5.0873e+02 5.3368e+01
2.5996e+00 5.0751e+02 5.3178e+01
2.6037e+00 5.0688e+02 5.3073e+01
2.6078e+00 5.0563e+02 5.2818e+01
2.6119e+00 5.0444e+02 5.2617e+01
2.6159e+00 5.0377e+02 5.2485e+01
2.6200e+00 5.0312e+02 5.2346e+01
2.6241e+00 5.0221e+02 5.2203e+01
2.6282e+00 5.0063e+02 5.1928e+01
2.6323e+00 4.9978e+02 5.1773e+01
2.6364e+00 4.9849e+02 5.1531e+01
2.6405e+00 4.9755e+02 5.1387e+01
2.6446e+00 4.9597e+02 5.1162e+01
2.6487e+00 4.9588e+02 5.1069e+01
2.6528e+00 4.9497e+02 5.0908e+01
2.6568e+00 4.9383e+02 5.0740e+01
2.6609e+00 4.9285e+02 5.0564e+01
2.6650e+00 4.9175e+02 5.0357e+01
2.6691e+00 4.9104e+02 5.0271e+01
2.6732e+00 4.8941e+02 4.9976e+01
2.6773e+00 4.8838e+02 4.9849e+01
2.6814e+00 4.8820e+02 4.9791e+01
2.6855e+00 4.8633e+02 4.9484e+01
2.6896e+00 4.8612e+02 4.9368e+01
2.6937e+00 4.8455e+02 4.9221e+01
2.6978e+00 4.8367e+02 4.9023e+01
2.7018e+00 4.8320e+02 4.8913e+01
2.7059e+00 4.8178e+02 4.8686e+01
2.7100e+00 4.8099e+02 4.8547e+01
2.7141e+00 4.8015e+02 4.8423e+01
2.7182e+00 4.7931e+02 4.8255e+01
2.7223e+00 4.7774e+02 4.8016e+01
2.7264e+00 4.7750e+02 4.7919e+01
2.7305e+00 4.7556e+02 4.7668e+01
2.7346e+00 4.7556e+02 4.7599e+01
2.7387e+00 4.7414e+02 4.7396e+01
2.7427e+00 4.7255e+02 4.7153e+01
2.7468e+00 4.7211e+02 4.7030e+01
2.7509e+00 4.7176e+02 4.6942e+01
2.7550e+00 4.7064e+02 4.6730e+01
2.7591e+00 4.6957e+02 4.6587e+01
2.7632e+00 4.6780e+02 4.6362e+01
2.7673e+00 4.6791e+02 4.6284e+01
2.7714e+00 4.6589e+02 4.6033e+01
2.7755e+00 4.6584e+02 4.5984e+01
2.7796e+00 4.6464e+02 4.5813e+01
2.7837e+00 4.6368e+02 4.5597e+01
2.7877e+00 4.6281e+02 4.5448e+01
2.7918e+00 4.6233e+02 4.5361e+01
2.7959e+00 4.6113e+02 4.5206e+01
2.8000e+00 4.5951e+02 4.4946e+01
2.8041e+00 4.5895e+02 4.4824e+01
2.8082e+00 4.5835e+02 4.4736e+01
2.8123e+00 4.5721e+02 4.4538e+01
2.8164e+00 4.5582e+02 4.4353e+01
2.8205e+00 4.5549e+02 4.4261e+01
2.8246e+00 4.5383e+02 4.4020e+01
2.8287e+00 4.5292e+02 4.3912e+01
2.8327e+00 4.5241e+02 4.3744e+01
2.8368e+00 4.5077e+02 4.3560e+01
2.8409e+00 4.5047e+02 4.3438e+01
2.8450e+00 4.4921e+02 4.3283e+01
2.8491e+00 4.4893e+02 4.3183e+01
2.8532e+00 4.4797e+02 4.3029e+01
2.8573e+00 4.4682e+02 4.2898e+01
2.8614e+00 4.4607e+02 4.2727e+01
2.8655e+00 4.4484e+02 4.2538e+01
2.8696e+00 4.4368e+02 4.2387e+01
2.8736e+00 4.4306e+02 4.2266e+01
2.8777e+00 4.4205e+02 4.2114e+01
2.8818e+00 4.4119e+02 4.1944e+01
2.8859e+00 4.3999e+02 4.1782e+01
2.8900e+00 4.3921e+02 4.1623e+01
2.8941e+00 4.3841e+02 4.1552e+01
2.8982e+00 4.3746e+02 4.1392e+01
2.9023e+00 4.3641e+02 4.1221e+01
2.9064e+00 4.3564e+02 4.1098e+01
2.9105e+00 4.3452e+02 4.0942e+01
2.9146e+00 4.3357e+02 4.0793e+01
2.9187e+00 4.3291e+02 4.0675e+01
2.9227e+00 4.3175e+02 4.0500e+01
2.9268e+00 4.3102e+02 4.0362e+01
2.9309e+00 4.2991e+02 4.0219e+01
2.9350e+00 4.2875e+02 4.0023e+01
2.9391e+00 4.2839e+02 3.9944e+01
2.9432e+00 4.2777e+02 3.9834e+01
2.9473e+00 4.2639e+02 3.9678e+01
2.9514e+00 4.2556e+02 3.9499e+01
2.9555e+00 4.2483e+02 3.9404e+01
2.9596e+00 4.2372e+02 3.9231e+01
2.9636e+00 4.2251e+02 3.9103e+01
2.9677e+00 4.2194e+02 3.8944e+01
2.9718e+00 4.2131e+02 3.8855e+01
2.9759e+00 4.1991e+02 3.8665e+01
2.9800e+00 4.1924e+02 3.8560e+01
2.9841e+00 4.1864e+02 3.8454e+01
2.9882e+00 4.1723e+02 3.8256e+01
2.9923e+00 4.1652e+02 3.8131e+01
2.9964e+00 4.1556e+02 3.7982e+01
3.0005e+00 4.1484e+02 3.7870e+01
3.0046e+00 4.1389e+02 3.7748e+01
3.0086e+00 4.1349e+02 3.7626e+01
3.0127e+00 4.1167e+02 3.7413e+01
3.0168e+00 4.1106e+02 3.7315e+01
3.0209e+00 4.1027e+02 3.7165e+01
3.0250e+00 4.0954e+02 3.7075e+01
3.0291e+00 4.0835e+02 3.6906e+01
3.0332e+00 4.0747e+02 3.6772e+01
3.0373e+00 4.0726e+02 3.6704e+01
3.0414e+00 4.0597e+02 3.6537e+01
3.0455e+00 4.0551e+02 3.6446e+01
3.0495e+00 4.0413e+02 3.6263e+01
3.0536e+00 4.0309e+02 3.6129e+01
3.0577e+00 4.0254e+02 3.6007e+01
3.0618e+00 4.0135e+02 3.5839e+01
3.0659e+00 4.0062e+02 3.5707e+01
3.0700e+00 3.9980e+02 3.5602e+01
3.0741e+00 3.9859e+02 3.5444e+01
3.0782e+00 3.9837e+02 3.5396e+01
3.0823e+00 3.9711e+02 3.5202e+01
3.0864e+00 3.9625e+02 3.5100e+01
3.0905e+00 3.9558e+02 3.4983e+01
3.0945e+00 3.9455e+02 3.4844e+01
3.0986e+00 3.9360e+02 3.4710e+01
3.1027e+00 3.9303e+02 3.4605e+01
3.1068e+00 3.9201e+02 3.4483e+01
3.1109e+00 3.9136e+02 3.4367e+01
3.1150e+00 3.9033e+02 3.4222e+01
3.1191e+00 3.8948e+02 3.4101e+01
3.1232e+00 3.8877e+02 3.3991e+01
3.1273e+00 3.8801e+02 3.3871e+01
3.1314e+00 3.8702e+02 3.3748e+01
3.1355e+00 3.8645e+02 3.3650e+01
3.1395e+00 3.8488e+02 3.3463e+01
3.1436e+00 3.8451e+02 3.3384e+01
3.1477e+00 3.8403e+02 3.3305e+01
3.1518e+00 3.8268e+02 3.3129e+01
3.1559e+00 3.8200e+02 3.3009e+01
3.1600e+00 3.8105e+02 3.2891e+01
3.1641e+00 3.8044e+02 3.2786e+01
3.1682e+00 3.7903e+02 3.2605e+01
3.1723e+00 3.7852e+02 3.2524e+01
3.1764e+00 3.7802e+02 3.2446e+01
3.1804e+00 3.7717e+02 3.2312e+01
3.1845e+00 3.7625e+02 3.2196e+01
3.1886e+00 3.7526e+02 3.2039e+01
3.1927e+00 3.7462e+02 3.1969e+01
3.1968e+00 3.7399e+02 3.1859e+01
3.2009e+00 3.7311e+02 3.1724e+01
3.2050e+00 3.7208e+02 3.1616e+01
3.2091e+00 3.7128e+02 3.1491e+01
3.2132e+00 3.7014e+02 3.1353e+01
3.2173e+00 3.6981e+02 3.1274e+01
3.2214e+00 3.6852e+02 3.1124e+01
3.2254e+00 3.6793e+02 3.1035e+01
3.2295e+00 3.6710e+02 3.0906e+01
3.2336e+00 3.6632e+02 3.0807e+01
3.2377e+00 3.6531e+02 3.0683e+01
3.2418e+00 3.6453e+02 3.0535e+01
3.2459e+00 3.6390e+02 3.0461e+01
3.2500e+00 3.6321e+02 3.0357e+01
3.2541e+00 3.6228e+02 3.0263e+01
3.2582e+00 3.6158e+02 3.0127e+01
3.2623e+00 3.6094e+02 3.0041e+01
3.2663e+00 3.6012e+02 2.9908e+01
3.2704e+00 3.5899e+02 2.9796e+01
3.2745e+00 3.5812e+02 2.9690e+01
3.2786e+00 3.5770e+02 2.9611e+01
3.2827e+00 3.5680e+02 2.9492e+01
3.2868e+00 3.5608e+02 2.9378e+01
3.2909e+00 3.5535e+02 2.9272e+01
3.2950e+00 3.5456e+02 2.9148e+01
3.2991e+00 3.5356e+02 2.9047e+01
3.3032e+00 3.5298e+02 2.8949e+01
3.3073e+00 3.5214e+02 2.8835e+01
3.3113e+00 3.5120e+02 2.8707e+01
3.3154e+00 3.5036e+02 2.8625e+01
3.3195e+00 3.4958e+02 2.8512e+01
3.3236e+00 3.4885e+02 2.8402e+01
3.3277e+00 3.4815e+02 2.8303e+01
3.3318e+00 3.4751e+02 2.8180e+01
3.3359e+00 3.4678e+02 2.8081e+01
3.3400e+00 3.4596e+02 2.7981e+01
3.3441e+00 3.4541e+02 2.7934e+01
3.3482e+00 3.4453e+02 2.7789e+01
3.3523e+00 3.4373e+02 2.7697e+01
3.3563e+00 3.4311e+02 2.7608e+01
3.3604e+00 3.4200e+02 2.7481e+01
3.3645e+00 3.4145e+02 2.7382e+01
3.3686e+00 3.4092e+02 2.7292e+01
3.3727e+00 3.3956e+02 2.7148e+01
3.3768e+00 3.3875e+02 2.7063e+01
3.3809e+00 3.3844e+02 2.6996e+01
3.3850e+00 3.3752e+02 2.6877e+01
3.3891e+00 3.3702e+02 2.6802e+01
3.3932e+00 3.3618e+02 2.6680e+01
3.3973e+00 3.3566e+02 2.6603e+01
3.4013e+00 3.3440e+02 2.6480e+01
3.4054e+00 3.3389e+02 2.6382e+01
3.4095e+00 3.3310e+02 2.6297e+01
3.4136e+00 3.3239e+02 2.6193e+01
3.4177e+00 3.3157e+02 2.6097e+01
3.4218e+00 3.3067e+02 2.5983e+01
3.4259e+00 3.2987e+02 2.5902e+01
3.4300e+00 3.2933e+02 2.5818e+01
3.4341e+00 3.2876e+02 2.5731e+01
3.4382e+00 3.2781e+02 2.5587e+01
3.4422e+00 3.2725e+02 2.5529e+01
3.4463e+00 3.2629e+02 2.5415e+01
3.4504e+00 3.2597e+02 2.5342e+01
3.4545e+00 3.2484e+02 2.5234e+01
3.4586e+00 3.2426e+02 2.5152e+01
3.4627e+00 3.2361e+02 2.5051e+01
3.4668e+00 3.2292e+02 2.4964e+01
3.4709e+00 3.2216e+02 2.4877e+01
3.4750e+00 3.2164e+02 2.4811e+01
3.4791e+00 3.2047e+02 2.4657e+01
3.4832e+00 3.2000e+02 2.4596e+01
3.4872e+00 3.1943e+02 2.4510e+01
3.4913e+00 3.1833e+02 2.4391e+01
3.4954e+00 3.1777e+02 2.4315e+01
3.4995e+00 3.1719e+02 2.4235e+01
3.5036e+00 3.1682e+02 2.4175e+01
3.5077e+00 3.1588e+02 2.4055e+01
3.5118e+00 3.1499e+02 2.3949e+01
3.5159e+00 3.1446e+02 2.3877e+01
3.5200e+00 3.1396e+02 2.3816e+01
3.5241e+00 3.1284e+02 2.3683e+01
3.5281e+00 3.1236e+02 2.3619e+01
3.5322e+00 3.1183e+02 2.3552e+01
3.5363e+00 3.1088e+02 2.3449e+01
3.5404e+00 3.1003e+02 2.3341e+01
3.5445e+00 3.0952e+02 2.3264e+01
3.5486e+00 3.0888e+02 2.3170e+01
3.5527e+00 3.0824e+02 2.3097e+01
3.5568e+00 3.0776e+02 2.3040e+01
3.5609e+00 3.0679e+02 2.2937e+01
3.5650e+00 3.0638e+02 2.2866e+01
3.5691e+00 3.0544e+02 2.2776e+01
3.5732e+00 3.0496e+02 2.2691e+01
3.5772e+00 3.0426e+02 2.2602e+01
3.5813e+00 3.0362e+02 2.2525e+01
3.5854e+00 3.0287e+02 2.2431e+01
3.5895e+00 3.0231e+02 2.2359e+01
3.5936e+00 3.0200e+02 2.2316e+01
3.5977e+00 3.0117e+02 2.2214e+01
3.6018e+00 3.0031e+02 2.2108e+01
3.6059e+00 2.9963e+02 2.2036e+01
3.6100e+00 2.9896e+02 2.1946e+01
3.6141e+00 2.9859e+02 2.1892e+01
3.6181e+00 2.9755e+02 2.1786e+01
3.6222e+00 2.9665e+02 2.1681e+01
3.6263e+00 2.9624e+02 2.1611e+01
3.6304e+00 2.9566e+02 2.1548e+01
3.6345e+00 2.9474e+02 2.1448e+01
3.6386e+00 2.9406e+02 2.1377e+01
3.6427e+00 2.9376e+02 2.1321e+01
3.6468e+00 2.9288e+02 2.1222e+01
3.6509e+00 2.9232e+02 2.1162e+01
3.6550e+00 2.9184e+02 2.1095e+01
3.6591e+00 2.9105e+02 2.0993e+01
3.6631e+00 2.9047e+02 2.0931e+01
3.6672e+00 2.9012e+02 2.0879e+01
3.6713e+00 2.8924e+02 2.0788e+01
3.6754e+00 2.8851e+02 2.0693e+01
3.6795e+00 2.8821e+02 2.0638e+01
3.6836e+00 2.8732e+02 2.0561e+01
3.6877e+00 2.8678e+02 2.0492e+01
3.6918e+00 2.8638e+02 2.0425e+01
3.6959e+00 2.8538e+02 2.0319e+01
3.7000e+00 2.8493e+02 2.0238e+01
3.7040e+00 2.8434e+02 2.0188e+01
3.7081e+00 2.8372e+02 2.0125e+01
3.7122e+00 2.8288e+02 2.0021e+01
3.7163e+00 2.8251e+02 1.9984e+01
3.7204e+00 2.8204e+02 1.9904e+01
3.7245e+00 2.8133e+02 1.9820e+01
3.7286e+00 2.8076e+02 1.9763e+01
3.7327e+00 2.7998e+02 1.9678e+01
3.7368e+00 2.7938e+02 1.9606e+01
3.7409e+00 2.7879e+02 1.9530e+01
3.7450e+00 2.7820e+02 1.9464e+01
3.7490e+00 2.7758e+02 1.9390e+01
3.7531e+00 2.7719e+02 1.9331e+01
3.7572e+00 2.7642e+02 1.9268e+01
3.7613e+00 2.7575e+02 1.9183e+01
3.7654e+00 2.7508e+02 1.9103e+01
3.7695e+00 2.7477e+02 1.9070e+01
3.7736e+00 2.7447e+02 1.9019e+01
3.7777e+00 2.7346e+02 1.8916e+01
3.7818e+00 2.7272e+02 1.8832e+01
3.7859e+00 2.7249e+02 1.8796e+01
3.7900e+00 2.7166e+02 1.8710e+01
3.7940e+00 2.7115e+02 1.8647e+01
3.7981e+00 2.7077e+02 1.8599e+01
3.8022e+00 2.7009e+02 1.8515e+01
3.8063e+00 2.6951e+02 1.8460e+01
3.8104e+00 2.6892e+02 1.8396e+01
3.8145e+00 2.6862e+02 1.8352e+01
3.8186e+00 2.6782e+02 1.8263e+01
3.8227e+00 2.6734e+02 1.8220e+01
3.8268e+00 2.6661e+02 1.8128e+01
3.8309e+00 2.6621e+02 1.8075e+01
3.8349e+00 2.6541e+02 1.8001e+01
3.8390e+00 2.6496e+02 1.7952e+01
3.8431e+00 2.6438e+02 1.7881e+01
3.8472e+00 2.6393e+02 1.7843e+01
3.8513e+00 2.6336e+02 1.7756e+01
3.8554e+00 2.6283e+02 1.7686e+01
3.8595e+00 2.6212e+02 1.7615e+01
3.8636e+00 2.6171e+02 1.7577e+01
3.8677e+00 2.6141e+02 1.7520e+01
3.8718e+00 2.6059e+02 1.7440e+01
3.8759e+00 2.6002e+02 1.7395e+01
3.8799e+00 2.5947e+02 1.7335e+01
3.8840e+00 2.5919e+02 1.7284e+01
3.8881e+00 2.5829e+02 1.7202e+01
3.8922e+00 2.5795e+02 1.7158e+01
3.8963e+00 2.5742e+02 1.7090e+01
3.9004e+00 2.5691e+02 1.7048e+01
3.9045e+00 2.5634e+02 1.6984e+01
3.9086e+00 2.5572e+02 1.6910e+01
3.9127e+00 2.5542e+02 1.6876e+01
3.9168e+00 2.5501e+02 1.6812e+01
3.9209e+00 2.5449e+02 1.6755e+01
3.9249e+00 2.5369e+02 1.6689e+01
3.9290e+00 2.5324e+02 1.6636e+01
3.9331e+00 2.5275e+02 1.6581e+01
3.9372e+00 2.5232e+02 1.6525e+01
3.9413e+00 2.5190e+02 1.6487e+01
3.9454e+00 2.5134e+02 1.6411e+01
3.9495e+00 2.5053e+02 1.6349e+01
3.9536e+00 2.5023e+02 1.6312e+01
3.9577e+00 2.4981e+02 1.6254e+01
3.9618e+00 2.4920e+02 1.6183e+01
3.9658e+00 2.4890e+02 1.6153e+01
3.9699e+00 2.4827e+02 1.6095e+01
3.9740e+00 2.4776e+02 1.6042e+01
3.9781e+00 2.4730e+02 1.5984e+01
3.9822e+00 2.4669e+02 1.5916e+01
3.9863e+00 2.4601e+02 1.5849e+01
3.9904e+00 2.4588e+02 1.5831e+01
3.9945e+00 2.4529e+02 1.5777e+01
3.9986e+00 2.4473e+02 1.5717e+01
4.0027e+00 2.4454e+02 1.5685e+01
4.0068e+00 2.4379e+02 1.5620e+01
4.0108e+00 2.4296e+02 1.5540e+01
4.0149e+00 2.4289e+02 1.5508e+01
4.0190e+00 2.4239e+02 1.5473e+01
4.0231e+00 2.4180e+02 1.5403e+01
4.0272e+00 2.4143e+02 1.5361e+01
4.0313e+00 2.4096e+02 1.5309e+01
4.0354e+00 2.4054e+02 1.5259e+01
4.0395e+00 2.3997e+02 1.5204e+01
4.0436e+00 2.3972e+02 1.5177e+01
4.0477e+00 2.3913e+02 1.5121e+01
4.0517e+00 2.3873e+02 1.5082e+01
4.0558e+00 2.3818e+02 1.5022e+01
4.0599e+00 2.3781e+02 1.4981e+01
4.0640e+00 2.3740e+02 1.4939e+01
4.0681e+00 2.3699e+02 1.4886e+01
4.0722e+00 2.3627e+02 1.4824e+01
4.0763e+00 2.3588e+02 1.4792e+01
4.0804e+00 2.3546e+02 1.4736e+01
4.0845e+00 2.3506e+02 1.4697e+01
4.0886e+00 2.3455e+02 1.4639e+01
4.0927e+00 2.3424e+02 1.4611e+01
4.0967e+00 2.3341e+02 1.4539e+01
4.1008e+00 2.3324e+02 1.4513e+01
4.1049e+00 2.3281e+02 1.4462e+01
4.1090e+00 2.3246e+02 1.4425e+01
4.1131e+00 2.3196e+02 1.4376e+01
4.1172e+00 2.3164e+02 1.4338e+01
4.1213e+00 2.3111e+02 1.4294e+01
4.1254e+00 2.3068e+02 1.4249e+01
4.1295e+00 2.3030e+02 1.4201e+01
4.1336e+00 2.2987e+02 1.4157e+01
4.1377e+00 2.2942e+02 1.4115e+01
4.1417e+00 2.2911e+02 1.4084e+01
4.1458e+00 2.2870e+02 1.4048e+01
4.1499e+00 2.2815e+02 1.3994e+01
4.1540e+00 2.2793e+02 1.3962e+01
4.1581e+00 2.2734e+02 1.3910e+01
4.1622e+00 2.2689e+02 1.3869e+01
4.1663e+00 2.2668e+02 1.3831e+01
4.1704e+00 2.2626e+02 1.3810e+01
4.1745e+00 2.2579e+02 1.3754e+01
4.1786e+00 2.2533e+02 1.3710e+01
4.1826e+00 2.2487e+02 1.3665e+01
4.1867e+00 2.2459e+02 1.3627e+01
