# k, phh, phm/ 
0.0000e+00 0.0000e+00 0.0000e+00
5.7940e-03 1.8993e+04 1.6738e+04
1.0472e-02 2.5706e+04 2.2747e+04
1.4266e-02 3.7120e+04 3.2883e+04
1.8123e-02 3.5160e+04 3.0198e+04
2.2484e-02 3.0156e+04 2.5903e+04
2.6451e-02 2.9153e+04 2.4834e+04
3.0447e-02 2.4379e+04 2.0818e+04
3.4732e-02 2.2035e+04 1.8384e+04
3.8831e-02 2.1747e+04 1.8079e+04
4.2814e-02 1.9915e+04 1.6581e+04
4.6886e-02 1.9157e+04 1.5909e+04
5.0986e-02 1.7240e+04 1.4219e+04
5.5146e-02 1.6684e+04 1.3708e+04
5.9224e-02 1.5362e+04 1.2577e+04
6.3286e-02 1.4659e+04 1.2000e+04
6.7367e-02 1.3739e+04 1.1164e+04
7.1496e-02 1.3295e+04 1.0879e+04
7.5589e-02 1.2624e+04 1.0186e+04
7.9666e-02 1.1571e+04 9.3379e+03
8.3818e-02 1.1028e+04 8.8841e+03
8.7894e-02 1.0120e+04 8.1419e+03
9.1924e-02 8.9847e+03 7.2136e+03
9.6045e-02 8.6753e+03 6.9039e+03
1.0013e-01 8.2218e+03 6.5447e+03
1.0421e-01 7.7202e+03 6.0954e+03
1.0833e-01 7.2884e+03 5.7198e+03
1.1245e-01 7.2418e+03 5.6799e+03
1.1652e-01 6.9267e+03 5.4447e+03
1.2060e-01 6.7464e+03 5.2598e+03
1.2466e-01 6.3257e+03 4.9203e+03
1.2877e-01 6.3783e+03 4.9934e+03
1.3287e-01 6.1007e+03 4.7307e+03
1.3698e-01 5.8557e+03 4.5311e+03
1.4107e-01 5.6856e+03 4.3983e+03
1.4517e-01 5.2991e+03 4.0807e+03
1.4927e-01 5.0473e+03 3.8510e+03
1.5333e-01 4.9625e+03 3.7739e+03
1.5742e-01 4.6786e+03 3.5635e+03
1.6151e-01 4.5783e+03 3.4775e+03
1.6559e-01 4.4087e+03 3.3265e+03
1.6969e-01 4.2097e+03 3.1663e+03
1.7380e-01 4.0568e+03 3.0552e+03
1.7790e-01 3.9952e+03 2.9918e+03
1.8200e-01 3.8886e+03 2.9058e+03
1.8609e-01 3.8319e+03 2.8411e+03
1.9016e-01 3.7540e+03 2.7896e+03
1.9424e-01 3.6167e+03 2.6720e+03
1.9833e-01 3.5236e+03 2.5964e+03
2.0243e-01 3.4433e+03 2.5445e+03
2.0652e-01 3.3442e+03 2.4528e+03
2.1063e-01 3.2850e+03 2.3891e+03
2.1472e-01 3.2068e+03 2.3377e+03
2.1883e-01 3.0824e+03 2.2390e+03
2.2290e-01 3.0125e+03 2.1802e+03
2.2699e-01 2.9578e+03 2.1374e+03
2.3108e-01 2.8728e+03 2.0838e+03
2.3515e-01 2.8539e+03 2.0382e+03
2.3924e-01 2.7683e+03 1.9809e+03
2.4334e-01 2.7424e+03 1.9532e+03
2.4744e-01 2.7034e+03 1.9146e+03
2.5154e-01 2.6201e+03 1.8521e+03
2.5561e-01 2.5898e+03 1.8329e+03
2.5972e-01 2.5322e+03 1.7883e+03
2.6381e-01 2.5110e+03 1.7586e+03
2.6790e-01 2.4377e+03 1.7084e+03
2.7199e-01 2.3936e+03 1.6721e+03
2.7607e-01 2.3548e+03 1.6405e+03
2.8017e-01 2.3273e+03 1.6165e+03
2.8427e-01 2.2995e+03 1.5905e+03
2.8835e-01 2.2379e+03 1.5425e+03
2.9243e-01 2.2009e+03 1.5115e+03
2.9651e-01 2.1771e+03 1.4917e+03
3.0063e-01 2.1376e+03 1.4631e+03
3.0473e-01 2.1327e+03 1.4586e+03
3.0882e-01 2.0828e+03 1.4220e+03
3.1292e-01 2.0528e+03 1.3926e+03
3.1700e-01 2.0328e+03 1.3721e+03
3.2108e-01 2.0093e+03 1.3547e+03
3.2517e-01 1.9789e+03 1.3293e+03
3.2925e-01 1.9453e+03 1.3022e+03
3.3333e-01 1.9253e+03 1.2895e+03
3.3744e-01 1.9033e+03 1.2690e+03
3.4154e-01 1.8831e+03 1.2503e+03
3.4562e-01 1.8558e+03 1.2312e+03
3.4972e-01 1.8274e+03 1.2098e+03
3.5382e-01 1.8069e+03 1.1936e+03
3.5791e-01 1.7905e+03 1.1765e+03
3.6198e-01 1.7607e+03 1.1532e+03
3.6607e-01 1.7533e+03 1.1465e+03
3.7019e-01 1.7154e+03 1.1213e+03
3.7428e-01 1.7106e+03 1.1134e+03
3.7836e-01 1.6781e+03 1.0906e+03
3.8245e-01 1.6695e+03 1.0794e+03
3.8653e-01 1.6605e+03 1.0745e+03
3.9062e-01 1.6300e+03 1.0521e+03
3.9471e-01 1.6294e+03 1.0444e+03
3.9879e-01 1.6107e+03 1.0332e+03
4.0290e-01 1.5890e+03 1.0159e+03
4.0699e-01 1.5712e+03 9.9898e+02
4.1107e-01 1.5559e+03 9.8815e+02
4.1517e-01 1.5423e+03 9.7796e+02
4.1926e-01 1.5349e+03 9.7053e+02
4.2335e-01 1.5074e+03 9.4802e+02
4.2745e-01 1.5025e+03 9.4397e+02
4.3153e-01 1.4890e+03 9.3570e+02
4.3562e-01 1.4800e+03 9.2613e+02
4.3972e-01 1.4698e+03 9.1923e+02
4.4380e-01 1.4508e+03 9.0652e+02
4.4789e-01 1.4477e+03 9.0134e+02
4.5198e-01 1.4271e+03 8.8453e+02
4.5607e-01 1.4270e+03 8.8220e+02
4.6017e-01 1.4138e+03 8.7478e+02
4.6426e-01 1.4028e+03 8.6382e+02
4.6835e-01 1.3888e+03 8.5106e+02
4.7245e-01 1.3764e+03 8.4109e+02
4.7654e-01 1.3724e+03 8.4090e+02
4.8063e-01 1.3566e+03 8.3057e+02
4.8472e-01 1.3554e+03 8.2286e+02
4.8879e-01 1.3310e+03 8.0696e+02
4.9289e-01 1.3316e+03 8.0683e+02
4.9698e-01 1.3185e+03 7.9750e+02
5.0107e-01 1.3090e+03 7.8667e+02
5.0517e-01 1.3080e+03 7.8583e+02
5.0927e-01 1.2957e+03 7.7547e+02
5.1337e-01 1.2807e+03 7.6590e+02
5.1744e-01 1.2783e+03 7.6356e+02
5.2152e-01 1.2737e+03 7.5648e+02
5.2561e-01 1.2624e+03 7.4884e+02
5.2971e-01 1.2521e+03 7.4251e+02
5.3380e-01 1.2410e+03 7.3451e+02
5.3789e-01 1.2371e+03 7.2926e+02
5.4199e-01 1.2307e+03 7.2367e+02
5.4609e-01 1.2190e+03 7.1707e+02
5.5017e-01 1.2172e+03 7.1280e+02
5.5425e-01 1.2115e+03 7.0665e+02
5.5835e-01 1.1999e+03 7.0072e+02
5.6244e-01 1.1939e+03 6.9240e+02
5.6653e-01 1.1895e+03 6.9057e+02
5.7062e-01 1.1743e+03 6.7995e+02
5.7471e-01 1.1812e+03 6.8206e+02
5.7880e-01 1.1718e+03 6.7638e+02
5.8288e-01 1.1649e+03 6.7019e+02
5.8698e-01 1.1527e+03 6.6019e+02
5.9107e-01 1.1576e+03 6.6384e+02
5.9517e-01 1.1444e+03 6.5363e+02
5.9926e-01 1.1423e+03 6.5132e+02
6.0335e-01 1.1330e+03 6.4308e+02
6.0745e-01 1.1335e+03 6.4378e+02
6.1154e-01 1.1273e+03 6.3905e+02
6.1562e-01 1.1189e+03 6.3407e+02
6.1970e-01 1.1169e+03 6.3055e+02
6.2379e-01 1.1079e+03 6.2543e+02
6.2789e-01 1.1037e+03 6.2112e+02
6.3199e-01 1.1018e+03 6.1506e+02
6.3607e-01 1.0917e+03 6.1082e+02
6.4016e-01 1.0920e+03 6.0848e+02
6.4424e-01 1.0837e+03 6.0269e+02
6.4834e-01 1.0787e+03 5.9928e+02
6.5243e-01 1.0746e+03 5.9646e+02
6.5651e-01 1.0727e+03 5.9307e+02
6.6061e-01 1.0684e+03 5.8999e+02
6.6471e-01 1.0614e+03 5.8454e+02
6.6880e-01 1.0565e+03 5.8273e+02
6.7289e-01 1.0531e+03 5.7755e+02
6.7698e-01 1.0527e+03 5.7614e+02
6.8107e-01 1.0419e+03 5.6964e+02
6.8516e-01 1.0405e+03 5.6706e+02
6.8925e-01 1.0338e+03 5.6278e+02
6.9334e-01 1.0323e+03 5.6192e+02
6.9743e-01 1.0254e+03 5.5488e+02
7.0153e-01 1.0175e+03 5.4986e+02
7.0562e-01 1.0210e+03 5.5131e+02
7.0971e-01 1.0202e+03 5.4922e+02
7.1380e-01 1.0065e+03 5.4252e+02
7.1789e-01 1.0092e+03 5.4153e+02
7.2198e-01 1.0075e+03 5.3856e+02
7.2606e-01 1.0001e+03 5.3496e+02
7.3015e-01 9.9839e+02 5.3206e+02
7.3424e-01 9.9229e+02 5.2810e+02
7.3834e-01 9.9723e+02 5.2818e+02
7.4243e-01 9.8688e+02 5.2203e+02
7.4651e-01 9.8313e+02 5.1880e+02
7.5061e-01 9.7980e+02 5.1608e+02
7.5471e-01 9.7854e+02 5.1512e+02
7.5879e-01 9.7587e+02 5.1280e+02
7.6289e-01 9.6931e+02 5.0909e+02
7.6699e-01 9.6785e+02 5.0676e+02
7.7107e-01 9.6538e+02 5.0447e+02
7.7515e-01 9.6557e+02 5.0343e+02
7.7924e-01 9.5953e+02 4.9935e+02
7.8334e-01 9.5690e+02 4.9688e+02
7.8743e-01 9.5034e+02 4.9215e+02
7.9151e-01 9.4687e+02 4.9078e+02
7.9561e-01 9.4757e+02 4.8974e+02
7.9970e-01 9.4144e+02 4.8550e+02
8.0380e-01 9.4319e+02 4.8470e+02
8.0788e-01 9.4160e+02 4.8270e+02
8.1196e-01 9.3877e+02 4.8210e+02
8.1606e-01 9.3458e+02 4.7725e+02
8.2015e-01 9.3052e+02 4.7386e+02
8.2424e-01 9.2765e+02 4.7216e+02
8.2833e-01 9.2556e+02 4.7158e+02
8.3243e-01 9.2264e+02 4.6758e+02
8.3652e-01 9.1789e+02 4.6372e+02
8.4061e-01 9.1707e+02 4.6341e+02
8.4470e-01 9.1294e+02 4.5944e+02
8.4879e-01 9.0973e+02 4.5743e+02
8.5288e-01 9.1234e+02 4.5755e+02
8.5697e-01 9.0609e+02 4.5382e+02
8.6106e-01 9.0685e+02 4.5356e+02
8.6515e-01 9.0311e+02 4.5003e+02
8.6923e-01 8.9817e+02 4.4747e+02
8.7333e-01 8.9742e+02 4.4704e+02
8.7743e-01 8.9879e+02 4.4616e+02
8.8151e-01 8.9478e+02 4.4264e+02
8.8560e-01 8.8991e+02 4.4017e+02
8.8969e-01 8.8835e+02 4.3822e+02
8.9378e-01 8.8523e+02 4.3592e+02
8.9788e-01 8.8674e+02 4.3592e+02
9.0196e-01 8.8276e+02 4.3251e+02
9.0605e-01 8.7851e+02 4.3025e+02
9.1015e-01 8.8054e+02 4.3024e+02
9.1424e-01 8.7476e+02 4.2635e+02
9.1833e-01 8.7446e+02 4.2566e+02
9.2242e-01 8.7276e+02 4.2409e+02
9.2651e-01 8.6977e+02 4.2150e+02
9.3060e-01 8.6484e+02 4.1901e+02
9.3469e-01 8.6436e+02 4.1803e+02
9.3879e-01 8.6222e+02 4.1646e+02
9.4287e-01 8.5991e+02 4.1407e+02
9.4696e-01 8.5707e+02 4.1175e+02
9.5105e-01 8.5779e+02 4.1114e+02
9.5515e-01 8.5605e+02 4.0929e+02
9.5924e-01 8.5412e+02 4.0764e+02
9.6333e-01 8.5158e+02 4.0567e+02
9.6742e-01 8.4791e+02 4.0317e+02
9.7151e-01 8.4546e+02 4.0085e+02
9.7559e-01 8.4407e+02 3.9996e+02
9.7968e-01 8.4371e+02 3.9929e+02
9.8377e-01 8.4235e+02 3.9806e+02
9.8787e-01 8.4111e+02 3.9586e+02
9.9196e-01 8.3775e+02 3.9377e+02
9.9605e-01 8.3720e+02 3.9302e+02
1.0002e+00 8.3574e+02 3.9105e+02
1.0042e+00 8.3505e+02 3.9076e+02
1.0083e+00 8.3058e+02 3.8735e+02
1.0124e+00 8.2963e+02 3.8580e+02
1.0165e+00 8.2724e+02 3.8370e+02
1.0206e+00 8.2507e+02 3.8211e+02
1.0247e+00 8.2634e+02 3.8198e+02
1.0288e+00 8.2228e+02 3.7912e+02
1.0329e+00 8.2248e+02 3.7881e+02
1.0370e+00 8.1624e+02 3.7509e+02
1.0410e+00 8.1676e+02 3.7557e+02
1.0451e+00 8.1418e+02 3.7251e+02
1.0492e+00 8.1330e+02 3.7143e+02
1.0533e+00 8.1150e+02 3.7067e+02
1.0574e+00 8.0776e+02 3.6813e+02
1.0615e+00 8.0649e+02 3.6710e+02
1.0656e+00 8.0685e+02 3.6629e+02
1.0697e+00 8.0487e+02 3.6520e+02
1.0738e+00 8.0329e+02 3.6398e+02
1.0779e+00 8.0060e+02 3.6080e+02
1.0820e+00 7.9897e+02 3.6064e+02
1.0860e+00 7.9960e+02 3.5943e+02
1.0901e+00 7.9712e+02 3.5797e+02
1.0942e+00 7.9378e+02 3.5496e+02
1.0983e+00 7.9515e+02 3.5536e+02
1.1024e+00 7.9185e+02 3.5382e+02
1.1065e+00 7.8989e+02 3.5134e+02
1.1106e+00 7.8707e+02 3.5022e+02
1.1147e+00 7.8898e+02 3.4980e+02
1.1188e+00 7.8643e+02 3.4811e+02
1.1229e+00 7.8723e+02 3.4782e+02
1.1270e+00 7.8280e+02 3.4494e+02
1.1310e+00 7.8329e+02 3.4478e+02
1.1351e+00 7.7986e+02 3.4259e+02
1.1392e+00 7.7790e+02 3.4126e+02
1.1433e+00 7.7795e+02 3.4093e+02
1.1474e+00 7.7273e+02 3.3808e+02
1.1515e+00 7.7404e+02 3.3735e+02
1.1556e+00 7.7364e+02 3.3636e+02
1.1597e+00 7.7106e+02 3.3507e+02
1.1638e+00 7.6999e+02 3.3366e+02
1.1679e+00 7.6667e+02 3.3163e+02
1.1719e+00 7.6661e+02 3.3100e+02
1.1760e+00 7.6651e+02 3.3057e+02
1.1801e+00 7.6313e+02 3.2867e+02
1.1842e+00 7.6111e+02 3.2724e+02
1.1883e+00 7.5948e+02 3.2541e+02
1.1924e+00 7.6108e+02 3.2562e+02
1.1965e+00 7.5592e+02 3.2320e+02
1.2006e+00 7.5689e+02 3.2273e+02
1.2047e+00 7.5436e+02 3.2114e+02
1.2088e+00 7.5389e+02 3.2004e+02
1.2129e+00 7.5228e+02 3.1866e+02
1.2169e+00 7.5005e+02 3.1697e+02
1.2210e+00 7.4945e+02 3.1582e+02
1.2251e+00 7.4819e+02 3.1531e+02
1.2292e+00 7.4652e+02 3.1409e+02
1.2333e+00 7.4646e+02 3.1295e+02
1.2374e+00 7.4434e+02 3.1245e+02
1.2415e+00 7.4140e+02 3.1047e+02
1.2456e+00 7.4212e+02 3.0950e+02
1.2497e+00 7.3766e+02 3.0732e+02
1.2538e+00 7.3788e+02 3.0643e+02
1.2579e+00 7.3643e+02 3.0578e+02
1.2619e+00 7.3540e+02 3.0455e+02
1.2660e+00 7.3379e+02 3.0350e+02
1.2701e+00 7.3505e+02 3.0334e+02
1.2742e+00 7.3217e+02 3.0169e+02
1.2783e+00 7.3138e+02 3.0109e+02
1.2824e+00 7.2896e+02 2.9967e+02
1.2865e+00 7.2781e+02 2.9846e+02
1.2906e+00 7.2763e+02 2.9776e+02
1.2947e+00 7.2572e+02 2.9623e+02
1.2988e+00 7.2353e+02 2.9456e+02
1.3029e+00 7.2432e+02 2.9522e+02
1.3069e+00 7.2173e+02 2.9271e+02
1.3110e+00 7.2061e+02 2.9189e+02
1.3151e+00 7.2024e+02 2.9104e+02
1.3192e+00 7.1889e+02 2.9007e+02
1.3233e+00 7.1575e+02 2.8818e+02
1.3274e+00 7.1607e+02 2.8794e+02
1.3315e+00 7.1569e+02 2.8681e+02
1.3356e+00 7.1305e+02 2.8556e+02
1.3397e+00 7.1141e+02 2.8378e+02
1.3438e+00 7.1158e+02 2.8395e+02
1.3479e+00 7.0961e+02 2.8265e+02
1.3519e+00 7.0767e+02 2.8097e+02
1.3560e+00 7.0626e+02 2.8060e+02
1.3601e+00 7.0638e+02 2.7929e+02
1.3642e+00 7.0517e+02 2.7934e+02
1.3683e+00 7.0456e+02 2.7785e+02
1.3724e+00 7.0168e+02 2.7623e+02
1.3765e+00 7.0140e+02 2.7558e+02
1.3806e+00 7.0129e+02 2.7473e+02
1.3847e+00 6.9955e+02 2.7412e+02
1.3888e+00 6.9849e+02 2.7323e+02
1.3928e+00 6.9628e+02 2.7170e+02
1.3969e+00 6.9544e+02 2.7043e+02
1.4010e+00 6.9461e+02 2.7001e+02
1.4051e+00 6.9245e+02 2.6875e+02
1.4092e+00 6.9354e+02 2.6860e+02
1.4133e+00 6.9079e+02 2.6716e+02
1.4174e+00 6.9004e+02 2.6635e+02
1.4215e+00 6.8706e+02 2.6444e+02
1.4256e+00 6.8736e+02 2.6363e+02
1.4297e+00 6.8542e+02 2.6302e+02
1.4338e+00 6.8393e+02 2.6149e+02
1.4378e+00 6.8409e+02 2.6103e+02
1.4419e+00 6.8234e+02 2.5968e+02
1.4460e+00 6.8038e+02 2.5911e+02
1.4501e+00 6.7990e+02 2.5797e+02
1.4542e+00 6.7839e+02 2.5730e+02
1.4583e+00 6.7827e+02 2.5664e+02
1.4624e+00 6.7614e+02 2.5496e+02
1.4665e+00 6.7475e+02 2.5410e+02
1.4706e+00 6.7457e+02 2.5378e+02
1.4747e+00 6.7339e+02 2.5261e+02
1.4787e+00 6.7186e+02 2.5145e+02
1.4828e+00 6.7047e+02 2.5068e+02
1.4869e+00 6.6962e+02 2.4971e+02
1.4910e+00 6.6733e+02 2.4858e+02
1.4951e+00 6.6616e+02 2.4796e+02
1.4992e+00 6.6729e+02 2.4761e+02
1.5033e+00 6.6442e+02 2.4642e+02
1.5074e+00 6.6298e+02 2.4535e+02
1.5115e+00 6.6190e+02 2.4441e+02
1.5156e+00 6.6080e+02 2.4297e+02
1.5197e+00 6.5876e+02 2.4193e+02
1.5237e+00 6.5996e+02 2.4226e+02
1.5278e+00 6.5833e+02 2.4157e+02
1.5319e+00 6.5625e+02 2.4002e+02
1.5360e+00 6.5650e+02 2.3922e+02
1.5401e+00 6.5444e+02 2.3834e+02
1.5442e+00 6.5308e+02 2.3729e+02
1.5483e+00 6.5282e+02 2.3693e+02
1.5524e+00 6.5218e+02 2.3634e+02
1.5565e+00 6.5023e+02 2.3501e+02
1.5606e+00 6.4906e+02 2.3405e+02
1.5646e+00 6.4804e+02 2.3331e+02
1.5687e+00 6.4725e+02 2.3268e+02
1.5728e+00 6.4549e+02 2.3200e+02
1.5769e+00 6.4517e+02 2.3087e+02
1.5810e+00 6.4363e+02 2.3052e+02
1.5851e+00 6.4179e+02 2.2905e+02
1.5892e+00 6.4278e+02 2.2878e+02
1.5933e+00 6.4015e+02 2.2730e+02
1.5974e+00 6.3940e+02 2.2673e+02
1.6015e+00 6.3838e+02 2.2609e+02
1.6056e+00 6.3769e+02 2.2558e+02
1.6096e+00 6.3632e+02 2.2465e+02
1.6137e+00 6.3607e+02 2.2429e+02
1.6178e+00 6.3332e+02 2.2289e+02
1.6219e+00 6.3229e+02 2.2149e+02
1.6260e+00 6.2957e+02 2.2055e+02
1.6301e+00 6.3081e+02 2.2070e+02
1.6342e+00 6.3106e+02 2.2041e+02
1.6383e+00 6.2864e+02 2.1888e+02
1.6424e+00 6.2771e+02 2.1815e+02
1.6465e+00 6.2593e+02 2.1706e+02
1.6506e+00 6.2536e+02 2.1665e+02
1.6546e+00 6.2384e+02 2.1568e+02
1.6587e+00 6.2363e+02 2.1534e+02
1.6628e+00 6.2166e+02 2.1386e+02
1.6669e+00 6.2030e+02 2.1310e+02
1.6710e+00 6.2036e+02 2.1326e+02
1.6751e+00 6.1901e+02 2.1228e+02
1.6792e+00 6.1817e+02 2.1123e+02
1.6833e+00 6.1579e+02 2.0997e+02
1.6874e+00 6.1616e+02 2.0966e+02
1.6915e+00 6.1405e+02 2.0870e+02
1.6955e+00 6.1404e+02 2.0841e+02
1.6996e+00 6.1205e+02 2.0717e+02
1.7037e+00 6.1098e+02 2.0650e+02
1.7078e+00 6.1047e+02 2.0594e+02
1.7119e+00 6.0906e+02 2.0528e+02
1.7160e+00 6.0809e+02 2.0452e+02
1.7201e+00 6.0627e+02 2.0358e+02
1.7242e+00 6.0639e+02 2.0299e+02
1.7283e+00 6.0502e+02 2.0226e+02
1.7324e+00 6.0392e+02 2.0158e+02
1.7365e+00 6.0216e+02 2.0043e+02
1.7405e+00 6.0186e+02 2.0022e+02
1.7446e+00 6.0027e+02 1.9915e+02
1.7487e+00 5.9966e+02 1.9858e+02
1.7528e+00 5.9857e+02 1.9782e+02
1.7569e+00 5.9697e+02 1.9724e+02
1.7610e+00 5.9722e+02 1.9678e+02
1.7651e+00 5.9536e+02 1.9601e+02
1.7692e+00 5.9519e+02 1.9542e+02
1.7733e+00 5.9311e+02 1.9433e+02
1.7774e+00 5.9228e+02 1.9375e+02
1.7815e+00 5.9140e+02 1.9294e+02
1.7855e+00 5.9135e+02 1.9234e+02
1.7896e+00 5.8897e+02 1.9148e+02
1.7937e+00 5.8854e+02 1.9081e+02
1.7978e+00 5.8769e+02 1.9026e+02
1.8019e+00 5.8663e+02 1.8984e+02
1.8060e+00 5.8493e+02 1.8906e+02
1.8101e+00 5.8336e+02 1.8809e+02
1.8142e+00 5.8342e+02 1.8771e+02
1.8183e+00 5.8172e+02 1.8673e+02
1.8224e+00 5.8080e+02 1.8608e+02
1.8265e+00 5.8001e+02 1.8541e+02
1.8305e+00 5.7929e+02 1.8484e+02
1.8346e+00 5.7797e+02 1.8442e+02
1.8387e+00 5.7667e+02 1.8342e+02
1.8428e+00 5.7588e+02 1.8295e+02
1.8469e+00 5.7492e+02 1.8212e+02
1.8510e+00 5.7521e+02 1.8208e+02
1.8551e+00 5.7278e+02 1.8081e+02
1.8592e+00 5.7170e+02 1.8011e+02
1.8633e+00 5.7057e+02 1.7952e+02
1.8674e+00 5.6937e+02 1.7876e+02
1.8715e+00 5.6888e+02 1.7831e+02
1.8755e+00 5.6839e+02 1.7797e+02
1.8796e+00 5.6686e+02 1.7702e+02
1.8837e+00 5.6506e+02 1.7614e+02
1.8878e+00 5.6435e+02 1.7543e+02
1.8919e+00 5.6270e+02 1.7473e+02
1.8960e+00 5.6283e+02 1.7449e+02
1.9001e+00 5.6110e+02 1.7374e+02
1.9042e+00 5.6100e+02 1.7333e+02
1.9083e+00 5.5985e+02 1.7295e+02
1.9124e+00 5.5831e+02 1.7188e+02
1.9164e+00 5.5808e+02 1.7133e+02
1.9205e+00 5.5673e+02 1.7091e+02
1.9246e+00 5.5577e+02 1.7005e+02
1.9287e+00 5.5501e+02 1.6963e+02
1.9328e+00 5.5376e+02 1.6893e+02
1.9369e+00 5.5225e+02 1.6824e+02
1.9410e+00 5.5099e+02 1.6742e+02
1.9451e+00 5.5038e+02 1.6697e+02
1.9492e+00 5.4871e+02 1.6611e+02
1.9533e+00 5.4873e+02 1.6584e+02
1.9573e+00 5.4741e+02 1.6507e+02
1.9614e+00 5.4634e+02 1.6449e+02
1.9655e+00 5.4565e+02 1.6399e+02
1.9696e+00 5.4484e+02 1.6349e+02
1.9737e+00 5.4377e+02 1.6285e+02
1.9778e+00 5.4250e+02 1.6239e+02
1.9819e+00 5.4139e+02 1.6141e+02
1.9860e+00 5.3982e+02 1.6070e+02
1.9901e+00 5.3972e+02 1.6046e+02
1.9942e+00 5.3847e+02 1.5997e+02
1.9983e+00 5.3714e+02 1.5919e+02
2.0024e+00 5.3668e+02 1.5872e+02
2.0064e+00 5.3700e+02 1.5851e+02
2.0105e+00 5.3481e+02 1.5747e+02
2.0146e+00 5.3387e+02 1.5697e+02
2.0187e+00 5.3172e+02 1.5621e+02
2.0228e+00 5.3168e+02 1.5597e+02
2.0269e+00 5.3048e+02 1.5509e+02
2.0310e+00 5.2925e+02 1.5452e+02
2.0351e+00 5.2888e+02 1.5428e+02
2.0392e+00 5.2766e+02 1.5349e+02
2.0433e+00 5.2582e+02 1.5269e+02
2.0473e+00 5.2558e+02 1.5240e+02
2.0514e+00 5.2465e+02 1.5178e+02
2.0555e+00 5.2318e+02 1.5123e+02
2.0596e+00 5.2305e+02 1.5087e+02
2.0637e+00 5.2107e+02 1.4997e+02
2.0678e+00 5.2105e+02 1.4977e+02
2.0719e+00 5.1969e+02 1.4919e+02
2.0760e+00 5.1850e+02 1.4835e+02
2.0801e+00 5.1726e+02 1.4776e+02
2.0842e+00 5.1631e+02 1.4734e+02
2.0883e+00 5.1553e+02 1.4667e+02
2.0923e+00 5.1450e+02 1.4626e+02
2.0964e+00 5.1363e+02 1.4580e+02
2.1005e+00 5.1312e+02 1.4529e+02
2.1046e+00 5.1165e+02 1.4451e+02
2.1087e+00 5.1039e+02 1.4390e+02
2.1128e+00 5.0962e+02 1.4352e+02
2.1169e+00 5.0890e+02 1.4306e+02
2.1210e+00 5.0739e+02 1.4228e+02
2.1251e+00 5.0706e+02 1.4201e+02
2.1292e+00 5.0590e+02 1.4146e+02
2.1332e+00 5.0539e+02 1.4112e+02
2.1373e+00 5.0385e+02 1.4026e+02
2.1414e+00 5.0317e+02 1.3997e+02
2.1455e+00 5.0229e+02 1.3946e+02
2.1496e+00 5.0170e+02 1.3905e+02
2.1537e+00 5.0004e+02 1.3845e+02
2.1578e+00 4.9936e+02 1.3783e+02
2.1619e+00 4.9819e+02 1.3727e+02
2.1660e+00 4.9684e+02 1.3661e+02
2.1701e+00 4.9656e+02 1.3645e+02
2.1742e+00 4.9506e+02 1.3577e+02
2.1782e+00 4.9429e+02 1.3533e+02
2.1823e+00 4.9346e+02 1.3483e+02
2.1864e+00 4.9233e+02 1.3425e+02
2.1905e+00 4.9120e+02 1.3375e+02
2.1946e+00 4.8988e+02 1.3310e+02
2.1987e+00 4.8908e+02 1.3259e+02
2.2028e+00 4.8806e+02 1.3209e+02
2.2069e+00 4.8725e+02 1.3178e+02
2.2110e+00 4.8630e+02 1.3128e+02
2.2151e+00 4.8554e+02 1.3068e+02
2.2191e+00 4.8465e+02 1.3017e+02
2.2232e+00 4.8368e+02 1.2986e+02
2.2273e+00 4.8252e+02 1.2920e+02
2.2314e+00 4.8224e+02 1.2900e+02
2.2355e+00 4.8122e+02 1.2843e+02
2.2396e+00 4.8048e+02 1.2791e+02
2.2437e+00 4.7937e+02 1.2755e+02
2.2478e+00 4.7852e+02 1.2703e+02
2.2519e+00 4.7697e+02 1.2644e+02
2.2560e+00 4.7672e+02 1.2615e+02
2.2601e+00 4.7527e+02 1.2544e+02
2.2642e+00 4.7399e+02 1.2497e+02
2.2682e+00 4.7346e+02 1.2454e+02
2.2723e+00 4.7251e+02 1.2419e+02
2.2764e+00 4.7127e+02 1.2354e+02
2.2805e+00 4.7064e+02 1.2313e+02
2.2846e+00 4.6939e+02 1.2251e+02
2.2887e+00 4.6856e+02 1.2220e+02
2.2928e+00 4.6806e+02 1.2195e+02
2.2969e+00 4.6655e+02 1.2116e+02
2.3010e+00 4.6621e+02 1.2092e+02
2.3051e+00 4.6454e+02 1.2030e+02
2.3091e+00 4.6390e+02 1.1978e+02
2.3132e+00 4.6317e+02 1.1946e+02
2.3173e+00 4.6178e+02 1.1897e+02
2.3214e+00 4.6123e+02 1.1856e+02
2.3255e+00 4.6042e+02 1.1814e+02
2.3296e+00 4.5949e+02 1.1771e+02
2.3337e+00 4.5878e+02 1.1731e+02
2.3378e+00 4.5717e+02 1.1669e+02
2.3419e+00 4.5642e+02 1.1618e+02
2.3460e+00 4.5538e+02 1.1581e+02
2.3500e+00 4.5508e+02 1.1543e+02
2.3541e+00 4.5371e+02 1.1495e+02
2.3582e+00 4.5229e+02 1.1444e+02
2.3623e+00 4.5178e+02 1.1408e+02
2.3664e+00 4.5073e+02 1.1366e+02
2.3705e+00 4.4993e+02 1.1330e+02
2.3746e+00 4.4845e+02 1.1265e+02
2.3787e+00 4.4814e+02 1.1242e+02
2.3828e+00 4.4762e+02 1.1188e+02
2.3869e+00 4.4639e+02 1.1151e+02
2.3910e+00 4.4543e+02 1.1110e+02
2.3951e+00 4.4478e+02 1.1074e+02
2.3991e+00 4.4323e+02 1.1015e+02
2.4032e+00 4.4291e+02 1.0983e+02
2.4073e+00 4.4201e+02 1.0944e+02
2.4114e+00 4.4051e+02 1.0896e+02
2.4155e+00 4.3979e+02 1.0853e+02
2.4196e+00 4.3908e+02 1.0810e+02
2.4237e+00 4.3832e+02 1.0790e+02
2.4278e+00 4.3681e+02 1.0723e+02
2.4319e+00 4.3627e+02 1.0695e+02
2.4360e+00 4.3562e+02 1.0658e+02
2.4400e+00 4.3467e+02 1.0610e+02
2.4441e+00 4.3322e+02 1.0549e+02
2.4482e+00 4.3307e+02 1.0538e+02
2.4523e+00 4.3156e+02 1.0477e+02
2.4564e+00 4.3053e+02 1.0443e+02
2.4605e+00 4.2979e+02 1.0406e+02
2.4646e+00 4.2893e+02 1.0357e+02
2.4687e+00 4.2846e+02 1.0339e+02
2.4728e+00 4.2740e+02 1.0290e+02
2.4769e+00 4.2646e+02 1.0250e+02
2.4810e+00 4.2557e+02 1.0204e+02
2.4850e+00 4.2472e+02 1.0173e+02
2.4891e+00 4.2364e+02 1.0127e+02
2.4932e+00 4.2325e+02 1.0102e+02
2.4973e+00 4.2211e+02 1.0046e+02
2.5014e+00 4.2116e+02 1.0018e+02
2.5055e+00 4.1989e+02 9.9672e+01
2.5096e+00 4.1903e+02 9.9272e+01
2.5137e+00 4.1838e+02 9.8987e+01
2.5178e+00 4.1738e+02 9.8555e+01
2.5219e+00 4.1635e+02 9.8092e+01
2.5259e+00 4.1512e+02 9.7611e+01
2.5300e+00 4.1472e+02 9.7393e+01
2.5341e+00 4.1397e+02 9.7069e+01
2.5382e+00 4.1301e+02 9.6610e+01
2.5423e+00 4.1178e+02 9.6222e+01
2.5464e+00 4.1111e+02 9.5858e+01
2.5505e+00 4.1001e+02 9.5461e+01
2.5546e+00 4.0930e+02 9.5098e+01
2.5587e+00 4.0903e+02 9.4867e+01
2.5628e+00 4.0790e+02 9.4433e+01
2.5669e+00 4.0701e+02 9.4153e+01
2.5709e+00 4.0559e+02 9.3552e+01
2.5750e+00 4.0512e+02 9.3343e+01
2.5791e+00 4.0390e+02 9.2925e+01
2.5832e+00 4.0285e+02 9.2475e+01
2.5873e+00 4.0235e+02 9.2187e+01
2.5914e+00 4.0143e+02 9.1815e+01
2.5955e+00 4.0070e+02 9.1486e+01
2.5996e+00 3.9977e+02 9.1074e+01
2.6037e+00 3.9898e+02 9.0723e+01
2.6078e+00 3.9758e+02 9.0216e+01
2.6119e+00 3.9710e+02 9.0050e+01
2.6159e+00 3.9639e+02 8.9737e+01
2.6200e+00 3.9598e+02 8.9461e+01
2.6241e+00 3.9430e+02 8.8968e+01
2.6282e+00 3.9385e+02 8.8722e+01
2.6323e+00 3.9276e+02 8.8233e+01
2.6364e+00 3.9204e+02 8.7935e+01
2.6405e+00 3.9114e+02 8.7582e+01
2.6446e+00 3.9060e+02 8.7333e+01
2.6487e+00 3.8941e+02 8.6942e+01
2.6528e+00 3.8893e+02 8.6771e+01
2.6568e+00 3.8793e+02 8.6336e+01
2.6609e+00 3.8716e+02 8.5981e+01
2.6650e+00 3.8568e+02 8.5451e+01
2.6691e+00 3.8523e+02 8.5241e+01
2.6732e+00 3.8469e+02 8.4940e+01
2.6773e+00 3.8338e+02 8.4487e+01
2.6814e+00 3.8281e+02 8.4263e+01
2.6855e+00 3.8195e+02 8.3844e+01
2.6896e+00 3.8083e+02 8.3593e+01
2.6937e+00 3.8048e+02 8.3339e+01
2.6978e+00 3.7949e+02 8.2998e+01
2.7018e+00 3.7863e+02 8.2633e+01
2.7059e+00 3.7735e+02 8.2191e+01
2.7100e+00 3.7690e+02 8.1935e+01
2.7141e+00 3.7606e+02 8.1637e+01
2.7182e+00 3.7514e+02 8.1305e+01
2.7223e+00 3.7418e+02 8.0965e+01
2.7264e+00 3.7348e+02 8.0563e+01
2.7305e+00 3.7248e+02 8.0329e+01
2.7346e+00 3.7170e+02 7.9977e+01
2.7387e+00 3.7078e+02 7.9672e+01
2.7427e+00 3.7054e+02 7.9455e+01
2.7468e+00 3.6946e+02 7.9101e+01
2.7509e+00 3.6884e+02 7.8811e+01
2.7550e+00 3.6782e+02 7.8427e+01
2.7591e+00 3.6748e+02 7.8298e+01
2.7632e+00 3.6609e+02 7.7807e+01
2.7673e+00 3.6521e+02 7.7471e+01
2.7714e+00 3.6489e+02 7.7331e+01
2.7755e+00 3.6432e+02 7.7059e+01
2.7796e+00 3.6328e+02 7.6649e+01
2.7837e+00 3.6210e+02 7.6174e+01
2.7877e+00 3.6085e+02 7.5926e+01
2.7918e+00 3.6053e+02 7.5666e+01
2.7959e+00 3.5952e+02 7.5356e+01
2.8000e+00 3.5901e+02 7.5170e+01
2.8041e+00 3.5781e+02 7.4803e+01
2.8082e+00 3.5717e+02 7.4445e+01
2.8123e+00 3.5639e+02 7.4121e+01
2.8164e+00 3.5544e+02 7.3801e+01
2.8205e+00 3.5486e+02 7.3577e+01
2.8246e+00 3.5422e+02 7.3343e+01
2.8287e+00 3.5327e+02 7.3035e+01
2.8327e+00 3.5219e+02 7.2666e+01
2.8368e+00 3.5154e+02 7.2479e+01
2.8409e+00 3.5092e+02 7.2178e+01
2.8450e+00 3.4990e+02 7.1782e+01
2.8491e+00 3.4947e+02 7.1627e+01
2.8532e+00 3.4848e+02 7.1310e+01
2.8573e+00 3.4739e+02 7.0918e+01
2.8614e+00 3.4674e+02 7.0723e+01
2.8655e+00 3.4615e+02 7.0415e+01
2.8696e+00 3.4516e+02 7.0093e+01
2.8736e+00 3.4438e+02 6.9750e+01
2.8777e+00 3.4387e+02 6.9603e+01
2.8818e+00 3.4273e+02 6.9284e+01
2.8859e+00 3.4195e+02 6.8958e+01
2.8900e+00 3.4124e+02 6.8624e+01
2.8941e+00 3.4101e+02 6.8524e+01
2.8982e+00 3.3983e+02 6.8215e+01
2.9023e+00 3.3903e+02 6.7961e+01
2.9064e+00 3.3804e+02 6.7616e+01
2.9105e+00 3.3740e+02 6.7329e+01
2.9146e+00 3.3689e+02 6.7103e+01
2.9187e+00 3.3609e+02 6.6814e+01
2.9227e+00 3.3491e+02 6.6508e+01
2.9268e+00 3.3441e+02 6.6296e+01
2.9309e+00 3.3351e+02 6.5919e+01
2.9350e+00 3.3296e+02 6.5746e+01
2.9391e+00 3.3182e+02 6.5406e+01
2.9432e+00 3.3082e+02 6.5055e+01
2.9473e+00 3.3087e+02 6.4980e+01
2.9514e+00 3.2983e+02 6.4677e+01
2.9555e+00 3.2900e+02 6.4368e+01
2.9596e+00 3.2823e+02 6.4120e+01
2.9636e+00 3.2749e+02 6.3878e+01
2.9677e+00 3.2649e+02 6.3589e+01
2.9718e+00 3.2581e+02 6.3334e+01
2.9759e+00 3.2540e+02 6.3147e+01
2.9800e+00 3.2438e+02 6.2846e+01
2.9841e+00 3.2408e+02 6.2670e+01
2.9882e+00 3.2280e+02 6.2299e+01
2.9923e+00 3.2251e+02 6.2134e+01
2.9964e+00 3.2139e+02 6.1793e+01
3.0005e+00 3.2046e+02 6.1459e+01
3.0046e+00 3.1994e+02 6.1345e+01
3.0086e+00 3.1916e+02 6.1045e+01
3.0127e+00 3.1821e+02 6.0791e+01
3.0168e+00 3.1767e+02 6.0543e+01
3.0209e+00 3.1715e+02 6.0349e+01
3.0250e+00 3.1620e+02 6.0097e+01
3.0291e+00 3.1561e+02 5.9900e+01
3.0332e+00 3.1450e+02 5.9582e+01
3.0373e+00 3.1409e+02 5.9371e+01
3.0414e+00 3.1318e+02 5.9065e+01
3.0455e+00 3.1214e+02 5.8826e+01
3.0495e+00 3.1165e+02 5.8599e+01
3.0536e+00 3.1148e+02 5.8530e+01
3.0577e+00 3.1052e+02 5.8133e+01
3.0618e+00 3.0989e+02 5.7950e+01
3.0659e+00 3.0883e+02 5.7641e+01
3.0700e+00 3.0814e+02 5.7476e+01
3.0741e+00 3.0729e+02 5.7227e+01
3.0782e+00 3.0683e+02 5.6972e+01
3.0823e+00 3.0609e+02 5.6729e+01
3.0864e+00 3.0554e+02 5.6526e+01
3.0905e+00 3.0475e+02 5.6329e+01
3.0945e+00 3.0414e+02 5.6069e+01
3.0986e+00 3.0318e+02 5.5860e+01
3.1027e+00 3.0254e+02 5.5633e+01
3.1068e+00 3.0129e+02 5.5299e+01
3.1109e+00 3.0095e+02 5.5160e+01
3.1150e+00 3.0044e+02 5.4933e+01
3.1191e+00 2.9955e+02 5.4734e+01
3.1232e+00 2.9889e+02 5.4497e+01
3.1273e+00 2.9820e+02 5.4291e+01
3.1314e+00 2.9729e+02 5.3960e+01
3.1355e+00 2.9675e+02 5.3799e+01
3.1395e+00 2.9611e+02 5.3575e+01
3.1436e+00 2.9511e+02 5.3324e+01
3.1477e+00 2.9449e+02 5.3096e+01
3.1518e+00 2.9417e+02 5.2978e+01
3.1559e+00 2.9345e+02 5.2755e+01
3.1600e+00 2.9257e+02 5.2480e+01
3.1641e+00 2.9202e+02 5.2292e+01
3.1682e+00 2.9137e+02 5.2086e+01
3.1723e+00 2.9075e+02 5.1882e+01
3.1764e+00 2.8984e+02 5.1624e+01
3.1804e+00 2.8928e+02 5.1470e+01
3.1845e+00 2.8882e+02 5.1266e+01
3.1886e+00 2.8813e+02 5.1082e+01
3.1927e+00 2.8750e+02 5.0846e+01
3.1968e+00 2.8641e+02 5.0565e+01
3.2009e+00 2.8599e+02 5.0409e+01
3.2050e+00 2.8486e+02 5.0118e+01
3.2091e+00 2.8458e+02 4.9979e+01
3.2132e+00 2.8390e+02 4.9823e+01
3.2173e+00 2.8308e+02 4.9571e+01
3.2214e+00 2.8227e+02 4.9282e+01
3.2254e+00 2.8194e+02 4.9162e+01
3.2295e+00 2.8101e+02 4.8929e+01
3.2336e+00 2.8038e+02 4.8721e+01
3.2377e+00 2.7972e+02 4.8559e+01
3.2418e+00 2.7926e+02 4.8337e+01
3.2459e+00 2.7838e+02 4.8144e+01
3.2500e+00 2.7763e+02 4.7956e+01
3.2541e+00 2.7707e+02 4.7718e+01
3.2582e+00 2.7633e+02 4.7548e+01
3.2623e+00 2.7585e+02 4.7340e+01
3.2663e+00 2.7518e+02 4.7154e+01
3.2704e+00 2.7470e+02 4.7037e+01
3.2745e+00 2.7388e+02 4.6764e+01
3.2786e+00 2.7331e+02 4.6563e+01
3.2827e+00 2.7296e+02 4.6453e+01
3.2868e+00 2.7202e+02 4.6219e+01
3.2909e+00 2.7129e+02 4.6008e+01
3.2950e+00 2.7074e+02 4.5864e+01
3.2991e+00 2.7007e+02 4.5657e+01
3.3032e+00 2.6925e+02 4.5420e+01
3.3073e+00 2.6868e+02 4.5260e+01
3.3113e+00 2.6838e+02 4.5127e+01
3.3154e+00 2.6737e+02 4.4835e+01
3.3195e+00 2.6690e+02 4.4732e+01
3.3236e+00 2.6624e+02 4.4510e+01
3.3277e+00 2.6549e+02 4.4342e+01
3.3318e+00 2.6502e+02 4.4172e+01
3.3359e+00 2.6443e+02 4.4004e+01
3.3400e+00 2.6375e+02 4.3807e+01
3.3441e+00 2.6301e+02 4.3584e+01
3.3482e+00 2.6213e+02 4.3379e+01
3.3523e+00 2.6180e+02 4.3260e+01
3.3563e+00 2.6118e+02 4.3051e+01
3.3604e+00 2.6058e+02 4.2933e+01
3.3645e+00 2.5997e+02 4.2744e+01
3.3686e+00 2.5930e+02 4.2533e+01
3.3727e+00 2.5843e+02 4.2334e+01
3.3768e+00 2.5797e+02 4.2183e+01
3.3809e+00 2.5735e+02 4.2026e+01
3.3850e+00 2.5676e+02 4.1865e+01
3.3891e+00 2.5635e+02 4.1711e+01
3.3932e+00 2.5563e+02 4.1492e+01
3.3973e+00 2.5492e+02 4.1350e+01
3.4013e+00 2.5425e+02 4.1149e+01
3.4054e+00 2.5356e+02 4.0919e+01
3.4095e+00 2.5307e+02 4.0816e+01
3.4136e+00 2.5269e+02 4.0688e+01
3.4177e+00 2.5206e+02 4.0501e+01
3.4218e+00 2.5123e+02 4.0286e+01
3.4259e+00 2.5062e+02 4.0168e+01
3.4300e+00 2.4994e+02 3.9958e+01
3.4341e+00 2.4979e+02 3.9849e+01
3.4382e+00 2.4864e+02 3.9606e+01
3.4422e+00 2.4849e+02 3.9511e+01
3.4463e+00 2.4775e+02 3.9300e+01
3.4504e+00 2.4736e+02 3.9234e+01
3.4545e+00 2.4664e+02 3.9020e+01
3.4586e+00 2.4617e+02 3.8863e+01
3.4627e+00 2.4564e+02 3.8732e+01
3.4668e+00 2.4498e+02 3.8533e+01
3.4709e+00 2.4454e+02 3.8413e+01
3.4750e+00 2.4388e+02 3.8273e+01
3.4791e+00 2.4330e+02 3.8114e+01
3.4832e+00 2.4251e+02 3.7908e+01
3.4872e+00 2.4200e+02 3.7739e+01
3.4913e+00 2.4143e+02 3.7615e+01
3.4954e+00 2.4071e+02 3.7432e+01
3.4995e+00 2.4026e+02 3.7264e+01
3.5036e+00 2.3987e+02 3.7162e+01
3.5077e+00 2.3914e+02 3.6987e+01
3.5118e+00 2.3870e+02 3.6875e+01
3.5159e+00 2.3800e+02 3.6669e+01
3.5200e+00 2.3746e+02 3.6540e+01
3.5241e+00 2.3706e+02 3.6397e+01
3.5281e+00 2.3637e+02 3.6256e+01
3.5322e+00 2.3596e+02 3.6114e+01
3.5363e+00 2.3546e+02 3.5998e+01
3.5404e+00 2.3467e+02 3.5803e+01
3.5445e+00 2.3431e+02 3.5687e+01
3.5486e+00 2.3341e+02 3.5468e+01
3.5527e+00 2.3306e+02 3.5352e+01
3.5568e+00 2.3247e+02 3.5210e+01
3.5609e+00 2.3197e+02 3.5059e+01
3.5650e+00 2.3120e+02 3.4890e+01
3.5691e+00 2.3097e+02 3.4807e+01
3.5732e+00 2.3034e+02 3.4695e+01
3.5772e+00 2.2970e+02 3.4472e+01
3.5813e+00 2.2928e+02 3.4396e+01
3.5854e+00 2.2864e+02 3.4235e+01
3.5895e+00 2.2830e+02 3.4105e+01
3.5936e+00 2.2753e+02 3.3938e+01
3.5977e+00 2.2693e+02 3.3805e+01
3.6018e+00 2.2658e+02 3.3682e+01
3.6059e+00 2.2613e+02 3.3558e+01
3.6100e+00 2.2575e+02 3.3449e+01
3.6141e+00 2.2497e+02 3.3281e+01
3.6181e+00 2.2449e+02 3.3152e+01
3.6222e+00 2.2375e+02 3.2986e+01
3.6263e+00 2.2350e+02 3.2883e+01
3.6304e+00 2.2295e+02 3.2736e+01
3.6345e+00 2.2241e+02 3.2595e+01
3.6386e+00 2.2175e+02 3.2426e+01
3.6427e+00 2.2133e+02 3.2365e+01
3.6468e+00 2.2107e+02 3.2244e+01
3.6509e+00 2.2045e+02 3.2117e+01
3.6550e+00 2.1995e+02 3.1978e+01
3.6591e+00 2.1924e+02 3.1819e+01
3.6631e+00 2.1897e+02 3.1714e+01
3.6672e+00 2.1821e+02 3.1581e+01
3.6713e+00 2.1800e+02 3.1483e+01
3.6754e+00 2.1725e+02 3.1326e+01
3.6795e+00 2.1682e+02 3.1199e+01
3.6836e+00 2.1631e+02 3.1082e+01
3.6877e+00 2.1587e+02 3.0963e+01
3.6918e+00 2.1526e+02 3.0806e+01
3.6959e+00 2.1465e+02 3.0673e+01
3.7000e+00 2.1448e+02 3.0603e+01
3.7040e+00 2.1365e+02 3.0431e+01
3.7081e+00 2.1321e+02 3.0332e+01
3.7122e+00 2.1289e+02 3.0244e+01
3.7163e+00 2.1245e+02 3.0116e+01
3.7204e+00 2.1204e+02 3.0019e+01
3.7245e+00 2.1148e+02 2.9868e+01
3.7286e+00 2.1092e+02 2.9741e+01
3.7327e+00 2.1046e+02 2.9627e+01
3.7368e+00 2.0993e+02 2.9485e+01
3.7409e+00 2.0960e+02 2.9399e+01
3.7450e+00 2.0892e+02 2.9270e+01
3.7490e+00 2.0844e+02 2.9136e+01
3.7531e+00 2.0800e+02 2.9042e+01
3.7572e+00 2.0756e+02 2.8933e+01
3.7613e+00 2.0713e+02 2.8827e+01
3.7654e+00 2.0662e+02 2.8712e+01
3.7695e+00 2.0621e+02 2.8611e+01
3.7736e+00 2.0575e+02 2.8490e+01
3.7777e+00 2.0520e+02 2.8376e+01
3.7818e+00 2.0490e+02 2.8283e+01
3.7859e+00 2.0432e+02 2.8145e+01
3.7900e+00 2.0414e+02 2.8065e+01
3.7940e+00 2.0350e+02 2.7956e+01
3.7981e+00 2.0289e+02 2.7786e+01
3.8022e+00 2.0253e+02 2.7737e+01
3.8063e+00 2.0195e+02 2.7595e+01
3.8104e+00 2.0164e+02 2.7522e+01
3.8145e+00 2.0111e+02 2.7393e+01
3.8186e+00 2.0076e+02 2.7292e+01
3.8227e+00 2.0025e+02 2.7213e+01
3.8268e+00 1.9998e+02 2.7108e+01
3.8309e+00 1.9933e+02 2.6978e+01
3.8349e+00 1.9885e+02 2.6875e+01
3.8390e+00 1.9855e+02 2.6773e+01
3.8431e+00 1.9806e+02 2.6663e+01
3.8472e+00 1.9763e+02 2.6581e+01
3.8513e+00 1.9711e+02 2.6477e+01
3.8554e+00 1.9673e+02 2.6381e+01
3.8595e+00 1.9649e+02 2.6312e+01
3.8636e+00 1.9588e+02 2.6195e+01
3.8677e+00 1.9539e+02 2.6055e+01
3.8718e+00 1.9519e+02 2.5993e+01
3.8759e+00 1.9463e+02 2.5884e+01
3.8799e+00 1.9409e+02 2.5770e+01
3.8840e+00 1.9377e+02 2.5694e+01
3.8881e+00 1.9334e+02 2.5593e+01
3.8922e+00 1.9303e+02 2.5481e+01
3.8963e+00 1.9269e+02 2.5425e+01
3.9004e+00 1.9222e+02 2.5306e+01
3.9045e+00 1.9163e+02 2.5209e+01
3.9086e+00 1.9123e+02 2.5111e+01
3.9127e+00 1.9093e+02 2.5026e+01
3.9168e+00 1.9049e+02 2.4924e+01
3.9209e+00 1.9015e+02 2.4850e+01
3.9249e+00 1.8957e+02 2.4736e+01
3.9290e+00 1.8929e+02 2.4668e+01
3.9331e+00 1.8885e+02 2.4574e+01
3.9372e+00 1.8849e+02 2.4492e+01
3.9413e+00 1.8806e+02 2.4380e+01
3.9454e+00 1.8745e+02 2.4262e+01
3.9495e+00 1.8715e+02 2.4195e+01
3.9536e+00 1.8686e+02 2.4113e+01
3.9577e+00 1.8649e+02 2.4045e+01
3.9618e+00 1.8606e+02 2.3940e+01
3.9658e+00 1.8561e+02 2.3847e+01
3.9699e+00 1.8526e+02 2.3771e+01
3.9740e+00 1.8483e+02 2.3693e+01
3.9781e+00 1.8446e+02 2.3602e+01
3.9822e+00 1.8414e+02 2.3523e+01
3.9863e+00 1.8372e+02 2.3425e+01
3.9904e+00 1.8319e+02 2.3318e+01
3.9945e+00 1.8296e+02 2.3248e+01
3.9986e+00 1.8268e+02 2.3188e+01
4.0027e+00 1.8202e+02 2.3062e+01
4.0068e+00 1.8184e+02 2.3020e+01
4.0108e+00 1.8142e+02 2.2939e+01
4.0149e+00 1.8096e+02 2.2846e+01
4.0190e+00 1.8073e+02 2.2761e+01
4.0231e+00 1.8019e+02 2.2680e+01
4.0272e+00 1.7996e+02 2.2621e+01
4.0313e+00 1.7961e+02 2.2532e+01
4.0354e+00 1.7916e+02 2.2443e+01
4.0395e+00 1.7881e+02 2.2386e+01
4.0436e+00 1.7853e+02 2.2301e+01
4.0477e+00 1.7813e+02 2.2221e+01
4.0517e+00 1.7781e+02 2.2151e+01
4.0558e+00 1.7745e+02 2.2078e+01
4.0599e+00 1.7698e+02 2.1979e+01
4.0640e+00 1.7657e+02 2.1885e+01
4.0681e+00 1.7634e+02 2.1846e+01
4.0722e+00 1.7597e+02 2.1772e+01
4.0763e+00 1.7552e+02 2.1661e+01
4.0804e+00 1.7532e+02 2.1623e+01
4.0845e+00 1.7490e+02 2.1562e+01
4.0886e+00 1.7468e+02 2.1497e+01
4.0927e+00 1.7436e+02 2.1415e+01
4.0967e+00 1.7389e+02 2.1335e+01
4.1008e+00 1.7350e+02 2.1244e+01
4.1049e+00 1.7305e+02 2.1180e+01
4.1090e+00 1.7281e+02 2.1129e+01
4.1131e+00 1.7249e+02 2.1045e+01
4.1172e+00 1.7221e+02 2.0990e+01
4.1213e+00 1.7196e+02 2.0924e+01
4.1254e+00 1.7147e+02 2.0834e+01
4.1295e+00 1.7125e+02 2.0771e+01
4.1336e+00 1.7094e+02 2.0718e+01
4.1377e+00 1.7046e+02 2.0627e+01
4.1417e+00 1.7031e+02 2.0579e+01
4.1458e+00 1.6983e+02 2.0496e+01
4.1499e+00 1.6952e+02 2.0435e+01
4.1540e+00 1.6934e+02 2.0383e+01
4.1581e+00 1.6896e+02 2.0318e+01
4.1622e+00 1.6870e+02 2.0257e+01
4.1663e+00 1.6841e+02 2.0189e+01
4.1704e+00 1.6787e+02 2.0096e+01
4.1745e+00 1.6763e+02 2.0053e+01
4.1786e+00 1.6743e+02 1.9984e+01
4.1826e+00 1.6710e+02 1.9924e+01
4.1867e+00 1.6678e+02 1.9883e+01
