7.225275999999999767e+05
5.893690000000000000e+05
4.060002000000000698e+05
3.700867000000000116e+05
2.765069000000000233e+05
2.210487000000000116e+05
1.669739000000000233e+05
1.220595000000000146e+05
8.730300000000001455e+04
6.671309999999999127e+04
4.639959999999999127e+04
3.344200000000000000e+04
2.240290000000000146e+04
1.543079999999999927e+04
1.057189999999999964e+04
6.681300000000001091e+03
4.318699999999999818e+03
2.752000000000000000e+03
1.643600000000000364e+03
9.896000000000001364e+02
5.640000000000000000e+02
3.072000000000000455e+02
1.582000000000000171e+02
8.470000000000001705e+01
3.740000000000000568e+01
1.780000000000000426e+01
7.500000000000000000e+00
3.800000000000000266e+00
1.200000000000000178e+00
4.000000000000000222e-01
1.000000000000000056e-01
0.000000000000000000e+00
0.000000000000000000e+00
0.000000000000000000e+00
0.000000000000000000e+00
0.000000000000000000e+00
0.000000000000000000e+00
0.000000000000000000e+00
0.000000000000000000e+00
0.000000000000000000e+00
0.000000000000000000e+00
0.000000000000000000e+00
0.000000000000000000e+00
0.000000000000000000e+00
0.000000000000000000e+00
0.000000000000000000e+00
0.000000000000000000e+00
0.000000000000000000e+00
0.000000000000000000e+00
0.000000000000000000e+00
