1.668789100000000326e+06
1.461401899999999907e+06
1.080706200000000186e+06
1.061589199999999953e+06
8.632560999999999767e+05
7.573892000000000698e+05
6.350825000000000000e+05
5.194814000000000233e+05
4.187613999999999651e+05
3.654264000000000233e+05
2.921049000000000233e+05
2.460613000000000175e+05
1.938734000000000233e+05
1.581883000000000175e+05
1.301258999999999942e+05
1.014246000000000058e+05
7.962770000000001164e+04
6.327580000000000291e+04
4.911240000000000146e+04
3.773850000000000000e+04
2.834799999999999636e+04
2.113960000000000218e+04
1.549300000000000000e+04
1.132629999999999927e+04
7.988200000000000728e+03
5.610900000000000546e+03
3.820200000000000273e+03
2.553600000000000364e+03
1.632100000000000364e+03
1.033599999999999909e+03
6.268999999999999773e+02
3.640000000000000000e+02
2.012000000000000171e+02
1.138000000000000114e+02
5.760000000000000142e+01
2.540000000000000568e+01
1.100000000000000000e+01
5.400000000000000355e+00
1.300000000000000266e+00
3.000000000000000444e-01
2.000000000000000111e-01
2.000000000000000111e-01
1.000000000000000056e-01
0.000000000000000000e+00
0.000000000000000000e+00
0.000000000000000000e+00
0.000000000000000000e+00
0.000000000000000000e+00
0.000000000000000000e+00
0.000000000000000000e+00
