# k, phh, phm/ 
0.0000e+00 0.0000e+00 0.0000e+00
5.7940e-03 3.0481e+04 1.5092e+04
1.0472e-02 2.5938e+04 1.3624e+04
1.4266e-02 3.3134e+04 1.6981e+04
1.8123e-02 2.8345e+04 1.4653e+04
2.2484e-02 3.1966e+04 1.6380e+04
2.6451e-02 2.9248e+04 1.5014e+04
3.0447e-02 2.8357e+04 1.4368e+04
3.4732e-02 2.2902e+04 1.1696e+04
3.8831e-02 2.3324e+04 1.1728e+04
4.2814e-02 2.0780e+04 1.0382e+04
4.6886e-02 1.8984e+04 9.4800e+03
5.0986e-02 1.7747e+04 8.8423e+03
5.5146e-02 1.6662e+04 8.2967e+03
5.9224e-02 1.6617e+04 8.2118e+03
6.3286e-02 1.5588e+04 7.6623e+03
6.7367e-02 1.4315e+04 7.0705e+03
7.1496e-02 1.3688e+04 6.6837e+03
7.5589e-02 1.3245e+04 6.5102e+03
7.9666e-02 1.2711e+04 6.1924e+03
8.3818e-02 1.1621e+04 5.6432e+03
8.7894e-02 1.0446e+04 5.0636e+03
9.1924e-02 9.5819e+03 4.5633e+03
9.6045e-02 9.1170e+03 4.3340e+03
1.0013e-01 8.6801e+03 4.1170e+03
1.0421e-01 8.0559e+03 3.7624e+03
1.0833e-01 7.7265e+03 3.6393e+03
1.1245e-01 7.4126e+03 3.4699e+03
1.1652e-01 7.5857e+03 3.5145e+03
1.2060e-01 6.9138e+03 3.2023e+03
1.2466e-01 6.7478e+03 3.1157e+03
1.2877e-01 6.8134e+03 3.1248e+03
1.3287e-01 6.6862e+03 3.0709e+03
1.3698e-01 6.2210e+03 2.8200e+03
1.4107e-01 6.1012e+03 2.7769e+03
1.4517e-01 5.6282e+03 2.5204e+03
1.4927e-01 5.4889e+03 2.4470e+03
1.5333e-01 5.2380e+03 2.3254e+03
1.5742e-01 5.0400e+03 2.2223e+03
1.6151e-01 4.8457e+03 2.1108e+03
1.6559e-01 4.6943e+03 2.0461e+03
1.6969e-01 4.5109e+03 1.9429e+03
1.7380e-01 4.3668e+03 1.8755e+03
1.7790e-01 4.3289e+03 1.8491e+03
1.8200e-01 4.2390e+03 1.8072e+03
1.8609e-01 4.1074e+03 1.7407e+03
1.9016e-01 4.0383e+03 1.7057e+03
1.9424e-01 3.9615e+03 1.6592e+03
1.9833e-01 3.8734e+03 1.6130e+03
2.0243e-01 3.7155e+03 1.5361e+03
2.0652e-01 3.7197e+03 1.5396e+03
2.1063e-01 3.6169e+03 1.4810e+03
2.1472e-01 3.4624e+03 1.4096e+03
2.1883e-01 3.3682e+03 1.3654e+03
2.2290e-01 3.2734e+03 1.3162e+03
2.2699e-01 3.2525e+03 1.3017e+03
2.3108e-01 3.1512e+03 1.2504e+03
2.3515e-01 3.0662e+03 1.2050e+03
2.3924e-01 3.0346e+03 1.1894e+03
2.4334e-01 2.9752e+03 1.1633e+03
2.4744e-01 2.9400e+03 1.1426e+03
2.5154e-01 2.8986e+03 1.1216e+03
2.5561e-01 2.8441e+03 1.0968e+03
2.5972e-01 2.8034e+03 1.0708e+03
2.6381e-01 2.7591e+03 1.0472e+03
2.6790e-01 2.7136e+03 1.0232e+03
2.7199e-01 2.6705e+03 1.0038e+03
2.7607e-01 2.5997e+03 9.7235e+02
2.8017e-01 2.5794e+03 9.5906e+02
2.8427e-01 2.5411e+03 9.3611e+02
2.8835e-01 2.4896e+03 9.1360e+02
2.9243e-01 2.4615e+03 8.9862e+02
2.9651e-01 2.4076e+03 8.7606e+02
3.0063e-01 2.3821e+03 8.5751e+02
3.0473e-01 2.3532e+03 8.4299e+02
3.0882e-01 2.3114e+03 8.2737e+02
3.1292e-01 2.2517e+03 7.9878e+02
3.1700e-01 2.2557e+03 7.9647e+02
3.2108e-01 2.2331e+03 7.8651e+02
3.2517e-01 2.1926e+03 7.6697e+02
3.2925e-01 2.1542e+03 7.4754e+02
3.3333e-01 2.1643e+03 7.4671e+02
3.3744e-01 2.1062e+03 7.2640e+02
3.4154e-01 2.1052e+03 7.2226e+02
3.4562e-01 2.0695e+03 7.0553e+02
3.4972e-01 2.0447e+03 6.9293e+02
3.5382e-01 2.0083e+03 6.7883e+02
3.5791e-01 1.9940e+03 6.7028e+02
3.6198e-01 1.9695e+03 6.5717e+02
3.6607e-01 1.9384e+03 6.4417e+02
3.7019e-01 1.9343e+03 6.3811e+02
3.7428e-01 1.9075e+03 6.2549e+02
3.7836e-01 1.8820e+03 6.1609e+02
3.8245e-01 1.8778e+03 6.1184e+02
3.8653e-01 1.8392e+03 5.9458e+02
3.9062e-01 1.8389e+03 5.9178e+02
3.9471e-01 1.8117e+03 5.7978e+02
3.9879e-01 1.7941e+03 5.7329e+02
4.0290e-01 1.7904e+03 5.6644e+02
4.0699e-01 1.7711e+03 5.5869e+02
4.1107e-01 1.7491e+03 5.4883e+02
4.1517e-01 1.7280e+03 5.3911e+02
4.1926e-01 1.7236e+03 5.3738e+02
4.2335e-01 1.7131e+03 5.3047e+02
4.2745e-01 1.6901e+03 5.2144e+02
4.3153e-01 1.6733e+03 5.1401e+02
4.3562e-01 1.6686e+03 5.0948e+02
4.3972e-01 1.6500e+03 4.9992e+02
4.4380e-01 1.6369e+03 4.9592e+02
4.4789e-01 1.6229e+03 4.8764e+02
4.5198e-01 1.6124e+03 4.8388e+02
4.5607e-01 1.5931e+03 4.7500e+02
4.6017e-01 1.5825e+03 4.7174e+02
4.6426e-01 1.5732e+03 4.6690e+02
4.6835e-01 1.5639e+03 4.6168e+02
4.7245e-01 1.5505e+03 4.5377e+02
4.7654e-01 1.5408e+03 4.5088e+02
4.8063e-01 1.5183e+03 4.4172e+02
4.8472e-01 1.5236e+03 4.4103e+02
4.8879e-01 1.5105e+03 4.3459e+02
4.9289e-01 1.5052e+03 4.3015e+02
4.9698e-01 1.4888e+03 4.2545e+02
5.0107e-01 1.4696e+03 4.1804e+02
5.0517e-01 1.4682e+03 4.1428e+02
5.0927e-01 1.4509e+03 4.0940e+02
5.1337e-01 1.4421e+03 4.0482e+02
5.1744e-01 1.4431e+03 4.0296e+02
5.2152e-01 1.4247e+03 3.9744e+02
5.2561e-01 1.4230e+03 3.9490e+02
5.2971e-01 1.4211e+03 3.9289e+02
5.3380e-01 1.4071e+03 3.8606e+02
5.3789e-01 1.3994e+03 3.8275e+02
5.4199e-01 1.3940e+03 3.7961e+02
5.4609e-01 1.3781e+03 3.7551e+02
5.5017e-01 1.3781e+03 3.7246e+02
5.5425e-01 1.3644e+03 3.6854e+02
5.5835e-01 1.3590e+03 3.6387e+02
5.6244e-01 1.3577e+03 3.6236e+02
5.6653e-01 1.3428e+03 3.5773e+02
5.7062e-01 1.3360e+03 3.5413e+02
5.7471e-01 1.3339e+03 3.5332e+02
5.7880e-01 1.3197e+03 3.4775e+02
5.8288e-01 1.3196e+03 3.4563e+02
5.8698e-01 1.3083e+03 3.4186e+02
5.9107e-01 1.3069e+03 3.4055e+02
5.9517e-01 1.2956e+03 3.3604e+02
5.9926e-01 1.2927e+03 3.3326e+02
6.0335e-01 1.2854e+03 3.3080e+02
6.0745e-01 1.2732e+03 3.2604e+02
6.1154e-01 1.2674e+03 3.2381e+02
6.1562e-01 1.2635e+03 3.2157e+02
6.1970e-01 1.2641e+03 3.2082e+02
6.2379e-01 1.2547e+03 3.1803e+02
6.2789e-01 1.2466e+03 3.1314e+02
6.3199e-01 1.2415e+03 3.1197e+02
6.3607e-01 1.2347e+03 3.0818e+02
6.4016e-01 1.2319e+03 3.0728e+02
6.4424e-01 1.2278e+03 3.0462e+02
6.4834e-01 1.2247e+03 3.0306e+02
6.5243e-01 1.2153e+03 2.9897e+02
6.5651e-01 1.2100e+03 2.9703e+02
6.6061e-01 1.2102e+03 2.9607e+02
6.6471e-01 1.2034e+03 2.9344e+02
6.6880e-01 1.1956e+03 2.9094e+02
6.7289e-01 1.1927e+03 2.8852e+02
6.7698e-01 1.1845e+03 2.8690e+02
6.8107e-01 1.1811e+03 2.8475e+02
6.8516e-01 1.1833e+03 2.8346e+02
6.8925e-01 1.1771e+03 2.8227e+02
6.9334e-01 1.1738e+03 2.7960e+02
6.9743e-01 1.1638e+03 2.7707e+02
7.0153e-01 1.1625e+03 2.7554e+02
7.0562e-01 1.1569e+03 2.7286e+02
7.0971e-01 1.1497e+03 2.7088e+02
7.1380e-01 1.1471e+03 2.6933e+02
7.1789e-01 1.1434e+03 2.6735e+02
7.2198e-01 1.1430e+03 2.6703e+02
7.2606e-01 1.1343e+03 2.6408e+02
7.3015e-01 1.1350e+03 2.6314e+02
7.3424e-01 1.1316e+03 2.6161e+02
7.3834e-01 1.1236e+03 2.5894e+02
7.4243e-01 1.1182e+03 2.5634e+02
7.4651e-01 1.1127e+03 2.5474e+02
7.5061e-01 1.1152e+03 2.5361e+02
7.5471e-01 1.1070e+03 2.5148e+02
7.5879e-01 1.1082e+03 2.5135e+02
7.6289e-01 1.1032e+03 2.4939e+02
7.6699e-01 1.0989e+03 2.4783e+02
7.7107e-01 1.0939e+03 2.4634e+02
7.7515e-01 1.0910e+03 2.4424e+02
7.7924e-01 1.0908e+03 2.4353e+02
7.8334e-01 1.0849e+03 2.4162e+02
7.8743e-01 1.0799e+03 2.3965e+02
7.9151e-01 1.0780e+03 2.3828e+02
7.9561e-01 1.0751e+03 2.3706e+02
7.9970e-01 1.0704e+03 2.3579e+02
8.0380e-01 1.0699e+03 2.3427e+02
8.0788e-01 1.0640e+03 2.3285e+02
8.1196e-01 1.0621e+03 2.3195e+02
8.1606e-01 1.0590e+03 2.3035e+02
8.2015e-01 1.0556e+03 2.2952e+02
8.2424e-01 1.0512e+03 2.2770e+02
8.2833e-01 1.0508e+03 2.2659e+02
8.3243e-01 1.0409e+03 2.2394e+02
8.3652e-01 1.0429e+03 2.2354e+02
8.4061e-01 1.0386e+03 2.2221e+02
8.4470e-01 1.0355e+03 2.2072e+02
8.4879e-01 1.0325e+03 2.1949e+02
8.5288e-01 1.0300e+03 2.1856e+02
8.5697e-01 1.0238e+03 2.1666e+02
8.6106e-01 1.0261e+03 2.1703e+02
8.6515e-01 1.0174e+03 2.1398e+02
8.6923e-01 1.0158e+03 2.1374e+02
8.7333e-01 1.0202e+03 2.1411e+02
8.7743e-01 1.0115e+03 2.1183e+02
8.8151e-01 1.0106e+03 2.1140e+02
8.8560e-01 1.0076e+03 2.0921e+02
8.8969e-01 1.0030e+03 2.0797e+02
8.9378e-01 1.0000e+03 2.0729e+02
8.9788e-01 9.9633e+02 2.0579e+02
9.0196e-01 9.9840e+02 2.0534e+02
9.0605e-01 9.9673e+02 2.0499e+02
9.1015e-01 9.9109e+02 2.0319e+02
9.1424e-01 9.9223e+02 2.0253e+02
9.1833e-01 9.9073e+02 2.0138e+02
9.2242e-01 9.8536e+02 2.0014e+02
9.2651e-01 9.7951e+02 1.9874e+02
9.3060e-01 9.7789e+02 1.9792e+02
9.3469e-01 9.7812e+02 1.9762e+02
9.3879e-01 9.7534e+02 1.9691e+02
9.4287e-01 9.7353e+02 1.9552e+02
9.4696e-01 9.7225e+02 1.9431e+02
9.5105e-01 9.7062e+02 1.9419e+02
9.5515e-01 9.6561e+02 1.9238e+02
9.5924e-01 9.6680e+02 1.9220e+02
9.6333e-01 9.5945e+02 1.9042e+02
9.6742e-01 9.5693e+02 1.8942e+02
9.7151e-01 9.5632e+02 1.8897e+02
9.7559e-01 9.5245e+02 1.8751e+02
9.7968e-01 9.5366e+02 1.8753e+02
9.8377e-01 9.4834e+02 1.8616e+02
9.8787e-01 9.4633e+02 1.8552e+02
9.9196e-01 9.4657e+02 1.8448e+02
9.9605e-01 9.4451e+02 1.8386e+02
1.0002e+00 9.4124e+02 1.8286e+02
1.0042e+00 9.4006e+02 1.8221e+02
1.0083e+00 9.3648e+02 1.8114e+02
1.0124e+00 9.3227e+02 1.7989e+02
1.0165e+00 9.3320e+02 1.7957e+02
1.0206e+00 9.3347e+02 1.7924e+02
1.0247e+00 9.2836e+02 1.7784e+02
1.0288e+00 9.2413e+02 1.7667e+02
1.0329e+00 9.2527e+02 1.7638e+02
1.0370e+00 9.2202e+02 1.7517e+02
1.0410e+00 9.2281e+02 1.7533e+02
1.0451e+00 9.2106e+02 1.7473e+02
1.0492e+00 9.1501e+02 1.7317e+02
1.0533e+00 9.1449e+02 1.7273e+02
1.0574e+00 9.1328e+02 1.7187e+02
1.0615e+00 9.1130e+02 1.7133e+02
1.0656e+00 9.0803e+02 1.7018e+02
1.0697e+00 9.0788e+02 1.7009e+02
1.0738e+00 9.0548e+02 1.6932e+02
1.0779e+00 9.0356e+02 1.6814e+02
1.0820e+00 9.0010e+02 1.6721e+02
1.0860e+00 8.9996e+02 1.6695e+02
1.0901e+00 9.0050e+02 1.6665e+02
1.0942e+00 8.9596e+02 1.6566e+02
1.0983e+00 8.9266e+02 1.6452e+02
1.1024e+00 8.9355e+02 1.6435e+02
1.1065e+00 8.9240e+02 1.6377e+02
1.1106e+00 8.8943e+02 1.6312e+02
1.1147e+00 8.8643e+02 1.6171e+02
1.1188e+00 8.8763e+02 1.6197e+02
1.1229e+00 8.8208e+02 1.6064e+02
1.1270e+00 8.8424e+02 1.6074e+02
1.1310e+00 8.7951e+02 1.5953e+02
1.1351e+00 8.7978e+02 1.5925e+02
1.1392e+00 8.7761e+02 1.5871e+02
1.1433e+00 8.7355e+02 1.5768e+02
1.1474e+00 8.7296e+02 1.5704e+02
1.1515e+00 8.7073e+02 1.5618e+02
1.1556e+00 8.7061e+02 1.5587e+02
1.1597e+00 8.6869e+02 1.5538e+02
1.1638e+00 8.6483e+02 1.5443e+02
1.1679e+00 8.6697e+02 1.5424e+02
1.1719e+00 8.6639e+02 1.5416e+02
1.1760e+00 8.6194e+02 1.5292e+02
1.1801e+00 8.5976e+02 1.5218e+02
1.1842e+00 8.5862e+02 1.5187e+02
1.1883e+00 8.5623e+02 1.5096e+02
1.1924e+00 8.5617e+02 1.5064e+02
1.1965e+00 8.5420e+02 1.5048e+02
1.2006e+00 8.5167e+02 1.4923e+02
1.2047e+00 8.5005e+02 1.4890e+02
1.2088e+00 8.4895e+02 1.4830e+02
1.2129e+00 8.4556e+02 1.4717e+02
1.2169e+00 8.4679e+02 1.4754e+02
1.2210e+00 8.4596e+02 1.4715e+02
1.2251e+00 8.4458e+02 1.4654e+02
1.2292e+00 8.4039e+02 1.4519e+02
1.2333e+00 8.4067e+02 1.4540e+02
1.2374e+00 8.3737e+02 1.4436e+02
1.2415e+00 8.3834e+02 1.4403e+02
1.2456e+00 8.3347e+02 1.4346e+02
1.2497e+00 8.3487e+02 1.4327e+02
1.2538e+00 8.3343e+02 1.4276e+02
1.2579e+00 8.2994e+02 1.4185e+02
1.2619e+00 8.2771e+02 1.4129e+02
1.2660e+00 8.2862e+02 1.4095e+02
1.2701e+00 8.2617e+02 1.4026e+02
1.2742e+00 8.2593e+02 1.3990e+02
1.2783e+00 8.2478e+02 1.3952e+02
1.2824e+00 8.2317e+02 1.3905e+02
1.2865e+00 8.2222e+02 1.3871e+02
1.2906e+00 8.1996e+02 1.3801e+02
1.2947e+00 8.1883e+02 1.3750e+02
1.2988e+00 8.1653e+02 1.3722e+02
1.3029e+00 8.1649e+02 1.3681e+02
1.3069e+00 8.1277e+02 1.3575e+02
1.3110e+00 8.1417e+02 1.3600e+02
1.3151e+00 8.1219e+02 1.3531e+02
1.3192e+00 8.0907e+02 1.3471e+02
1.3233e+00 8.0882e+02 1.3427e+02
1.3274e+00 8.0660e+02 1.3369e+02
1.3315e+00 8.0782e+02 1.3361e+02
1.3356e+00 8.0511e+02 1.3292e+02
1.3397e+00 8.0390e+02 1.3257e+02
1.3438e+00 8.0037e+02 1.3152e+02
1.3479e+00 7.9947e+02 1.3120e+02
1.3519e+00 7.9857e+02 1.3095e+02
1.3560e+00 7.9928e+02 1.3083e+02
1.3601e+00 7.9556e+02 1.2999e+02
1.3642e+00 7.9531e+02 1.2965e+02
1.3683e+00 7.9261e+02 1.2915e+02
1.3724e+00 7.9151e+02 1.2865e+02
1.3765e+00 7.9063e+02 1.2851e+02
1.3806e+00 7.8982e+02 1.2820e+02
1.3847e+00 7.8747e+02 1.2731e+02
1.3888e+00 7.8639e+02 1.2676e+02
1.3928e+00 7.8594e+02 1.2673e+02
1.3969e+00 7.8473e+02 1.2612e+02
1.4010e+00 7.8227e+02 1.2586e+02
1.4051e+00 7.8109e+02 1.2522e+02
1.4092e+00 7.8148e+02 1.2522e+02
1.4133e+00 7.8002e+02 1.2479e+02
1.4174e+00 7.7817e+02 1.2436e+02
1.4215e+00 7.7531e+02 1.2354e+02
1.4256e+00 7.7613e+02 1.2339e+02
1.4297e+00 7.7434e+02 1.2293e+02
1.4338e+00 7.7368e+02 1.2267e+02
1.4378e+00 7.7090e+02 1.2200e+02
1.4419e+00 7.7114e+02 1.2186e+02
1.4460e+00 7.6979e+02 1.2161e+02
1.4501e+00 7.6773e+02 1.2087e+02
1.4542e+00 7.6747e+02 1.2053e+02
1.4583e+00 7.6410e+02 1.1985e+02
1.4624e+00 7.6279e+02 1.1952e+02
1.4665e+00 7.6289e+02 1.1943e+02
1.4706e+00 7.6202e+02 1.1897e+02
1.4747e+00 7.6170e+02 1.1857e+02
1.4787e+00 7.5859e+02 1.1826e+02
1.4828e+00 7.5815e+02 1.1802e+02
1.4869e+00 7.5672e+02 1.1727e+02
1.4910e+00 7.5504e+02 1.1699e+02
1.4951e+00 7.5619e+02 1.1715e+02
1.4992e+00 7.5261e+02 1.1628e+02
1.5033e+00 7.5177e+02 1.1603e+02
1.5074e+00 7.5236e+02 1.1596e+02
1.5115e+00 7.4960e+02 1.1518e+02
1.5156e+00 7.4767e+02 1.1466e+02
1.5197e+00 7.4735e+02 1.1439e+02
1.5237e+00 7.4556e+02 1.1418e+02
1.5278e+00 7.4563e+02 1.1390e+02
1.5319e+00 7.4286e+02 1.1349e+02
1.5360e+00 7.4305e+02 1.1308e+02
1.5401e+00 7.4202e+02 1.1293e+02
1.5442e+00 7.3944e+02 1.1233e+02
1.5483e+00 7.3849e+02 1.1203e+02
1.5524e+00 7.3579e+02 1.1133e+02
1.5565e+00 7.3703e+02 1.1128e+02
1.5606e+00 7.3462e+02 1.1098e+02
1.5646e+00 7.3492e+02 1.1060e+02
1.5687e+00 7.3241e+02 1.1029e+02
1.5728e+00 7.3086e+02 1.0973e+02
1.5769e+00 7.3050e+02 1.0957e+02
1.5810e+00 7.3073e+02 1.0936e+02
1.5851e+00 7.2824e+02 1.0878e+02
1.5892e+00 7.2675e+02 1.0851e+02
1.5933e+00 7.2682e+02 1.0814e+02
1.5974e+00 7.2470e+02 1.0779e+02
1.6015e+00 7.2407e+02 1.0752e+02
1.6056e+00 7.2332e+02 1.0733e+02
1.6096e+00 7.2230e+02 1.0711e+02
1.6137e+00 7.2028e+02 1.0654e+02
1.6178e+00 7.1937e+02 1.0610e+02
1.6219e+00 7.1774e+02 1.0580e+02
1.6260e+00 7.1813e+02 1.0578e+02
1.6301e+00 7.1729e+02 1.0550e+02
1.6342e+00 7.1482e+02 1.0490e+02
1.6383e+00 7.1261e+02 1.0444e+02
1.6424e+00 7.1217e+02 1.0422e+02
1.6465e+00 7.1129e+02 1.0400e+02
1.6506e+00 7.1082e+02 1.0380e+02
1.6546e+00 7.0784e+02 1.0318e+02
1.6587e+00 7.0695e+02 1.0278e+02
1.6628e+00 7.0709e+02 1.0275e+02
1.6669e+00 7.0523e+02 1.0238e+02
1.6710e+00 7.0484e+02 1.0209e+02
1.6751e+00 7.0337e+02 1.0179e+02
1.6792e+00 7.0241e+02 1.0139e+02
1.6833e+00 7.0172e+02 1.0114e+02
1.6874e+00 7.0072e+02 1.0073e+02
1.6915e+00 6.9787e+02 1.0035e+02
1.6955e+00 6.9744e+02 1.0004e+02
1.6996e+00 6.9704e+02 9.9937e+01
1.7037e+00 6.9558e+02 9.9572e+01
1.7078e+00 6.9351e+02 9.9004e+01
1.7119e+00 6.9271e+02 9.8705e+01
1.7160e+00 6.9317e+02 9.8737e+01
1.7201e+00 6.9163e+02 9.8337e+01
1.7242e+00 6.9029e+02 9.7964e+01
1.7283e+00 6.8976e+02 9.7785e+01
1.7324e+00 6.8759e+02 9.7324e+01
1.7365e+00 6.8676e+02 9.7054e+01
1.7405e+00 6.8576e+02 9.6773e+01
1.7446e+00 6.8445e+02 9.6543e+01
1.7487e+00 6.8335e+02 9.6189e+01
1.7528e+00 6.8313e+02 9.6102e+01
1.7569e+00 6.8217e+02 9.5810e+01
1.7610e+00 6.8005e+02 9.5213e+01
1.7651e+00 6.7978e+02 9.5141e+01
1.7692e+00 6.7797e+02 9.4889e+01
1.7733e+00 6.7713e+02 9.4537e+01
1.7774e+00 6.7633e+02 9.4190e+01
1.7815e+00 6.7461e+02 9.3868e+01
1.7855e+00 6.7379e+02 9.3593e+01
1.7896e+00 6.7314e+02 9.3404e+01
1.7937e+00 6.7208e+02 9.3087e+01
1.7978e+00 6.7175e+02 9.2881e+01
1.8019e+00 6.6974e+02 9.2601e+01
1.8060e+00 6.6825e+02 9.2109e+01
1.8101e+00 6.6836e+02 9.2043e+01
1.8142e+00 6.6725e+02 9.1793e+01
1.8183e+00 6.6556e+02 9.1457e+01
1.8224e+00 6.6539e+02 9.1354e+01
1.8265e+00 6.6446e+02 9.0959e+01
1.8305e+00 6.6223e+02 9.0663e+01
1.8346e+00 6.6229e+02 9.0575e+01
1.8387e+00 6.5967e+02 8.9842e+01
1.8428e+00 6.5971e+02 8.9818e+01
1.8469e+00 6.5823e+02 8.9565e+01
1.8510e+00 6.5748e+02 8.9272e+01
1.8551e+00 6.5684e+02 8.9163e+01
1.8592e+00 6.5537e+02 8.8722e+01
1.8633e+00 6.5470e+02 8.8558e+01
1.8674e+00 6.5265e+02 8.8104e+01
1.8715e+00 6.5158e+02 8.7916e+01
1.8755e+00 6.5139e+02 8.7806e+01
1.8796e+00 6.5090e+02 8.7578e+01
1.8837e+00 6.4829e+02 8.6963e+01
1.8878e+00 6.4806e+02 8.6882e+01
1.8919e+00 6.4802e+02 8.6784e+01
1.8960e+00 6.4596e+02 8.6333e+01
1.9001e+00 6.4435e+02 8.6035e+01
1.9042e+00 6.4398e+02 8.5856e+01
1.9083e+00 6.4290e+02 8.5647e+01
1.9124e+00 6.4156e+02 8.5271e+01
1.9164e+00 6.4059e+02 8.5121e+01
1.9205e+00 6.4070e+02 8.5020e+01
1.9246e+00 6.3775e+02 8.4459e+01
1.9287e+00 6.3797e+02 8.4289e+01
1.9328e+00 6.3663e+02 8.4129e+01
1.9369e+00 6.3531e+02 8.3744e+01
1.9410e+00 6.3508e+02 8.3586e+01
1.9451e+00 6.3428e+02 8.3354e+01
1.9492e+00 6.3349e+02 8.3183e+01
1.9533e+00 6.3179e+02 8.2870e+01
1.9573e+00 6.3014e+02 8.2616e+01
1.9614e+00 6.2862e+02 8.2284e+01
1.9655e+00 6.2805e+02 8.2099e+01
1.9696e+00 6.2766e+02 8.1833e+01
1.9737e+00 6.2625e+02 8.1577e+01
1.9778e+00 6.2560e+02 8.1391e+01
1.9819e+00 6.2418e+02 8.1090e+01
1.9860e+00 6.2438e+02 8.1011e+01
1.9901e+00 6.2227e+02 8.0608e+01
1.9942e+00 6.2125e+02 8.0308e+01
1.9983e+00 6.2012e+02 8.0076e+01
2.0024e+00 6.1869e+02 7.9764e+01
2.0064e+00 6.1898e+02 7.9718e+01
2.0105e+00 6.1798e+02 7.9519e+01
2.0146e+00 6.1726e+02 7.9238e+01
2.0187e+00 6.1541e+02 7.8996e+01
2.0228e+00 6.1360e+02 7.8551e+01
2.0269e+00 6.1309e+02 7.8442e+01
2.0310e+00 6.1230e+02 7.8177e+01
2.0351e+00 6.1101e+02 7.7906e+01
2.0392e+00 6.1056e+02 7.7788e+01
2.0433e+00 6.0931e+02 7.7536e+01
2.0473e+00 6.0868e+02 7.7302e+01
2.0514e+00 6.0759e+02 7.7100e+01
2.0555e+00 6.0656e+02 7.6790e+01
2.0596e+00 6.0490e+02 7.6485e+01
2.0637e+00 6.0440e+02 7.6323e+01
2.0678e+00 6.0296e+02 7.6057e+01
2.0719e+00 6.0212e+02 7.5898e+01
2.0760e+00 6.0141e+02 7.5642e+01
2.0801e+00 5.9991e+02 7.5424e+01
2.0842e+00 5.9999e+02 7.5178e+01
2.0883e+00 5.9882e+02 7.5022e+01
2.0923e+00 5.9643e+02 7.4574e+01
2.0964e+00 5.9693e+02 7.4604e+01
2.1005e+00 5.9475e+02 7.4272e+01
2.1046e+00 5.9489e+02 7.4117e+01
2.1087e+00 5.9350e+02 7.3945e+01
2.1128e+00 5.9236e+02 7.3615e+01
2.1169e+00 5.9036e+02 7.3267e+01
2.1210e+00 5.9042e+02 7.3184e+01
2.1251e+00 5.8853e+02 7.2849e+01
2.1292e+00 5.8737e+02 7.2541e+01
2.1332e+00 5.8757e+02 7.2491e+01
2.1373e+00 5.8626e+02 7.2240e+01
2.1414e+00 5.8553e+02 7.2056e+01
2.1455e+00 5.8441e+02 7.1782e+01
2.1496e+00 5.8373e+02 7.1681e+01
2.1537e+00 5.8239e+02 7.1440e+01
2.1578e+00 5.8177e+02 7.1249e+01
2.1619e+00 5.8086e+02 7.1035e+01
2.1660e+00 5.7954e+02 7.0800e+01
2.1701e+00 5.7831e+02 7.0537e+01
2.1742e+00 5.7706e+02 7.0252e+01
2.1782e+00 5.7677e+02 7.0067e+01
2.1823e+00 5.7555e+02 6.9812e+01
2.1864e+00 5.7510e+02 6.9848e+01
2.1905e+00 5.7341e+02 6.9379e+01
2.1946e+00 5.7330e+02 6.9361e+01
2.1987e+00 5.7125e+02 6.9006e+01
2.2028e+00 5.7079e+02 6.8807e+01
2.2069e+00 5.6972e+02 6.8523e+01
2.2110e+00 5.6906e+02 6.8394e+01
2.2151e+00 5.6787e+02 6.8247e+01
2.2191e+00 5.6646e+02 6.7962e+01
2.2232e+00 5.6546e+02 6.7736e+01
2.2273e+00 5.6478e+02 6.7577e+01
2.2314e+00 5.6340e+02 6.7273e+01
2.2355e+00 5.6322e+02 6.7167e+01
2.2396e+00 5.6176e+02 6.6935e+01
2.2437e+00 5.6062e+02 6.6723e+01
2.2478e+00 5.5991e+02 6.6547e+01
2.2519e+00 5.5873e+02 6.6246e+01
2.2560e+00 5.5762e+02 6.6093e+01
2.2601e+00 5.5745e+02 6.5977e+01
2.2642e+00 5.5629e+02 6.5666e+01
2.2682e+00 5.5523e+02 6.5524e+01
2.2723e+00 5.5455e+02 6.5378e+01
2.2764e+00 5.5318e+02 6.5085e+01
2.2805e+00 5.5279e+02 6.4948e+01
2.2846e+00 5.5097e+02 6.4634e+01
2.2887e+00 5.5010e+02 6.4454e+01
2.2928e+00 5.4972e+02 6.4342e+01
2.2969e+00 5.4819e+02 6.4051e+01
2.3010e+00 5.4844e+02 6.4027e+01
2.3051e+00 5.4713e+02 6.3742e+01
2.3091e+00 5.4551e+02 6.3507e+01
2.3132e+00 5.4472e+02 6.3334e+01
2.3173e+00 5.4395e+02 6.3144e+01
2.3214e+00 5.4329e+02 6.2979e+01
2.3255e+00 5.4198e+02 6.2726e+01
2.3296e+00 5.4105e+02 6.2546e+01
2.3337e+00 5.4000e+02 6.2314e+01
2.3378e+00 5.3851e+02 6.2103e+01
2.3419e+00 5.3868e+02 6.2070e+01
2.3460e+00 5.3783e+02 6.1823e+01
2.3500e+00 5.3658e+02 6.1611e+01
2.3541e+00 5.3590e+02 6.1429e+01
2.3582e+00 5.3444e+02 6.1227e+01
2.3623e+00 5.3328e+02 6.1001e+01
2.3664e+00 5.3195e+02 6.0761e+01
2.3705e+00 5.3063e+02 6.0536e+01
2.3746e+00 5.3066e+02 6.0444e+01
2.3787e+00 5.2975e+02 6.0305e+01
2.3828e+00 5.2896e+02 6.0084e+01
2.3869e+00 5.2754e+02 5.9813e+01
2.3910e+00 5.2705e+02 5.9688e+01
2.3951e+00 5.2512e+02 5.9410e+01
2.3991e+00 5.2498e+02 5.9317e+01
2.4032e+00 5.2455e+02 5.9152e+01
2.4073e+00 5.2342e+02 5.8961e+01
2.4114e+00 5.2220e+02 5.8772e+01
2.4155e+00 5.2051e+02 5.8456e+01
2.4196e+00 5.2051e+02 5.8409e+01
2.4237e+00 5.1884e+02 5.8119e+01
2.4278e+00 5.1765e+02 5.7990e+01
2.4319e+00 5.1754e+02 5.7842e+01
2.4360e+00 5.1637e+02 5.7577e+01
2.4400e+00 5.1611e+02 5.7576e+01
2.4441e+00 5.1421e+02 5.7270e+01
2.4482e+00 5.1366e+02 5.7060e+01
2.4523e+00 5.1273e+02 5.6973e+01
2.4564e+00 5.1246e+02 5.6813e+01
2.4605e+00 5.1123e+02 5.6583e+01
2.4646e+00 5.0931e+02 5.6321e+01
2.4687e+00 5.0913e+02 5.6116e+01
2.4728e+00 5.0806e+02 5.6049e+01
2.4769e+00 5.0709e+02 5.5862e+01
2.4810e+00 5.0582e+02 5.5659e+01
2.4850e+00 5.0526e+02 5.5472e+01
2.4891e+00 5.0486e+02 5.5364e+01
2.4932e+00 5.0351e+02 5.5109e+01
2.4973e+00 5.0281e+02 5.5035e+01
2.5014e+00 5.0163e+02 5.4781e+01
2.5055e+00 5.0047e+02 5.4594e+01
2.5096e+00 4.9951e+02 5.4452e+01
2.5137e+00 4.9845e+02 5.4191e+01
2.5178e+00 4.9834e+02 5.4166e+01
2.5219e+00 4.9720e+02 5.3948e+01
2.5259e+00 4.9616e+02 5.3792e+01
2.5300e+00 4.9515e+02 5.3595e+01
2.5341e+00 4.9418e+02 5.3441e+01
2.5382e+00 4.9381e+02 5.3281e+01
2.5423e+00 4.9264e+02 5.3129e+01
2.5464e+00 4.9145e+02 5.2914e+01
2.5505e+00 4.9033e+02 5.2708e+01
2.5546e+00 4.9030e+02 5.2588e+01
2.5587e+00 4.8910e+02 5.2422e+01
2.5628e+00 4.8769e+02 5.2148e+01
2.5669e+00 4.8699e+02 5.2047e+01
2.5709e+00 4.8573e+02 5.1841e+01
2.5750e+00 4.8546e+02 5.1780e+01
2.5791e+00 4.8430e+02 5.1520e+01
2.5832e+00 4.8356e+02 5.1416e+01
2.5873e+00 4.8227e+02 5.1225e+01
2.5914e+00 4.8206e+02 5.1124e+01
2.5955e+00 4.8142e+02 5.0914e+01
2.5996e+00 4.7912e+02 5.0620e+01
2.6037e+00 4.7892e+02 5.0546e+01
2.6078e+00 4.7790e+02 5.0378e+01
2.6119e+00 4.7735e+02 5.0261e+01
2.6159e+00 4.7559e+02 5.0031e+01
2.6200e+00 4.7550e+02 4.9895e+01
2.6241e+00 4.7397e+02 4.9692e+01
2.6282e+00 4.7272e+02 4.9514e+01
2.6323e+00 4.7257e+02 4.9426e+01
2.6364e+00 4.7142e+02 4.9221e+01
2.6405e+00 4.7082e+02 4.9080e+01
2.6446e+00 4.7056e+02 4.8997e+01
2.6487e+00 4.6939e+02 4.8819e+01
2.6528e+00 4.6776e+02 4.8574e+01
2.6568e+00 4.6657e+02 4.8412e+01
2.6609e+00 4.6630e+02 4.8292e+01
2.6650e+00 4.6506e+02 4.8055e+01
2.6691e+00 4.6422e+02 4.7984e+01
2.6732e+00 4.6369e+02 4.7828e+01
2.6773e+00 4.6350e+02 4.7767e+01
2.6814e+00 4.6220e+02 4.7518e+01
2.6855e+00 4.6098e+02 4.7367e+01
2.6896e+00 4.5961e+02 4.7133e+01
2.6937e+00 4.5917e+02 4.7015e+01
2.6978e+00 4.5819e+02 4.6909e+01
2.7018e+00 4.5712e+02 4.6691e+01
2.7059e+00 4.5681e+02 4.6592e+01
2.7100e+00 4.5584e+02 4.6390e+01
2.7141e+00 4.5448e+02 4.6260e+01
2.7182e+00 4.5380e+02 4.6084e+01
2.7223e+00 4.5338e+02 4.5968e+01
2.7264e+00 4.5196e+02 4.5786e+01
2.7305e+00 4.5120e+02 4.5655e+01
2.7346e+00 4.4989e+02 4.5418e+01
2.7387e+00 4.4910e+02 4.5295e+01
2.7427e+00 4.4875e+02 4.5211e+01
2.7468e+00 4.4759e+02 4.5028e+01
2.7509e+00 4.4690e+02 4.4875e+01
2.7550e+00 4.4576e+02 4.4702e+01
2.7591e+00 4.4543e+02 4.4620e+01
2.7632e+00 4.4391e+02 4.4432e+01
2.7673e+00 4.4353e+02 4.4308e+01
2.7714e+00 4.4276e+02 4.4182e+01
2.7755e+00 4.4153e+02 4.3960e+01
2.7796e+00 4.4039e+02 4.3872e+01
2.7837e+00 4.4037e+02 4.3747e+01
2.7877e+00 4.3898e+02 4.3565e+01
2.7918e+00 4.3800e+02 4.3393e+01
2.7959e+00 4.3727e+02 4.3278e+01
2.8000e+00 4.3621e+02 4.3097e+01
2.8041e+00 4.3571e+02 4.2980e+01
2.8082e+00 4.3472e+02 4.2847e+01
2.8123e+00 4.3408e+02 4.2738e+01
2.8164e+00 4.3293e+02 4.2532e+01
2.8205e+00 4.3197e+02 4.2396e+01
2.8246e+00 4.3111e+02 4.2234e+01
2.8287e+00 4.3053e+02 4.2122e+01
2.8327e+00 4.2975e+02 4.1983e+01
2.8368e+00 4.2868e+02 4.1844e+01
2.8409e+00 4.2771e+02 4.1678e+01
2.8450e+00 4.2692e+02 4.1551e+01
2.8491e+00 4.2620e+02 4.1441e+01
2.8532e+00 4.2514e+02 4.1240e+01
2.8573e+00 4.2430e+02 4.1123e+01
2.8614e+00 4.2334e+02 4.0954e+01
2.8655e+00 4.2276e+02 4.0854e+01
2.8696e+00 4.2179e+02 4.0668e+01
2.8736e+00 4.2084e+02 4.0535e+01
2.8777e+00 4.2069e+02 4.0432e+01
2.8818e+00 4.1898e+02 4.0271e+01
2.8859e+00 4.1897e+02 4.0223e+01
2.8900e+00 4.1783e+02 4.0028e+01
2.8941e+00 4.1667e+02 3.9873e+01
2.8982e+00 4.1596e+02 3.9760e+01
2.9023e+00 4.1523e+02 3.9620e+01
2.9064e+00 4.1434e+02 3.9468e+01
2.9105e+00 4.1369e+02 3.9366e+01
2.9146e+00 4.1283e+02 3.9215e+01
2.9187e+00 4.1183e+02 3.9066e+01
2.9227e+00 4.1142e+02 3.8958e+01
2.9268e+00 4.1044e+02 3.8873e+01
2.9309e+00 4.0940e+02 3.8676e+01
2.9350e+00 4.0870e+02 3.8553e+01
2.9391e+00 4.0792e+02 3.8451e+01
2.9432e+00 4.0716e+02 3.8329e+01
2.9473e+00 4.0608e+02 3.8164e+01
2.9514e+00 4.0542e+02 3.8041e+01
2.9555e+00 4.0431e+02 3.7849e+01
2.9596e+00 4.0369e+02 3.7773e+01
2.9636e+00 4.0245e+02 3.7622e+01
2.9677e+00 4.0216e+02 3.7556e+01
2.9718e+00 4.0141e+02 3.7395e+01
2.9759e+00 4.0046e+02 3.7277e+01
2.9800e+00 3.9932e+02 3.7108e+01
2.9841e+00 3.9821e+02 3.6924e+01
2.9882e+00 3.9785e+02 3.6856e+01
2.9923e+00 3.9738e+02 3.6757e+01
2.9964e+00 3.9652e+02 3.6633e+01
3.0005e+00 3.9542e+02 3.6518e+01
3.0046e+00 3.9448e+02 3.6348e+01
3.0086e+00 3.9386e+02 3.6225e+01
3.0127e+00 3.9302e+02 3.6110e+01
3.0168e+00 3.9241e+02 3.6019e+01
3.0209e+00 3.9148e+02 3.5857e+01
3.0250e+00 3.9066e+02 3.5732e+01
3.0291e+00 3.8958e+02 3.5572e+01
3.0332e+00 3.8907e+02 3.5487e+01
3.0373e+00 3.8814e+02 3.5330e+01
3.0414e+00 3.8787e+02 3.5257e+01
3.0455e+00 3.8632e+02 3.5095e+01
3.0495e+00 3.8590e+02 3.4983e+01
3.0536e+00 3.8498e+02 3.4868e+01
3.0577e+00 3.8438e+02 3.4792e+01
3.0618e+00 3.8345e+02 3.4637e+01
3.0659e+00 3.8246e+02 3.4501e+01
3.0700e+00 3.8180e+02 3.4390e+01
3.0741e+00 3.8107e+02 3.4276e+01
3.0782e+00 3.8040e+02 3.4132e+01
3.0823e+00 3.7932e+02 3.4012e+01
3.0864e+00 3.7864e+02 3.3894e+01
3.0905e+00 3.7766e+02 3.3771e+01
3.0945e+00 3.7676e+02 3.3650e+01
3.0986e+00 3.7647e+02 3.3570e+01
3.1027e+00 3.7554e+02 3.3406e+01
3.1068e+00 3.7476e+02 3.3318e+01
3.1109e+00 3.7391e+02 3.3189e+01
3.1150e+00 3.7340e+02 3.3105e+01
3.1191e+00 3.7237e+02 3.2966e+01
3.1232e+00 3.7179e+02 3.2855e+01
3.1273e+00 3.7084e+02 3.2753e+01
3.1314e+00 3.7032e+02 3.2625e+01
3.1355e+00 3.6946e+02 3.2521e+01
3.1395e+00 3.6882e+02 3.2432e+01
3.1436e+00 3.6769e+02 3.2255e+01
3.1477e+00 3.6727e+02 3.2196e+01
3.1518e+00 3.6639e+02 3.2070e+01
3.1559e+00 3.6523e+02 3.1922e+01
3.1600e+00 3.6495e+02 3.1849e+01
3.1641e+00 3.6400e+02 3.1707e+01
3.1682e+00 3.6312e+02 3.1599e+01
3.1723e+00 3.6239e+02 3.1497e+01
3.1764e+00 3.6193e+02 3.1381e+01
3.1804e+00 3.6101e+02 3.1261e+01
3.1845e+00 3.6048e+02 3.1168e+01
3.1886e+00 3.5960e+02 3.1079e+01
3.1927e+00 3.5897e+02 3.0968e+01
3.1968e+00 3.5780e+02 3.0821e+01
3.2009e+00 3.5727e+02 3.0755e+01
3.2050e+00 3.5670e+02 3.0646e+01
3.2091e+00 3.5598e+02 3.0552e+01
3.2132e+00 3.5510e+02 3.0418e+01
3.2173e+00 3.5420e+02 3.0290e+01
3.2214e+00 3.5346e+02 3.0158e+01
3.2254e+00 3.5270e+02 3.0073e+01
3.2295e+00 3.5215e+02 2.9994e+01
3.2336e+00 3.5134e+02 2.9875e+01
3.2377e+00 3.5091e+02 2.9801e+01
3.2418e+00 3.4959e+02 2.9634e+01
3.2459e+00 3.4944e+02 2.9579e+01
3.2500e+00 3.4844e+02 2.9448e+01
3.2541e+00 3.4746e+02 2.9317e+01
3.2582e+00 3.4682e+02 2.9219e+01
3.2623e+00 3.4617e+02 2.9147e+01
3.2663e+00 3.4548e+02 2.9041e+01
3.2704e+00 3.4428e+02 2.8883e+01
3.2745e+00 3.4417e+02 2.8838e+01
3.2786e+00 3.4346e+02 2.8755e+01
3.2827e+00 3.4245e+02 2.8610e+01
3.2868e+00 3.4177e+02 2.8527e+01
3.2909e+00 3.4112e+02 2.8435e+01
3.2950e+00 3.4044e+02 2.8331e+01
3.2991e+00 3.3940e+02 2.8200e+01
3.3032e+00 3.3935e+02 2.8173e+01
3.3073e+00 3.3817e+02 2.8019e+01
3.3113e+00 3.3749e+02 2.7929e+01
3.3154e+00 3.3645e+02 2.7792e+01
3.3195e+00 3.3622e+02 2.7731e+01
3.3236e+00 3.3545e+02 2.7621e+01
3.3277e+00 3.3451e+02 2.7516e+01
3.3318e+00 3.3412e+02 2.7444e+01
3.3359e+00 3.3320e+02 2.7336e+01
3.3400e+00 3.3260e+02 2.7235e+01
3.3441e+00 3.3197e+02 2.7141e+01
3.3482e+00 3.3094e+02 2.7009e+01
3.3523e+00 3.3067e+02 2.6957e+01
3.3563e+00 3.2993e+02 2.6872e+01
3.3604e+00 3.2927e+02 2.6778e+01
3.3645e+00 3.2842e+02 2.6640e+01
3.3686e+00 3.2770e+02 2.6548e+01
3.3727e+00 3.2684e+02 2.6433e+01
3.3768e+00 3.2616e+02 2.6353e+01
3.3809e+00 3.2581e+02 2.6302e+01
3.3850e+00 3.2495e+02 2.6173e+01
3.3891e+00 3.2411e+02 2.6080e+01
3.3932e+00 3.2321e+02 2.5968e+01
3.3973e+00 3.2270e+02 2.5905e+01
3.4013e+00 3.2252e+02 2.5848e+01
3.4054e+00 3.2140e+02 2.5720e+01
3.4095e+00 3.2065e+02 2.5626e+01
3.4136e+00 3.2011e+02 2.5530e+01
3.4177e+00 3.1964e+02 2.5460e+01
3.4218e+00 3.1888e+02 2.5357e+01
3.4259e+00 3.1791e+02 2.5254e+01
3.4300e+00 3.1754e+02 2.5187e+01
3.4341e+00 3.1659e+02 2.5070e+01
3.4382e+00 3.1593e+02 2.4993e+01
3.4422e+00 3.1557e+02 2.4908e+01
3.4463e+00 3.1461e+02 2.4789e+01
3.4504e+00 3.1426e+02 2.4758e+01
3.4545e+00 3.1328e+02 2.4625e+01
3.4586e+00 3.1290e+02 2.4555e+01
3.4627e+00 3.1207e+02 2.4455e+01
3.4668e+00 3.1146e+02 2.4363e+01
3.4709e+00 3.1054e+02 2.4260e+01
3.4750e+00 3.1005e+02 2.4197e+01
3.4791e+00 3.0925e+02 2.4083e+01
3.4832e+00 3.0890e+02 2.4016e+01
3.4872e+00 3.0820e+02 2.3948e+01
3.4913e+00 3.0776e+02 2.3877e+01
3.4954e+00 3.0705e+02 2.3802e+01
3.4995e+00 3.0631e+02 2.3698e+01
3.5036e+00 3.0555e+02 2.3608e+01
3.5077e+00 3.0499e+02 2.3526e+01
3.5118e+00 3.0444e+02 2.3453e+01
3.5159e+00 3.0362e+02 2.3347e+01
3.5200e+00 3.0292e+02 2.3268e+01
3.5241e+00 3.0209e+02 2.3170e+01
3.5281e+00 3.0181e+02 2.3095e+01
3.5322e+00 3.0088e+02 2.3009e+01
3.5363e+00 3.0040e+02 2.2941e+01
3.5404e+00 2.9987e+02 2.2862e+01
3.5445e+00 2.9916e+02 2.2762e+01
3.5486e+00 2.9873e+02 2.2703e+01
3.5527e+00 2.9788e+02 2.2608e+01
3.5568e+00 2.9727e+02 2.2534e+01
3.5609e+00 2.9670e+02 2.2459e+01
3.5650e+00 2.9619e+02 2.2380e+01
3.5691e+00 2.9556e+02 2.2329e+01
3.5732e+00 2.9482e+02 2.2213e+01
3.5772e+00 2.9405e+02 2.2128e+01
3.5813e+00 2.9349e+02 2.2060e+01
3.5854e+00 2.9297e+02 2.1969e+01
3.5895e+00 2.9240e+02 2.1900e+01
3.5936e+00 2.9213e+02 2.1847e+01
3.5977e+00 2.9116e+02 2.1726e+01
3.6018e+00 2.9042e+02 2.1661e+01
3.6059e+00 2.9001e+02 2.1587e+01
3.6100e+00 2.8939e+02 2.1525e+01
3.6141e+00 2.8864e+02 2.1426e+01
3.6181e+00 2.8814e+02 2.1368e+01
3.6222e+00 2.8760e+02 2.1295e+01
3.6263e+00 2.8674e+02 2.1201e+01
3.6304e+00 2.8653e+02 2.1164e+01
3.6345e+00 2.8565e+02 2.1062e+01
3.6386e+00 2.8514e+02 2.0994e+01
3.6427e+00 2.8445e+02 2.0912e+01
3.6468e+00 2.8386e+02 2.0825e+01
3.6509e+00 2.8306e+02 2.0738e+01
3.6550e+00 2.8266e+02 2.0691e+01
3.6591e+00 2.8213e+02 2.0620e+01
3.6631e+00 2.8178e+02 2.0558e+01
3.6672e+00 2.8142e+02 2.0517e+01
3.6713e+00 2.8032e+02 2.0404e+01
3.6754e+00 2.7993e+02 2.0356e+01
3.6795e+00 2.7925e+02 2.0262e+01
3.6836e+00 2.7867e+02 2.0196e+01
3.6877e+00 2.7799e+02 2.0113e+01
3.6918e+00 2.7739e+02 2.0033e+01
3.6959e+00 2.7703e+02 1.9990e+01
3.7000e+00 2.7631e+02 1.9904e+01
3.7040e+00 2.7583e+02 1.9850e+01
3.7081e+00 2.7541e+02 1.9788e+01
3.7122e+00 2.7461e+02 1.9702e+01
3.7163e+00 2.7422e+02 1.9646e+01
3.7204e+00 2.7356e+02 1.9559e+01
3.7245e+00 2.7285e+02 1.9485e+01
3.7286e+00 2.7232e+02 1.9415e+01
3.7327e+00 2.7183e+02 1.9355e+01
3.7368e+00 2.7145e+02 1.9302e+01
3.7409e+00 2.7071e+02 1.9226e+01
3.7450e+00 2.7017e+02 1.9153e+01
3.7490e+00 2.6974e+02 1.9104e+01
3.7531e+00 2.6914e+02 1.9028e+01
3.7572e+00 2.6854e+02 1.8957e+01
3.7613e+00 2.6806e+02 1.8899e+01
3.7654e+00 2.6738e+02 1.8818e+01
3.7695e+00 2.6686e+02 1.8758e+01
3.7736e+00 2.6635e+02 1.8698e+01
3.7777e+00 2.6585e+02 1.8648e+01
3.7818e+00 2.6526e+02 1.8568e+01
3.7859e+00 2.6468e+02 1.8502e+01
3.7900e+00 2.6405e+02 1.8425e+01
3.7940e+00 2.6379e+02 1.8392e+01
3.7981e+00 2.6285e+02 1.8290e+01
3.8022e+00 2.6267e+02 1.8272e+01
3.8063e+00 2.6181e+02 1.8176e+01
3.8104e+00 2.6163e+02 1.8141e+01
3.8145e+00 2.6104e+02 1.8065e+01
3.8186e+00 2.6039e+02 1.7995e+01
3.8227e+00 2.6015e+02 1.7959e+01
3.8268e+00 2.5964e+02 1.7909e+01
3.8309e+00 2.5891e+02 1.7823e+01
3.8349e+00 2.5841e+02 1.7774e+01
3.8390e+00 2.5794e+02 1.7719e+01
3.8431e+00 2.5747e+02 1.7648e+01
3.8472e+00 2.5705e+02 1.7606e+01
3.8513e+00 2.5637e+02 1.7535e+01
3.8554e+00 2.5594e+02 1.7481e+01
3.8595e+00 2.5535e+02 1.7414e+01
3.8636e+00 2.5502e+02 1.7366e+01
3.8677e+00 2.5429e+02 1.7285e+01
3.8718e+00 2.5374e+02 1.7225e+01
3.8759e+00 2.5350e+02 1.7186e+01
3.8799e+00 2.5286e+02 1.7125e+01
3.8840e+00 2.5229e+02 1.7060e+01
3.8881e+00 2.5190e+02 1.7014e+01
3.8922e+00 2.5133e+02 1.6947e+01
3.8963e+00 2.5096e+02 1.6910e+01
3.9004e+00 2.5059e+02 1.6868e+01
3.9045e+00 2.5009e+02 1.6795e+01
3.9086e+00 2.4925e+02 1.6717e+01
3.9127e+00 2.4907e+02 1.6681e+01
3.9168e+00 2.4859e+02 1.6642e+01
3.9209e+00 2.4768e+02 1.6547e+01
3.9249e+00 2.4759e+02 1.6515e+01
3.9290e+00 2.4710e+02 1.6467e+01
3.9331e+00 2.4644e+02 1.6395e+01
3.9372e+00 2.4616e+02 1.6353e+01
3.9413e+00 2.4558e+02 1.6291e+01
3.9454e+00 2.4506e+02 1.6234e+01
3.9495e+00 2.4453e+02 1.6180e+01
3.9536e+00 2.4409e+02 1.6130e+01
3.9577e+00 2.4348e+02 1.6074e+01
3.9618e+00 2.4327e+02 1.6038e+01
3.9658e+00 2.4271e+02 1.5967e+01
3.9699e+00 2.4226e+02 1.5933e+01
3.9740e+00 2.4171e+02 1.5874e+01
3.9781e+00 2.4132e+02 1.5831e+01
3.9822e+00 2.4106e+02 1.5789e+01
3.9863e+00 2.4045e+02 1.5717e+01
3.9904e+00 2.3988e+02 1.5663e+01
3.9945e+00 2.3959e+02 1.5630e+01
3.9986e+00 2.3930e+02 1.5593e+01
4.0027e+00 2.3876e+02 1.5538e+01
4.0068e+00 2.3821e+02 1.5471e+01
4.0108e+00 2.3786e+02 1.5434e+01
4.0149e+00 2.3743e+02 1.5391e+01
4.0190e+00 2.3695e+02 1.5331e+01
4.0231e+00 2.3631e+02 1.5277e+01
4.0272e+00 2.3594e+02 1.5232e+01
4.0313e+00 2.3575e+02 1.5198e+01
4.0354e+00 2.3502e+02 1.5135e+01
4.0395e+00 2.3463e+02 1.5088e+01
4.0436e+00 2.3426e+02 1.5054e+01
4.0477e+00 2.3388e+02 1.5007e+01
4.0517e+00 2.3345e+02 1.4958e+01
4.0558e+00 2.3305e+02 1.4914e+01
4.0599e+00 2.3248e+02 1.4863e+01
4.0640e+00 2.3202e+02 1.4817e+01
4.0681e+00 2.3180e+02 1.4775e+01
4.0722e+00 2.3125e+02 1.4732e+01
4.0763e+00 2.3071e+02 1.4670e+01
4.0804e+00 2.3040e+02 1.4639e+01
4.0845e+00 2.3013e+02 1.4602e+01
4.0886e+00 2.2954e+02 1.4546e+01
4.0927e+00 2.2919e+02 1.4513e+01
4.0967e+00 2.2897e+02 1.4472e+01
4.1008e+00 2.2831e+02 1.4421e+01
4.1049e+00 2.2801e+02 1.4389e+01
4.1090e+00 2.2756e+02 1.4327e+01
4.1131e+00 2.2724e+02 1.4299e+01
4.1172e+00 2.2671e+02 1.4256e+01
4.1213e+00 2.2640e+02 1.4219e+01
4.1254e+00 2.2585e+02 1.4162e+01
4.1295e+00 2.2557e+02 1.4124e+01
4.1336e+00 2.2509e+02 1.4083e+01
4.1377e+00 2.2475e+02 1.4043e+01
4.1417e+00 2.2450e+02 1.4010e+01
4.1458e+00 2.2388e+02 1.3955e+01
4.1499e+00 2.2371e+02 1.3927e+01
4.1540e+00 2.2327e+02 1.3884e+01
4.1581e+00 2.2271e+02 1.3833e+01
4.1622e+00 2.2254e+02 1.3810e+01
4.1663e+00 2.2201e+02 1.3759e+01
4.1704e+00 2.2148e+02 1.3710e+01
4.1745e+00 2.2117e+02 1.3688e+01
4.1786e+00 2.2073e+02 1.3631e+01
4.1826e+00 2.2040e+02 1.3604e+01
4.1867e+00 2.2002e+02 1.3561e+01
