# k, phh, phm/ 
0.0000e+00 0.0000e+00 0.0000e+00
5.7940e-03 1.5387e+04 1.3208e+04
1.0472e-02 2.6796e+04 2.2340e+04
1.4266e-02 3.4494e+04 3.0117e+04
1.8123e-02 3.2269e+04 2.7422e+04
2.2484e-02 2.9331e+04 2.4887e+04
2.6451e-02 2.8090e+04 2.4211e+04
3.0447e-02 2.5564e+04 2.1855e+04
3.4732e-02 2.3516e+04 1.9921e+04
3.8831e-02 2.0577e+04 1.7425e+04
4.2814e-02 1.8544e+04 1.5715e+04
4.6886e-02 1.8520e+04 1.5638e+04
5.0986e-02 1.7139e+04 1.4490e+04
5.5146e-02 1.4570e+04 1.2116e+04
5.9224e-02 1.5584e+04 1.3040e+04
6.3286e-02 1.4100e+04 1.1744e+04
6.7367e-02 1.3449e+04 1.1188e+04
7.1496e-02 1.2176e+04 1.0179e+04
7.5589e-02 1.1905e+04 9.9127e+03
7.9666e-02 1.1359e+04 9.3975e+03
8.3818e-02 1.0491e+04 8.6537e+03
8.7894e-02 9.4768e+03 7.7570e+03
9.1924e-02 9.0829e+03 7.4354e+03
9.6045e-02 8.7010e+03 7.1425e+03
1.0013e-01 7.6877e+03 6.2721e+03
1.0421e-01 7.2708e+03 5.9147e+03
1.0833e-01 6.9065e+03 5.5610e+03
1.1245e-01 6.8182e+03 5.5051e+03
1.1652e-01 6.5359e+03 5.2607e+03
1.2060e-01 6.1916e+03 4.9745e+03
1.2466e-01 6.0417e+03 4.8554e+03
1.2877e-01 5.9900e+03 4.7872e+03
1.3287e-01 5.7622e+03 4.5980e+03
1.3698e-01 5.6040e+03 4.4392e+03
1.4107e-01 5.1847e+03 4.1212e+03
1.4517e-01 5.1280e+03 4.0519e+03
1.4927e-01 4.7933e+03 3.7880e+03
1.5333e-01 4.6407e+03 3.6469e+03
1.5742e-01 4.5001e+03 3.5163e+03
1.6151e-01 4.2940e+03 3.3809e+03
1.6559e-01 4.0822e+03 3.1843e+03
1.6969e-01 3.9495e+03 3.0813e+03
1.7380e-01 3.8606e+03 2.9955e+03
1.7790e-01 3.8131e+03 2.9583e+03
1.8200e-01 3.6999e+03 2.8738e+03
1.8609e-01 3.6544e+03 2.8131e+03
1.9016e-01 3.5305e+03 2.7034e+03
1.9424e-01 3.4412e+03 2.6348e+03
1.9833e-01 3.3295e+03 2.5447e+03
2.0243e-01 3.2690e+03 2.4994e+03
2.0652e-01 3.1795e+03 2.4206e+03
2.1063e-01 3.0403e+03 2.3177e+03
2.1472e-01 2.9810e+03 2.2533e+03
2.1883e-01 2.9052e+03 2.1943e+03
2.2290e-01 2.8376e+03 2.1419e+03
2.2699e-01 2.7997e+03 2.1034e+03
2.3108e-01 2.7579e+03 2.0600e+03
2.3515e-01 2.6694e+03 1.9919e+03
2.3924e-01 2.6279e+03 1.9535e+03
2.4334e-01 2.5811e+03 1.9163e+03
2.4744e-01 2.5024e+03 1.8535e+03
2.5154e-01 2.4547e+03 1.8144e+03
2.5561e-01 2.4455e+03 1.7978e+03
2.5972e-01 2.3801e+03 1.7517e+03
2.6381e-01 2.3089e+03 1.6859e+03
2.6790e-01 2.3096e+03 1.6896e+03
2.7199e-01 2.2545e+03 1.6457e+03
2.7607e-01 2.2030e+03 1.6045e+03
2.8017e-01 2.1644e+03 1.5710e+03
2.8427e-01 2.1212e+03 1.5359e+03
2.8835e-01 2.1115e+03 1.5249e+03
2.9243e-01 2.0665e+03 1.4846e+03
2.9651e-01 2.0414e+03 1.4600e+03
3.0063e-01 1.9965e+03 1.4295e+03
3.0473e-01 1.9445e+03 1.3875e+03
3.0882e-01 1.9330e+03 1.3781e+03
3.1292e-01 1.9261e+03 1.3720e+03
3.1700e-01 1.8783e+03 1.3355e+03
3.2108e-01 1.8491e+03 1.3136e+03
3.2517e-01 1.8347e+03 1.2945e+03
3.2925e-01 1.8083e+03 1.2741e+03
3.3333e-01 1.7753e+03 1.2426e+03
3.3744e-01 1.7761e+03 1.2416e+03
3.4154e-01 1.7392e+03 1.2086e+03
3.4562e-01 1.7301e+03 1.2066e+03
3.4972e-01 1.6964e+03 1.1797e+03
3.5382e-01 1.6801e+03 1.1624e+03
3.5791e-01 1.6547e+03 1.1498e+03
3.6198e-01 1.6416e+03 1.1330e+03
3.6607e-01 1.6115e+03 1.1149e+03
3.7019e-01 1.6009e+03 1.0997e+03
3.7428e-01 1.5793e+03 1.0845e+03
3.7836e-01 1.5509e+03 1.0578e+03
3.8245e-01 1.5451e+03 1.0562e+03
3.8653e-01 1.5355e+03 1.0463e+03
3.9062e-01 1.5204e+03 1.0319e+03
3.9471e-01 1.4884e+03 1.0095e+03
3.9879e-01 1.4880e+03 1.0082e+03
4.0290e-01 1.4582e+03 9.8254e+02
4.0699e-01 1.4504e+03 9.7567e+02
4.1107e-01 1.4396e+03 9.6828e+02
4.1517e-01 1.4269e+03 9.5628e+02
4.1926e-01 1.4197e+03 9.4849e+02
4.2335e-01 1.3992e+03 9.3288e+02
4.2745e-01 1.3926e+03 9.2445e+02
4.3153e-01 1.3713e+03 9.0966e+02
4.3562e-01 1.3699e+03 9.0938e+02
4.3972e-01 1.3483e+03 8.9158e+02
4.4380e-01 1.3446e+03 8.8802e+02
4.4789e-01 1.3292e+03 8.7486e+02
4.5198e-01 1.3122e+03 8.6146e+02
4.5607e-01 1.3089e+03 8.5581e+02
4.6017e-01 1.2973e+03 8.4847e+02
4.6426e-01 1.2827e+03 8.3757e+02
4.6835e-01 1.2750e+03 8.3016e+02
4.7245e-01 1.2717e+03 8.2495e+02
4.7654e-01 1.2569e+03 8.1332e+02
4.8063e-01 1.2454e+03 8.0656e+02
4.8472e-01 1.2330e+03 7.9561e+02
4.8879e-01 1.2301e+03 7.9247e+02
4.9289e-01 1.2213e+03 7.8494e+02
4.9698e-01 1.2097e+03 7.7617e+02
5.0107e-01 1.2018e+03 7.6768e+02
5.0517e-01 1.1998e+03 7.6539e+02
5.0927e-01 1.1853e+03 7.5463e+02
5.1337e-01 1.1766e+03 7.4840e+02
5.1744e-01 1.1745e+03 7.4543e+02
5.2152e-01 1.1675e+03 7.3940e+02
5.2561e-01 1.1519e+03 7.2756e+02
5.2971e-01 1.1454e+03 7.2070e+02
5.3380e-01 1.1365e+03 7.1345e+02
5.3789e-01 1.1317e+03 7.0827e+02
5.4199e-01 1.1273e+03 7.0344e+02
5.4609e-01 1.1200e+03 6.9800e+02
5.5017e-01 1.1106e+03 6.9506e+02
5.5425e-01 1.1031e+03 6.8670e+02
5.5835e-01 1.0997e+03 6.8240e+02
5.6244e-01 1.0934e+03 6.7694e+02
5.6653e-01 1.0932e+03 6.7608e+02
5.7062e-01 1.0819e+03 6.6847e+02
5.7471e-01 1.0764e+03 6.6189e+02
5.7880e-01 1.0685e+03 6.5632e+02
5.8288e-01 1.0615e+03 6.5035e+02
5.8698e-01 1.0570e+03 6.4662e+02
5.9107e-01 1.0546e+03 6.4491e+02
5.9517e-01 1.0474e+03 6.3914e+02
5.9926e-01 1.0419e+03 6.3360e+02
6.0335e-01 1.0348e+03 6.2863e+02
6.0745e-01 1.0337e+03 6.2538e+02
6.1154e-01 1.0174e+03 6.1687e+02
6.1562e-01 1.0225e+03 6.1775e+02
6.1970e-01 1.0118e+03 6.0847e+02
6.2379e-01 1.0100e+03 6.0705e+02
6.2789e-01 1.0042e+03 6.0268e+02
6.3199e-01 9.9810e+02 5.9853e+02
6.3607e-01 9.9828e+02 5.9541e+02
6.4016e-01 9.8754e+02 5.8901e+02
6.4424e-01 9.8984e+02 5.8906e+02
6.4834e-01 9.8227e+02 5.8339e+02
6.5243e-01 9.7938e+02 5.8058e+02
6.5651e-01 9.7306e+02 5.7654e+02
6.6061e-01 9.7223e+02 5.7352e+02
6.6471e-01 9.6704e+02 5.7144e+02
6.6880e-01 9.5992e+02 5.6393e+02
6.7289e-01 9.5523e+02 5.5984e+02
6.7698e-01 9.4803e+02 5.5632e+02
6.8107e-01 9.5110e+02 5.5624e+02
6.8516e-01 9.4183e+02 5.4994e+02
6.8925e-01 9.4551e+02 5.5141e+02
6.9334e-01 9.3718e+02 5.4381e+02
6.9743e-01 9.3341e+02 5.4151e+02
7.0153e-01 9.3256e+02 5.3894e+02
7.0562e-01 9.2357e+02 5.3414e+02
7.0971e-01 9.2289e+02 5.3180e+02
7.1380e-01 9.1785e+02 5.2732e+02
7.1789e-01 9.1834e+02 5.2715e+02
7.2198e-01 9.1267e+02 5.2327e+02
7.2606e-01 9.0907e+02 5.2068e+02
7.3015e-01 9.0598e+02 5.1789e+02
7.3424e-01 9.0233e+02 5.1331e+02
7.3834e-01 9.0058e+02 5.1141e+02
7.4243e-01 8.9746e+02 5.0974e+02
7.4651e-01 8.9224e+02 5.0465e+02
7.5061e-01 8.9274e+02 5.0458e+02
7.5471e-01 8.8968e+02 5.0169e+02
7.5879e-01 8.8612e+02 4.9830e+02
7.6289e-01 8.8107e+02 4.9583e+02
7.6699e-01 8.7797e+02 4.9263e+02
7.7107e-01 8.7800e+02 4.9185e+02
7.7515e-01 8.7046e+02 4.8689e+02
7.7924e-01 8.6996e+02 4.8529e+02
7.8334e-01 8.6662e+02 4.8339e+02
7.8743e-01 8.6327e+02 4.7842e+02
7.9151e-01 8.5934e+02 4.7678e+02
7.9561e-01 8.5895e+02 4.7637e+02
7.9970e-01 8.5846e+02 4.7434e+02
8.0380e-01 8.5318e+02 4.7118e+02
8.0788e-01 8.5084e+02 4.6825e+02
8.1196e-01 8.4603e+02 4.6486e+02
8.1606e-01 8.4367e+02 4.6198e+02
8.2015e-01 8.4545e+02 4.6346e+02
8.2424e-01 8.4382e+02 4.6058e+02
8.2833e-01 8.3951e+02 4.5808e+02
8.3243e-01 8.3660e+02 4.5533e+02
8.3652e-01 8.3209e+02 4.5203e+02
8.4061e-01 8.3076e+02 4.5007e+02
8.4470e-01 8.2862e+02 4.4793e+02
8.4879e-01 8.2326e+02 4.4402e+02
8.5288e-01 8.2514e+02 4.4477e+02
8.5697e-01 8.1994e+02 4.3987e+02
8.6106e-01 8.1907e+02 4.3973e+02
8.6515e-01 8.1302e+02 4.3595e+02
8.6923e-01 8.1703e+02 4.3710e+02
8.7333e-01 8.1075e+02 4.3187e+02
8.7743e-01 8.0998e+02 4.3051e+02
8.8151e-01 8.0879e+02 4.3061e+02
8.8560e-01 8.0372e+02 4.2585e+02
8.8969e-01 8.0558e+02 4.2737e+02
8.9378e-01 8.0143e+02 4.2397e+02
8.9788e-01 7.9906e+02 4.2109e+02
9.0196e-01 7.9892e+02 4.2054e+02
9.0605e-01 7.9589e+02 4.1781e+02
9.1015e-01 7.9077e+02 4.1386e+02
9.1424e-01 7.9228e+02 4.1448e+02
9.1833e-01 7.8659e+02 4.1070e+02
9.2242e-01 7.8702e+02 4.1058e+02
9.2651e-01 7.8780e+02 4.0972e+02
9.3060e-01 7.8248e+02 4.0691e+02
9.3469e-01 7.8251e+02 4.0591e+02
9.3879e-01 7.8108e+02 4.0485e+02
9.4287e-01 7.7800e+02 4.0112e+02
9.4696e-01 7.7691e+02 4.0056e+02
9.5105e-01 7.7543e+02 3.9907e+02
9.5515e-01 7.7231e+02 3.9567e+02
9.5924e-01 7.7059e+02 3.9518e+02
9.6333e-01 7.7030e+02 3.9377e+02
9.6742e-01 7.6780e+02 3.9129e+02
9.7151e-01 7.6393e+02 3.8910e+02
9.7559e-01 7.6404e+02 3.8855e+02
9.7968e-01 7.6070e+02 3.8553e+02
9.8377e-01 7.5682e+02 3.8352e+02
9.8787e-01 7.5822e+02 3.8321e+02
9.9196e-01 7.5499e+02 3.8145e+02
9.9605e-01 7.5313e+02 3.7871e+02
1.0002e+00 7.5432e+02 3.7865e+02
1.0042e+00 7.5061e+02 3.7648e+02
1.0083e+00 7.4939e+02 3.7517e+02
1.0124e+00 7.4810e+02 3.7414e+02
1.0165e+00 7.4498e+02 3.7250e+02
1.0206e+00 7.4273e+02 3.6985e+02
1.0247e+00 7.4398e+02 3.6984e+02
1.0288e+00 7.4072e+02 3.6706e+02
1.0329e+00 7.3935e+02 3.6591e+02
1.0370e+00 7.4098e+02 3.6605e+02
1.0410e+00 7.3637e+02 3.6316e+02
1.0451e+00 7.3555e+02 3.6183e+02
1.0492e+00 7.3343e+02 3.5992e+02
1.0533e+00 7.3052e+02 3.5796e+02
1.0574e+00 7.3178e+02 3.5822e+02
1.0615e+00 7.2747e+02 3.5558e+02
1.0656e+00 7.2598e+02 3.5367e+02
1.0697e+00 7.2579e+02 3.5242e+02
1.0738e+00 7.2603e+02 3.5253e+02
1.0779e+00 7.2305e+02 3.5044e+02
1.0820e+00 7.2164e+02 3.4897e+02
1.0860e+00 7.2047e+02 3.4795e+02
1.0901e+00 7.1841e+02 3.4594e+02
1.0942e+00 7.1699e+02 3.4516e+02
1.0983e+00 7.1528e+02 3.4350e+02
1.1024e+00 7.1399e+02 3.4181e+02
1.1065e+00 7.1310e+02 3.4133e+02
1.1106e+00 7.1217e+02 3.3980e+02
1.1147e+00 7.0954e+02 3.3748e+02
1.1188e+00 7.0881e+02 3.3642e+02
1.1229e+00 7.0650e+02 3.3507e+02
1.1270e+00 7.0549e+02 3.3405e+02
1.1310e+00 7.0695e+02 3.3368e+02
1.1351e+00 7.0208e+02 3.3112e+02
1.1392e+00 6.9978e+02 3.2991e+02
1.1433e+00 6.9986e+02 3.2848e+02
1.1474e+00 7.0000e+02 3.2810e+02
1.1515e+00 6.9671e+02 3.2585e+02
1.1556e+00 6.9623e+02 3.2504e+02
1.1597e+00 6.9466e+02 3.2320e+02
1.1638e+00 6.9327e+02 3.2204e+02
1.1679e+00 6.9061e+02 3.2068e+02
1.1719e+00 6.9169e+02 3.2055e+02
1.1760e+00 6.8941e+02 3.1824e+02
1.1801e+00 6.8780e+02 3.1723e+02
1.1842e+00 6.8675e+02 3.1621e+02
1.1883e+00 6.8597e+02 3.1492e+02
1.1924e+00 6.8406e+02 3.1327e+02
1.1965e+00 6.8116e+02 3.1220e+02
1.2006e+00 6.8212e+02 3.1204e+02
1.2047e+00 6.8067e+02 3.1052e+02
1.2088e+00 6.7758e+02 3.0820e+02
1.2129e+00 6.7882e+02 3.0823e+02
1.2169e+00 6.7575e+02 3.0607e+02
1.2210e+00 6.7634e+02 3.0584e+02
1.2251e+00 6.7388e+02 3.0468e+02
1.2292e+00 6.7222e+02 3.0322e+02
1.2333e+00 6.7292e+02 3.0239e+02
1.2374e+00 6.7166e+02 3.0182e+02
1.2415e+00 6.6816e+02 2.9942e+02
1.2456e+00 6.6846e+02 2.9931e+02
1.2497e+00 6.6763e+02 2.9783e+02
1.2538e+00 6.6550e+02 2.9622e+02
1.2579e+00 6.6422e+02 2.9509e+02
1.2619e+00 6.6315e+02 2.9450e+02
1.2660e+00 6.6209e+02 2.9333e+02
1.2701e+00 6.6000e+02 2.9149e+02
1.2742e+00 6.6051e+02 2.9122e+02
1.2783e+00 6.5824e+02 2.9009e+02
1.2824e+00 6.5659e+02 2.8890e+02
1.2865e+00 6.5722e+02 2.8815e+02
1.2906e+00 6.5686e+02 2.8779e+02
1.2947e+00 6.5329e+02 2.8569e+02
1.2988e+00 6.5244e+02 2.8442e+02
1.3029e+00 6.5088e+02 2.8310e+02
1.3069e+00 6.5037e+02 2.8229e+02
1.3110e+00 6.4938e+02 2.8130e+02
1.3151e+00 6.4892e+02 2.8088e+02
1.3192e+00 6.4745e+02 2.7943e+02
1.3233e+00 6.4623e+02 2.7852e+02
1.3274e+00 6.4538e+02 2.7792e+02
1.3315e+00 6.4369e+02 2.7655e+02
1.3356e+00 6.4367e+02 2.7563e+02
1.3397e+00 6.4202e+02 2.7399e+02
1.3438e+00 6.4137e+02 2.7377e+02
1.3479e+00 6.3930e+02 2.7225e+02
1.3519e+00 6.3826e+02 2.7131e+02
1.3560e+00 6.3779e+02 2.7041e+02
1.3601e+00 6.3563e+02 2.6905e+02
1.3642e+00 6.3533e+02 2.6824e+02
1.3683e+00 6.3356e+02 2.6691e+02
1.3724e+00 6.3269e+02 2.6606e+02
1.3765e+00 6.3161e+02 2.6537e+02
1.3806e+00 6.3053e+02 2.6388e+02
1.3847e+00 6.2957e+02 2.6331e+02
1.3888e+00 6.2800e+02 2.6202e+02
1.3928e+00 6.2737e+02 2.6157e+02
1.3969e+00 6.2436e+02 2.5975e+02
1.4010e+00 6.2483e+02 2.6012e+02
1.4051e+00 6.2427e+02 2.5871e+02
1.4092e+00 6.2281e+02 2.5765e+02
1.4133e+00 6.2190e+02 2.5636e+02
1.4174e+00 6.2204e+02 2.5607e+02
1.4215e+00 6.1944e+02 2.5408e+02
1.4256e+00 6.1935e+02 2.5396e+02
1.4297e+00 6.1870e+02 2.5337e+02
1.4338e+00 6.1853e+02 2.5256e+02
1.4378e+00 6.1723e+02 2.5191e+02
1.4419e+00 6.1509e+02 2.5040e+02
1.4460e+00 6.1359e+02 2.4895e+02
1.4501e+00 6.1397e+02 2.4912e+02
1.4542e+00 6.1170e+02 2.4741e+02
1.4583e+00 6.0949e+02 2.4604e+02
1.4624e+00 6.0894e+02 2.4544e+02
1.4665e+00 6.0883e+02 2.4495e+02
1.4706e+00 6.0750e+02 2.4405e+02
1.4747e+00 6.0769e+02 2.4329e+02
1.4787e+00 6.0669e+02 2.4248e+02
1.4828e+00 6.0332e+02 2.4070e+02
1.4869e+00 6.0272e+02 2.3990e+02
1.4910e+00 6.0159e+02 2.3948e+02
1.4951e+00 6.0070e+02 2.3845e+02
1.4992e+00 5.9991e+02 2.3753e+02
1.5033e+00 5.9793e+02 2.3638e+02
1.5074e+00 5.9820e+02 2.3589e+02
1.5115e+00 5.9720e+02 2.3513e+02
1.5156e+00 5.9559e+02 2.3391e+02
1.5197e+00 5.9515e+02 2.3356e+02
1.5237e+00 5.9481e+02 2.3290e+02
1.5278e+00 5.9307e+02 2.3166e+02
1.5319e+00 5.9206e+02 2.3066e+02
1.5360e+00 5.8990e+02 2.2956e+02
1.5401e+00 5.9057e+02 2.2929e+02
1.5442e+00 5.8827e+02 2.2800e+02
1.5483e+00 5.8800e+02 2.2759e+02
1.5524e+00 5.8746e+02 2.2695e+02
1.5565e+00 5.8568e+02 2.2561e+02
1.5606e+00 5.8478e+02 2.2461e+02
1.5646e+00 5.8464e+02 2.2416e+02
1.5687e+00 5.8307e+02 2.2314e+02
1.5728e+00 5.8245e+02 2.2279e+02
1.5769e+00 5.8091e+02 2.2187e+02
1.5810e+00 5.7883e+02 2.2053e+02
1.5851e+00 5.7921e+02 2.1989e+02
1.5892e+00 5.7894e+02 2.1962e+02
1.5933e+00 5.7809e+02 2.1873e+02
1.5974e+00 5.7641e+02 2.1806e+02
1.6015e+00 5.7479e+02 2.1674e+02
1.6056e+00 5.7455e+02 2.1621e+02
1.6096e+00 5.7309e+02 2.1561e+02
1.6137e+00 5.7320e+02 2.1481e+02
1.6178e+00 5.7156e+02 2.1401e+02
1.6219e+00 5.6996e+02 2.1263e+02
1.6260e+00 5.6904e+02 2.1227e+02
1.6301e+00 5.6824e+02 2.1148e+02
1.6342e+00 5.6896e+02 2.1140e+02
1.6383e+00 5.6663e+02 2.1011e+02
1.6424e+00 5.6548e+02 2.0885e+02
1.6465e+00 5.6528e+02 2.0882e+02
1.6506e+00 5.6322e+02 2.0761e+02
1.6546e+00 5.6321e+02 2.0753e+02
1.6587e+00 5.6114e+02 2.0609e+02
1.6628e+00 5.6080e+02 2.0516e+02
1.6669e+00 5.6038e+02 2.0460e+02
1.6710e+00 5.5957e+02 2.0402e+02
1.6751e+00 5.5885e+02 2.0355e+02
1.6792e+00 5.5671e+02 2.0235e+02
1.6833e+00 5.5631e+02 2.0174e+02
1.6874e+00 5.5510e+02 2.0065e+02
1.6915e+00 5.5475e+02 2.0041e+02
1.6955e+00 5.5385e+02 1.9989e+02
1.6996e+00 5.5257e+02 1.9893e+02
1.7037e+00 5.5108e+02 1.9814e+02
1.7078e+00 5.5078e+02 1.9720e+02
1.7119e+00 5.4980e+02 1.9669e+02
1.7160e+00 5.4964e+02 1.9619e+02
1.7201e+00 5.4721e+02 1.9511e+02
1.7242e+00 5.4719e+02 1.9464e+02
1.7283e+00 5.4519e+02 1.9379e+02
1.7324e+00 5.4567e+02 1.9346e+02
1.7365e+00 5.4432e+02 1.9239e+02
1.7405e+00 5.4307e+02 1.9166e+02
1.7446e+00 5.4181e+02 1.9117e+02
1.7487e+00 5.4105e+02 1.9029e+02
1.7528e+00 5.3980e+02 1.8933e+02
1.7569e+00 5.3978e+02 1.8892e+02
1.7610e+00 5.3781e+02 1.8804e+02
1.7651e+00 5.3817e+02 1.8780e+02
1.7692e+00 5.3598e+02 1.8688e+02
1.7733e+00 5.3681e+02 1.8654e+02
1.7774e+00 5.3426e+02 1.8544e+02
1.7815e+00 5.3419e+02 1.8498e+02
1.7855e+00 5.3300e+02 1.8442e+02
1.7896e+00 5.3180e+02 1.8345e+02
1.7937e+00 5.3151e+02 1.8299e+02
1.7978e+00 5.3009e+02 1.8236e+02
1.8019e+00 5.2966e+02 1.8189e+02
1.8060e+00 5.2826e+02 1.8093e+02
1.8101e+00 5.2788e+02 1.8027e+02
1.8142e+00 5.2707e+02 1.7961e+02
1.8183e+00 5.2594e+02 1.7875e+02
1.8224e+00 5.2497e+02 1.7827e+02
1.8265e+00 5.2424e+02 1.7764e+02
1.8305e+00 5.2301e+02 1.7693e+02
1.8346e+00 5.2250e+02 1.7647e+02
1.8387e+00 5.2095e+02 1.7526e+02
1.8428e+00 5.2006e+02 1.7470e+02
1.8469e+00 5.1965e+02 1.7436e+02
1.8510e+00 5.1837e+02 1.7360e+02
1.8551e+00 5.1789e+02 1.7314e+02
1.8592e+00 5.1657e+02 1.7226e+02
1.8633e+00 5.1500e+02 1.7145e+02
1.8674e+00 5.1404e+02 1.7083e+02
1.8715e+00 5.1413e+02 1.7051e+02
1.8755e+00 5.1192e+02 1.6947e+02
1.8796e+00 5.1223e+02 1.6932e+02
1.8837e+00 5.1067e+02 1.6842e+02
1.8878e+00 5.1050e+02 1.6820e+02
1.8919e+00 5.0904e+02 1.6729e+02
1.8960e+00 5.0832e+02 1.6683e+02
1.9001e+00 5.0708e+02 1.6581e+02
1.9042e+00 5.0696e+02 1.6580e+02
1.9083e+00 5.0579e+02 1.6516e+02
1.9124e+00 5.0431e+02 1.6418e+02
1.9164e+00 5.0435e+02 1.6384e+02
1.9205e+00 5.0323e+02 1.6329e+02
1.9246e+00 5.0263e+02 1.6268e+02
1.9287e+00 5.0174e+02 1.6183e+02
1.9328e+00 5.0038e+02 1.6150e+02
1.9369e+00 4.9980e+02 1.6066e+02
1.9410e+00 4.9892e+02 1.6034e+02
1.9451e+00 4.9773e+02 1.5953e+02
1.9492e+00 4.9649e+02 1.5870e+02
1.9533e+00 4.9587e+02 1.5826e+02
1.9573e+00 4.9537e+02 1.5794e+02
1.9614e+00 4.9461e+02 1.5751e+02
1.9655e+00 4.9326e+02 1.5659e+02
1.9696e+00 4.9330e+02 1.5651e+02
1.9737e+00 4.9219e+02 1.5572e+02
1.9778e+00 4.9104e+02 1.5498e+02
1.9819e+00 4.9044e+02 1.5448e+02
1.9860e+00 4.8976e+02 1.5422e+02
1.9901e+00 4.8848e+02 1.5343e+02
1.9942e+00 4.8696e+02 1.5271e+02
1.9983e+00 4.8618e+02 1.5213e+02
2.0024e+00 4.8623e+02 1.5172e+02
2.0064e+00 4.8516e+02 1.5112e+02
2.0105e+00 4.8441e+02 1.5074e+02
2.0146e+00 4.8325e+02 1.5004e+02
2.0187e+00 4.8287e+02 1.4957e+02
2.0228e+00 4.8120e+02 1.4892e+02
2.0269e+00 4.8129e+02 1.4872e+02
2.0310e+00 4.7954e+02 1.4770e+02
2.0351e+00 4.7837e+02 1.4708e+02
2.0392e+00 4.7769e+02 1.4653e+02
2.0433e+00 4.7636e+02 1.4582e+02
2.0473e+00 4.7624e+02 1.4560e+02
2.0514e+00 4.7463e+02 1.4474e+02
2.0555e+00 4.7474e+02 1.4465e+02
2.0596e+00 4.7347e+02 1.4394e+02
2.0637e+00 4.7248e+02 1.4347e+02
2.0678e+00 4.7136e+02 1.4276e+02
2.0719e+00 4.7048e+02 1.4214e+02
2.0760e+00 4.7024e+02 1.4176e+02
2.0801e+00 4.6948e+02 1.4137e+02
2.0842e+00 4.6846e+02 1.4081e+02
2.0883e+00 4.6688e+02 1.4005e+02
2.0923e+00 4.6595e+02 1.3952e+02
2.0964e+00 4.6583e+02 1.3930e+02
2.1005e+00 4.6484e+02 1.3872e+02
2.1046e+00 4.6434e+02 1.3846e+02
2.1087e+00 4.6394e+02 1.3782e+02
2.1128e+00 4.6204e+02 1.3716e+02
2.1169e+00 4.6120e+02 1.3650e+02
2.1210e+00 4.6063e+02 1.3613e+02
2.1251e+00 4.5933e+02 1.3543e+02
2.1292e+00 4.5949e+02 1.3525e+02
2.1332e+00 4.5839e+02 1.3473e+02
2.1373e+00 4.5673e+02 1.3390e+02
2.1414e+00 4.5614e+02 1.3352e+02
2.1455e+00 4.5589e+02 1.3318e+02
2.1496e+00 4.5487e+02 1.3262e+02
2.1537e+00 4.5398e+02 1.3205e+02
2.1578e+00 4.5356e+02 1.3185e+02
2.1619e+00 4.5239e+02 1.3126e+02
2.1660e+00 4.5084e+02 1.3040e+02
2.1701e+00 4.5099e+02 1.3024e+02
2.1742e+00 4.4983e+02 1.2982e+02
2.1782e+00 4.4888e+02 1.2910e+02
2.1823e+00 4.4827e+02 1.2889e+02
2.1864e+00 4.4763e+02 1.2827e+02
2.1905e+00 4.4693e+02 1.2792e+02
2.1946e+00 4.4602e+02 1.2732e+02
2.1987e+00 4.4415e+02 1.2663e+02
2.2028e+00 4.4409e+02 1.2638e+02
2.2069e+00 4.4231e+02 1.2570e+02
2.2110e+00 4.4212e+02 1.2528e+02
2.2151e+00 4.4128e+02 1.2492e+02
2.2191e+00 4.4061e+02 1.2456e+02
2.2232e+00 4.3988e+02 1.2411e+02
2.2273e+00 4.3934e+02 1.2358e+02
2.2314e+00 4.3831e+02 1.2300e+02
2.2355e+00 4.3717e+02 1.2250e+02
2.2396e+00 4.3620e+02 1.2221e+02
2.2437e+00 4.3556e+02 1.2156e+02
2.2478e+00 4.3402e+02 1.2102e+02
2.2519e+00 4.3418e+02 1.2094e+02
2.2560e+00 4.3332e+02 1.2037e+02
2.2601e+00 4.3211e+02 1.1971e+02
2.2642e+00 4.3185e+02 1.1939e+02
2.2682e+00 4.3063e+02 1.1890e+02
2.2723e+00 4.2986e+02 1.1838e+02
2.2764e+00 4.2897e+02 1.1813e+02
2.2805e+00 4.2783e+02 1.1744e+02
2.2846e+00 4.2703e+02 1.1713e+02
2.2887e+00 4.2621e+02 1.1664e+02
2.2928e+00 4.2532e+02 1.1611e+02
2.2969e+00 4.2490e+02 1.1577e+02
2.3010e+00 4.2409e+02 1.1545e+02
2.3051e+00 4.2294e+02 1.1494e+02
2.3091e+00 4.2191e+02 1.1441e+02
2.3132e+00 4.2101e+02 1.1400e+02
2.3173e+00 4.2118e+02 1.1370e+02
2.3214e+00 4.1942e+02 1.1302e+02
2.3255e+00 4.1885e+02 1.1278e+02
2.3296e+00 4.1846e+02 1.1241e+02
2.3337e+00 4.1716e+02 1.1191e+02
2.3378e+00 4.1693e+02 1.1158e+02
2.3419e+00 4.1630e+02 1.1110e+02
2.3460e+00 4.1462e+02 1.1052e+02
2.3500e+00 4.1390e+02 1.1015e+02
2.3541e+00 4.1306e+02 1.0970e+02
2.3582e+00 4.1310e+02 1.0952e+02
2.3623e+00 4.1224e+02 1.0912e+02
2.3664e+00 4.1066e+02 1.0843e+02
2.3705e+00 4.0979e+02 1.0802e+02
2.3746e+00 4.0922e+02 1.0774e+02
2.3787e+00 4.0832e+02 1.0727e+02
2.3828e+00 4.0766e+02 1.0679e+02
2.3869e+00 4.0731e+02 1.0674e+02
2.3910e+00 4.0592e+02 1.0594e+02
2.3951e+00 4.0499e+02 1.0565e+02
2.3991e+00 4.0453e+02 1.0523e+02
2.4032e+00 4.0367e+02 1.0497e+02
2.4073e+00 4.0328e+02 1.0459e+02
2.4114e+00 4.0199e+02 1.0401e+02
2.4155e+00 4.0178e+02 1.0376e+02
2.4196e+00 4.0063e+02 1.0337e+02
2.4237e+00 3.9926e+02 1.0276e+02
2.4278e+00 3.9854e+02 1.0243e+02
2.4319e+00 3.9776e+02 1.0197e+02
2.4360e+00 3.9750e+02 1.0176e+02
2.4400e+00 3.9648e+02 1.0125e+02
2.4441e+00 3.9597e+02 1.0092e+02
2.4482e+00 3.9488e+02 1.0050e+02
2.4523e+00 3.9390e+02 1.0011e+02
2.4564e+00 3.9332e+02 9.9798e+01
2.4605e+00 3.9275e+02 9.9366e+01
2.4646e+00 3.9190e+02 9.9067e+01
2.4687e+00 3.9095e+02 9.8592e+01
2.4728e+00 3.8984e+02 9.8200e+01
2.4769e+00 3.8936e+02 9.7870e+01
2.4810e+00 3.8898e+02 9.7588e+01
2.4850e+00 3.8821e+02 9.7334e+01
2.4891e+00 3.8687e+02 9.6680e+01
2.4932e+00 3.8630e+02 9.6337e+01
2.4973e+00 3.8532e+02 9.5924e+01
2.5014e+00 3.8451e+02 9.5638e+01
2.5055e+00 3.8388e+02 9.5190e+01
2.5096e+00 3.8381e+02 9.5009e+01
2.5137e+00 3.8226e+02 9.4586e+01
2.5178e+00 3.8157e+02 9.4169e+01
2.5219e+00 3.8112e+02 9.3927e+01
2.5259e+00 3.7962e+02 9.3406e+01
2.5300e+00 3.7936e+02 9.3104e+01
2.5341e+00 3.7845e+02 9.2747e+01
2.5382e+00 3.7784e+02 9.2347e+01
2.5423e+00 3.7709e+02 9.2095e+01
2.5464e+00 3.7601e+02 9.1582e+01
2.5505e+00 3.7547e+02 9.1203e+01
2.5546e+00 3.7438e+02 9.0863e+01
2.5587e+00 3.7401e+02 9.0670e+01
2.5628e+00 3.7287e+02 9.0222e+01
2.5669e+00 3.7201e+02 8.9853e+01
2.5709e+00 3.7146e+02 8.9537e+01
2.5750e+00 3.7062e+02 8.9190e+01
2.5791e+00 3.7056e+02 8.9037e+01
2.5832e+00 3.6946e+02 8.8570e+01
2.5873e+00 3.6852e+02 8.8199e+01
2.5914e+00 3.6736e+02 8.7812e+01
2.5955e+00 3.6690e+02 8.7405e+01
2.5996e+00 3.6673e+02 8.7316e+01
2.6037e+00 3.6534e+02 8.6801e+01
2.6078e+00 3.6477e+02 8.6482e+01
2.6119e+00 3.6378e+02 8.6110e+01
2.6159e+00 3.6301e+02 8.5839e+01
2.6200e+00 3.6205e+02 8.5359e+01
2.6241e+00 3.6147e+02 8.5018e+01
2.6282e+00 3.6130e+02 8.4915e+01
2.6323e+00 3.6015e+02 8.4473e+01
2.6364e+00 3.5938e+02 8.4113e+01
2.6405e+00 3.5904e+02 8.3852e+01
2.6446e+00 3.5809e+02 8.3573e+01
2.6487e+00 3.5717e+02 8.3161e+01
2.6528e+00 3.5638e+02 8.2869e+01
2.6568e+00 3.5579e+02 8.2485e+01
2.6609e+00 3.5494e+02 8.2140e+01
2.6650e+00 3.5390e+02 8.1716e+01
2.6691e+00 3.5354e+02 8.1516e+01
2.6732e+00 3.5261e+02 8.1111e+01
2.6773e+00 3.5219e+02 8.0962e+01
2.6814e+00 3.5104e+02 8.0493e+01
2.6855e+00 3.5026e+02 8.0252e+01
2.6896e+00 3.4973e+02 7.9952e+01
2.6937e+00 3.4942e+02 7.9712e+01
2.6978e+00 3.4846e+02 7.9334e+01
2.7018e+00 3.4751e+02 7.8998e+01
2.7059e+00 3.4683e+02 7.8738e+01
2.7100e+00 3.4605e+02 7.8329e+01
2.7141e+00 3.4503e+02 7.7978e+01
2.7182e+00 3.4442e+02 7.7782e+01
2.7223e+00 3.4418e+02 7.7607e+01
2.7264e+00 3.4347e+02 7.7223e+01
2.7305e+00 3.4254e+02 7.6880e+01
2.7346e+00 3.4157e+02 7.6541e+01
2.7387e+00 3.4134e+02 7.6312e+01
2.7427e+00 3.4119e+02 7.6134e+01
2.7468e+00 3.3959e+02 7.5609e+01
2.7509e+00 3.3856e+02 7.5317e+01
2.7550e+00 3.3823e+02 7.5095e+01
2.7591e+00 3.3735e+02 7.4724e+01
2.7632e+00 3.3639e+02 7.4420e+01
2.7673e+00 3.3599e+02 7.4172e+01
2.7714e+00 3.3523e+02 7.3894e+01
2.7755e+00 3.3449e+02 7.3544e+01
2.7796e+00 3.3371e+02 7.3307e+01
2.7837e+00 3.3317e+02 7.3037e+01
2.7877e+00 3.3250e+02 7.2735e+01
2.7918e+00 3.3150e+02 7.2422e+01
2.7959e+00 3.3094e+02 7.2231e+01
2.8000e+00 3.3046e+02 7.1944e+01
2.8041e+00 3.2958e+02 7.1530e+01
2.8082e+00 3.2892e+02 7.1260e+01
2.8123e+00 3.2804e+02 7.0945e+01
2.8164e+00 3.2743e+02 7.0751e+01
2.8205e+00 3.2693e+02 7.0501e+01
2.8246e+00 3.2582e+02 7.0141e+01
2.8287e+00 3.2564e+02 6.9937e+01
2.8327e+00 3.2428e+02 6.9544e+01
2.8368e+00 3.2393e+02 6.9332e+01
2.8409e+00 3.2333e+02 6.9035e+01
2.8450e+00 3.2248e+02 6.8687e+01
2.8491e+00 3.2184e+02 6.8500e+01
2.8532e+00 3.2093e+02 6.8191e+01
2.8573e+00 3.2001e+02 6.7866e+01
2.8614e+00 3.1994e+02 6.7717e+01
2.8655e+00 3.1916e+02 6.7465e+01
2.8696e+00 3.1843e+02 6.7177e+01
2.8736e+00 3.1753e+02 6.6855e+01
2.8777e+00 3.1669e+02 6.6606e+01
2.8818e+00 3.1612e+02 6.6307e+01
2.8859e+00 3.1584e+02 6.6179e+01
2.8900e+00 3.1490e+02 6.5881e+01
2.8941e+00 3.1417e+02 6.5581e+01
2.8982e+00 3.1347e+02 6.5321e+01
2.9023e+00 3.1285e+02 6.5002e+01
2.9064e+00 3.1207e+02 6.4779e+01
2.9105e+00 3.1149e+02 6.4504e+01
2.9146e+00 3.1049e+02 6.4229e+01
2.9187e+00 3.1025e+02 6.4072e+01
2.9227e+00 3.0945e+02 6.3791e+01
2.9268e+00 3.0886e+02 6.3529e+01
2.9309e+00 3.0788e+02 6.3233e+01
2.9350e+00 3.0714e+02 6.2930e+01
2.9391e+00 3.0684e+02 6.2749e+01
2.9432e+00 3.0595e+02 6.2532e+01
2.9473e+00 3.0508e+02 6.2132e+01
2.9514e+00 3.0452e+02 6.1925e+01
2.9555e+00 3.0409e+02 6.1754e+01
2.9596e+00 3.0312e+02 6.1431e+01
2.9636e+00 3.0272e+02 6.1209e+01
2.9677e+00 3.0192e+02 6.0974e+01
2.9718e+00 3.0148e+02 6.0768e+01
2.9759e+00 3.0081e+02 6.0576e+01
2.9800e+00 3.0007e+02 6.0250e+01
2.9841e+00 2.9950e+02 6.0094e+01
2.9882e+00 2.9866e+02 5.9810e+01
2.9923e+00 2.9813e+02 5.9575e+01
2.9964e+00 2.9735e+02 5.9345e+01
3.0005e+00 2.9667e+02 5.9086e+01
3.0046e+00 2.9599e+02 5.8807e+01
3.0086e+00 2.9536e+02 5.8566e+01
3.0127e+00 2.9474e+02 5.8367e+01
3.0168e+00 2.9416e+02 5.8236e+01
3.0209e+00 2.9336e+02 5.7906e+01
3.0250e+00 2.9280e+02 5.7638e+01
3.0291e+00 2.9204e+02 5.7365e+01
3.0332e+00 2.9111e+02 5.7098e+01
3.0373e+00 2.9085e+02 5.6922e+01
3.0414e+00 2.9017e+02 5.6769e+01
3.0455e+00 2.8943e+02 5.6473e+01
3.0495e+00 2.8874e+02 5.6297e+01
3.0536e+00 2.8816e+02 5.6029e+01
3.0577e+00 2.8761e+02 5.5856e+01
3.0618e+00 2.8708e+02 5.5637e+01
3.0659e+00 2.8611e+02 5.5348e+01
3.0700e+00 2.8572e+02 5.5162e+01
3.0741e+00 2.8470e+02 5.4842e+01
3.0782e+00 2.8411e+02 5.4622e+01
3.0823e+00 2.8380e+02 5.4540e+01
3.0864e+00 2.8286e+02 5.4249e+01
3.0905e+00 2.8241e+02 5.4052e+01
3.0945e+00 2.8177e+02 5.3774e+01
3.0986e+00 2.8087e+02 5.3526e+01
3.1027e+00 2.8075e+02 5.3384e+01
3.1068e+00 2.7999e+02 5.3161e+01
3.1109e+00 2.7931e+02 5.2943e+01
3.1150e+00 2.7867e+02 5.2758e+01
3.1191e+00 2.7821e+02 5.2584e+01
3.1232e+00 2.7728e+02 5.2287e+01
3.1273e+00 2.7688e+02 5.2126e+01
3.1314e+00 2.7622e+02 5.1912e+01
3.1355e+00 2.7568e+02 5.1735e+01
3.1395e+00 2.7505e+02 5.1539e+01
3.1436e+00 2.7453e+02 5.1327e+01
3.1477e+00 2.7378e+02 5.1088e+01
3.1518e+00 2.7332e+02 5.0918e+01
3.1559e+00 2.7270e+02 5.0680e+01
3.1600e+00 2.7179e+02 5.0435e+01
3.1641e+00 2.7119e+02 5.0198e+01
3.1682e+00 2.7061e+02 5.0007e+01
3.1723e+00 2.7037e+02 4.9919e+01
3.1764e+00 2.6931e+02 4.9581e+01
3.1804e+00 2.6897e+02 4.9485e+01
3.1845e+00 2.6842e+02 4.9240e+01
3.1886e+00 2.6787e+02 4.9031e+01
3.1927e+00 2.6706e+02 4.8811e+01
3.1968e+00 2.6670e+02 4.8713e+01
3.2009e+00 2.6581e+02 4.8456e+01
3.2050e+00 2.6523e+02 4.8226e+01
3.2091e+00 2.6464e+02 4.8068e+01
3.2132e+00 2.6375e+02 4.7829e+01
3.2173e+00 2.6360e+02 4.7704e+01
3.2214e+00 2.6282e+02 4.7479e+01
3.2254e+00 2.6225e+02 4.7253e+01
3.2295e+00 2.6178e+02 4.7086e+01
3.2336e+00 2.6109e+02 4.6898e+01
3.2377e+00 2.6049e+02 4.6697e+01
3.2418e+00 2.5983e+02 4.6506e+01
3.2459e+00 2.5956e+02 4.6393e+01
3.2500e+00 2.5850e+02 4.6119e+01
3.2541e+00 2.5797e+02 4.5928e+01
3.2582e+00 2.5744e+02 4.5753e+01
3.2623e+00 2.5684e+02 4.5570e+01
3.2663e+00 2.5631e+02 4.5362e+01
3.2704e+00 2.5593e+02 4.5240e+01
3.2745e+00 2.5528e+02 4.5014e+01
3.2786e+00 2.5488e+02 4.4872e+01
3.2827e+00 2.5415e+02 4.4667e+01
3.2868e+00 2.5334e+02 4.4447e+01
3.2909e+00 2.5276e+02 4.4230e+01
3.2950e+00 2.5234e+02 4.4122e+01
3.2991e+00 2.5189e+02 4.3950e+01
3.3032e+00 2.5083e+02 4.3703e+01
3.3073e+00 2.5064e+02 4.3626e+01
3.3113e+00 2.5005e+02 4.3408e+01
3.3154e+00 2.4922e+02 4.3204e+01
3.3195e+00 2.4920e+02 4.3134e+01
3.3236e+00 2.4840e+02 4.2904e+01
3.3277e+00 2.4774e+02 4.2706e+01
3.3318e+00 2.4723e+02 4.2531e+01
3.3359e+00 2.4662e+02 4.2388e+01
3.3400e+00 2.4611e+02 4.2177e+01
3.3441e+00 2.4568e+02 4.2043e+01
3.3482e+00 2.4513e+02 4.1901e+01
3.3523e+00 2.4446e+02 4.1669e+01
3.3563e+00 2.4414e+02 4.1573e+01
3.3604e+00 2.4338e+02 4.1338e+01
3.3645e+00 2.4289e+02 4.1205e+01
3.3686e+00 2.4212e+02 4.1008e+01
3.3727e+00 2.4154e+02 4.0780e+01
3.3768e+00 2.4116e+02 4.0683e+01
3.3809e+00 2.4060e+02 4.0551e+01
3.3850e+00 2.4003e+02 4.0326e+01
3.3891e+00 2.3967e+02 4.0226e+01
3.3932e+00 2.3912e+02 4.0017e+01
3.3973e+00 2.3834e+02 3.9832e+01
3.4013e+00 2.3801e+02 3.9758e+01
3.4054e+00 2.3745e+02 3.9544e+01
3.4095e+00 2.3680e+02 3.9359e+01
3.4136e+00 2.3622e+02 3.9232e+01
3.4177e+00 2.3572e+02 3.9050e+01
3.4218e+00 2.3510e+02 3.8861e+01
3.4259e+00 2.3463e+02 3.8725e+01
3.4300e+00 2.3401e+02 3.8541e+01
3.4341e+00 2.3379e+02 3.8456e+01
3.4382e+00 2.3319e+02 3.8301e+01
3.4422e+00 2.3275e+02 3.8130e+01
3.4463e+00 2.3224e+02 3.7984e+01
3.4504e+00 2.3140e+02 3.7819e+01
3.4545e+00 2.3115e+02 3.7680e+01
3.4586e+00 2.3040e+02 3.7491e+01
3.4627e+00 2.2982e+02 3.7367e+01
3.4668e+00 2.2946e+02 3.7211e+01
3.4709e+00 2.2900e+02 3.7076e+01
3.4750e+00 2.2844e+02 3.6948e+01
3.4791e+00 2.2794e+02 3.6770e+01
3.4832e+00 2.2741e+02 3.6643e+01
3.4872e+00 2.2681e+02 3.6450e+01
3.4913e+00 2.2640e+02 3.6331e+01
3.4954e+00 2.2590e+02 3.6181e+01
3.4995e+00 2.2532e+02 3.6038e+01
3.5036e+00 2.2484e+02 3.5893e+01
3.5077e+00 2.2429e+02 3.5729e+01
3.5118e+00 2.2378e+02 3.5561e+01
3.5159e+00 2.2350e+02 3.5467e+01
3.5200e+00 2.2285e+02 3.5299e+01
3.5241e+00 2.2239e+02 3.5171e+01
3.5281e+00 2.2181e+02 3.5012e+01
3.5322e+00 2.2140e+02 3.4915e+01
3.5363e+00 2.2097e+02 3.4779e+01
3.5404e+00 2.2020e+02 3.4580e+01
3.5445e+00 2.1979e+02 3.4459e+01
3.5486e+00 2.1945e+02 3.4344e+01
3.5527e+00 2.1887e+02 3.4165e+01
3.5568e+00 2.1826e+02 3.4069e+01
3.5609e+00 2.1789e+02 3.3939e+01
3.5650e+00 2.1760e+02 3.3810e+01
3.5691e+00 2.1692e+02 3.3653e+01
3.5732e+00 2.1636e+02 3.3529e+01
3.5772e+00 2.1589e+02 3.3370e+01
3.5813e+00 2.1549e+02 3.3268e+01
3.5854e+00 2.1488e+02 3.3098e+01
3.5895e+00 2.1448e+02 3.3001e+01
3.5936e+00 2.1418e+02 3.2886e+01
3.5977e+00 2.1355e+02 3.2733e+01
3.6018e+00 2.1306e+02 3.2606e+01
3.6059e+00 2.1278e+02 3.2470e+01
3.6100e+00 2.1212e+02 3.2349e+01
3.6141e+00 2.1172e+02 3.2233e+01
3.6181e+00 2.1121e+02 3.2096e+01
3.6222e+00 2.1077e+02 3.1945e+01
3.6263e+00 2.1019e+02 3.1837e+01
3.6304e+00 2.0984e+02 3.1704e+01
3.6345e+00 2.0925e+02 3.1566e+01
3.6386e+00 2.0890e+02 3.1476e+01
3.6427e+00 2.0848e+02 3.1324e+01
3.6468e+00 2.0797e+02 3.1238e+01
3.6509e+00 2.0747e+02 3.1085e+01
3.6550e+00 2.0694e+02 3.0968e+01
3.6591e+00 2.0651e+02 3.0836e+01
3.6631e+00 2.0594e+02 3.0702e+01
3.6672e+00 2.0565e+02 3.0589e+01
3.6713e+00 2.0524e+02 3.0488e+01
3.6754e+00 2.0473e+02 3.0366e+01
3.6795e+00 2.0428e+02 3.0225e+01
3.6836e+00 2.0391e+02 3.0121e+01
3.6877e+00 2.0335e+02 3.0023e+01
3.6918e+00 2.0296e+02 2.9873e+01
3.6959e+00 2.0264e+02 2.9781e+01
3.7000e+00 2.0211e+02 2.9669e+01
3.7040e+00 2.0159e+02 2.9547e+01
3.7081e+00 2.0125e+02 2.9439e+01
3.7122e+00 2.0067e+02 2.9300e+01
3.7163e+00 2.0030e+02 2.9200e+01
3.7204e+00 1.9995e+02 2.9075e+01
3.7245e+00 1.9934e+02 2.8940e+01
3.7286e+00 1.9896e+02 2.8857e+01
3.7327e+00 1.9855e+02 2.8750e+01
3.7368e+00 1.9811e+02 2.8630e+01
3.7409e+00 1.9759e+02 2.8488e+01
3.7450e+00 1.9728e+02 2.8413e+01
3.7490e+00 1.9693e+02 2.8307e+01
3.7531e+00 1.9635e+02 2.8169e+01
3.7572e+00 1.9606e+02 2.8093e+01
3.7613e+00 1.9568e+02 2.8005e+01
3.7654e+00 1.9522e+02 2.7866e+01
3.7695e+00 1.9466e+02 2.7743e+01
3.7736e+00 1.9444e+02 2.7679e+01
3.7777e+00 1.9396e+02 2.7560e+01
3.7818e+00 1.9347e+02 2.7445e+01
3.7859e+00 1.9308e+02 2.7334e+01
3.7900e+00 1.9277e+02 2.7251e+01
3.7940e+00 1.9215e+02 2.7118e+01
3.7981e+00 1.9183e+02 2.7052e+01
3.8022e+00 1.9141e+02 2.6927e+01
3.8063e+00 1.9079e+02 2.6787e+01
3.8104e+00 1.9060e+02 2.6731e+01
3.8145e+00 1.9012e+02 2.6616e+01
3.8186e+00 1.8978e+02 2.6510e+01
3.8227e+00 1.8935e+02 2.6421e+01
3.8268e+00 1.8899e+02 2.6317e+01
3.8309e+00 1.8865e+02 2.6218e+01
3.8349e+00 1.8817e+02 2.6111e+01
3.8390e+00 1.8772e+02 2.6019e+01
3.8431e+00 1.8738e+02 2.5926e+01
3.8472e+00 1.8691e+02 2.5812e+01
3.8513e+00 1.8664e+02 2.5745e+01
3.8554e+00 1.8643e+02 2.5667e+01
3.8595e+00 1.8584e+02 2.5526e+01
3.8636e+00 1.8545e+02 2.5439e+01
3.8677e+00 1.8515e+02 2.5394e+01
3.8718e+00 1.8491e+02 2.5297e+01
3.8759e+00 1.8430e+02 2.5174e+01
3.8799e+00 1.8402e+02 2.5099e+01
3.8840e+00 1.8352e+02 2.4977e+01
3.8881e+00 1.8313e+02 2.4901e+01
3.8922e+00 1.8255e+02 2.4789e+01
3.8963e+00 1.8224e+02 2.4692e+01
3.9004e+00 1.8213e+02 2.4639e+01
3.9045e+00 1.8165e+02 2.4530e+01
3.9086e+00 1.8117e+02 2.4425e+01
3.9127e+00 1.8081e+02 2.4339e+01
3.9168e+00 1.8058e+02 2.4270e+01
3.9209e+00 1.8013e+02 2.4170e+01
3.9249e+00 1.7967e+02 2.4063e+01
3.9290e+00 1.7931e+02 2.3992e+01
3.9331e+00 1.7898e+02 2.3897e+01
3.9372e+00 1.7861e+02 2.3817e+01
3.9413e+00 1.7842e+02 2.3751e+01
3.9454e+00 1.7801e+02 2.3661e+01
3.9495e+00 1.7765e+02 2.3560e+01
3.9536e+00 1.7718e+02 2.3477e+01
3.9577e+00 1.7678e+02 2.3399e+01
3.9618e+00 1.7656e+02 2.3326e+01
3.9658e+00 1.7622e+02 2.3257e+01
3.9699e+00 1.7580e+02 2.3142e+01
3.9740e+00 1.7546e+02 2.3075e+01
3.9781e+00 1.7503e+02 2.2989e+01
3.9822e+00 1.7482e+02 2.2918e+01
3.9863e+00 1.7437e+02 2.2829e+01
3.9904e+00 1.7429e+02 2.2775e+01
3.9945e+00 1.7372e+02 2.2672e+01
3.9986e+00 1.7337e+02 2.2574e+01
4.0027e+00 1.7301e+02 2.2540e+01
4.0068e+00 1.7262e+02 2.2430e+01
4.0108e+00 1.7236e+02 2.2346e+01
4.0149e+00 1.7198e+02 2.2281e+01
4.0190e+00 1.7169e+02 2.2204e+01
4.0231e+00 1.7141e+02 2.2129e+01
4.0272e+00 1.7101e+02 2.2052e+01
4.0313e+00 1.7082e+02 2.1979e+01
4.0354e+00 1.7023e+02 2.1890e+01
4.0395e+00 1.7004e+02 2.1809e+01
4.0436e+00 1.6978e+02 2.1747e+01
4.0477e+00 1.6935e+02 2.1661e+01
4.0517e+00 1.6906e+02 2.1590e+01
4.0558e+00 1.6885e+02 2.1529e+01
4.0599e+00 1.6826e+02 2.1441e+01
4.0640e+00 1.6811e+02 2.1385e+01
4.0681e+00 1.6771e+02 2.1314e+01
4.0722e+00 1.6742e+02 2.1248e+01
4.0763e+00 1.6707e+02 2.1164e+01
4.0804e+00 1.6676e+02 2.1081e+01
4.0845e+00 1.6645e+02 2.1029e+01
4.0886e+00 1.6604e+02 2.0947e+01
4.0927e+00 1.6587e+02 2.0901e+01
4.0967e+00 1.6549e+02 2.0838e+01
4.1008e+00 1.6523e+02 2.0758e+01
4.1049e+00 1.6494e+02 2.0685e+01
4.1090e+00 1.6462e+02 2.0616e+01
4.1131e+00 1.6436e+02 2.0559e+01
4.1172e+00 1.6397e+02 2.0481e+01
4.1213e+00 1.6358e+02 2.0396e+01
4.1254e+00 1.6349e+02 2.0378e+01
4.1295e+00 1.6318e+02 2.0307e+01
4.1336e+00 1.6282e+02 2.0239e+01
4.1377e+00 1.6248e+02 2.0147e+01
4.1417e+00 1.6218e+02 2.0092e+01
4.1458e+00 1.6191e+02 2.0028e+01
4.1499e+00 1.6172e+02 1.9991e+01
4.1540e+00 1.6139e+02 1.9907e+01
4.1581e+00 1.6094e+02 1.9847e+01
4.1622e+00 1.6084e+02 1.9809e+01
4.1663e+00 1.6047e+02 1.9736e+01
4.1704e+00 1.6013e+02 1.9651e+01
4.1745e+00 1.5993e+02 1.9604e+01
4.1786e+00 1.5966e+02 1.9539e+01
4.1826e+00 1.5922e+02 1.9468e+01
4.1867e+00 1.5904e+02 1.9427e+01
