# Galaxy (HOD) auto- and cross-power spectra.
# Robust average of 9 spectra using sqrt(1+x^2).
# z=0.000
#      k[h/Mpc]           <Phh>        Err[Phh]           <Phm>        Err[Phm]
    5.79400e-03     2.17552e+04     3.16514e+03     1.89757e+04     2.43208e+03
    1.04720e-02     2.64545e+04     1.59008e+03     2.27068e+04     1.04567e+03
    1.42660e-02     3.18864e+04     4.68913e+02     2.73070e+04     5.38875e+02
    1.81230e-02     3.37352e+04     1.89301e+03     2.90575e+04     1.78636e+03
    2.24840e-02     3.08075e+04     5.62247e+02     2.64907e+04     5.38590e+02
    2.64510e-02     2.82390e+04     2.72647e+02     2.42350e+04     2.84663e+02
    3.04470e-02     2.62414e+04     8.22795e+02     2.23599e+04     7.44503e+02
    3.47320e-02     2.32401e+04     6.27304e+02     1.97981e+04     5.34663e+02
    3.88310e-02     2.07606e+04     4.28331e+02     1.76300e+04     3.72038e+02
    4.28140e-02     1.90461e+04     2.73065e+02     1.61260e+04     2.73077e+02
    4.68860e-02     1.76085e+04     4.26937e+02     1.48181e+04     3.47704e+02
    5.09860e-02     1.65272e+04     1.72501e+02     1.38981e+04     1.58097e+02
    5.51460e-02     1.55978e+04     1.79240e+02     1.30606e+04     1.84542e+02
    5.92240e-02     1.49612e+04     1.68540e+02     1.25543e+04     1.47073e+02
    6.32860e-02     1.41682e+04     6.77954e+01     1.18431e+04     6.52408e+01
    6.73670e-02     1.34285e+04     1.04789e+02     1.12001e+04     1.24038e+02
    7.14960e-02     1.26041e+04     1.19605e+02     1.05198e+04     9.98318e+01
    7.55890e-02     1.20582e+04     9.81825e+01     1.00226e+04     6.56722e+01
    7.96660e-02     1.12059e+04     9.38214e+01     9.28618e+03     9.38588e+01
    8.38180e-02     1.04886e+04     8.80318e+01     8.66501e+03     6.92292e+01
    8.78940e-02     9.60406e+03     9.76404e+01     7.91552e+03     7.32959e+01
    9.19240e-02     8.89895e+03     7.54268e+01     7.31100e+03     5.64973e+01
    9.60450e-02     8.36679e+03     5.47555e+01     6.82870e+03     5.29837e+01
    1.00130e-01     7.78904e+03     3.80772e+01     6.35675e+03     4.12639e+01
    1.04210e-01     7.35968e+03     7.26948e+01     5.98197e+03     4.70537e+01
    1.08330e-01     7.01311e+03     6.18985e+01     5.67740e+03     5.41112e+01
    1.12450e-01     6.84333e+03     3.46851e+01     5.52420e+03     3.03580e+01
    1.16520e-01     6.61845e+03     4.32456e+01     5.34871e+03     3.70257e+01
    1.20600e-01     6.30297e+03     5.97025e+01     5.06245e+03     3.77720e+01
    1.24660e-01     6.13472e+03     4.56712e+01     4.91790e+03     3.31304e+01
    1.28770e-01     6.00298e+03     4.86013e+01     4.81079e+03     2.97590e+01
    1.32870e-01     5.79408e+03     2.47869e+01     4.63226e+03     2.46562e+01
    1.36980e-01     5.57648e+03     2.48991e+01     4.43815e+03     3.03806e+01
    1.41070e-01     5.30047e+03     3.70388e+01     4.21617e+03     3.07682e+01
    1.45170e-01     5.04806e+03     3.47263e+01     4.00712e+03     2.06923e+01
    1.49270e-01     4.81792e+03     1.59540e+01     3.81057e+03     1.43901e+01
    1.53330e-01     4.66056e+03     2.21798e+01     3.66819e+03     1.45076e+01
    1.57420e-01     4.45778e+03     2.28634e+01     3.50227e+03     1.35029e+01
    1.61510e-01     4.27096e+03     1.52035e+01     3.34694e+03     2.00691e+01
    1.65590e-01     4.15888e+03     1.75075e+01     3.25404e+03     7.48361e+00
    1.69690e-01     3.99671e+03     1.49512e+01     3.11449e+03     6.28499e+00
    1.73800e-01     3.87967e+03     1.15132e+01     3.01762e+03     1.36299e+01
    1.77900e-01     3.79185e+03     8.25028e+00     2.93892e+03     6.07426e+00
    1.82000e-01     3.69572e+03     1.27828e+01     2.85792e+03     1.28863e+01
    1.86090e-01     3.60569e+03     1.14673e+01     2.78051e+03     6.56430e+00
    1.90160e-01     3.52269e+03     1.02959e+01     2.70900e+03     7.29483e+00
    1.94240e-01     3.42807e+03     9.80535e+00     2.62717e+03     7.98631e+00
    1.98330e-01     3.32851e+03     9.80849e+00     2.54740e+03     5.55607e+00
    2.02430e-01     3.25051e+03     1.28077e+01     2.48337e+03     8.15787e+00
    2.06520e-01     3.17174e+03     1.24257e+01     2.41803e+03     8.42573e+00
    2.10630e-01     3.08029e+03     1.00705e+01     2.33828e+03     4.57601e+00
    2.14720e-01     2.99447e+03     1.39109e+01     2.26905e+03     9.30066e+00
    2.18830e-01     2.92328e+03     8.63400e+00     2.20589e+03     7.15579e+00
    2.22900e-01     2.84282e+03     7.07391e+00     2.14011e+03     2.46006e+00
    2.26990e-01     2.79997e+03     5.53577e+00     2.10357e+03     3.87652e+00
    2.31080e-01     2.72929e+03     1.10929e+01     2.04748e+03     6.94152e+00
    2.35150e-01     2.67219e+03     8.39053e+00     1.99606e+03     5.53843e+00
    2.39240e-01     2.60807e+03     8.79331e+00     1.94325e+03     5.58364e+00
    2.43340e-01     2.56893e+03     6.73884e+00     1.91378e+03     2.56272e+00
    2.47440e-01     2.50869e+03     6.38863e+00     1.86050e+03     4.92604e+00
    2.51540e-01     2.46307e+03     7.42850e+00     1.82372e+03     8.51129e+00
    2.55610e-01     2.42135e+03     8.04595e+00     1.78730e+03     4.98450e+00
    2.59720e-01     2.38219e+03     2.90967e+00     1.75332e+03     1.46339e+00
    2.63810e-01     2.32681e+03     5.78593e+00     1.71160e+03     1.93904e+00
    2.67900e-01     2.27967e+03     1.00524e+01     1.66814e+03     7.33425e+00
    2.71990e-01     2.24503e+03     3.24681e+00     1.64040e+03     2.19696e+00
    2.76070e-01     2.20757e+03     4.14048e+00     1.60822e+03     5.58821e+00
    2.80170e-01     2.17560e+03     8.85479e+00     1.58188e+03     4.89569e+00
    2.84270e-01     2.13539e+03     4.69007e+00     1.54767e+03     5.68493e+00
    2.88350e-01     2.10379e+03     4.15383e+00     1.52047e+03     3.35069e+00
    2.92430e-01     2.05879e+03     7.54364e+00     1.48489e+03     3.74720e+00
    2.96510e-01     2.03270e+03     6.21038e+00     1.46206e+03     2.96127e+00
    3.00630e-01     1.99957e+03     5.12670e+00     1.43526e+03     3.45128e+00
    3.04730e-01     1.96986e+03     3.84535e+00     1.41095e+03     4.02829e+00
    3.08820e-01     1.94430e+03     3.65425e+00     1.39051e+03     3.16296e+00
    3.12920e-01     1.91703e+03     4.78088e+00     1.36520e+03     3.83954e+00
    3.17000e-01     1.88676e+03     3.72370e+00     1.34120e+03     2.96375e+00
    3.21080e-01     1.86329e+03     4.49354e+00     1.32221e+03     3.37090e+00
    3.25170e-01     1.83613e+03     2.55935e+00     1.29873e+03     1.96343e+00
    3.29250e-01     1.80425e+03     2.50373e+00     1.27339e+03     1.96263e+00
    3.33330e-01     1.78069e+03     2.77217e+00     1.25280e+03     4.64667e+00
    3.37440e-01     1.76858e+03     2.30052e+00     1.24142e+03     5.80041e-01
    3.41540e-01     1.73638e+03     8.08165e+00     1.21469e+03     4.78948e+00
    3.45620e-01     1.72382e+03     3.06396e+00     1.20431e+03     3.29074e+00
    3.49720e-01     1.69623e+03     2.20410e+00     1.18231e+03     1.61708e+00
    3.53820e-01     1.68056e+03     1.36682e+00     1.16600e+03     2.40448e+00
    3.57910e-01     1.65837e+03     2.22785e+00     1.15087e+03     2.55897e+00
    3.61980e-01     1.63632e+03     4.25408e+00     1.13292e+03     1.09284e+00
    3.66070e-01     1.61941e+03     3.24572e+00     1.11864e+03     2.15169e+00
    3.70190e-01     1.60009e+03     2.41909e+00     1.10058e+03     1.32724e+00
    3.74280e-01     1.58273e+03     1.47499e+00     1.08716e+03     1.33522e+00
    3.78360e-01     1.56368e+03     2.85087e+00     1.07197e+03     2.51278e+00
    3.82450e-01     1.54716e+03     2.64668e+00     1.05753e+03     2.46977e+00
    3.86530e-01     1.53305e+03     4.97646e+00     1.04668e+03     2.89631e+00
    3.90620e-01     1.51491e+03     2.77418e+00     1.03085e+03     2.53858e+00
    3.94710e-01     1.49983e+03     4.84882e+00     1.01947e+03     1.73150e+00
    3.98790e-01     1.48772e+03     1.87533e+00     1.00855e+03     3.54640e-01
    4.02900e-01     1.47042e+03     1.32951e+00     9.94651e+02     6.89407e-01
    4.06990e-01     1.45521e+03     2.91590e+00     9.80852e+02     3.80312e+00
    4.11070e-01     1.44234e+03     3.02833e+00     9.71515e+02     2.30227e+00
    4.15170e-01     1.42608e+03     1.05889e+00     9.57979e+02     1.57567e+00
    4.19260e-01     1.41617e+03     2.26043e+00     9.48339e+02     2.23502e+00
    4.23350e-01     1.39791e+03     2.11418e+00     9.33821e+02     2.78244e+00
    4.27450e-01     1.38827e+03     2.62958e+00     9.25720e+02     1.60774e+00
    4.31530e-01     1.37296e+03     1.31924e+00     9.14462e+02     4.69648e-01
    4.35620e-01     1.36404e+03     2.20206e+00     9.06016e+02     2.14146e+00
    4.39720e-01     1.34904e+03     2.01922e+00     8.93023e+02     1.46908e+00
    4.43800e-01     1.33977e+03     1.39932e+00     8.86855e+02     8.94445e-01
    4.47890e-01     1.32911e+03     3.29798e+00     8.76801e+02     1.97171e+00
    4.51980e-01     1.31837e+03     2.91907e+00     8.67486e+02     2.86984e+00
    4.56070e-01     1.30924e+03     1.25547e+00     8.59945e+02     1.79215e+00
    4.60170e-01     1.29945e+03     2.29468e+00     8.51539e+02     1.88205e+00
    4.64260e-01     1.28701e+03     4.01503e+00     8.42261e+02     3.25106e+00
    4.68350e-01     1.27646e+03     1.85845e+00     8.32400e+02     2.02424e+00
    4.72450e-01     1.26605e+03     1.57684e+00     8.23691e+02     1.24348e+00
    4.76540e-01     1.25806e+03     3.36963e+00     8.16796e+02     2.53308e+00
    4.80630e-01     1.24545e+03     1.80260e+00     8.08113e+02     2.43107e+00
    4.84720e-01     1.23384e+03     1.40238e+00     7.98751e+02     2.23297e+00
    4.88790e-01     1.22703e+03     2.41880e+00     7.91900e+02     2.05882e+00
    4.92890e-01     1.22187e+03     1.25673e+00     7.86236e+02     2.02244e+00
    4.96980e-01     1.21189e+03     1.38760e+00     7.79384e+02     1.15626e+00
    5.01070e-01     1.20315e+03     1.67633e+00     7.71240e+02     1.84540e+00
    5.05170e-01     1.19498e+03     2.09915e+00     7.64468e+02     9.80565e-01
    5.09270e-01     1.18823e+03     2.15661e+00     7.58439e+02     1.94749e+00
    5.13370e-01     1.17822e+03     1.25705e+00     7.51696e+02     1.12625e+00
    5.17440e-01     1.17356e+03     7.53622e-01     7.46293e+02     6.60529e-01
    5.21520e-01     1.16375e+03     1.53641e+00     7.38669e+02     1.31235e+00
    5.25610e-01     1.15499e+03     3.73781e+00     7.30881e+02     3.03641e+00
    5.29710e-01     1.14820e+03     2.08590e+00     7.25339e+02     6.83327e-01
    5.33800e-01     1.13960e+03     2.90500e+00     7.18187e+02     2.73775e+00
    5.37890e-01     1.13581e+03     1.08200e+00     7.14329e+02     8.87275e-01
    5.41990e-01     1.12772e+03     1.59176e+00     7.07224e+02     1.52364e+00
    5.46090e-01     1.11943e+03     2.47262e+00     7.01266e+02     2.04856e+00
    5.50170e-01     1.11549e+03     1.17922e+00     6.97174e+02     1.04720e+00
    5.54250e-01     1.10622e+03     2.48915e+00     6.89820e+02     1.36367e+00
    5.58350e-01     1.10203e+03     1.40291e+00     6.85836e+02     1.08724e+00
    5.62440e-01     1.09407e+03     2.27373e+00     6.79244e+02     1.51092e+00
    5.66530e-01     1.08872e+03     9.14923e-01     6.75086e+02     5.81976e-01
    5.70620e-01     1.08157e+03     2.18539e+00     6.68897e+02     1.42410e+00
    5.74710e-01     1.07586e+03     2.13488e+00     6.64150e+02     1.98337e+00
    5.78800e-01     1.07159e+03     1.28097e+00     6.60624e+02     8.02983e-01
    5.82880e-01     1.06326e+03     1.78749e+00     6.53715e+02     2.24678e+00
    5.86980e-01     1.05859e+03     1.93684e+00     6.49861e+02     1.62081e+00
    5.91070e-01     1.05438e+03     1.61141e+00     6.45766e+02     9.75445e-01
    5.95170e-01     1.04821e+03     1.74608e+00     6.40501e+02     1.30784e+00
    5.99260e-01     1.04389e+03     1.22972e+00     6.36261e+02     1.15961e+00
    6.03350e-01     1.03712e+03     3.12906e+00     6.31049e+02     2.49644e+00
    6.07450e-01     1.03290e+03     1.23776e+00     6.27120e+02     1.52558e+00
    6.11540e-01     1.02693e+03     2.25903e+00     6.22844e+02     1.82943e+00
    6.15620e-01     1.01996e+03     2.50551e+00     6.17008e+02     1.76744e+00
    6.19700e-01     1.01617e+03     1.91671e+00     6.13522e+02     1.75856e+00
    6.23790e-01     1.01128e+03     1.61679e+00     6.09636e+02     1.50889e+00
    6.27890e-01     1.00678e+03     1.96394e+00     6.06103e+02     8.28402e-01
    6.31990e-01     1.00253e+03     1.11359e+00     6.01282e+02     1.29434e+00
    6.36070e-01     9.98181e+02     1.99718e+00     5.97719e+02     1.52894e+00
    6.40160e-01     9.91129e+02     3.14803e+00     5.92365e+02     1.76046e+00
    6.44240e-01     9.89383e+02     6.47043e-01     5.89608e+02     9.48068e-01
    6.48340e-01     9.83119e+02     7.32962e-01     5.85542e+02     1.09192e+00
    6.52430e-01     9.80324e+02     8.82570e-01     5.82806e+02     9.73221e-01
    6.56510e-01     9.75470e+02     1.50094e+00     5.78576e+02     6.34935e-01
    6.60610e-01     9.73547e+02     9.88725e-01     5.75812e+02     1.22485e+00
    6.64710e-01     9.67061e+02     1.73970e+00     5.70768e+02     1.35293e+00
    6.68800e-01     9.62864e+02     2.02431e+00     5.67573e+02     2.41674e+00
    6.72890e-01     9.59574e+02     1.84379e+00     5.63809e+02     1.53440e+00
    6.76980e-01     9.54765e+02     1.61705e+00     5.60595e+02     1.12862e+00
    6.81070e-01     9.50623e+02     1.39183e+00     5.56706e+02     1.01860e+00
    6.85160e-01     9.48646e+02     1.85995e+00     5.54117e+02     1.90266e+00
    6.89250e-01     9.44490e+02     1.19818e+00     5.51001e+02     8.86608e-01
    6.93340e-01     9.39386e+02     1.76372e+00     5.47048e+02     1.17803e+00
    6.97430e-01     9.33455e+02     6.50919e-01     5.42008e+02     5.86923e-01
    7.01530e-01     9.32167e+02     1.44732e+00     5.40179e+02     1.50631e+00
    7.05620e-01     9.28402e+02     1.09472e+00     5.37512e+02     1.25824e+00
    7.09710e-01     9.25157e+02     1.70514e+00     5.34342e+02     1.49004e+00
    7.13800e-01     9.20587e+02     2.14150e+00     5.30615e+02     1.90729e+00
    7.17890e-01     9.18773e+02     9.75852e-01     5.28367e+02     9.54762e-01
    7.21980e-01     9.15182e+02     5.81556e-01     5.25558e+02     7.03575e-01
    7.26060e-01     9.11010e+02     1.30485e+00     5.22045e+02     8.04408e-01
    7.30150e-01     9.08178e+02     1.66098e+00     5.18837e+02     5.85498e-01
    7.34240e-01     9.04679e+02     1.33955e+00     5.16416e+02     1.54075e+00
    7.38340e-01     9.01328e+02     1.31905e+00     5.13766e+02     1.05005e+00
    7.42430e-01     8.97808e+02     4.25632e-01     5.10317e+02     4.91582e-01
    7.46510e-01     8.96008e+02     1.12282e+00     5.08285e+02     1.41402e+00
    7.50610e-01     8.91968e+02     8.68821e-01     5.04979e+02     1.15343e+00
    7.54710e-01     8.88795e+02     7.97141e-01     5.02458e+02     1.01246e+00
    7.58790e-01     8.85258e+02     1.74661e+00     4.99642e+02     1.21732e+00
    7.62890e-01     8.82830e+02     1.14717e+00     4.96879e+02     1.10867e+00
    7.66990e-01     8.79166e+02     2.58950e+00     4.93816e+02     1.18692e+00
    7.71070e-01     8.77941e+02     8.70694e-01     4.91945e+02     8.00998e-01
    7.75150e-01     8.75223e+02     1.95273e+00     4.90070e+02     1.09184e+00
    7.79240e-01     8.71922e+02     8.16142e-01     4.87125e+02     9.39399e-01
    7.83340e-01     8.68901e+02     1.36744e+00     4.84563e+02     1.01151e+00
    7.87430e-01     8.65467e+02     1.41916e+00     4.81348e+02     1.52708e+00
    7.91510e-01     8.61899e+02     1.18492e+00     4.78629e+02     5.42255e-01
    7.95610e-01     8.59563e+02     9.23887e-01     4.76821e+02     8.15319e-01
    7.99700e-01     8.56765e+02     1.16866e+00     4.74038e+02     5.84536e-01
    8.03800e-01     8.54009e+02     1.01816e+00     4.71663e+02     6.04653e-01
    8.07880e-01     8.52181e+02     1.09929e+00     4.69640e+02     1.25458e+00
    8.11960e-01     8.49474e+02     7.63132e-01     4.67631e+02     8.81852e-01
    8.16060e-01     8.46689e+02     9.72458e-01     4.64743e+02     5.58882e-01
    8.20150e-01     8.45176e+02     9.56822e-01     4.63052e+02     1.11551e+00
    8.24240e-01     8.42463e+02     1.06696e+00     4.60379e+02     1.05188e+00
    8.28330e-01     8.38923e+02     1.43633e+00     4.58229e+02     1.27899e+00
    8.32430e-01     8.37250e+02     4.08218e-01     4.56090e+02     6.13120e-01
    8.36520e-01     8.33234e+02     1.38376e+00     4.52825e+02     8.59260e-01
    8.40610e-01     8.31024e+02     1.11658e+00     4.51299e+02     1.04706e+00
    8.44700e-01     8.28828e+02     7.15192e-01     4.48174e+02     2.39225e-01
    8.48790e-01     8.26938e+02     1.64472e+00     4.46907e+02     1.52999e+00
    8.52880e-01     8.25660e+02     7.43319e-01     4.45644e+02     6.00274e-01
    8.56970e-01     8.22895e+02     1.11076e+00     4.43149e+02     8.81022e-01
    8.61060e-01     8.20329e+02     6.84765e-01     4.41196e+02     8.17229e-01
    8.65150e-01     8.18307e+02     1.45431e+00     4.39020e+02     1.45183e+00
    8.69230e-01     8.16669e+02     1.81632e+00     4.37264e+02     1.43984e+00
    8.73330e-01     8.12811e+02     1.73239e+00     4.34305e+02     1.35442e+00
    8.77430e-01     8.11384e+02     1.21685e+00     4.32791e+02     1.02697e+00
    8.81510e-01     8.08666e+02     1.35078e+00     4.30619e+02     5.07592e-01
    8.85600e-01     8.06022e+02     8.21668e-01     4.28179e+02     5.28413e-01
    8.89690e-01     8.04912e+02     8.63743e-01     4.26974e+02     2.15295e-01
    8.93780e-01     8.02323e+02     1.03803e+00     4.24272e+02     6.79621e-01
    8.97880e-01     8.00581e+02     8.29901e-01     4.23096e+02     8.41545e-01
    9.01960e-01     7.98295e+02     8.78473e-01     4.20506e+02     8.55359e-01
    9.06050e-01     7.97119e+02     1.12723e+00     4.19142e+02     8.97822e-01
    9.10150e-01     7.93145e+02     1.63205e+00     4.16261e+02     1.40653e+00
    9.14240e-01     7.91687e+02     8.88480e-01     4.14559e+02     7.23613e-01
    9.18330e-01     7.89542e+02     2.05669e+00     4.13144e+02     1.28027e+00
    9.22420e-01     7.89009e+02     1.12945e+00     4.12118e+02     8.11621e-01
    9.26510e-01     7.86984e+02     8.83976e-01     4.09886e+02     7.22569e-01
    9.30600e-01     7.84515e+02     1.45270e+00     4.08138e+02     8.56873e-01
    9.34690e-01     7.82920e+02     5.54261e-01     4.06186e+02     6.59792e-01
    9.38790e-01     7.80515e+02     1.76113e+00     4.04269e+02     1.09713e+00
    9.42870e-01     7.78992e+02     1.95296e+00     4.02997e+02     1.45829e+00
    9.46960e-01     7.77416e+02     1.20766e+00     4.01051e+02     7.28651e-01
    9.51050e-01     7.75273e+02     1.08855e+00     3.98793e+02     6.27157e-01
    9.55150e-01     7.73602e+02     1.30312e+00     3.97248e+02     1.06038e+00
    9.59240e-01     7.71102e+02     9.00920e-01     3.95437e+02     5.96482e-01
    9.63330e-01     7.69689e+02     8.85084e-01     3.93963e+02     9.89983e-01
    9.67420e-01     7.67383e+02     4.71582e-01     3.91958e+02     8.08279e-01
    9.71510e-01     7.65436e+02     1.44077e+00     3.90157e+02     7.95020e-01
    9.75590e-01     7.64500e+02     1.30624e+00     3.89089e+02     9.97416e-01
    9.79680e-01     7.62123e+02     1.82272e+00     3.87015e+02     1.24892e+00
    9.83770e-01     7.60387e+02     1.22132e+00     3.85412e+02     9.64171e-01
    9.87870e-01     7.58829e+02     8.22828e-01     3.83636e+02     7.65520e-01
    9.91960e-01     7.56859e+02     1.01394e+00     3.82146e+02     7.00785e-01
    9.96050e-01     7.55663e+02     8.12645e-01     3.80665e+02     6.18374e-01
    1.00020e+00     7.54016e+02     9.99200e-01     3.79215e+02     9.23183e-01
    1.00420e+00     7.51973e+02     1.43783e+00     3.77287e+02     9.28626e-01
    1.00830e+00     7.49910e+02     9.91775e-01     3.75475e+02     9.58792e-01
    1.01240e+00     7.48734e+02     1.08118e+00     3.74245e+02     1.07266e+00
    1.01650e+00     7.47139e+02     1.42540e+00     3.72893e+02     8.07179e-01
    1.02060e+00     7.45287e+02     1.40340e+00     3.71072e+02     8.55376e-01
    1.02470e+00     7.43889e+02     1.85928e+00     3.69929e+02     5.32637e-01
    1.02880e+00     7.41841e+02     1.51390e+00     3.67915e+02     7.68787e-01
    1.03290e+00     7.40108e+02     1.39358e+00     3.66621e+02     9.63362e-01
    1.03700e+00     7.39263e+02     1.48851e+00     3.65206e+02     8.78180e-01
    1.04100e+00     7.37117e+02     9.77085e-01     3.63769e+02     7.83245e-01
    1.04510e+00     7.35558e+02     3.84249e-01     3.62066e+02     4.38774e-01
    1.04920e+00     7.34556e+02     1.88061e+00     3.60756e+02     1.15838e+00
    1.05330e+00     7.31825e+02     7.99653e-01     3.58840e+02     6.00146e-01
    1.05740e+00     7.31641e+02     1.28716e+00     3.57982e+02     6.89628e-01
    1.06150e+00     7.28833e+02     8.45139e-01     3.56188e+02     6.80330e-01
    1.06560e+00     7.28230e+02     9.95792e-01     3.54890e+02     8.38799e-01
    1.06970e+00     7.25766e+02     8.34117e-01     3.53038e+02     5.88795e-01
    1.07380e+00     7.26008e+02     6.96869e-01     3.52817e+02     2.61337e-01
    1.07790e+00     7.23136e+02     1.12139e+00     3.50507e+02     6.87891e-01
    1.08200e+00     7.22674e+02     1.82953e+00     3.49561e+02     8.89143e-01
    1.08600e+00     7.20692e+02     1.44165e+00     3.48045e+02     5.36260e-01
    1.09010e+00     7.18757e+02     1.06798e+00     3.46531e+02     6.78026e-01
    1.09420e+00     7.17321e+02     1.42791e+00     3.44969e+02     7.52923e-01
    1.09830e+00     7.16451e+02     8.28117e-01     3.43814e+02     5.07917e-01
    1.10240e+00     7.14375e+02     1.08995e+00     3.42210e+02     8.08030e-01
    1.10650e+00     7.13308e+02     1.92409e+00     3.41028e+02     1.06140e+00
    1.11060e+00     7.12007e+02     9.52784e-01     3.39780e+02     6.40874e-01
    1.11470e+00     7.10341e+02     1.42396e+00     3.38423e+02     1.04433e+00
    1.11880e+00     7.09063e+02     1.20434e+00     3.36947e+02     6.27077e-01
    1.12290e+00     7.08123e+02     1.20771e+00     3.35851e+02     6.61058e-01
    1.12700e+00     7.06714e+02     1.00991e+00     3.34462e+02     4.50325e-01
    1.13100e+00     7.05310e+02     1.32828e+00     3.33178e+02     7.92472e-01
    1.13510e+00     7.02994e+02     1.33570e+00     3.31654e+02     8.27930e-01
    1.13920e+00     7.01988e+02     1.25405e+00     3.30306e+02     3.47992e-01
    1.14330e+00     7.00919e+02     1.38975e+00     3.29416e+02     7.71206e-01
    1.14740e+00     6.99894e+02     1.67369e+00     3.28229e+02     7.32164e-01
    1.15150e+00     6.97210e+02     8.86612e-01     3.26198e+02     4.87021e-01
    1.15560e+00     6.97304e+02     4.96224e-01     3.25517e+02     7.21879e-01
    1.15970e+00     6.95591e+02     1.04485e+00     3.24159e+02     6.29236e-01
    1.16380e+00     6.93615e+02     5.95356e-01     3.22570e+02     6.30608e-01
    1.16790e+00     6.92256e+02     1.23945e+00     3.21430e+02     1.00783e+00
    1.17190e+00     6.90965e+02     8.12751e-01     3.20263e+02     6.36203e-01
    1.17600e+00     6.90076e+02     7.05538e-01     3.19220e+02     7.42201e-01
    1.18010e+00     6.88372e+02     1.20780e+00     3.17764e+02     7.38806e-01
    1.18420e+00     6.86810e+02     9.81314e-01     3.16617e+02     8.67402e-01
    1.18830e+00     6.85924e+02     1.12997e+00     3.14997e+02     3.49651e-01
    1.19240e+00     6.84795e+02     9.56357e-01     3.14153e+02     5.72867e-01
    1.19650e+00     6.82664e+02     8.99904e-01     3.12596e+02     4.35684e-01
    1.20060e+00     6.82436e+02     1.20067e+00     3.11940e+02     8.50078e-01
    1.20470e+00     6.80596e+02     3.53635e-01     3.10478e+02     3.47865e-01
    1.20880e+00     6.79659e+02     1.34289e+00     3.09328e+02     8.18963e-01
    1.21290e+00     6.78590e+02     7.41771e-01     3.08315e+02     4.48884e-01
    1.21690e+00     6.76710e+02     8.45882e-01     3.06904e+02     6.30393e-01
    1.22100e+00     6.75428e+02     1.21328e+00     3.05591e+02     6.61450e-01
    1.22510e+00     6.74871e+02     6.71091e-01     3.04771e+02     3.31555e-01
    1.22920e+00     6.73575e+02     7.95471e-01     3.03962e+02     9.18701e-01
    1.23330e+00     6.72493e+02     9.24187e-01     3.02253e+02     5.80527e-01
    1.23740e+00     6.70848e+02     1.22322e+00     3.01255e+02     1.14494e+00
    1.24150e+00     6.69112e+02     5.75996e-01     2.99977e+02     5.76375e-01
    1.24560e+00     6.68327e+02     9.25971e-01     2.99000e+02     7.38154e-01
    1.24970e+00     6.67628e+02     9.91979e-01     2.97992e+02     7.12703e-01
    1.25380e+00     6.65770e+02     1.28134e+00     2.96489e+02     6.42344e-01
    1.25790e+00     6.64521e+02     8.95543e-01     2.95457e+02     6.39222e-01
    1.26190e+00     6.63445e+02     8.45446e-01     2.94368e+02     4.90409e-01
    1.26600e+00     6.62158e+02     1.16956e+00     2.93199e+02     4.96567e-01
    1.27010e+00     6.61056e+02     1.20921e+00     2.92049e+02     5.23990e-01
    1.27420e+00     6.59897e+02     1.03175e+00     2.91220e+02     6.13202e-01
    1.27830e+00     6.58723e+02     1.14520e+00     2.90093e+02     6.39746e-01
    1.28240e+00     6.57900e+02     1.30094e+00     2.89124e+02     6.44444e-01
    1.28650e+00     6.57036e+02     1.42359e+00     2.88226e+02     8.35651e-01
    1.29060e+00     6.56092e+02     1.08239e+00     2.87265e+02     6.37750e-01
    1.29470e+00     6.53892e+02     7.90891e-01     2.85850e+02     5.17360e-01
    1.29880e+00     6.52532e+02     1.22692e+00     2.84497e+02     7.50322e-01
    1.30290e+00     6.52291e+02     1.16581e+00     2.84038e+02     7.47357e-01
    1.30690e+00     6.50486e+02     1.06582e+00     2.82462e+02     7.98687e-01
    1.31100e+00     6.49467e+02     1.37405e+00     2.81378e+02     5.99187e-01
    1.31510e+00     6.48846e+02     1.13449e+00     2.80725e+02     5.35975e-01
    1.31920e+00     6.47557e+02     7.54348e-01     2.79647e+02     6.38489e-01
    1.32330e+00     6.46241e+02     1.44534e+00     2.78324e+02     6.08530e-01
    1.32740e+00     6.45101e+02     1.29700e+00     2.77450e+02     8.65004e-01
    1.33150e+00     6.43755e+02     9.81501e-01     2.76156e+02     3.43311e-01
    1.33560e+00     6.43155e+02     1.35010e+00     2.75392e+02     6.13875e-01
    1.33970e+00     6.41340e+02     6.71816e-01     2.73846e+02     5.08683e-01
    1.34380e+00     6.40778e+02     1.10188e+00     2.73543e+02     5.16399e-01
    1.34790e+00     6.38987e+02     1.02462e+00     2.72285e+02     4.96860e-01
    1.35190e+00     6.38213e+02     1.84076e+00     2.71086e+02     6.96631e-01
    1.35600e+00     6.37258e+02     8.98787e-01     2.70249e+02     3.36822e-01
    1.36010e+00     6.35985e+02     3.33754e-01     2.69243e+02     4.68743e-01
    1.36420e+00     6.35525e+02     9.08076e-01     2.68577e+02     5.99089e-01
    1.36830e+00     6.33913e+02     1.04723e+00     2.67441e+02     5.97823e-01
    1.37240e+00     6.32873e+02     8.27182e-01     2.66252e+02     5.41513e-01
    1.37650e+00     6.31580e+02     1.24509e+00     2.65318e+02     7.50394e-01
    1.38060e+00     6.30845e+02     1.09585e+00     2.64371e+02     6.64072e-01
    1.38470e+00     6.29749e+02     8.32480e-01     2.63529e+02     4.24745e-01
    1.38880e+00     6.28073e+02     1.24296e+00     2.62244e+02     6.08087e-01
    1.39280e+00     6.27494e+02     4.97544e-01     2.61499e+02     3.55903e-01
    1.39690e+00     6.25789e+02     7.48746e-01     2.60393e+02     5.89626e-01
    1.40100e+00     6.25503e+02     1.29746e+00     2.59868e+02     3.59805e-01
    1.40510e+00     6.24158e+02     1.22559e+00     2.58644e+02     5.88790e-01
    1.40920e+00     6.23323e+02     1.05740e+00     2.57773e+02     5.02446e-01
    1.41330e+00     6.22069e+02     1.27158e+00     2.56743e+02     7.21001e-01
    1.41740e+00     6.21392e+02     7.70713e-01     2.55855e+02     7.16256e-01
    1.42150e+00     6.19783e+02     1.39488e+00     2.54578e+02     5.70915e-01
    1.42560e+00     6.19095e+02     4.72806e-01     2.53875e+02     4.12048e-01
    1.42970e+00     6.18065e+02     9.38547e-01     2.53128e+02     4.95868e-01
    1.43380e+00     6.17299e+02     1.35520e+00     2.52250e+02     6.93075e-01
    1.43780e+00     6.16344e+02     1.23265e+00     2.51353e+02     6.19517e-01
    1.44190e+00     6.14589e+02     1.14808e+00     2.50239e+02     5.95318e-01
    1.44600e+00     6.13414e+02     8.17918e-01     2.49092e+02     5.06175e-01
    1.45010e+00     6.12821e+02     1.09406e+00     2.48492e+02     5.42577e-01
    1.45420e+00     6.11746e+02     8.89757e-01     2.47562e+02     4.72340e-01
    1.45830e+00     6.10268e+02     9.21052e-01     2.46486e+02     6.07696e-01
    1.46240e+00     6.09273e+02     7.27759e-01     2.45415e+02     5.44866e-01
    1.46650e+00     6.08869e+02     7.49479e-01     2.44910e+02     4.21177e-01
    1.47060e+00     6.07319e+02     1.30367e+00     2.43833e+02     6.20247e-01
    1.47470e+00     6.06637e+02     8.56470e-01     2.43059e+02     5.43059e-01
    1.47870e+00     6.05355e+02     1.31682e+00     2.42079e+02     5.93554e-01
    1.48280e+00     6.04032e+02     6.32820e-01     2.41171e+02     4.73482e-01
    1.48690e+00     6.03056e+02     8.06255e-01     2.40150e+02     5.30195e-01
    1.49100e+00     6.01591e+02     1.05252e+00     2.39420e+02     5.56692e-01
    1.49510e+00     6.01246e+02     9.22940e-01     2.38634e+02     5.23184e-01
    1.49920e+00     6.00254e+02     9.92358e-01     2.37598e+02     6.58756e-01
    1.50330e+00     5.98787e+02     1.01691e+00     2.36643e+02     3.52102e-01
    1.50740e+00     5.97908e+02     1.01771e+00     2.35912e+02     5.73447e-01
    1.51150e+00     5.97053e+02     4.58680e-01     2.35081e+02     4.26393e-01
    1.51560e+00     5.96101e+02     1.11769e+00     2.34148e+02     5.57259e-01
    1.51970e+00     5.95316e+02     9.14498e-01     2.33539e+02     5.34998e-01
    1.52370e+00     5.94822e+02     9.69407e-01     2.32668e+02     5.66413e-01
    1.52780e+00     5.93342e+02     1.32908e+00     2.31886e+02     3.58176e-01
    1.53190e+00     5.92289e+02     9.66766e-01     2.30847e+02     4.66027e-01
    1.53600e+00     5.90974e+02     1.36397e+00     2.29869e+02     5.78826e-01
    1.54010e+00     5.90404e+02     9.89776e-01     2.29297e+02     3.83929e-01
    1.54420e+00     5.88771e+02     5.43053e-01     2.28198e+02     4.12231e-01
    1.54830e+00     5.88416e+02     9.05695e-01     2.27736e+02     5.13244e-01
    1.55240e+00     5.87569e+02     1.09059e+00     2.26932e+02     5.80687e-01
    1.55650e+00     5.86038e+02     9.25600e-01     2.25816e+02     6.51131e-01
    1.56060e+00     5.84953e+02     9.17649e-01     2.24912e+02     6.17919e-01
    1.56460e+00     5.84417e+02     1.40745e+00     2.24169e+02     4.56770e-01
    1.56870e+00     5.83233e+02     1.06996e+00     2.23322e+02     5.65503e-01
    1.57280e+00     5.82170e+02     1.44065e+00     2.22608e+02     8.28301e-01
    1.57690e+00     5.80941e+02     3.46378e-01     2.21732e+02     4.05328e-01
    1.58100e+00     5.80100e+02     1.25039e+00     2.20962e+02     5.21074e-01
    1.58510e+00     5.79234e+02     1.31513e+00     2.20011e+02     3.43377e-01
    1.58920e+00     5.78380e+02     9.30566e-01     2.19402e+02     4.92353e-01
    1.59330e+00     5.77693e+02     1.25968e+00     2.18579e+02     6.80104e-01
    1.59740e+00     5.76435e+02     7.92375e-01     2.17794e+02     4.68345e-01
    1.60150e+00     5.74936e+02     5.64998e-01     2.16816e+02     3.60390e-01
    1.60560e+00     5.74529e+02     1.18451e+00     2.16223e+02     5.99108e-01
    1.60960e+00     5.73457e+02     1.18005e+00     2.15468e+02     7.44510e-01
    1.61370e+00     5.72871e+02     8.31517e-01     2.14863e+02     3.72592e-01
    1.61780e+00     5.71418e+02     8.84121e-01     2.13888e+02     4.17588e-01
    1.62190e+00     5.70405e+02     8.86620e-01     2.13057e+02     4.56811e-01
    1.62600e+00     5.69134e+02     9.05243e-01     2.12195e+02     5.80996e-01
    1.63010e+00     5.68327e+02     8.09837e-01     2.11415e+02     4.44126e-01
    1.63420e+00     5.68017e+02     9.01564e-01     2.10926e+02     4.31950e-01
    1.63830e+00     5.66642e+02     1.20772e+00     2.10022e+02     5.31863e-01
    1.64240e+00     5.65584e+02     6.91727e-01     2.09050e+02     3.72469e-01
    1.64650e+00     5.64514e+02     9.18005e-01     2.08367e+02     3.42403e-01
    1.65060e+00     5.63784e+02     7.54168e-01     2.07773e+02     4.85393e-01
    1.65460e+00     5.62906e+02     9.72935e-01     2.06983e+02     6.68988e-01
    1.65870e+00     5.62454e+02     8.69538e-01     2.06372e+02     4.09334e-01
    1.66280e+00     5.60630e+02     5.65869e-01     2.05398e+02     5.55303e-01
    1.66690e+00     5.60177e+02     1.02588e+00     2.04634e+02     4.70337e-01
    1.67100e+00     5.59091e+02     1.29243e+00     2.03972e+02     4.85360e-01
    1.67510e+00     5.58552e+02     7.96810e-01     2.03388e+02     6.15115e-01
    1.67920e+00     5.57235e+02     1.30026e+00     2.02448e+02     4.49317e-01
    1.68330e+00     5.55847e+02     8.97656e-01     2.01606e+02     4.58726e-01
    1.68740e+00     5.55276e+02     1.14301e+00     2.00899e+02     4.54265e-01
    1.69150e+00     5.54323e+02     8.89156e-01     2.00317e+02     4.48293e-01
    1.69550e+00     5.53687e+02     7.04072e-01     1.99724e+02     3.57355e-01
    1.69960e+00     5.52334e+02     9.33000e-01     1.98784e+02     4.13014e-01
    1.70370e+00     5.51416e+02     1.11187e+00     1.98128e+02     4.88314e-01
    1.70780e+00     5.50530e+02     8.09450e-01     1.97340e+02     3.52441e-01
    1.71190e+00     5.49865e+02     1.27445e+00     1.96689e+02     5.67300e-01
    1.71600e+00     5.48708e+02     1.08329e+00     1.95966e+02     6.43999e-01
    1.72010e+00     5.47698e+02     5.26297e-01     1.95160e+02     2.38364e-01
    1.72420e+00     5.46997e+02     9.65176e-01     1.94569e+02     4.62698e-01
    1.72830e+00     5.45713e+02     9.25194e-01     1.93740e+02     4.35779e-01
    1.73240e+00     5.45149e+02     1.01043e+00     1.93187e+02     3.78561e-01
    1.73650e+00     5.43855e+02     8.97594e-01     1.92294e+02     3.79241e-01
    1.74050e+00     5.42898e+02     9.29649e-01     1.91668e+02     4.74441e-01
    1.74460e+00     5.42282e+02     8.69737e-01     1.91099e+02     5.33712e-01
    1.74870e+00     5.41301e+02     1.08941e+00     1.90272e+02     3.99042e-01
    1.75280e+00     5.39931e+02     1.00257e+00     1.89455e+02     4.76630e-01
    1.75690e+00     5.39231e+02     6.93118e-01     1.88758e+02     3.25161e-01
    1.76100e+00     5.38179e+02     4.31264e-01     1.88249e+02     4.56538e-01
    1.76510e+00     5.37793e+02     5.46210e-01     1.87668e+02     3.55215e-01
    1.76920e+00     5.36290e+02     4.51879e-01     1.86895e+02     2.04399e-01
    1.77330e+00     5.36058e+02     7.15947e-01     1.86303e+02     3.18144e-01
    1.77740e+00     5.34440e+02     8.29216e-01     1.85470e+02     2.83859e-01
    1.78150e+00     5.33798e+02     7.87093e-01     1.84782e+02     3.90740e-01
    1.78550e+00     5.32912e+02     8.40322e-01     1.84208e+02     3.89028e-01
    1.78960e+00     5.31948e+02     6.39664e-01     1.83446e+02     2.87139e-01
    1.79370e+00     5.31163e+02     5.87844e-01     1.82820e+02     3.14279e-01
    1.79780e+00     5.30110e+02     9.99140e-01     1.82060e+02     2.81002e-01
    1.80190e+00     5.29369e+02     9.26794e-01     1.81552e+02     3.71089e-01
    1.80600e+00     5.28147e+02     8.64432e-01     1.80835e+02     4.83552e-01
    1.81010e+00     5.27435e+02     1.09369e+00     1.80090e+02     4.15563e-01
    1.81420e+00     5.26515e+02     6.94893e-01     1.79530e+02     3.25012e-01
    1.81830e+00     5.25518e+02     9.68388e-01     1.78780e+02     4.17080e-01
    1.82240e+00     5.24682e+02     8.53772e-01     1.78169e+02     2.66861e-01
    1.82650e+00     5.24048e+02     8.03434e-01     1.77673e+02     3.44195e-01
    1.83050e+00     5.22906e+02     8.42363e-01     1.76897e+02     4.58167e-01
    1.83460e+00     5.21874e+02     1.34238e+00     1.76241e+02     4.24364e-01
    1.83870e+00     5.20837e+02     9.06904e-01     1.75444e+02     3.27805e-01
    1.84280e+00     5.20180e+02     1.03219e+00     1.74961e+02     4.36234e-01
    1.84690e+00     5.19180e+02     5.41790e-01     1.74315e+02     2.20645e-01
    1.85100e+00     5.18271e+02     1.03900e+00     1.73574e+02     4.85819e-01
    1.85510e+00     5.17673e+02     9.74182e-01     1.73107e+02     3.48243e-01
    1.85920e+00     5.16148e+02     7.40799e-01     1.72256e+02     3.58964e-01
    1.86330e+00     5.15319e+02     6.97286e-01     1.71676e+02     1.99461e-01
    1.86740e+00     5.14280e+02     7.77162e-01     1.70940e+02     2.79705e-01
    1.87150e+00     5.13974e+02     8.85503e-01     1.70497e+02     2.97928e-01
    1.87550e+00     5.12933e+02     9.12189e-01     1.69923e+02     5.23795e-01
    1.87960e+00     5.11864e+02     5.99543e-01     1.69180e+02     2.02080e-01
    1.88370e+00     5.11183e+02     7.70103e-01     1.68621e+02     3.69529e-01
    1.88780e+00     5.10047e+02     7.33992e-01     1.68022e+02     3.60349e-01
    1.89190e+00     5.09180e+02     9.05155e-01     1.67314e+02     3.01688e-01
    1.89600e+00     5.08855e+02     8.73287e-01     1.66937e+02     4.47851e-01
    1.90010e+00     5.07015e+02     5.27451e-01     1.66094e+02     2.04110e-01
    1.90420e+00     5.06806e+02     1.14926e+00     1.65621e+02     3.17725e-01
    1.90830e+00     5.05717e+02     9.75980e-01     1.65042e+02     4.57299e-01
    1.91240e+00     5.04667e+02     3.63245e-01     1.64369e+02     2.64031e-01
    1.91640e+00     5.04025e+02     1.14864e+00     1.63712e+02     2.42308e-01
    1.92050e+00     5.03282e+02     8.08939e-01     1.63296e+02     3.82314e-01
    1.92460e+00     5.02267e+02     7.58304e-01     1.62572e+02     3.03629e-01
    1.92870e+00     5.01425e+02     7.36975e-01     1.61986e+02     2.42106e-01
    1.93280e+00     5.00620e+02     1.12458e+00     1.61510e+02     3.24243e-01
    1.93690e+00     4.99363e+02     8.11606e-01     1.60624e+02     1.94096e-01
    1.94100e+00     4.98452e+02     7.36324e-01     1.60183e+02     3.54392e-01
    1.94510e+00     4.97674e+02     7.73767e-01     1.59410e+02     1.28481e-01
    1.94920e+00     4.96677e+02     6.97080e-01     1.58931e+02     3.17900e-01
    1.95330e+00     4.95919e+02     6.46837e-01     1.58431e+02     3.45376e-01
    1.95730e+00     4.95106e+02     1.00663e+00     1.57816e+02     4.84312e-01
    1.96140e+00     4.94075e+02     8.36475e-01     1.57195e+02     4.04185e-01
    1.96550e+00     4.93616e+02     1.09177e+00     1.56651e+02     2.75982e-01
    1.96960e+00     4.92638e+02     7.73824e-01     1.56197e+02     2.46737e-01
    1.97370e+00     4.91635e+02     6.74769e-01     1.55584e+02     2.87020e-01
    1.97780e+00     4.90694e+02     7.96441e-01     1.54941e+02     3.74487e-01
    1.98190e+00     4.90096e+02     7.28082e-01     1.54463e+02     3.19313e-01
    1.98600e+00     4.89097e+02     7.08031e-01     1.53867e+02     3.34009e-01
    1.99010e+00     4.87975e+02     7.72279e-01     1.53243e+02     2.52850e-01
    1.99420e+00     4.86898e+02     5.93761e-01     1.52617e+02     3.18795e-01
    1.99830e+00     4.86245e+02     5.46275e-01     1.52146e+02     1.90252e-01
    2.00240e+00     4.85555e+02     9.01486e-01     1.51615e+02     4.09898e-01
    2.00640e+00     4.85026e+02     7.36508e-01     1.51097e+02     2.29934e-01
    2.01050e+00     4.83856e+02     7.17289e-01     1.50525e+02     3.34142e-01
    2.01460e+00     4.82850e+02     6.48878e-01     1.49861e+02     3.26824e-01
    2.01870e+00     4.82279e+02     1.12386e+00     1.49380e+02     3.41007e-01
    2.02280e+00     4.81287e+02     6.93592e-01     1.48863e+02     2.17840e-01
    2.02690e+00     4.80451e+02     1.03856e+00     1.48284e+02     4.00615e-01
    2.03100e+00     4.79194e+02     5.34376e-01     1.47631e+02     2.72140e-01
    2.03510e+00     4.78584e+02     6.52800e-01     1.47180e+02     2.74717e-01
    2.03920e+00     4.77941e+02     9.32511e-01     1.46678e+02     3.40057e-01
    2.04330e+00     4.76564e+02     8.08414e-01     1.45965e+02     2.60387e-01
    2.04730e+00     4.75948e+02     7.60581e-01     1.45449e+02     2.55633e-01
    2.05140e+00     4.74764e+02     4.94752e-01     1.44948e+02     2.54184e-01
    2.05550e+00     4.74147e+02     9.83589e-01     1.44427e+02     2.98190e-01
    2.05960e+00     4.73508e+02     5.97818e-01     1.43925e+02     2.42956e-01
    2.06370e+00     4.72285e+02     5.72711e-01     1.43338e+02     2.65104e-01
    2.06780e+00     4.71571e+02     8.94639e-01     1.42863e+02     1.77735e-01
    2.07190e+00     4.70610e+02     5.36752e-01     1.42209e+02     1.14803e-01
    2.07600e+00     4.69792e+02     5.55260e-01     1.41758e+02     1.83932e-01
    2.08010e+00     4.68918e+02     7.26790e-01     1.41228e+02     3.42821e-01
    2.08420e+00     4.68368e+02     5.19729e-01     1.40787e+02     2.77460e-01
    2.08830e+00     4.67025e+02     6.76838e-01     1.40049e+02     3.04634e-01
    2.09230e+00     4.66171e+02     4.07020e-01     1.39592e+02     1.74582e-01
    2.09640e+00     4.65704e+02     7.74588e-01     1.39196e+02     3.04685e-01
    2.10050e+00     4.64836e+02     6.83144e-01     1.38645e+02     2.63169e-01
    2.10460e+00     4.63875e+02     6.77151e-01     1.38177e+02     2.62004e-01
    2.10870e+00     4.62953e+02     9.54732e-01     1.37610e+02     2.56552e-01
    2.11280e+00     4.62166e+02     7.34652e-01     1.37078e+02     3.18278e-01
    2.11690e+00     4.61192e+02     5.13554e-01     1.36515e+02     2.03749e-01
    2.12100e+00     4.60560e+02     9.20093e-01     1.36087e+02     2.81016e-01
    2.12510e+00     4.59477e+02     3.26208e-01     1.35518e+02     1.52672e-01
    2.12920e+00     4.58754e+02     8.13127e-01     1.35054e+02     2.60290e-01
    2.13320e+00     4.58085e+02     8.02948e-01     1.34679e+02     2.98848e-01
    2.13730e+00     4.56853e+02     5.51340e-01     1.34003e+02     1.91190e-01
    2.14140e+00     4.56205e+02     6.82225e-01     1.33555e+02     1.44735e-01
    2.14550e+00     4.55569e+02     6.72761e-01     1.33125e+02     1.91078e-01
    2.14960e+00     4.54586e+02     7.03092e-01     1.32521e+02     3.14166e-01
    2.15370e+00     4.53752e+02     7.79829e-01     1.32101e+02     2.62356e-01
    2.15780e+00     4.52794e+02     7.64809e-01     1.31611e+02     2.96664e-01
    2.16190e+00     4.51953e+02     5.13779e-01     1.31038e+02     1.87213e-01
    2.16600e+00     4.50992e+02     4.48057e-01     1.30444e+02     1.13075e-01
    2.17010e+00     4.50258e+02     7.74501e-01     1.30092e+02     2.22122e-01
    2.17420e+00     4.49285e+02     9.28849e-01     1.29606e+02     2.41943e-01
    2.17820e+00     4.48672e+02     6.48489e-01     1.29072e+02     1.45839e-01
    2.18230e+00     4.47968e+02     7.44326e-01     1.28715e+02     2.86101e-01
    2.18640e+00     4.46996e+02     6.20971e-01     1.28167e+02     2.14431e-01
    2.19050e+00     4.46247e+02     8.79831e-01     1.27736e+02     3.32381e-01
    2.19460e+00     4.45277e+02     7.81687e-01     1.27171e+02     2.25400e-01
    2.19870e+00     4.44286e+02     9.01581e-01     1.26712e+02     3.16502e-01
    2.20280e+00     4.43633e+02     8.30793e-01     1.26275e+02     3.38860e-01
    2.20690e+00     4.42868e+02     6.23214e-01     1.25794e+02     2.22973e-01
    2.21100e+00     4.41821e+02     6.32501e-01     1.25297e+02     2.55078e-01
    2.21510e+00     4.40937e+02     6.64326e-01     1.24816e+02     2.91746e-01
    2.21910e+00     4.40192e+02     6.03017e-01     1.24315e+02     2.00793e-01
    2.22320e+00     4.39462e+02     8.28313e-01     1.23929e+02     2.32482e-01
    2.22730e+00     4.38691e+02     8.77630e-01     1.23468e+02     2.04051e-01
    2.23140e+00     4.38117e+02     6.47349e-01     1.23057e+02     1.54021e-01
    2.23550e+00     4.36986e+02     5.94564e-01     1.22542e+02     2.20428e-01
    2.23960e+00     4.36114e+02     6.02190e-01     1.22086e+02     1.98671e-01
    2.24370e+00     4.35496e+02     8.93086e-01     1.21594e+02     1.98487e-01
    2.24780e+00     4.34462e+02     3.90350e-01     1.21184e+02     1.71988e-01
    2.25190e+00     4.33801e+02     6.94208e-01     1.20785e+02     2.35105e-01
    2.25600e+00     4.32798e+02     6.51072e-01     1.20274e+02     2.61233e-01
    2.26010e+00     4.31802e+02     6.92890e-01     1.19729e+02     1.17143e-01
    2.26420e+00     4.31177e+02     6.79190e-01     1.19287e+02     1.13333e-01
    2.26820e+00     4.30357e+02     7.06677e-01     1.18809e+02     2.12535e-01
    2.27230e+00     4.29476e+02     6.84173e-01     1.18422e+02     1.24611e-01
    2.27640e+00     4.28547e+02     5.85404e-01     1.17941e+02     2.19922e-01
    2.28050e+00     4.27946e+02     4.28685e-01     1.17538e+02     1.43928e-01
    2.28460e+00     4.26930e+02     5.14700e-01     1.17065e+02     2.27759e-01
    2.28870e+00     4.26211e+02     6.48037e-01     1.16665e+02     2.09394e-01
    2.29280e+00     4.25317e+02     7.65513e-01     1.16233e+02     2.51029e-01
    2.29690e+00     4.24579e+02     6.07798e-01     1.15762e+02     2.02554e-01
    2.30100e+00     4.23790e+02     4.84702e-01     1.15364e+02     1.86239e-01
    2.30510e+00     4.22848e+02     6.41919e-01     1.14905e+02     2.15669e-01
    2.30910e+00     4.21939e+02     5.71717e-01     1.14448e+02     1.77309e-01
    2.31320e+00     4.21309e+02     7.90725e-01     1.14050e+02     2.47882e-01
    2.31730e+00     4.20473e+02     6.78699e-01     1.13585e+02     2.16016e-01
    2.32140e+00     4.19640e+02     7.19015e-01     1.13160e+02     2.39186e-01
    2.32550e+00     4.18940e+02     7.03748e-01     1.12749e+02     2.59788e-01
    2.32960e+00     4.18196e+02     5.52148e-01     1.12346e+02     1.76913e-01
    2.33370e+00     4.17083e+02     5.26501e-01     1.11844e+02     1.42469e-01
    2.33780e+00     4.16621e+02     8.01796e-01     1.11507e+02     2.41459e-01
    2.34190e+00     4.15643e+02     6.61494e-01     1.11055e+02     1.61465e-01
    2.34600e+00     4.14928e+02     5.71442e-01     1.10632e+02     1.53361e-01
    2.35000e+00     4.13972e+02     7.95208e-01     1.10150e+02     9.17377e-02
    2.35410e+00     4.13089e+02     7.46615e-01     1.09750e+02     1.45901e-01
    2.35820e+00     4.12270e+02     5.45131e-01     1.09290e+02     2.02313e-01
    2.36230e+00     4.11766e+02     7.94236e-01     1.08986e+02     2.84457e-01
    2.36640e+00     4.10617e+02     6.48759e-01     1.08505e+02     2.15448e-01
    2.37050e+00     4.09913e+02     4.25469e-01     1.08118e+02     1.16007e-01
    2.37460e+00     4.09201e+02     6.58883e-01     1.07727e+02     2.07422e-01
    2.37870e+00     4.08265e+02     6.26463e-01     1.07282e+02     2.54499e-01
    2.38280e+00     4.07470e+02     5.47298e-01     1.06831e+02     1.56686e-01
    2.38690e+00     4.06761e+02     5.84288e-01     1.06501e+02     1.85278e-01
    2.39100e+00     4.05942e+02     3.65748e-01     1.06041e+02     1.95012e-01
    2.39510e+00     4.05084e+02     4.56875e-01     1.05655e+02     1.20260e-01
    2.39910e+00     4.04315e+02     8.72022e-01     1.05215e+02     1.45817e-01
    2.40320e+00     4.03628e+02     4.85594e-01     1.04871e+02     2.13327e-01
    2.40730e+00     4.02805e+02     5.92859e-01     1.04488e+02     1.85559e-01
    2.41140e+00     4.01785e+02     4.06625e-01     1.04023e+02     1.82909e-01
    2.41550e+00     4.01282e+02     5.09855e-01     1.03678e+02     1.73759e-01
    2.41960e+00     4.00399e+02     6.38286e-01     1.03293e+02     1.42889e-01
    2.42370e+00     3.99496e+02     7.57064e-01     1.02861e+02     1.97308e-01
    2.42780e+00     3.98744e+02     6.89496e-01     1.02455e+02     1.96977e-01
    2.43190e+00     3.97984e+02     6.79860e-01     1.02114e+02     1.95151e-01
    2.43600e+00     3.97262e+02     4.29885e-01     1.01743e+02     2.39633e-01
    2.44000e+00     3.96352e+02     5.61136e-01     1.01302e+02     2.29664e-01
    2.44410e+00     3.95622e+02     6.26729e-01     1.00892e+02     1.27732e-01
    2.44820e+00     3.94884e+02     4.36631e-01     1.00540e+02     2.05507e-01
    2.45230e+00     3.93826e+02     3.75218e-01     1.00115e+02     1.29633e-01
    2.45640e+00     3.93330e+02     4.56220e-01     9.97976e+01     1.16017e-01
    2.46050e+00     3.92597e+02     3.74759e-01     9.94470e+01     1.67228e-01
    2.46460e+00     3.91606e+02     5.22740e-01     9.89952e+01     1.78712e-01
    2.46870e+00     3.90994e+02     6.87029e-01     9.86533e+01     1.82620e-01
    2.47280e+00     3.89961e+02     3.95735e-01     9.82296e+01     1.37982e-01
    2.47690e+00     3.89381e+02     4.59147e-01     9.79195e+01     2.08374e-01
    2.48100e+00     3.88702e+02     5.65785e-01     9.75171e+01     1.55515e-01
    2.48500e+00     3.87833e+02     5.67334e-01     9.71538e+01     1.58673e-01
    2.48910e+00     3.87021e+02     5.43292e-01     9.67802e+01     1.24881e-01
    2.49320e+00     3.86202e+02     6.53355e-01     9.63900e+01     2.04767e-01
    2.49730e+00     3.85232e+02     5.79666e-01     9.59579e+01     1.44792e-01
    2.50140e+00     3.84540e+02     2.70031e-01     9.56532e+01     1.00632e-01
    2.50550e+00     3.83838e+02     4.59872e-01     9.52386e+01     1.94559e-01
    2.50960e+00     3.83226e+02     5.41095e-01     9.48927e+01     1.40940e-01
    2.51370e+00     3.82427e+02     6.62392e-01     9.45989e+01     1.77889e-01
    2.51780e+00     3.81555e+02     5.12197e-01     9.41762e+01     1.29349e-01
    2.52190e+00     3.80998e+02     4.83439e-01     9.38985e+01     1.71076e-01
    2.52590e+00     3.79681e+02     4.52112e-01     9.33763e+01     1.66034e-01
    2.53000e+00     3.79246e+02     4.97665e-01     9.30914e+01     1.74179e-01
    2.53410e+00     3.78485e+02     3.94523e-01     9.27215e+01     2.22771e-01
    2.53820e+00     3.77620e+02     4.32679e-01     9.23005e+01     1.32967e-01
    2.54230e+00     3.76783e+02     5.68264e-01     9.20002e+01     1.43469e-01
    2.54640e+00     3.76014e+02     6.92890e-01     9.16198e+01     1.84470e-01
    2.55050e+00     3.75356e+02     5.67430e-01     9.12894e+01     2.47811e-01
    2.55460e+00     3.74455e+02     5.03799e-01     9.08718e+01     1.41016e-01
    2.55870e+00     3.73978e+02     3.28473e-01     9.06337e+01     1.91655e-01
    2.56280e+00     3.72899e+02     5.22034e-01     9.02306e+01     8.52737e-02
    2.56690e+00     3.72302e+02     5.17422e-01     8.99300e+01     1.57121e-01
    2.57090e+00     3.71478e+02     6.42401e-01     8.95244e+01     1.52261e-01
    2.57500e+00     3.70651e+02     5.84208e-01     8.91965e+01     1.19332e-01
    2.57910e+00     3.70190e+02     5.09414e-01     8.89029e+01     1.84090e-01
    2.58320e+00     3.69144e+02     4.72225e-01     8.85142e+01     1.20601e-01
    2.58730e+00     3.68398e+02     6.73725e-01     8.81361e+01     2.05730e-01
    2.59140e+00     3.67569e+02     5.11382e-01     8.78061e+01     1.72879e-01
    2.59550e+00     3.66897e+02     2.75941e-01     8.74692e+01     1.49105e-01
    2.59960e+00     3.66348e+02     3.44868e-01     8.71620e+01     1.50341e-01
    2.60370e+00     3.65442e+02     2.65209e-01     8.67684e+01     1.37160e-01
    2.60780e+00     3.64649e+02     4.61899e-01     8.64460e+01     1.88320e-01
    2.61190e+00     3.63844e+02     2.83599e-01     8.60971e+01     1.14552e-01
    2.61590e+00     3.63172e+02     4.55045e-01     8.57984e+01     1.02944e-01
    2.62000e+00     3.62460e+02     4.44734e-01     8.54536e+01     1.37659e-01
    2.62410e+00     3.61606e+02     3.22244e-01     8.51068e+01     1.19028e-01
    2.62820e+00     3.61099e+02     2.71597e-01     8.48295e+01     1.52609e-01
    2.63230e+00     3.60226e+02     6.40203e-01     8.44525e+01     1.25436e-01
    2.63640e+00     3.59392e+02     5.63332e-01     8.41379e+01     1.74686e-01
    2.64050e+00     3.58823e+02     4.13244e-01     8.38141e+01     1.54446e-01
    2.64460e+00     3.57994e+02     5.33592e-01     8.35043e+01     1.51643e-01
    2.64870e+00     3.57191e+02     4.25101e-01     8.31603e+01     1.33410e-01
    2.65280e+00     3.56522e+02     6.64474e-01     8.28753e+01     1.42371e-01
    2.65680e+00     3.55777e+02     3.56591e-01     8.25503e+01     1.64729e-01
    2.66090e+00     3.54988e+02     4.23514e-01     8.21768e+01     1.29560e-01
    2.66500e+00     3.54266e+02     5.39764e-01     8.18291e+01     1.40048e-01
    2.66910e+00     3.53489e+02     1.76098e-01     8.15241e+01     1.26621e-01
    2.67320e+00     3.52675e+02     4.44276e-01     8.11831e+01     1.67687e-01
    2.67730e+00     3.52062e+02     4.30726e-01     8.08904e+01     1.46433e-01
    2.68140e+00     3.51157e+02     4.60030e-01     8.05602e+01     1.87215e-01
    2.68550e+00     3.50567e+02     5.16070e-01     8.02655e+01     1.18306e-01
    2.68960e+00     3.49680e+02     3.11267e-01     7.99488e+01     1.09177e-01
    2.69370e+00     3.49073e+02     3.49739e-01     7.96591e+01     1.10072e-01
    2.69780e+00     3.48217e+02     2.36832e-01     7.93380e+01     9.33223e-02
    2.70180e+00     3.47591e+02     3.69639e-01     7.90319e+01     1.51324e-01
    2.70590e+00     3.46797e+02     4.58111e-01     7.86868e+01     1.27291e-01
    2.71000e+00     3.46021e+02     4.28341e-01     7.83648e+01     1.31769e-01
    2.71410e+00     3.45349e+02     4.51350e-01     7.80927e+01     1.18568e-01
    2.71820e+00     3.44653e+02     4.05362e-01     7.78050e+01     1.62639e-01
    2.72230e+00     3.43885e+02     3.70373e-01     7.74829e+01     1.42904e-01
    2.72640e+00     3.43238e+02     3.16176e-01     7.71807e+01     1.13167e-01
    2.73050e+00     3.42448e+02     4.12144e-01     7.68764e+01     1.32947e-01
    2.73460e+00     3.41757e+02     5.49327e-01     7.65700e+01     1.67664e-01
    2.73870e+00     3.41004e+02     4.63199e-01     7.62722e+01     1.23988e-01
    2.74270e+00     3.40310e+02     4.50783e-01     7.59838e+01     1.46411e-01
    2.74680e+00     3.39499e+02     3.86737e-01     7.56369e+01     1.33033e-01
    2.75090e+00     3.38831e+02     5.91063e-01     7.53883e+01     1.69437e-01
    2.75500e+00     3.38044e+02     2.00879e-01     7.50379e+01     1.18051e-01
    2.75910e+00     3.37410e+02     2.97724e-01     7.47962e+01     9.18796e-02
    2.76320e+00     3.36599e+02     4.97729e-01     7.44732e+01     1.41842e-01
    2.76730e+00     3.35907e+02     4.25632e-01     7.41837e+01     1.00116e-01
    2.77140e+00     3.35411e+02     3.21431e-01     7.39689e+01     1.05690e-01
    2.77550e+00     3.34636e+02     4.90317e-01     7.36372e+01     1.18759e-01
    2.77960e+00     3.33860e+02     3.57908e-01     7.33039e+01     1.11947e-01
    2.78370e+00     3.33160e+02     3.09476e-01     7.30356e+01     1.11172e-01
    2.78770e+00     3.32434e+02     3.18813e-01     7.27233e+01     9.16630e-02
    2.79180e+00     3.31613e+02     3.14513e-01     7.24169e+01     8.59588e-02
    2.79590e+00     3.31046e+02     3.36769e-01     7.21820e+01     1.11979e-01
    2.80000e+00     3.30465e+02     2.57003e-01     7.19336e+01     1.02772e-01
    2.80410e+00     3.29488e+02     2.22832e-01     7.15831e+01     1.16186e-01
    2.80820e+00     3.28803e+02     3.26125e-01     7.12776e+01     9.32149e-02
    2.81230e+00     3.28095e+02     3.01763e-01     7.09948e+01     8.68370e-02
    2.81640e+00     3.27396e+02     3.42824e-01     7.07455e+01     1.02767e-01
    2.82050e+00     3.26796e+02     3.33640e-01     7.04687e+01     1.06262e-01
    2.82460e+00     3.25973e+02     4.90744e-01     7.01950e+01     1.35392e-01
    2.82870e+00     3.25395e+02     2.64870e-01     6.99072e+01     8.58039e-02
    2.83270e+00     3.24419e+02     2.08838e-01     6.95995e+01     9.98968e-02
    2.83680e+00     3.24027e+02     1.90382e-01     6.93692e+01     7.46840e-02
    2.84090e+00     3.23324e+02     3.19102e-01     6.90994e+01     1.52174e-01
    2.84500e+00     3.22521e+02     2.52342e-01     6.87612e+01     4.54811e-02
    2.84910e+00     3.22066e+02     1.95233e-01     6.85724e+01     1.27743e-01
    2.85320e+00     3.21118e+02     1.61231e-01     6.82532e+01     1.51505e-01
    2.85730e+00     3.20217e+02     4.07858e-01     6.79342e+01     1.33628e-01
    2.86140e+00     3.19883e+02     1.41793e-01     6.77242e+01     1.02617e-01
    2.86550e+00     3.19050e+02     2.87071e-01     6.74563e+01     1.05600e-01
    2.86960e+00     3.18276e+02     2.93413e-01     6.71807e+01     1.18115e-01
    2.87360e+00     3.17611e+02     4.41169e-01     6.68893e+01     1.07596e-01
    2.87770e+00     3.16904e+02     1.77035e-01     6.66527e+01     9.95771e-02
    2.88180e+00     3.16169e+02     2.25550e-01     6.63744e+01     8.18562e-02
    2.88590e+00     3.15600e+02     1.97259e-01     6.61158e+01     1.33076e-01
    2.89000e+00     3.14834e+02     3.04606e-01     6.58358e+01     7.81655e-02
    2.89410e+00     3.14325e+02     1.79271e-01     6.56179e+01     1.18826e-01
    2.89820e+00     3.13551e+02     8.10002e-02     6.53321e+01     8.72375e-02
    2.90230e+00     3.12863e+02     1.81334e-01     6.50702e+01     1.02053e-01
    2.90640e+00     3.12148e+02     1.31320e-01     6.48140e+01     7.08047e-02
    2.91050e+00     3.11499e+02     3.21556e-01     6.45397e+01     1.32821e-01
    2.91460e+00     3.10713e+02     2.21806e-01     6.42811e+01     9.30144e-02
    2.91870e+00     3.10191e+02     2.23309e-01     6.40600e+01     1.14989e-01
    2.92270e+00     3.09429e+02     2.11868e-01     6.37778e+01     1.10444e-01
    2.92680e+00     3.08808e+02     1.71351e-01     6.35490e+01     8.48249e-02
    2.93090e+00     3.08067e+02     2.52697e-01     6.32558e+01     1.11115e-01
    2.93500e+00     3.07319e+02     2.01193e-01     6.29866e+01     1.24353e-01
    2.93910e+00     3.06749e+02     1.97355e-01     6.27662e+01     8.84352e-02
    2.94320e+00     3.05912e+02     2.26208e-01     6.24949e+01     6.46456e-02
    2.94730e+00     3.05338e+02     2.60958e-01     6.22552e+01     1.01913e-01
    2.95140e+00     3.04645e+02     1.58295e-01     6.19747e+01     5.90863e-02
    2.95550e+00     3.04155e+02     1.40192e-01     6.17690e+01     7.33225e-02
    2.95960e+00     3.03352e+02     3.43431e-01     6.15131e+01     8.63248e-02
    2.96360e+00     3.02712e+02     1.13847e-01     6.12606e+01     6.80206e-02
    2.96770e+00     3.02066e+02     3.58355e-01     6.10332e+01     1.13481e-01
    2.97180e+00     3.01470e+02     1.16108e-01     6.07847e+01     8.29430e-02
    2.97590e+00     3.00776e+02     9.37566e-02     6.05647e+01     6.04564e-02
    2.98000e+00     3.00068e+02     2.09464e-01     6.03087e+01     1.06295e-01
    2.98410e+00     2.99453e+02     1.47470e-01     6.00767e+01     6.34733e-02
    2.98820e+00     2.98722e+02     3.47798e-01     5.98242e+01     9.37514e-02
    2.99230e+00     2.98240e+02     1.66159e-01     5.95897e+01     1.00418e-01
    2.99640e+00     2.97268e+02     2.33569e-01     5.93139e+01     4.03667e-02
    3.00050e+00     2.96698e+02     3.29502e-01     5.90659e+01     1.04759e-01
    3.00460e+00     2.96149e+02     2.46629e-01     5.88716e+01     1.20324e-01
    3.00860e+00     2.95341e+02     1.98073e-01     5.86052e+01     1.19394e-01
    3.01270e+00     2.94665e+02     1.77804e-01     5.83625e+01     7.43379e-02
    3.01680e+00     2.94118e+02     1.07820e-01     5.81711e+01     7.71915e-02
    3.02090e+00     2.93418e+02     1.14266e-01     5.79161e+01     7.58827e-02
    3.02500e+00     2.92796e+02     1.28998e-01     5.76865e+01     5.92951e-02
    3.02910e+00     2.92242e+02     2.33834e-01     5.74741e+01     8.74342e-02
    3.03320e+00     2.91336e+02     2.13539e-01     5.71896e+01     8.23133e-02
    3.03730e+00     2.90782e+02     1.80499e-01     5.69644e+01     8.50336e-02
    3.04140e+00     2.90151e+02     2.05240e-01     5.67563e+01     8.34382e-02
    3.04550e+00     2.89490e+02     3.52738e-01     5.65197e+01     8.53987e-02
    3.04950e+00     2.88864e+02     2.31656e-01     5.62995e+01     1.11045e-01
    3.05360e+00     2.88174e+02     1.78301e-01     5.60571e+01     9.16441e-02
    3.05770e+00     2.87610e+02     2.75584e-01     5.58623e+01     5.50420e-02
    3.06180e+00     2.86947e+02     1.19161e-01     5.56110e+01     4.37387e-02
    3.06590e+00     2.86180e+02     1.70075e-01     5.53627e+01     8.54868e-02
    3.07000e+00     2.85696e+02     1.78318e-01     5.51873e+01     7.36653e-02
    3.07410e+00     2.85016e+02     2.13862e-01     5.49391e+01     7.86520e-02
    3.07820e+00     2.84449e+02     2.51351e-01     5.47335e+01     6.49328e-02
    3.08230e+00     2.83839e+02     2.01527e-01     5.45022e+01     7.41907e-02
    3.08640e+00     2.83030e+02     3.23159e-01     5.42802e+01     8.04659e-02
    3.09050e+00     2.82563e+02     2.11332e-01     5.40844e+01     8.68703e-02
    3.09450e+00     2.81947e+02     1.89716e-01     5.38645e+01     6.57068e-02
    3.09860e+00     2.81192e+02     2.39496e-01     5.36284e+01     9.23084e-02
    3.10270e+00     2.80778e+02     5.81903e-02     5.34240e+01     7.13615e-02
    3.10680e+00     2.80039e+02     2.90981e-01     5.32008e+01     7.72478e-02
    3.11090e+00     2.79390e+02     2.45293e-01     5.29925e+01     8.79177e-02
    3.11500e+00     2.78790e+02     1.87996e-01     5.27763e+01     6.01985e-02
    3.11910e+00     2.78196e+02     2.01300e-01     5.25930e+01     6.50646e-02
    3.12320e+00     2.77573e+02     2.20488e-01     5.23629e+01     7.82421e-02
    3.12730e+00     2.77036e+02     1.63923e-01     5.21778e+01     6.12714e-02
    3.13140e+00     2.76225e+02     2.22051e-01     5.19058e+01     6.37193e-02
    3.13550e+00     2.75707e+02     2.13314e-01     5.17373e+01     3.68295e-02
    3.13950e+00     2.75054e+02     2.20035e-01     5.15235e+01     6.16499e-02
    3.14360e+00     2.74433e+02     2.07249e-01     5.13147e+01     9.01661e-02
    3.14770e+00     2.73812e+02     3.39634e-01     5.11215e+01     5.52778e-02
    3.15180e+00     2.73264e+02     8.75625e-02     5.09066e+01     5.96504e-02
    3.15590e+00     2.72568e+02     2.34229e-01     5.06963e+01     5.85437e-02
    3.16000e+00     2.71950e+02     1.71184e-01     5.04820e+01     6.51965e-02
    3.16410e+00     2.71278e+02     2.20064e-01     5.02338e+01     6.28225e-02
    3.16820e+00     2.70768e+02     1.30880e-01     5.00744e+01     5.87526e-02
    3.17230e+00     2.70179e+02     2.22592e-01     4.98802e+01     8.65873e-02
    3.17640e+00     2.69503e+02     3.12455e-01     4.96555e+01     8.21638e-02
    3.18040e+00     2.69028e+02     2.81557e-01     4.94945e+01     8.20124e-02
    3.18450e+00     2.68406e+02     1.80122e-01     4.92724e+01     3.02570e-02
    3.18860e+00     2.67833e+02     1.44827e-01     4.90651e+01     6.51339e-02
    3.19270e+00     2.67200e+02     2.43867e-01     4.88880e+01     6.10402e-02
    3.19680e+00     2.66720e+02     1.28287e-01     4.87088e+01     7.37835e-02
    3.20090e+00     2.65987e+02     2.48118e-01     4.84926e+01     7.27290e-02
    3.20500e+00     2.65254e+02     1.16996e-01     4.82596e+01     6.78315e-02
    3.20910e+00     2.64733e+02     1.20262e-01     4.81000e+01     5.39041e-02
    3.21320e+00     2.64312e+02     1.01272e-01     4.79185e+01     7.25040e-02
    3.21730e+00     2.63593e+02     1.19946e-01     4.77132e+01     5.83108e-02
    3.22140e+00     2.62847e+02     1.05162e-01     4.74730e+01     5.21059e-02
    3.22540e+00     2.62391e+02     2.25304e-01     4.73091e+01     4.11337e-02
    3.22950e+00     2.61772e+02     9.41073e-02     4.71001e+01     5.85505e-02
    3.23360e+00     2.61163e+02     2.47955e-01     4.69318e+01     1.01889e-01
    3.23770e+00     2.60637e+02     1.34624e-01     4.67415e+01     4.83077e-02
    3.24180e+00     2.59938e+02     1.29272e-01     4.65338e+01     4.52734e-02
    3.24590e+00     2.59503e+02     1.57932e-01     4.63712e+01     5.70621e-02
    3.25000e+00     2.58835e+02     2.34027e-01     4.61808e+01     5.29973e-02
    3.25410e+00     2.58177e+02     1.98844e-01     4.59623e+01     5.25080e-02
    3.25820e+00     2.57563e+02     2.33837e-01     4.58025e+01     6.87295e-02
    3.26230e+00     2.57045e+02     1.74236e-01     4.55947e+01     9.46512e-02
    3.26630e+00     2.56531e+02     1.31224e-01     4.54195e+01     4.80003e-02
    3.27040e+00     2.55893e+02     1.74493e-01     4.52386e+01     2.04089e-02
    3.27450e+00     2.55347e+02     1.81750e-01     4.50497e+01     3.92139e-02
    3.27860e+00     2.54833e+02     8.15714e-02     4.48813e+01     3.71511e-02
    3.28270e+00     2.54185e+02     2.06815e-01     4.47044e+01     6.39811e-02
    3.28680e+00     2.53581e+02     2.01752e-01     4.45089e+01     7.59502e-02
    3.29090e+00     2.53070e+02     1.97664e-01     4.43446e+01     8.49531e-02
    3.29500e+00     2.52469e+02     1.29361e-01     4.41584e+01     7.84097e-02
    3.29910e+00     2.51934e+02     1.21796e-01     4.39879e+01     4.91975e-02
    3.30320e+00     2.51193e+02     3.25258e-01     4.37603e+01     5.55383e-02
    3.30730e+00     2.50675e+02     2.17040e-01     4.36109e+01     5.32059e-02
    3.31130e+00     2.50154e+02     1.77547e-01     4.34279e+01     5.55291e-02
    3.31540e+00     2.49571e+02     2.41913e-01     4.32595e+01     5.22554e-02
    3.31950e+00     2.49185e+02     9.52111e-02     4.31235e+01     3.68947e-02
    3.32360e+00     2.48428e+02     1.36454e-01     4.29027e+01     4.41522e-02
    3.32770e+00     2.47820e+02     1.68864e-01     4.27346e+01     6.94825e-02
    3.33180e+00     2.47229e+02     2.38864e-01     4.25599e+01     8.41113e-02
    3.33590e+00     2.46867e+02     2.01089e-01     4.24072e+01     4.92080e-02
    3.34000e+00     2.46240e+02     1.42325e-01     4.22365e+01     4.83193e-02
    3.34410e+00     2.45684e+02     1.15303e-01     4.20473e+01     4.29561e-02
    3.34820e+00     2.45154e+02     1.91521e-01     4.18963e+01     7.26604e-02
    3.35230e+00     2.44516e+02     2.80274e-01     4.17069e+01     6.08446e-02
    3.35630e+00     2.44135e+02     6.89470e-02     4.15715e+01     6.50493e-02
    3.36040e+00     2.43430e+02     1.52298e-01     4.13792e+01     4.36377e-02
    3.36450e+00     2.42949e+02     4.28014e-02     4.12237e+01     4.04648e-02
    3.36860e+00     2.42342e+02     2.03253e-01     4.10382e+01     4.93298e-02
    3.37270e+00     2.41816e+02     2.18975e-01     4.08725e+01     6.46739e-02
    3.37680e+00     2.41328e+02     1.65963e-01     4.07154e+01     5.47563e-02
    3.38090e+00     2.40688e+02     1.59967e-01     4.05607e+01     5.49961e-02
    3.38500e+00     2.40221e+02     1.66183e-01     4.03912e+01     5.26788e-02
    3.38910e+00     2.39674e+02     1.08880e-01     4.02292e+01     5.34088e-02
    3.39320e+00     2.39189e+02     1.46510e-01     4.00638e+01     6.16068e-02
    3.39730e+00     2.38564e+02     1.63104e-01     3.98961e+01     5.49778e-02
    3.40130e+00     2.38081e+02     1.91614e-01     3.97505e+01     4.91790e-02
    3.40540e+00     2.37511e+02     1.74191e-01     3.95622e+01     4.97283e-02
    3.40950e+00     2.36903e+02     7.77432e-02     3.94058e+01     6.31095e-02
    3.41360e+00     2.36416e+02     2.02261e-01     3.92610e+01     5.99265e-02
    3.41770e+00     2.35869e+02     1.17806e-01     3.90957e+01     5.26400e-02
    3.42180e+00     2.35304e+02     1.67187e-01     3.89278e+01     4.72107e-02
    3.42590e+00     2.34873e+02     1.98709e-01     3.87865e+01     5.37218e-02
    3.43000e+00     2.34195e+02     1.66521e-01     3.86034e+01     6.52543e-02
    3.43410e+00     2.33852e+02     1.02504e-01     3.84727e+01     5.22877e-02
    3.43820e+00     2.33143e+02     1.01717e-01     3.82919e+01     4.07095e-02
    3.44220e+00     2.32760e+02     9.84461e-02     3.81499e+01     4.92156e-02
    3.44630e+00     2.32200e+02     9.01550e-02     3.80002e+01     3.83737e-02
    3.45040e+00     2.31644e+02     2.07353e-01     3.78584e+01     4.73181e-02
    3.45450e+00     2.31164e+02     1.10996e-01     3.76916e+01     3.58591e-02
    3.45860e+00     2.30631e+02     1.47517e-01     3.75409e+01     5.16130e-02
    3.46270e+00     2.30142e+02     1.99710e-01     3.74098e+01     4.72248e-02
    3.46680e+00     2.29539e+02     1.27134e-01     3.72458e+01     4.06268e-02
    3.47090e+00     2.29049e+02     1.64222e-01     3.70971e+01     5.63885e-02
    3.47500e+00     2.28562e+02     9.67804e-02     3.69598e+01     3.77668e-02
    3.47910e+00     2.28055e+02     1.58949e-01     3.68132e+01     4.12759e-02
    3.48320e+00     2.27523e+02     8.59547e-02     3.66521e+01     2.56679e-02
    3.48720e+00     2.27024e+02     1.50405e-01     3.65045e+01     4.55846e-02
    3.49130e+00     2.26529e+02     1.41225e-01     3.63706e+01     5.40428e-02
    3.49540e+00     2.26048e+02     1.42846e-01     3.62110e+01     5.21441e-02
    3.49950e+00     2.25450e+02     1.16327e-01     3.60608e+01     3.40262e-02
    3.50360e+00     2.24987e+02     1.74505e-01     3.59311e+01     2.61575e-02
    3.50770e+00     2.24407e+02     9.51180e-02     3.57522e+01     3.42789e-02
    3.51180e+00     2.23978e+02     1.69778e-01     3.56330e+01     5.38688e-02
    3.51590e+00     2.23506e+02     1.46066e-01     3.54876e+01     6.38034e-02
    3.52000e+00     2.22997e+02     1.52213e-01     3.53480e+01     3.76503e-02
    3.52410e+00     2.22481e+02     7.35078e-02     3.52043e+01     4.58916e-02
    3.52810e+00     2.21999e+02     1.29908e-01     3.50675e+01     3.84141e-02
    3.53220e+00     2.21482e+02     7.81773e-02     3.49292e+01     4.00343e-02
    3.53630e+00     2.21083e+02     1.40663e-01     3.48026e+01     2.30051e-02
    3.54040e+00     2.20439e+02     2.06365e-01     3.46377e+01     4.40013e-02
    3.54450e+00     2.19979e+02     1.64141e-01     3.45089e+01     4.68692e-02
    3.54860e+00     2.19529e+02     8.10638e-02     3.43672e+01     5.57856e-02
    3.55270e+00     2.19000e+02     1.12234e-01     3.42215e+01     4.39125e-02
    3.55680e+00     2.18467e+02     1.63786e-01     3.40926e+01     2.98641e-02
    3.56090e+00     2.18078e+02     1.34581e-01     3.39560e+01     4.31505e-02
    3.56500e+00     2.17567e+02     9.25861e-02     3.38248e+01     3.28071e-02
    3.56910e+00     2.17087e+02     1.68173e-01     3.36986e+01     5.17434e-02
    3.57320e+00     2.16586e+02     1.60784e-01     3.35711e+01     4.73862e-02
    3.57720e+00     2.16069e+02     2.22316e-01     3.34188e+01     3.81441e-02
    3.58130e+00     2.15692e+02     1.36885e-01     3.33141e+01     3.59397e-02
    3.58540e+00     2.15134e+02     2.23732e-01     3.31566e+01     5.43167e-02
    3.58950e+00     2.14694e+02     1.43960e-01     3.30348e+01     2.19279e-02
    3.59360e+00     2.14209e+02     5.71307e-02     3.28912e+01     2.48186e-02
    3.59770e+00     2.13670e+02     1.40053e-01     3.27751e+01     4.16642e-02
    3.60180e+00     2.13251e+02     1.34211e-01     3.26386e+01     3.68151e-02
    3.60590e+00     2.12783e+02     8.40911e-02     3.25014e+01     3.53617e-02
    3.61000e+00     2.12274e+02     1.44348e-01     3.23819e+01     2.82531e-02
    3.61410e+00     2.11881e+02     1.24651e-01     3.22580e+01     3.86059e-02
    3.61810e+00     2.11365e+02     1.35933e-01     3.21195e+01     4.08231e-02
    3.62220e+00     2.10866e+02     8.15923e-02     3.19829e+01     5.36540e-02
    3.62630e+00     2.10398e+02     1.45829e-01     3.18731e+01     3.71441e-02
    3.63040e+00     2.09934e+02     1.17705e-01     3.17351e+01     2.79978e-02
    3.63450e+00     2.09432e+02     1.39162e-01     3.16080e+01     4.25576e-02
    3.63860e+00     2.09018e+02     1.25546e-01     3.14802e+01     3.86051e-02
    3.64270e+00     2.08528e+02     1.53316e-01     3.13774e+01     4.03085e-02
    3.64680e+00     2.08165e+02     1.58843e-01     3.12581e+01     4.84623e-02
    3.65090e+00     2.07670e+02     1.58190e-01     3.11232e+01     3.51289e-02
    3.65500e+00     2.07149e+02     1.92080e-01     3.10037e+01     4.78844e-02
    3.65910e+00     2.06667e+02     1.30069e-01     3.08674e+01     3.01420e-02
    3.66310e+00     2.06243e+02     2.09552e-01     3.07584e+01     4.09356e-02
    3.66720e+00     2.05806e+02     1.23298e-01     3.06368e+01     3.20753e-02
    3.67130e+00     2.05401e+02     2.55442e-01     3.05226e+01     5.62478e-02
    3.67540e+00     2.04924e+02     1.59074e-01     3.03988e+01     3.90523e-02
    3.67950e+00     2.04465e+02     1.28900e-01     3.02668e+01     3.31512e-02
    3.68360e+00     2.04051e+02     1.40997e-01     3.01698e+01     3.51036e-02
    3.68770e+00     2.03564e+02     1.65318e-01     3.00487e+01     3.67300e-02
    3.69180e+00     2.03109e+02     1.17828e-01     2.99127e+01     4.52641e-02
    3.69590e+00     2.02725e+02     7.78042e-02     2.98123e+01     4.65240e-02
    3.70000e+00     2.02215e+02     1.86437e-01     2.96885e+01     3.35600e-02
    3.70400e+00     2.01773e+02     1.28745e-01     2.95725e+01     2.89833e-02
    3.70810e+00     2.01461e+02     1.40629e-01     2.94668e+01     3.73410e-02
    3.71220e+00     2.00898e+02     1.87926e-01     2.93480e+01     3.95073e-02
    3.71630e+00     2.00462e+02     1.39857e-01     2.92284e+01     2.97599e-02
    3.72040e+00     2.00125e+02     1.25648e-01     2.91267e+01     3.87067e-02
    3.72450e+00     1.99645e+02     2.24370e-01     2.90176e+01     5.28006e-02
    3.72860e+00     1.99248e+02     2.14152e-01     2.89054e+01     3.27277e-02
    3.73270e+00     1.98730e+02     1.35618e-01     2.87771e+01     2.28857e-02
    3.73680e+00     1.98374e+02     1.84895e-01     2.86753e+01     2.86562e-02
    3.74090e+00     1.97881e+02     2.11358e-01     2.85651e+01     5.30724e-02
    3.74500e+00     1.97372e+02     1.46268e-01     2.84324e+01     2.49668e-02
    3.74900e+00     1.97047e+02     1.45621e-01     2.83466e+01     3.82188e-02
    3.75310e+00     1.96640e+02     2.07116e-01     2.82290e+01     3.93505e-02
    3.75720e+00     1.96180e+02     1.57171e-01     2.81247e+01     4.60463e-02
    3.76130e+00     1.95823e+02     1.35506e-01     2.80396e+01     3.99852e-02
    3.76540e+00     1.95394e+02     1.48733e-01     2.79131e+01     3.77170e-02
    3.76950e+00     1.94915e+02     2.00080e-01     2.78025e+01     4.20548e-02
    3.77360e+00     1.94534e+02     1.76827e-01     2.76974e+01     4.17774e-02
    3.77770e+00     1.94072e+02     8.90751e-02     2.75823e+01     2.75109e-02
    3.78180e+00     1.93735e+02     1.90445e-01     2.74960e+01     3.38209e-02
    3.78590e+00     1.93281e+02     1.40555e-01     2.73799e+01     2.90736e-02
    3.79000e+00     1.92880e+02     1.32834e-01     2.72848e+01     3.94946e-02
    3.79400e+00     1.92431e+02     2.05193e-01     2.71723e+01     4.25265e-02
    3.79810e+00     1.91975e+02     1.23912e-01     2.70672e+01     2.90762e-02
    3.80220e+00     1.91681e+02     2.34225e-01     2.69788e+01     3.89523e-02
    3.80630e+00     1.91170e+02     2.59330e-01     2.68673e+01     4.38160e-02
    3.81040e+00     1.90826e+02     2.06456e-01     2.67705e+01     4.29995e-02
    3.81450e+00     1.90409e+02     2.04147e-01     2.66616e+01     3.40717e-02
    3.81860e+00     1.89987e+02     1.61423e-01     2.65548e+01     3.61911e-02
    3.82270e+00     1.89545e+02     1.61234e-01     2.64622e+01     4.86919e-02
    3.82680e+00     1.89221e+02     1.84288e-01     2.63631e+01     2.82189e-02
    3.83090e+00     1.88759e+02     1.21110e-01     2.62539e+01     3.26031e-02
    3.83490e+00     1.88452e+02     2.37394e-01     2.61729e+01     3.39039e-02
    3.83900e+00     1.88028e+02     2.42790e-01     2.60615e+01     2.83805e-02
    3.84310e+00     1.87544e+02     1.37497e-01     2.59614e+01     2.87206e-02
    3.84720e+00     1.87235e+02     2.60630e-01     2.58762e+01     5.04932e-02
    3.85130e+00     1.86780e+02     1.16549e-01     2.57708e+01     3.13223e-02
    3.85540e+00     1.86494e+02     1.13582e-01     2.56863e+01     2.98488e-02
    3.85950e+00     1.86100e+02     1.81639e-01     2.55992e+01     3.07258e-02
    3.86360e+00     1.85657e+02     1.69630e-01     2.54879e+01     3.76583e-02
    3.86770e+00     1.85255e+02     8.23538e-02     2.53962e+01     2.13571e-02
    3.87180e+00     1.84934e+02     7.16242e-02     2.53139e+01     2.24078e-02
    3.87590e+00     1.84460e+02     1.80459e-01     2.52081e+01     3.39659e-02
    3.87990e+00     1.84132e+02     9.89198e-02     2.51168e+01     2.96001e-02
    3.88400e+00     1.83731e+02     1.43256e-01     2.50319e+01     3.12917e-02
    3.88810e+00     1.83376e+02     2.38012e-01     2.49380e+01     3.96266e-02
    3.89220e+00     1.82952e+02     3.03818e-01     2.48424e+01     3.28370e-02
    3.89630e+00     1.82553e+02     1.96818e-01     2.47403e+01     3.71407e-02
    3.90040e+00     1.82283e+02     1.10919e-01     2.46647e+01     3.09023e-02
    3.90450e+00     1.81849e+02     1.93956e-01     2.45748e+01     3.69037e-02
    3.90860e+00     1.81433e+02     1.83288e-01     2.44716e+01     2.96314e-02
    3.91270e+00     1.81063e+02     1.90940e-01     2.43829e+01     3.05942e-02
    3.91680e+00     1.80741e+02     1.33434e-01     2.42981e+01     2.51657e-02
    3.92090e+00     1.80363e+02     1.95554e-01     2.42171e+01     3.47748e-02
    3.92490e+00     1.79961e+02     1.92000e-01     2.41262e+01     4.80939e-02
    3.92900e+00     1.79574e+02     2.03373e-01     2.40295e+01     3.19224e-02
    3.93310e+00     1.79292e+02     2.13658e-01     2.39563e+01     4.69498e-02
    3.93720e+00     1.78917e+02     2.08244e-01     2.38672e+01     3.10812e-02
    3.94130e+00     1.78562e+02     2.03985e-01     2.37699e+01     2.09203e-02
    3.94540e+00     1.78106e+02     1.35941e-01     2.36792e+01     2.55982e-02
    3.94950e+00     1.77867e+02     1.50956e-01     2.36183e+01     3.66392e-02
    3.95360e+00     1.77394e+02     1.68791e-01     2.35154e+01     2.98194e-02
    3.95770e+00     1.77116e+02     2.62230e-01     2.34510e+01     4.21542e-02
    3.96180e+00     1.76761e+02     1.52431e-01     2.33582e+01     2.72360e-02
    3.96580e+00     1.76382e+02     1.81014e-01     2.32752e+01     2.88333e-02
    3.96990e+00     1.76081e+02     2.16186e-01     2.31927e+01     3.69188e-02
    3.97400e+00     1.75654e+02     1.63893e-01     2.31055e+01     2.42866e-02
    3.97810e+00     1.75295e+02     2.18998e-01     2.30230e+01     2.75387e-02
    3.98220e+00     1.74975e+02     1.28809e-01     2.29472e+01     2.62168e-02
    3.98630e+00     1.74647e+02     2.09132e-01     2.28675e+01     3.51495e-02
    3.99040e+00     1.74314e+02     1.71112e-01     2.27862e+01     4.08874e-02
    3.99450e+00     1.73957e+02     1.84875e-01     2.27094e+01     3.30019e-02
    3.99860e+00     1.73621e+02     1.93786e-01     2.26279e+01     3.32339e-02
    4.00270e+00     1.73239e+02     1.72680e-01     2.25508e+01     3.83922e-02
    4.00680e+00     1.72902e+02     1.94418e-01     2.24722e+01     3.22364e-02
    4.01080e+00     1.72539e+02     1.44264e-01     2.23948e+01     2.86276e-02
    4.01490e+00     1.72242e+02     1.86096e-01     2.23204e+01     2.62500e-02
    4.01900e+00     1.71917e+02     1.80463e-01     2.22428e+01     2.94879e-02
    4.02310e+00     1.71579e+02     1.36279e-01     2.21703e+01     2.30438e-02
    4.02720e+00     1.71298e+02     2.09571e-01     2.21006e+01     3.44982e-02
    4.03130e+00     1.70933e+02     1.27367e-01     2.20114e+01     2.73200e-02
    4.03540e+00     1.70590e+02     2.50987e-01     2.19430e+01     3.08290e-02
    4.03950e+00     1.70257e+02     1.85864e-01     2.18653e+01     3.92235e-02
    4.04360e+00     1.69926e+02     1.44933e-01     2.17839e+01     2.36662e-02
    4.04770e+00     1.69538e+02     1.50326e-01     2.17107e+01     3.42063e-02
    4.05170e+00     1.69244e+02     1.33512e-01     2.16414e+01     2.74610e-02
    4.05580e+00     1.68931e+02     1.58478e-01     2.15631e+01     2.43398e-02
    4.05990e+00     1.68621e+02     2.69541e-01     2.14992e+01     3.50556e-02
    4.06400e+00     1.68241e+02     1.21297e-01     2.14126e+01     1.66577e-02
    4.06810e+00     1.67912e+02     2.14729e-01     2.13449e+01     2.24866e-02
    4.07220e+00     1.67614e+02     1.55030e-01     2.12753e+01     2.02705e-02
    4.07630e+00     1.67366e+02     2.19654e-01     2.12214e+01     3.34690e-02
    4.08040e+00     1.67054e+02     2.12031e-01     2.11415e+01     3.36719e-02
    4.08450e+00     1.66742e+02     1.75361e-01     2.10796e+01     3.84358e-02
    4.08860e+00     1.66383e+02     2.19971e-01     2.10049e+01     2.97933e-02
    4.09270e+00     1.66100e+02     1.66926e-01     2.09393e+01     2.52973e-02
    4.09670e+00     1.65709e+02     2.11296e-01     2.08578e+01     2.22864e-02
    4.10080e+00     1.65426e+02     1.43941e-01     2.07890e+01     2.76209e-02
    4.10490e+00     1.65097e+02     1.20518e-01     2.07199e+01     2.46037e-02
    4.10900e+00     1.64843e+02     1.74066e-01     2.06643e+01     3.39208e-02
    4.11310e+00     1.64517e+02     1.05785e-01     2.05925e+01     2.56593e-02
    4.11720e+00     1.64194e+02     1.38843e-01     2.05340e+01     3.11377e-02
    4.12130e+00     1.63905e+02     2.26907e-01     2.04572e+01     3.40310e-02
    4.12540e+00     1.63610e+02     1.23358e-01     2.03989e+01     2.36074e-02
    4.12950e+00     1.63308e+02     1.41433e-01     2.03256e+01     2.37477e-02
    4.13360e+00     1.63006e+02     1.73963e-01     2.02739e+01     2.49109e-02
    4.13770e+00     1.62692e+02     1.48252e-01     2.02003e+01     3.51328e-02
    4.14170e+00     1.62434e+02     1.79783e-01     2.01424e+01     3.12171e-02
    4.14580e+00     1.62139e+02     1.52558e-01     2.00740e+01     2.63484e-02
    4.14990e+00     1.61849e+02     1.58273e-01     2.00105e+01     2.34377e-02
    4.15400e+00     1.61521e+02     1.26087e-01     1.99488e+01     2.58352e-02
    4.15810e+00     1.61241e+02     2.10238e-01     1.98869e+01     2.76911e-02
    4.16220e+00     1.60971e+02     1.99315e-01     1.98300e+01     2.37420e-02
    4.16630e+00     1.60696e+02     1.79254e-01     1.97681e+01     2.85245e-02
    4.17040e+00     1.60322e+02     1.39139e-01     1.96941e+01     2.82595e-02
    4.17450e+00     1.60076e+02     1.38478e-01     1.96392e+01     3.11537e-02
    4.17860e+00     1.59774e+02     1.08588e-01     1.95692e+01     2.16495e-02
    4.18260e+00     1.59485e+02     1.70673e-01     1.95151e+01     2.61855e-02
    4.18670e+00     1.59258e+02     1.47940e-01     1.94636e+01     2.66037e-02
