# k, phh, phm/ 
0.0000e+00 0.0000e+00 0.0000e+00
5.7940e-03 3.0292e+04 1.5852e+04
1.0472e-02 2.8339e+04 1.4569e+04
1.4266e-02 3.1909e+04 1.6446e+04
1.8123e-02 3.3944e+04 1.7268e+04
2.2484e-02 3.4451e+04 1.7487e+04
2.6451e-02 3.0451e+04 1.5474e+04
3.0447e-02 3.1857e+04 1.6288e+04
3.4732e-02 2.5629e+04 1.2825e+04
3.8831e-02 2.1253e+04 1.0751e+04
4.2814e-02 1.9906e+04 1.0026e+04
4.6886e-02 1.7792e+04 8.9695e+03
5.0986e-02 1.7202e+04 8.6185e+03
5.5146e-02 1.7036e+04 8.4384e+03
5.9224e-02 1.6174e+04 8.1168e+03
6.3286e-02 1.5537e+04 7.6993e+03
6.7367e-02 1.4772e+04 7.3106e+03
7.1496e-02 1.3384e+04 6.5889e+03
7.5589e-02 1.3313e+04 6.5201e+03
7.9666e-02 1.1912e+04 5.8146e+03
8.3818e-02 1.1479e+04 5.6099e+03
8.7894e-02 1.0038e+04 4.8649e+03
9.1924e-02 9.9302e+03 4.7552e+03
9.6045e-02 8.9519e+03 4.2619e+03
1.0013e-01 8.4276e+03 3.9988e+03
1.0421e-01 8.2114e+03 3.8770e+03
1.0833e-01 7.8025e+03 3.6577e+03
1.1245e-01 7.4013e+03 3.4661e+03
1.1652e-01 7.1040e+03 3.3024e+03
1.2060e-01 7.1067e+03 3.2908e+03
1.2466e-01 6.9552e+03 3.2185e+03
1.2877e-01 6.6805e+03 3.0686e+03
1.3287e-01 6.5277e+03 3.0079e+03
1.3698e-01 6.3226e+03 2.8959e+03
1.4107e-01 5.9643e+03 2.7041e+03
1.4517e-01 5.7796e+03 2.6076e+03
1.4927e-01 5.5624e+03 2.4983e+03
1.5333e-01 5.2429e+03 2.3328e+03
1.5742e-01 4.9952e+03 2.2040e+03
1.6151e-01 4.7844e+03 2.1075e+03
1.6559e-01 4.6843e+03 2.0429e+03
1.6969e-01 4.4758e+03 1.9445e+03
1.7380e-01 4.4348e+03 1.9120e+03
1.7790e-01 4.2582e+03 1.8273e+03
1.8200e-01 4.2204e+03 1.7992e+03
1.8609e-01 4.1127e+03 1.7440e+03
1.9016e-01 4.0490e+03 1.7228e+03
1.9424e-01 3.9133e+03 1.6458e+03
1.9833e-01 3.8214e+03 1.6025e+03
2.0243e-01 3.7194e+03 1.5450e+03
2.0652e-01 3.6883e+03 1.5225e+03
2.1063e-01 3.5627e+03 1.4606e+03
2.1472e-01 3.4465e+03 1.4129e+03
2.1883e-01 3.3817e+03 1.3774e+03
2.2290e-01 3.2754e+03 1.3234e+03
2.2699e-01 3.2326e+03 1.2965e+03
2.3108e-01 3.1469e+03 1.2492e+03
2.3515e-01 3.0761e+03 1.2147e+03
2.3924e-01 3.0419e+03 1.1989e+03
2.4334e-01 2.9944e+03 1.1737e+03
2.4744e-01 2.9206e+03 1.1390e+03
2.5154e-01 2.8768e+03 1.1172e+03
2.5561e-01 2.8246e+03 1.0919e+03
2.5972e-01 2.8020e+03 1.0783e+03
2.6381e-01 2.7206e+03 1.0411e+03
2.6790e-01 2.6534e+03 1.0063e+03
2.7199e-01 2.6439e+03 9.9661e+02
2.7607e-01 2.5976e+03 9.7299e+02
2.8017e-01 2.5343e+03 9.4569e+02
2.8427e-01 2.4647e+03 9.1534e+02
2.8835e-01 2.4912e+03 9.1653e+02
2.9243e-01 2.4145e+03 8.8220e+02
2.9651e-01 2.3853e+03 8.6888e+02
3.0063e-01 2.3817e+03 8.5897e+02
3.0473e-01 2.3216e+03 8.3783e+02
3.0882e-01 2.3083e+03 8.2898e+02
3.1292e-01 2.2627e+03 8.0944e+02
3.1700e-01 2.2439e+03 7.9450e+02
3.2108e-01 2.2178e+03 7.8268e+02
3.2517e-01 2.1698e+03 7.6226e+02
3.2925e-01 2.1326e+03 7.4908e+02
3.3333e-01 2.1178e+03 7.3688e+02
3.3744e-01 2.0955e+03 7.2622e+02
3.4154e-01 2.0783e+03 7.1447e+02
3.4562e-01 2.0499e+03 7.0255e+02
3.4972e-01 2.0287e+03 6.9213e+02
3.5382e-01 1.9967e+03 6.7392e+02
3.5791e-01 1.9790e+03 6.6488e+02
3.6198e-01 1.9516e+03 6.5435e+02
3.6607e-01 1.9278e+03 6.4243e+02
3.7019e-01 1.9183e+03 6.3542e+02
3.7428e-01 1.8823e+03 6.2183e+02
3.7836e-01 1.8765e+03 6.1487e+02
3.8245e-01 1.8646e+03 6.0810e+02
3.8653e-01 1.8346e+03 5.9402e+02
3.9062e-01 1.8183e+03 5.8785e+02
3.9471e-01 1.7982e+03 5.7792e+02
3.9879e-01 1.7880e+03 5.7469e+02
4.0290e-01 1.7704e+03 5.6442e+02
4.0699e-01 1.7435e+03 5.5172e+02
4.1107e-01 1.7419e+03 5.5063e+02
4.1517e-01 1.7205e+03 5.3931e+02
4.1926e-01 1.6959e+03 5.3105e+02
4.2335e-01 1.6975e+03 5.2715e+02
4.2745e-01 1.6738e+03 5.1803e+02
4.3153e-01 1.6669e+03 5.1278e+02
4.3562e-01 1.6496e+03 5.0499e+02
4.3972e-01 1.6396e+03 4.9871e+02
4.4380e-01 1.6219e+03 4.9341e+02
4.4789e-01 1.6085e+03 4.8548e+02
4.5198e-01 1.6006e+03 4.8122e+02
4.5607e-01 1.5875e+03 4.7548e+02
4.6017e-01 1.5761e+03 4.7094e+02
4.6426e-01 1.5577e+03 4.6209e+02
4.6835e-01 1.5504e+03 4.5761e+02
4.7245e-01 1.5446e+03 4.5423e+02
4.7654e-01 1.5187e+03 4.4393e+02
4.8063e-01 1.5141e+03 4.4070e+02
4.8472e-01 1.5040e+03 4.3615e+02
4.8879e-01 1.4950e+03 4.3335e+02
4.9289e-01 1.4831e+03 4.2769e+02
4.9698e-01 1.4824e+03 4.2481e+02
5.0107e-01 1.4723e+03 4.2162e+02
5.0517e-01 1.4552e+03 4.1389e+02
5.0927e-01 1.4528e+03 4.1208e+02
5.1337e-01 1.4355e+03 4.0431e+02
5.1744e-01 1.4336e+03 4.0282e+02
5.2152e-01 1.4293e+03 3.9924e+02
5.2561e-01 1.4123e+03 3.9293e+02
5.2971e-01 1.4154e+03 3.9170e+02
5.3380e-01 1.3956e+03 3.8577e+02
5.3789e-01 1.3863e+03 3.8199e+02
5.4199e-01 1.3790e+03 3.7796e+02
5.4609e-01 1.3677e+03 3.7190e+02
5.5017e-01 1.3659e+03 3.7213e+02
5.5425e-01 1.3628e+03 3.6890e+02
5.5835e-01 1.3528e+03 3.6419e+02
5.6244e-01 1.3482e+03 3.6125e+02
5.6653e-01 1.3365e+03 3.5764e+02
5.7062e-01 1.3297e+03 3.5464e+02
5.7471e-01 1.3198e+03 3.5078e+02
5.7880e-01 1.3116e+03 3.4699e+02
5.8288e-01 1.3105e+03 3.4530e+02
5.8698e-01 1.3012e+03 3.4120e+02
5.9107e-01 1.2928e+03 3.3776e+02
5.9517e-01 1.2845e+03 3.3403e+02
5.9926e-01 1.2907e+03 3.3527e+02
6.0335e-01 1.2743e+03 3.2911e+02
6.0745e-01 1.2680e+03 3.2575e+02
6.1154e-01 1.2624e+03 3.2372e+02
6.1562e-01 1.2618e+03 3.2288e+02
6.1970e-01 1.2504e+03 3.1838e+02
6.2379e-01 1.2412e+03 3.1562e+02
6.2789e-01 1.2378e+03 3.1319e+02
6.3199e-01 1.2269e+03 3.0911e+02
6.3607e-01 1.2311e+03 3.0852e+02
6.4016e-01 1.2285e+03 3.0671e+02
6.4424e-01 1.2119e+03 3.0328e+02
6.4834e-01 1.2147e+03 3.0200e+02
6.5243e-01 1.2126e+03 3.0006e+02
6.5651e-01 1.2080e+03 2.9858e+02
6.6061e-01 1.1995e+03 2.9502e+02
6.6471e-01 1.1929e+03 2.9280e+02
6.6880e-01 1.1883e+03 2.8910e+02
6.7289e-01 1.1831e+03 2.8776e+02
6.7698e-01 1.1797e+03 2.8708e+02
6.8107e-01 1.1733e+03 2.8356e+02
6.8516e-01 1.1698e+03 2.8193e+02
6.8925e-01 1.1682e+03 2.7985e+02
6.9334e-01 1.1590e+03 2.7746e+02
6.9743e-01 1.1556e+03 2.7579e+02
7.0153e-01 1.1540e+03 2.7466e+02
7.0562e-01 1.1480e+03 2.7234e+02
7.0971e-01 1.1407e+03 2.6874e+02
7.1380e-01 1.1383e+03 2.6803e+02
7.1789e-01 1.1375e+03 2.6683e+02
7.2198e-01 1.1307e+03 2.6468e+02
7.2606e-01 1.1243e+03 2.6213e+02
7.3015e-01 1.1233e+03 2.6159e+02
7.3424e-01 1.1185e+03 2.6003e+02
7.3834e-01 1.1159e+03 2.5804e+02
7.4243e-01 1.1085e+03 2.5568e+02
7.4651e-01 1.1040e+03 2.5367e+02
7.5061e-01 1.0987e+03 2.5151e+02
7.5471e-01 1.1011e+03 2.5240e+02
7.5879e-01 1.0957e+03 2.4952e+02
7.6289e-01 1.0914e+03 2.4853e+02
7.6699e-01 1.0886e+03 2.4625e+02
7.7107e-01 1.0879e+03 2.4529e+02
7.7515e-01 1.0857e+03 2.4424e+02
7.7924e-01 1.0800e+03 2.4253e+02
7.8334e-01 1.0754e+03 2.4024e+02
7.8743e-01 1.0669e+03 2.3797e+02
7.9151e-01 1.0711e+03 2.3838e+02
7.9561e-01 1.0635e+03 2.3554e+02
7.9970e-01 1.0601e+03 2.3487e+02
8.0380e-01 1.0598e+03 2.3359e+02
8.0788e-01 1.0491e+03 2.3096e+02
8.1196e-01 1.0538e+03 2.3114e+02
8.1606e-01 1.0472e+03 2.2867e+02
8.2015e-01 1.0441e+03 2.2790e+02
8.2424e-01 1.0418e+03 2.2603e+02
8.2833e-01 1.0407e+03 2.2498e+02
8.3243e-01 1.0362e+03 2.2342e+02
8.3652e-01 1.0314e+03 2.2188e+02
8.4061e-01 1.0317e+03 2.2174e+02
8.4470e-01 1.0291e+03 2.2040e+02
8.4879e-01 1.0247e+03 2.1895e+02
8.5288e-01 1.0259e+03 2.1865e+02
8.5697e-01 1.0169e+03 2.1621e+02
8.6106e-01 1.0178e+03 2.1582e+02
8.6515e-01 1.0149e+03 2.1458e+02
8.6923e-01 1.0098e+03 2.1321e+02
8.7333e-01 1.0102e+03 2.1243e+02
8.7743e-01 1.0012e+03 2.0993e+02
8.8151e-01 1.0030e+03 2.0981e+02
8.8560e-01 9.9911e+02 2.0835e+02
8.8969e-01 9.9863e+02 2.0781e+02
8.9378e-01 9.9654e+02 2.0681e+02
8.9788e-01 9.9025e+02 2.0587e+02
9.0196e-01 9.9081e+02 2.0505e+02
9.0605e-01 9.9007e+02 2.0467e+02
9.1015e-01 9.8507e+02 2.0256e+02
9.1424e-01 9.8044e+02 2.0113e+02
9.1833e-01 9.7604e+02 1.9940e+02
9.2242e-01 9.7173e+02 1.9841e+02
9.2651e-01 9.7737e+02 1.9873e+02
9.3060e-01 9.7023e+02 1.9730e+02
9.3469e-01 9.6953e+02 1.9611e+02
9.3879e-01 9.6499e+02 1.9504e+02
9.4287e-01 9.6942e+02 1.9520e+02
9.4696e-01 9.6070e+02 1.9298e+02
9.5105e-01 9.6140e+02 1.9251e+02
9.5515e-01 9.5629e+02 1.9155e+02
9.5924e-01 9.5425e+02 1.8997e+02
9.6333e-01 9.5146e+02 1.8923e+02
9.6742e-01 9.4655e+02 1.8809e+02
9.7151e-01 9.4891e+02 1.8787e+02
9.7559e-01 9.4551e+02 1.8656e+02
9.7968e-01 9.4336e+02 1.8638e+02
9.8377e-01 9.4215e+02 1.8515e+02
9.8787e-01 9.3994e+02 1.8421e+02
9.9196e-01 9.3559e+02 1.8336e+02
9.9605e-01 9.3581e+02 1.8212e+02
1.0002e+00 9.2892e+02 1.8117e+02
1.0042e+00 9.3152e+02 1.8091e+02
1.0083e+00 9.2958e+02 1.8029e+02
1.0124e+00 9.2916e+02 1.8001e+02
1.0165e+00 9.2607e+02 1.7901e+02
1.0206e+00 9.2185e+02 1.7722e+02
1.0247e+00 9.2122e+02 1.7686e+02
1.0288e+00 9.2057e+02 1.7634e+02
1.0329e+00 9.1611e+02 1.7523e+02
1.0370e+00 9.1340e+02 1.7461e+02
1.0410e+00 9.1365e+02 1.7384e+02
1.0451e+00 9.0883e+02 1.7273e+02
1.0492e+00 9.0924e+02 1.7240e+02
1.0533e+00 9.0817e+02 1.7163e+02
1.0574e+00 9.0307e+02 1.7054e+02
1.0615e+00 9.0384e+02 1.7062e+02
1.0656e+00 9.0077e+02 1.6971e+02
1.0697e+00 8.9851e+02 1.6868e+02
1.0738e+00 8.9646e+02 1.6773e+02
1.0779e+00 8.9537e+02 1.6726e+02
1.0820e+00 8.9290e+02 1.6654e+02
1.0860e+00 8.9033e+02 1.6575e+02
1.0901e+00 8.9093e+02 1.6510e+02
1.0942e+00 8.8655e+02 1.6425e+02
1.0983e+00 8.8746e+02 1.6412e+02
1.1024e+00 8.8626e+02 1.6355e+02
1.1065e+00 8.8259e+02 1.6233e+02
1.1106e+00 8.8029e+02 1.6136e+02
1.1147e+00 8.7995e+02 1.6131e+02
1.1188e+00 8.7821e+02 1.6047e+02
1.1229e+00 8.7628e+02 1.6007e+02
1.1270e+00 8.7439e+02 1.5903e+02
1.1310e+00 8.7413e+02 1.5852e+02
1.1351e+00 8.7032e+02 1.5791e+02
1.1392e+00 8.6945e+02 1.5722e+02
1.1433e+00 8.6514e+02 1.5632e+02
1.1474e+00 8.6691e+02 1.5630e+02
1.1515e+00 8.6389e+02 1.5560e+02
1.1556e+00 8.6295e+02 1.5513e+02
1.1597e+00 8.6031e+02 1.5443e+02
1.1638e+00 8.5610e+02 1.5336e+02
1.1679e+00 8.5660e+02 1.5271e+02
1.1719e+00 8.5255e+02 1.5189e+02
1.1760e+00 8.5558e+02 1.5196e+02
1.1801e+00 8.5214e+02 1.5094e+02
1.1842e+00 8.4984e+02 1.5049e+02
1.1883e+00 8.4981e+02 1.5033e+02
1.1924e+00 8.4698e+02 1.4946e+02
1.1965e+00 8.4495e+02 1.4877e+02
1.2006e+00 8.4441e+02 1.4834e+02
1.2047e+00 8.4387e+02 1.4816e+02
1.2088e+00 8.4113e+02 1.4723e+02
1.2129e+00 8.3915e+02 1.4651e+02
1.2169e+00 8.3796e+02 1.4625e+02
1.2210e+00 8.3627e+02 1.4566e+02
1.2251e+00 8.3564e+02 1.4531e+02
1.2292e+00 8.3301e+02 1.4461e+02
1.2333e+00 8.3294e+02 1.4431e+02
1.2374e+00 8.2992e+02 1.4339e+02
1.2415e+00 8.3065e+02 1.4306e+02
1.2456e+00 8.2792e+02 1.4253e+02
1.2497e+00 8.2789e+02 1.4244e+02
1.2538e+00 8.2499e+02 1.4117e+02
1.2579e+00 8.2236e+02 1.4079e+02
1.2619e+00 8.2068e+02 1.4002e+02
1.2660e+00 8.2082e+02 1.3989e+02
1.2701e+00 8.1859e+02 1.3912e+02
1.2742e+00 8.1799e+02 1.3893e+02
1.2783e+00 8.1695e+02 1.3870e+02
1.2824e+00 8.1615e+02 1.3825e+02
1.2865e+00 8.1238e+02 1.3723e+02
1.2906e+00 8.1046e+02 1.3681e+02
1.2947e+00 8.1056e+02 1.3629e+02
1.2988e+00 8.0781e+02 1.3582e+02
1.3029e+00 8.0696e+02 1.3524e+02
1.3069e+00 8.0285e+02 1.3444e+02
1.3110e+00 8.0407e+02 1.3428e+02
1.3151e+00 8.0421e+02 1.3437e+02
1.3192e+00 8.0263e+02 1.3369e+02
1.3233e+00 8.0032e+02 1.3310e+02
1.3274e+00 7.9969e+02 1.3271e+02
1.3315e+00 7.9800e+02 1.3205e+02
1.3356e+00 7.9496e+02 1.3162e+02
1.3397e+00 7.9673e+02 1.3159e+02
1.3438e+00 7.9395e+02 1.3090e+02
1.3479e+00 7.9122e+02 1.3032e+02
1.3519e+00 7.9191e+02 1.2991e+02
1.3560e+00 7.9013e+02 1.2961e+02
1.3601e+00 7.8674e+02 1.2858e+02
1.3642e+00 7.8498e+02 1.2821e+02
1.3683e+00 7.8514e+02 1.2819e+02
1.3724e+00 7.8381e+02 1.2741e+02
1.3765e+00 7.8365e+02 1.2730e+02
1.3806e+00 7.8062e+02 1.2689e+02
1.3847e+00 7.7897e+02 1.2605e+02
1.3888e+00 7.7967e+02 1.2591e+02
1.3928e+00 7.7914e+02 1.2565e+02
1.3969e+00 7.7549e+02 1.2501e+02
1.4010e+00 7.7373e+02 1.2432e+02
1.4051e+00 7.7327e+02 1.2416e+02
1.4092e+00 7.7050e+02 1.2367e+02
1.4133e+00 7.7148e+02 1.2346e+02
1.4174e+00 7.6864e+02 1.2269e+02
1.4215e+00 7.6718e+02 1.2210e+02
1.4256e+00 7.6805e+02 1.2231e+02
1.4297e+00 7.6548e+02 1.2177e+02
1.4338e+00 7.6529e+02 1.2154e+02
1.4378e+00 7.6205e+02 1.2074e+02
1.4419e+00 7.6212e+02 1.2045e+02
1.4460e+00 7.6262e+02 1.2059e+02
1.4501e+00 7.6010e+02 1.1982e+02
1.4542e+00 7.5793e+02 1.1925e+02
1.4583e+00 7.5651e+02 1.1892e+02
1.4624e+00 7.5631e+02 1.1858e+02
1.4665e+00 7.5515e+02 1.1844e+02
1.4706e+00 7.5309e+02 1.1764e+02
1.4747e+00 7.5302e+02 1.1748e+02
1.4787e+00 7.5141e+02 1.1704e+02
1.4828e+00 7.4929e+02 1.1648e+02
1.4869e+00 7.5067e+02 1.1662e+02
1.4910e+00 7.4840e+02 1.1606e+02
1.4951e+00 7.4671e+02 1.1550e+02
1.4992e+00 7.4442e+02 1.1493e+02
1.5033e+00 7.4390e+02 1.1477e+02
1.5074e+00 7.4260e+02 1.1447e+02
1.5115e+00 7.4247e+02 1.1427e+02
1.5156e+00 7.4069e+02 1.1392e+02
1.5197e+00 7.3894e+02 1.1340e+02
1.5237e+00 7.3708e+02 1.1283e+02
1.5278e+00 7.3682e+02 1.1285e+02
1.5319e+00 7.3587e+02 1.1233e+02
1.5360e+00 7.3445e+02 1.1199e+02
1.5401e+00 7.3216e+02 1.1134e+02
1.5442e+00 7.3184e+02 1.1108e+02
1.5483e+00 7.3181e+02 1.1113e+02
1.5524e+00 7.2844e+02 1.1034e+02
1.5565e+00 7.2687e+02 1.0984e+02
1.5606e+00 7.2697e+02 1.0982e+02
1.5646e+00 7.2597e+02 1.0953e+02
1.5687e+00 7.2351e+02 1.0896e+02
1.5728e+00 7.2400e+02 1.0882e+02
1.5769e+00 7.2327e+02 1.0870e+02
1.5810e+00 7.2092e+02 1.0783e+02
1.5851e+00 7.2005e+02 1.0782e+02
1.5892e+00 7.1974e+02 1.0770e+02
1.5933e+00 7.1753e+02 1.0708e+02
1.5974e+00 7.1771e+02 1.0688e+02
1.6015e+00 7.1565e+02 1.0648e+02
1.6056e+00 7.1550e+02 1.0612e+02
1.6096e+00 7.1297e+02 1.0558e+02
1.6137e+00 7.1250e+02 1.0556e+02
1.6178e+00 7.1117e+02 1.0530e+02
1.6219e+00 7.0897e+02 1.0461e+02
1.6260e+00 7.1010e+02 1.0462e+02
1.6301e+00 7.0835e+02 1.0411e+02
1.6342e+00 7.0671e+02 1.0388e+02
1.6383e+00 7.0579e+02 1.0340e+02
1.6424e+00 7.0469e+02 1.0317e+02
1.6465e+00 7.0299e+02 1.0273e+02
1.6506e+00 7.0267e+02 1.0250e+02
1.6546e+00 7.0093e+02 1.0203e+02
1.6587e+00 6.9955e+02 1.0190e+02
1.6628e+00 7.0051e+02 1.0172e+02
1.6669e+00 6.9697e+02 1.0101e+02
1.6710e+00 6.9593e+02 1.0073e+02
1.6751e+00 6.9620e+02 1.0072e+02
1.6792e+00 6.9420e+02 1.0023e+02
1.6833e+00 6.9311e+02 9.9960e+01
1.6874e+00 6.9231e+02 9.9610e+01
1.6915e+00 6.9115e+02 9.9445e+01
1.6955e+00 6.8992e+02 9.9089e+01
1.6996e+00 6.8895e+02 9.8782e+01
1.7037e+00 6.8781e+02 9.8349e+01
1.7078e+00 6.8621e+02 9.8081e+01
1.7119e+00 6.8587e+02 9.7919e+01
1.7160e+00 6.8444e+02 9.7415e+01
1.7201e+00 6.8315e+02 9.7272e+01
1.7242e+00 6.8198e+02 9.6859e+01
1.7283e+00 6.8135e+02 9.6775e+01
1.7324e+00 6.8023e+02 9.6311e+01
1.7365e+00 6.7970e+02 9.6098e+01
1.7405e+00 6.7841e+02 9.5899e+01
1.7446e+00 6.7733e+02 9.5534e+01
1.7487e+00 6.7548e+02 9.5049e+01
1.7528e+00 6.7549e+02 9.5053e+01
1.7569e+00 6.7366e+02 9.4574e+01
1.7610e+00 6.7353e+02 9.4516e+01
1.7651e+00 6.7255e+02 9.4305e+01
1.7692e+00 6.7148e+02 9.3918e+01
1.7733e+00 6.6920e+02 9.3513e+01
1.7774e+00 6.6890e+02 9.3305e+01
1.7815e+00 6.6720e+02 9.2925e+01
1.7855e+00 6.6681e+02 9.2835e+01
1.7896e+00 6.6602e+02 9.2438e+01
1.7937e+00 6.6501e+02 9.2118e+01
1.7978e+00 6.6310e+02 9.1805e+01
1.8019e+00 6.6292e+02 9.1495e+01
1.8060e+00 6.6076e+02 9.1179e+01
1.8101e+00 6.6049e+02 9.1026e+01
1.8142e+00 6.5885e+02 9.0707e+01
1.8183e+00 6.5766e+02 9.0386e+01
1.8224e+00 6.5779e+02 9.0147e+01
1.8265e+00 6.5546e+02 8.9781e+01
1.8305e+00 6.5566e+02 8.9720e+01
1.8346e+00 6.5357e+02 8.9320e+01
1.8387e+00 6.5228e+02 8.8987e+01
1.8428e+00 6.5203e+02 8.8844e+01
1.8469e+00 6.4977e+02 8.8430e+01
1.8510e+00 6.4972e+02 8.8251e+01
1.8551e+00 6.4834e+02 8.8033e+01
1.8592e+00 6.4707e+02 8.7581e+01
1.8633e+00 6.4686e+02 8.7375e+01
1.8674e+00 6.4625e+02 8.7298e+01
1.8715e+00 6.4468e+02 8.7003e+01
1.8755e+00 6.4301e+02 8.6555e+01
1.8796e+00 6.4249e+02 8.6489e+01
1.8837e+00 6.4133e+02 8.6040e+01
1.8878e+00 6.4004e+02 8.5838e+01
1.8919e+00 6.4022e+02 8.5762e+01
1.8960e+00 6.3841e+02 8.5220e+01
1.9001e+00 6.3730e+02 8.5169e+01
1.9042e+00 6.3661e+02 8.4774e+01
1.9083e+00 6.3517e+02 8.4572e+01
1.9124e+00 6.3480e+02 8.4335e+01
1.9164e+00 6.3250e+02 8.3921e+01
1.9205e+00 6.3284e+02 8.3827e+01
1.9246e+00 6.3181e+02 8.3623e+01
1.9287e+00 6.2983e+02 8.3191e+01
1.9328e+00 6.2991e+02 8.3195e+01
1.9369e+00 6.2812e+02 8.2825e+01
1.9410e+00 6.2703e+02 8.2643e+01
1.9451e+00 6.2673e+02 8.2392e+01
1.9492e+00 6.2543e+02 8.2087e+01
1.9533e+00 6.2523e+02 8.2054e+01
1.9573e+00 6.2329e+02 8.1614e+01
1.9614e+00 6.2288e+02 8.1484e+01
1.9655e+00 6.2178e+02 8.1222e+01
1.9696e+00 6.2024e+02 8.0847e+01
1.9737e+00 6.1983e+02 8.0663e+01
1.9778e+00 6.1873e+02 8.0373e+01
1.9819e+00 6.1725e+02 8.0168e+01
1.9860e+00 6.1672e+02 7.9884e+01
1.9901e+00 6.1559e+02 7.9686e+01
1.9942e+00 6.1463e+02 7.9392e+01
1.9983e+00 6.1363e+02 7.9239e+01
2.0024e+00 6.1258e+02 7.8990e+01
2.0064e+00 6.1063e+02 7.8527e+01
2.0105e+00 6.1028e+02 7.8574e+01
2.0146e+00 6.0889e+02 7.8261e+01
2.0187e+00 6.0771e+02 7.7903e+01
2.0228e+00 6.0772e+02 7.7927e+01
2.0269e+00 6.0580e+02 7.7539e+01
2.0310e+00 6.0596e+02 7.7355e+01
2.0351e+00 6.0457e+02 7.7108e+01
2.0392e+00 6.0429e+02 7.6969e+01
2.0433e+00 6.0240e+02 7.6636e+01
2.0473e+00 6.0145e+02 7.6337e+01
2.0514e+00 6.0036e+02 7.6168e+01
2.0555e+00 5.9927e+02 7.5896e+01
2.0596e+00 5.9876e+02 7.5666e+01
2.0637e+00 5.9718e+02 7.5420e+01
2.0678e+00 5.9671e+02 7.5263e+01
2.0719e+00 5.9598e+02 7.5137e+01
2.0760e+00 5.9469e+02 7.4812e+01
2.0801e+00 5.9324e+02 7.4599e+01
2.0842e+00 5.9259e+02 7.4316e+01
2.0883e+00 5.9114e+02 7.4047e+01
2.0923e+00 5.9100e+02 7.3958e+01
2.0964e+00 5.8894e+02 7.3573e+01
2.1005e+00 5.8865e+02 7.3409e+01
2.1046e+00 5.8732e+02 7.3187e+01
2.1087e+00 5.8694e+02 7.3003e+01
2.1128e+00 5.8585e+02 7.2782e+01
2.1169e+00 5.8453e+02 7.2466e+01
2.1210e+00 5.8281e+02 7.2272e+01
2.1251e+00 5.8282e+02 7.2060e+01
2.1292e+00 5.8256e+02 7.1933e+01
2.1332e+00 5.8050e+02 7.1671e+01
2.1373e+00 5.7945e+02 7.1368e+01
2.1414e+00 5.7810e+02 7.1128e+01
2.1455e+00 5.7795e+02 7.1008e+01
2.1496e+00 5.7689e+02 7.0871e+01
2.1537e+00 5.7600e+02 7.0551e+01
2.1578e+00 5.7469e+02 7.0434e+01
2.1619e+00 5.7362e+02 7.0124e+01
2.1660e+00 5.7275e+02 6.9869e+01
2.1701e+00 5.7254e+02 6.9762e+01
2.1742e+00 5.7029e+02 6.9440e+01
2.1782e+00 5.7059e+02 6.9395e+01
2.1823e+00 5.6856e+02 6.8938e+01
2.1864e+00 5.6779e+02 6.8779e+01
2.1905e+00 5.6739e+02 6.8774e+01
2.1946e+00 5.6591e+02 6.8404e+01
2.1987e+00 5.6540e+02 6.8190e+01
2.2028e+00 5.6521e+02 6.8081e+01
2.2069e+00 5.6324e+02 6.7765e+01
2.2110e+00 5.6242e+02 6.7551e+01
2.2151e+00 5.6146e+02 6.7344e+01
2.2191e+00 5.6076e+02 6.7162e+01
2.2232e+00 5.6001e+02 6.6980e+01
2.2273e+00 5.5886e+02 6.6810e+01
2.2314e+00 5.5757e+02 6.6636e+01
2.2355e+00 5.5583e+02 6.6286e+01
2.2396e+00 5.5550e+02 6.6181e+01
2.2437e+00 5.5547e+02 6.6046e+01
2.2478e+00 5.5342e+02 6.5682e+01
2.2519e+00 5.5257e+02 6.5594e+01
2.2560e+00 5.5167e+02 6.5354e+01
2.2601e+00 5.5107e+02 6.5251e+01
2.2642e+00 5.4989e+02 6.4955e+01
2.2682e+00 5.4934e+02 6.4755e+01
2.2723e+00 5.4878e+02 6.4647e+01
2.2764e+00 5.4643e+02 6.4242e+01
2.2805e+00 5.4546e+02 6.4030e+01
2.2846e+00 5.4532e+02 6.3881e+01
2.2887e+00 5.4369e+02 6.3694e+01
2.2928e+00 5.4344e+02 6.3608e+01
2.2969e+00 5.4140e+02 6.3231e+01
2.3010e+00 5.4093e+02 6.3059e+01
2.3051e+00 5.4078e+02 6.2993e+01
2.3091e+00 5.3985e+02 6.2838e+01
2.3132e+00 5.3853e+02 6.2636e+01
2.3173e+00 5.3714e+02 6.2382e+01
2.3214e+00 5.3647e+02 6.2144e+01
2.3255e+00 5.3548e+02 6.2016e+01
2.3296e+00 5.3407e+02 6.1642e+01
2.3337e+00 5.3396e+02 6.1634e+01
2.3378e+00 5.3285e+02 6.1370e+01
2.3419e+00 5.3122e+02 6.1167e+01
2.3460e+00 5.3092e+02 6.1029e+01
2.3500e+00 5.3002e+02 6.0844e+01
2.3541e+00 5.2848e+02 6.0646e+01
2.3582e+00 5.2804e+02 6.0445e+01
2.3623e+00 5.2674e+02 6.0235e+01
2.3664e+00 5.2678e+02 6.0119e+01
2.3705e+00 5.2447e+02 5.9827e+01
2.3746e+00 5.2482e+02 5.9727e+01
2.3787e+00 5.2345e+02 5.9470e+01
2.3828e+00 5.2264e+02 5.9345e+01
2.3869e+00 5.2055e+02 5.9003e+01
2.3910e+00 5.2083e+02 5.8983e+01
2.3951e+00 5.2060e+02 5.8897e+01
2.3991e+00 5.1866e+02 5.8543e+01
2.4032e+00 5.1761e+02 5.8322e+01
2.4073e+00 5.1686e+02 5.8188e+01
2.4114e+00 5.1615e+02 5.8021e+01
2.4155e+00 5.1479e+02 5.7829e+01
2.4196e+00 5.1396e+02 5.7636e+01
2.4237e+00 5.1347e+02 5.7486e+01
2.4278e+00 5.1239e+02 5.7320e+01
2.4319e+00 5.1141e+02 5.7174e+01
2.4360e+00 5.1038e+02 5.6975e+01
2.4400e+00 5.0974e+02 5.6792e+01
2.4441e+00 5.0892e+02 5.6685e+01
2.4482e+00 5.0735e+02 5.6379e+01
2.4523e+00 5.0678e+02 5.6250e+01
2.4564e+00 5.0630e+02 5.6096e+01
2.4605e+00 5.0487e+02 5.5853e+01
2.4646e+00 5.0417e+02 5.5734e+01
2.4687e+00 5.0315e+02 5.5510e+01
2.4728e+00 5.0137e+02 5.5259e+01
2.4769e+00 5.0091e+02 5.5114e+01
2.4810e+00 4.9953e+02 5.4932e+01
2.4850e+00 4.9917e+02 5.4767e+01
2.4891e+00 4.9856e+02 5.4640e+01
2.4932e+00 4.9714e+02 5.4492e+01
2.4973e+00 4.9681e+02 5.4265e+01
2.5014e+00 4.9567e+02 5.4068e+01
2.5055e+00 4.9418e+02 5.3811e+01
2.5096e+00 4.9367e+02 5.3758e+01
2.5137e+00 4.9320e+02 5.3608e+01
2.5178e+00 4.9158e+02 5.3322e+01
2.5219e+00 4.9185e+02 5.3339e+01
2.5259e+00 4.9019e+02 5.3054e+01
2.5300e+00 4.8924e+02 5.2824e+01
2.5341e+00 4.8829e+02 5.2684e+01
2.5382e+00 4.8713e+02 5.2517e+01
2.5423e+00 4.8676e+02 5.2392e+01
2.5464e+00 4.8591e+02 5.2209e+01
2.5505e+00 4.8483e+02 5.2038e+01
2.5546e+00 4.8426e+02 5.1921e+01
2.5587e+00 4.8270e+02 5.1678e+01
2.5628e+00 4.8176e+02 5.1517e+01
2.5669e+00 4.8109e+02 5.1379e+01
2.5709e+00 4.7956e+02 5.1203e+01
2.5750e+00 4.7986e+02 5.1126e+01
2.5791e+00 4.7838e+02 5.0906e+01
2.5832e+00 4.7688e+02 5.0651e+01
2.5873e+00 4.7664e+02 5.0561e+01
2.5914e+00 4.7568e+02 5.0370e+01
2.5955e+00 4.7509e+02 5.0298e+01
2.5996e+00 4.7458e+02 5.0161e+01
2.6037e+00 4.7344e+02 4.9956e+01
2.6078e+00 4.7196e+02 4.9669e+01
2.6119e+00 4.7079e+02 4.9528e+01
2.6159e+00 4.7060e+02 4.9439e+01
2.6200e+00 4.7042e+02 4.9341e+01
2.6241e+00 4.6866e+02 4.9094e+01
2.6282e+00 4.6769e+02 4.8947e+01
2.6323e+00 4.6691e+02 4.8801e+01
2.6364e+00 4.6592e+02 4.8616e+01
2.6405e+00 4.6513e+02 4.8455e+01
2.6446e+00 4.6443e+02 4.8355e+01
2.6487e+00 4.6368e+02 4.8207e+01
2.6528e+00 4.6185e+02 4.7918e+01
2.6568e+00 4.6186e+02 4.7853e+01
2.6609e+00 4.6020e+02 4.7624e+01
2.6650e+00 4.5965e+02 4.7488e+01
2.6691e+00 4.5902e+02 4.7397e+01
2.6732e+00 4.5833e+02 4.7262e+01
2.6773e+00 4.5733e+02 4.7033e+01
2.6814e+00 4.5620e+02 4.6900e+01
2.6855e+00 4.5511e+02 4.6754e+01
2.6896e+00 4.5446e+02 4.6582e+01
2.6937e+00 4.5348e+02 4.6382e+01
2.6978e+00 4.5254e+02 4.6290e+01
2.7018e+00 4.5197e+02 4.6107e+01
2.7059e+00 4.5093e+02 4.5952e+01
2.7100e+00 4.5020e+02 4.5814e+01
2.7141e+00 4.4895e+02 4.5681e+01
2.7182e+00 4.4875e+02 4.5614e+01
2.7223e+00 4.4719e+02 4.5329e+01
2.7264e+00 4.4695e+02 4.5257e+01
2.7305e+00 4.4601e+02 4.5100e+01
2.7346e+00 4.4501e+02 4.4981e+01
2.7387e+00 4.4407e+02 4.4740e+01
2.7427e+00 4.4324e+02 4.4630e+01
2.7468e+00 4.4226e+02 4.4470e+01
2.7509e+00 4.4176e+02 4.4347e+01
2.7550e+00 4.4088e+02 4.4214e+01
2.7591e+00 4.3983e+02 4.4056e+01
2.7632e+00 4.3878e+02 4.3892e+01
2.7673e+00 4.3843e+02 4.3776e+01
2.7714e+00 4.3710e+02 4.3589e+01
2.7755e+00 4.3703e+02 4.3539e+01
2.7796e+00 4.3531e+02 4.3288e+01
2.7837e+00 4.3510e+02 4.3234e+01
2.7877e+00 4.3365e+02 4.3015e+01
2.7918e+00 4.3338e+02 4.2914e+01
2.7959e+00 4.3185e+02 4.2675e+01
2.8000e+00 4.3135e+02 4.2604e+01
2.8041e+00 4.3050e+02 4.2423e+01
2.8082e+00 4.2972e+02 4.2290e+01
2.8123e+00 4.2840e+02 4.2142e+01
2.8164e+00 4.2780e+02 4.2059e+01
2.8205e+00 4.2699e+02 4.1839e+01
2.8246e+00 4.2585e+02 4.1662e+01
2.8287e+00 4.2518e+02 4.1574e+01
2.8327e+00 4.2471e+02 4.1465e+01
2.8368e+00 4.2352e+02 4.1291e+01
2.8409e+00 4.2257e+02 4.1169e+01
2.8450e+00 4.2194e+02 4.1032e+01
2.8491e+00 4.2073e+02 4.0863e+01
2.8532e+00 4.2006e+02 4.0736e+01
2.8573e+00 4.1899e+02 4.0578e+01
2.8614e+00 4.1841e+02 4.0504e+01
2.8655e+00 4.1785e+02 4.0367e+01
2.8696e+00 4.1679e+02 4.0232e+01
2.8736e+00 4.1597e+02 4.0084e+01
2.8777e+00 4.1527e+02 3.9953e+01
2.8818e+00 4.1450e+02 3.9799e+01
2.8859e+00 4.1325e+02 3.9672e+01
2.8900e+00 4.1239e+02 3.9501e+01
2.8941e+00 4.1148e+02 3.9352e+01
2.8982e+00 4.1166e+02 3.9319e+01
2.9023e+00 4.1033e+02 3.9123e+01
2.9064e+00 4.0933e+02 3.9000e+01
2.9105e+00 4.0863e+02 3.8879e+01
2.9146e+00 4.0778e+02 3.8747e+01
2.9187e+00 4.0697e+02 3.8601e+01
2.9227e+00 4.0588e+02 3.8447e+01
2.9268e+00 4.0529e+02 3.8317e+01
2.9309e+00 4.0447e+02 3.8191e+01
2.9350e+00 4.0354e+02 3.8067e+01
2.9391e+00 4.0285e+02 3.7956e+01
2.9432e+00 4.0210e+02 3.7829e+01
2.9473e+00 4.0135e+02 3.7686e+01
2.9514e+00 4.0055e+02 3.7567e+01
2.9555e+00 3.9927e+02 3.7397e+01
2.9596e+00 3.9854e+02 3.7279e+01
2.9636e+00 3.9817e+02 3.7152e+01
2.9677e+00 3.9712e+02 3.7018e+01
2.9718e+00 3.9628e+02 3.6902e+01
2.9759e+00 3.9572e+02 3.6821e+01
2.9800e+00 3.9436e+02 3.6617e+01
2.9841e+00 3.9384e+02 3.6536e+01
2.9882e+00 3.9302e+02 3.6415e+01
2.9923e+00 3.9217e+02 3.6264e+01
2.9964e+00 3.9135e+02 3.6128e+01
3.0005e+00 3.9059e+02 3.6041e+01
3.0046e+00 3.9005e+02 3.5904e+01
3.0086e+00 3.8861e+02 3.5728e+01
3.0127e+00 3.8822e+02 3.5663e+01
3.0168e+00 3.8723e+02 3.5495e+01
3.0209e+00 3.8661e+02 3.5414e+01
3.0250e+00 3.8587e+02 3.5299e+01
3.0291e+00 3.8508e+02 3.5174e+01
3.0332e+00 3.8400e+02 3.5027e+01
3.0373e+00 3.8382e+02 3.4936e+01
3.0414e+00 3.8262e+02 3.4790e+01
3.0455e+00 3.8165e+02 3.4658e+01
3.0495e+00 3.8144e+02 3.4584e+01
3.0536e+00 3.8078e+02 3.4456e+01
3.0577e+00 3.7966e+02 3.4296e+01
3.0618e+00 3.7898e+02 3.4238e+01
3.0659e+00 3.7823e+02 3.4068e+01
3.0700e+00 3.7712e+02 3.3975e+01
3.0741e+00 3.7666e+02 3.3881e+01
3.0782e+00 3.7554e+02 3.3715e+01
3.0823e+00 3.7512e+02 3.3618e+01
3.0864e+00 3.7388e+02 3.3479e+01
3.0905e+00 3.7338e+02 3.3377e+01
3.0945e+00 3.7274e+02 3.3276e+01
3.0986e+00 3.7194e+02 3.3135e+01
3.1027e+00 3.7118e+02 3.3061e+01
3.1068e+00 3.7051e+02 3.2930e+01
3.1109e+00 3.6966e+02 3.2834e+01
3.1150e+00 3.6866e+02 3.2681e+01
3.1191e+00 3.6818e+02 3.2567e+01
3.1232e+00 3.6706e+02 3.2464e+01
3.1273e+00 3.6699e+02 3.2361e+01
3.1314e+00 3.6578e+02 3.2210e+01
3.1355e+00 3.6495e+02 3.2108e+01
3.1395e+00 3.6419e+02 3.1999e+01
3.1436e+00 3.6335e+02 3.1889e+01
3.1477e+00 3.6247e+02 3.1757e+01
3.1518e+00 3.6210e+02 3.1707e+01
3.1559e+00 3.6115e+02 3.1564e+01
3.1600e+00 3.6033e+02 3.1449e+01
3.1641e+00 3.5961e+02 3.1326e+01
3.1682e+00 3.5884e+02 3.1215e+01
3.1723e+00 3.5781e+02 3.1103e+01
3.1764e+00 3.5736e+02 3.0996e+01
3.1804e+00 3.5643e+02 3.0880e+01
3.1845e+00 3.5605e+02 3.0797e+01
3.1886e+00 3.5533e+02 3.0706e+01
3.1927e+00 3.5450e+02 3.0600e+01
3.1968e+00 3.5372e+02 3.0465e+01
3.2009e+00 3.5317e+02 3.0363e+01
3.2050e+00 3.5211e+02 3.0245e+01
3.2091e+00 3.5158e+02 3.0134e+01
3.2132e+00 3.5056e+02 3.0016e+01
3.2173e+00 3.4966e+02 2.9923e+01
3.2214e+00 3.4933e+02 2.9828e+01
3.2254e+00 3.4840e+02 2.9682e+01
3.2295e+00 3.4818e+02 2.9658e+01
3.2336e+00 3.4704e+02 2.9487e+01
3.2377e+00 3.4652e+02 2.9409e+01
3.2418e+00 3.4547e+02 2.9278e+01
3.2459e+00 3.4456e+02 2.9169e+01
3.2500e+00 3.4414e+02 2.9127e+01
3.2541e+00 3.4313e+02 2.8981e+01
3.2582e+00 3.4261e+02 2.8873e+01
3.2623e+00 3.4200e+02 2.8795e+01
3.2663e+00 3.4107e+02 2.8675e+01
3.2704e+00 3.4024e+02 2.8585e+01
3.2745e+00 3.3963e+02 2.8474e+01
3.2786e+00 3.3916e+02 2.8391e+01
3.2827e+00 3.3839e+02 2.8262e+01
3.2868e+00 3.3747e+02 2.8183e+01
3.2909e+00 3.3679e+02 2.8059e+01
3.2950e+00 3.3646e+02 2.7975e+01
3.2991e+00 3.3505e+02 2.7833e+01
3.3032e+00 3.3474e+02 2.7773e+01
3.3073e+00 3.3405e+02 2.7680e+01
3.3113e+00 3.3312e+02 2.7579e+01
3.3154e+00 3.3260e+02 2.7486e+01
3.3195e+00 3.3196e+02 2.7388e+01
3.3236e+00 3.3115e+02 2.7282e+01
3.3277e+00 3.3065e+02 2.7197e+01
3.3318e+00 3.3001e+02 2.7083e+01
3.3359e+00 3.2925e+02 2.7000e+01
3.3400e+00 3.2818e+02 2.6881e+01
3.3441e+00 3.2775e+02 2.6807e+01
3.3482e+00 3.2723e+02 2.6723e+01
3.3523e+00 3.2659e+02 2.6627e+01
3.3563e+00 3.2568e+02 2.6498e+01
3.3604e+00 3.2502e+02 2.6445e+01
3.3645e+00 3.2422e+02 2.6342e+01
3.3686e+00 3.2390e+02 2.6277e+01
3.3727e+00 3.2284e+02 2.6134e+01
3.3768e+00 3.2237e+02 2.6085e+01
3.3809e+00 3.2171e+02 2.5968e+01
3.3850e+00 3.2071e+02 2.5841e+01
3.3891e+00 3.2042e+02 2.5800e+01
3.3932e+00 3.1952e+02 2.5682e+01
3.3973e+00 3.1891e+02 2.5607e+01
3.4013e+00 3.1834e+02 2.5511e+01
3.4054e+00 3.1775e+02 2.5419e+01
3.4095e+00 3.1673e+02 2.5320e+01
3.4136e+00 3.1625e+02 2.5238e+01
3.4177e+00 3.1567e+02 2.5166e+01
3.4218e+00 3.1482e+02 2.5058e+01
3.4259e+00 3.1414e+02 2.4977e+01
3.4300e+00 3.1353e+02 2.4872e+01
3.4341e+00 3.1293e+02 2.4788e+01
3.4382e+00 3.1235e+02 2.4715e+01
3.4422e+00 3.1176e+02 2.4634e+01
3.4463e+00 3.1101e+02 2.4515e+01
3.4504e+00 3.1021e+02 2.4450e+01
3.4545e+00 3.0970e+02 2.4366e+01
3.4586e+00 3.0910e+02 2.4258e+01
3.4627e+00 3.0838e+02 2.4171e+01
3.4668e+00 3.0753e+02 2.4095e+01
3.4709e+00 3.0690e+02 2.4006e+01
3.4750e+00 3.0653e+02 2.3938e+01
3.4791e+00 3.0563e+02 2.3824e+01
3.4832e+00 3.0521e+02 2.3754e+01
3.4872e+00 3.0439e+02 2.3669e+01
3.4913e+00 3.0404e+02 2.3598e+01
3.4954e+00 3.0347e+02 2.3510e+01
3.4995e+00 3.0261e+02 2.3424e+01
3.5036e+00 3.0179e+02 2.3314e+01
3.5077e+00 3.0120e+02 2.3233e+01
3.5118e+00 3.0044e+02 2.3154e+01
3.5159e+00 2.9990e+02 2.3079e+01
3.5200e+00 2.9916e+02 2.2977e+01
3.5241e+00 2.9866e+02 2.2924e+01
3.5281e+00 2.9810e+02 2.2843e+01
3.5322e+00 2.9778e+02 2.2789e+01
3.5363e+00 2.9658e+02 2.2655e+01
3.5404e+00 2.9640e+02 2.2606e+01
3.5445e+00 2.9547e+02 2.2511e+01
3.5486e+00 2.9506e+02 2.2442e+01
3.5527e+00 2.9453e+02 2.2376e+01
3.5568e+00 2.9325e+02 2.2230e+01
3.5609e+00 2.9298e+02 2.2196e+01
3.5650e+00 2.9259e+02 2.2113e+01
3.5691e+00 2.9201e+02 2.2065e+01
3.5732e+00 2.9103e+02 2.1942e+01
3.5772e+00 2.9059e+02 2.1874e+01
3.5813e+00 2.8997e+02 2.1786e+01
3.5854e+00 2.8958e+02 2.1740e+01
3.5895e+00 2.8898e+02 2.1663e+01
3.5936e+00 2.8820e+02 2.1569e+01
3.5977e+00 2.8747e+02 2.1483e+01
3.6018e+00 2.8707e+02 2.1414e+01
3.6059e+00 2.8668e+02 2.1364e+01
3.6100e+00 2.8558e+02 2.1259e+01
3.6141e+00 2.8525e+02 2.1202e+01
3.6181e+00 2.8461e+02 2.1109e+01
3.6222e+00 2.8389e+02 2.1026e+01
3.6263e+00 2.8347e+02 2.0951e+01
3.6304e+00 2.8283e+02 2.0906e+01
3.6345e+00 2.8213e+02 2.0813e+01
3.6386e+00 2.8161e+02 2.0743e+01
3.6427e+00 2.8125e+02 2.0679e+01
3.6468e+00 2.8042e+02 2.0596e+01
3.6509e+00 2.7983e+02 2.0540e+01
3.6550e+00 2.7921e+02 2.0448e+01
3.6591e+00 2.7890e+02 2.0409e+01
3.6631e+00 2.7809e+02 2.0306e+01
3.6672e+00 2.7767e+02 2.0254e+01
3.6713e+00 2.7724e+02 2.0193e+01
3.6754e+00 2.7640e+02 2.0102e+01
3.6795e+00 2.7578e+02 2.0041e+01
3.6836e+00 2.7550e+02 1.9975e+01
3.6877e+00 2.7470e+02 1.9895e+01
3.6918e+00 2.7417e+02 1.9837e+01
3.6959e+00 2.7355e+02 1.9753e+01
3.7000e+00 2.7305e+02 1.9673e+01
3.7040e+00 2.7256e+02 1.9635e+01
3.7081e+00 2.7213e+02 1.9566e+01
3.7122e+00 2.7138e+02 1.9477e+01
3.7163e+00 2.7062e+02 1.9405e+01
3.7204e+00 2.7027e+02 1.9354e+01
3.7245e+00 2.6955e+02 1.9263e+01
3.7286e+00 2.6907e+02 1.9217e+01
3.7327e+00 2.6865e+02 1.9157e+01
3.7368e+00 2.6808e+02 1.9082e+01
3.7409e+00 2.6740e+02 1.9004e+01
3.7450e+00 2.6707e+02 1.8952e+01
3.7490e+00 2.6618e+02 1.8866e+01
3.7531e+00 2.6584e+02 1.8811e+01
3.7572e+00 2.6537e+02 1.8764e+01
3.7613e+00 2.6478e+02 1.8681e+01
3.7654e+00 2.6425e+02 1.8622e+01
3.7695e+00 2.6369e+02 1.8549e+01
3.7736e+00 2.6330e+02 1.8503e+01
3.7777e+00 2.6267e+02 1.8435e+01
3.7818e+00 2.6214e+02 1.8374e+01
3.7859e+00 2.6166e+02 1.8316e+01
3.7900e+00 2.6104e+02 1.8236e+01
3.7940e+00 2.6046e+02 1.8183e+01
3.7981e+00 2.5994e+02 1.8116e+01
3.8022e+00 2.5961e+02 1.8069e+01
3.8063e+00 2.5897e+02 1.8008e+01
3.8104e+00 2.5857e+02 1.7952e+01
3.8145e+00 2.5801e+02 1.7889e+01
3.8186e+00 2.5727e+02 1.7804e+01
3.8227e+00 2.5697e+02 1.7766e+01
3.8268e+00 2.5638e+02 1.7677e+01
3.8309e+00 2.5584e+02 1.7649e+01
3.8349e+00 2.5527e+02 1.7562e+01
3.8390e+00 2.5501e+02 1.7524e+01
3.8431e+00 2.5439e+02 1.7464e+01
3.8472e+00 2.5389e+02 1.7392e+01
3.8513e+00 2.5349e+02 1.7348e+01
3.8554e+00 2.5307e+02 1.7294e+01
3.8595e+00 2.5231e+02 1.7230e+01
3.8636e+00 2.5184e+02 1.7173e+01
3.8677e+00 2.5130e+02 1.7101e+01
3.8718e+00 2.5105e+02 1.7062e+01
3.8759e+00 2.5036e+02 1.6999e+01
3.8799e+00 2.4994e+02 1.6953e+01
3.8840e+00 2.4946e+02 1.6885e+01
3.8881e+00 2.4890e+02 1.6832e+01
3.8922e+00 2.4856e+02 1.6780e+01
3.8963e+00 2.4782e+02 1.6709e+01
3.9004e+00 2.4741e+02 1.6668e+01
3.9045e+00 2.4697e+02 1.6604e+01
3.9086e+00 2.4662e+02 1.6564e+01
3.9127e+00 2.4612e+02 1.6505e+01
3.9168e+00 2.4559e+02 1.6451e+01
3.9209e+00 2.4514e+02 1.6401e+01
3.9249e+00 2.4465e+02 1.6347e+01
3.9290e+00 2.4420e+02 1.6293e+01
3.9331e+00 2.4357e+02 1.6228e+01
3.9372e+00 2.4310e+02 1.6177e+01
3.9413e+00 2.4247e+02 1.6104e+01
3.9454e+00 2.4219e+02 1.6084e+01
3.9495e+00 2.4161e+02 1.6013e+01
3.9536e+00 2.4142e+02 1.5981e+01
3.9577e+00 2.4086e+02 1.5917e+01
3.9618e+00 2.4034e+02 1.5870e+01
3.9658e+00 2.3999e+02 1.5824e+01
3.9699e+00 2.3948e+02 1.5770e+01
3.9740e+00 2.3898e+02 1.5717e+01
3.9781e+00 2.3858e+02 1.5665e+01
3.9822e+00 2.3797e+02 1.5615e+01
3.9863e+00 2.3768e+02 1.5571e+01
3.9904e+00 2.3720e+02 1.5511e+01
3.9945e+00 2.3672e+02 1.5468e+01
3.9986e+00 2.3643e+02 1.5432e+01
4.0027e+00 2.3577e+02 1.5363e+01
4.0068e+00 2.3556e+02 1.5322e+01
4.0108e+00 2.3500e+02 1.5268e+01
4.0149e+00 2.3439e+02 1.5213e+01
4.0190e+00 2.3410e+02 1.5180e+01
4.0231e+00 2.3368e+02 1.5125e+01
4.0272e+00 2.3326e+02 1.5090e+01
4.0313e+00 2.3300e+02 1.5054e+01
4.0354e+00 2.3237e+02 1.4990e+01
4.0395e+00 2.3175e+02 1.4926e+01
4.0436e+00 2.3135e+02 1.4883e+01
4.0477e+00 2.3121e+02 1.4858e+01
4.0517e+00 2.3081e+02 1.4817e+01
4.0558e+00 2.3025e+02 1.4753e+01
4.0599e+00 2.3000e+02 1.4713e+01
4.0640e+00 2.2943e+02 1.4679e+01
4.0681e+00 2.2913e+02 1.4621e+01
4.0722e+00 2.2873e+02 1.4586e+01
4.0763e+00 2.2821e+02 1.4535e+01
4.0804e+00 2.2779e+02 1.4494e+01
4.0845e+00 2.2727e+02 1.4449e+01
4.0886e+00 2.2694e+02 1.4404e+01
4.0927e+00 2.2658e+02 1.4357e+01
4.0967e+00 2.2632e+02 1.4328e+01
4.1008e+00 2.2569e+02 1.4278e+01
4.1049e+00 2.2536e+02 1.4235e+01
4.1090e+00 2.2494e+02 1.4188e+01
4.1131e+00 2.2450e+02 1.4152e+01
4.1172e+00 2.2420e+02 1.4115e+01
4.1213e+00 2.2370e+02 1.4066e+01
4.1254e+00 2.2330e+02 1.4021e+01
4.1295e+00 2.2291e+02 1.3983e+01
4.1336e+00 2.2248e+02 1.3941e+01
4.1377e+00 2.2220e+02 1.3901e+01
4.1417e+00 2.2189e+02 1.3873e+01
4.1458e+00 2.2128e+02 1.3817e+01
4.1499e+00 2.2095e+02 1.3778e+01
4.1540e+00 2.2068e+02 1.3755e+01
4.1581e+00 2.2020e+02 1.3696e+01
4.1622e+00 2.1989e+02 1.3672e+01
4.1663e+00 2.1941e+02 1.3623e+01
4.1704e+00 2.1924e+02 1.3597e+01
4.1745e+00 2.1880e+02 1.3555e+01
4.1786e+00 2.1838e+02 1.3512e+01
4.1826e+00 2.1802e+02 1.3474e+01
4.1867e+00 2.1754e+02 1.3443e+01
