# k, phh, phm/ 
0.0000e+00 0.0000e+00 0.0000e+00
5.7940e-03 1.8482e+04 9.0944e+03
1.0472e-02 2.4656e+04 1.2309e+04
1.4266e-02 3.2719e+04 1.6781e+04
1.8123e-02 4.0053e+04 2.0655e+04
2.2484e-02 3.4231e+04 1.7511e+04
2.6451e-02 3.5086e+04 1.7991e+04
3.0447e-02 2.4652e+04 1.2534e+04
3.4732e-02 2.5000e+04 1.2757e+04
3.8831e-02 2.0868e+04 1.0551e+04
4.2814e-02 2.0306e+04 1.0310e+04
4.6886e-02 1.8951e+04 9.4169e+03
5.0986e-02 1.8001e+04 8.9859e+03
5.5146e-02 1.6340e+04 8.1606e+03
5.9224e-02 1.5751e+04 7.8373e+03
6.3286e-02 1.5039e+04 7.4663e+03
6.7367e-02 1.4963e+04 7.4101e+03
7.1496e-02 1.4176e+04 6.9835e+03
7.5589e-02 1.3262e+04 6.4822e+03
7.9666e-02 1.2307e+04 6.0294e+03
8.3818e-02 1.1659e+04 5.6759e+03
8.7894e-02 1.0538e+04 5.1091e+03
9.1924e-02 9.7869e+03 4.7205e+03
9.6045e-02 9.1628e+03 4.3773e+03
1.0013e-01 8.6313e+03 4.0811e+03
1.0421e-01 8.1531e+03 3.8432e+03
1.0833e-01 7.6348e+03 3.5868e+03
1.1245e-01 7.6717e+03 3.5986e+03
1.1652e-01 7.4036e+03 3.4555e+03
1.2060e-01 7.0383e+03 3.2730e+03
1.2466e-01 7.0075e+03 3.2676e+03
1.2877e-01 6.7627e+03 3.1246e+03
1.3287e-01 6.5022e+03 2.9878e+03
1.3698e-01 6.1294e+03 2.8116e+03
1.4107e-01 5.9706e+03 2.7003e+03
1.4517e-01 5.7732e+03 2.6002e+03
1.4927e-01 5.3345e+03 2.3825e+03
1.5333e-01 5.2350e+03 2.3297e+03
1.5742e-01 4.9999e+03 2.2222e+03
1.6151e-01 4.8277e+03 2.1255e+03
1.6559e-01 4.6756e+03 2.0360e+03
1.6969e-01 4.5344e+03 1.9686e+03
1.7380e-01 4.3815e+03 1.8818e+03
1.7790e-01 4.3031e+03 1.8501e+03
1.8200e-01 4.2305e+03 1.8063e+03
1.8609e-01 4.0791e+03 1.7448e+03
1.9016e-01 4.0293e+03 1.7146e+03
1.9424e-01 3.8337e+03 1.6111e+03
1.9833e-01 3.9146e+03 1.6458e+03
2.0243e-01 3.8016e+03 1.5856e+03
2.0652e-01 3.6338e+03 1.5078e+03
2.1063e-01 3.5355e+03 1.4581e+03
2.1472e-01 3.4216e+03 1.4036e+03
2.1883e-01 3.4061e+03 1.3878e+03
2.2290e-01 3.3251e+03 1.3465e+03
2.2699e-01 3.2420e+03 1.3002e+03
2.3108e-01 3.1778e+03 1.2701e+03
2.3515e-01 3.0751e+03 1.2173e+03
2.3924e-01 3.0242e+03 1.1980e+03
2.4334e-01 2.9826e+03 1.1668e+03
2.4744e-01 2.9468e+03 1.1494e+03
2.5154e-01 2.8781e+03 1.1158e+03
2.5561e-01 2.8501e+03 1.1033e+03
2.5972e-01 2.7937e+03 1.0728e+03
2.6381e-01 2.7328e+03 1.0425e+03
2.6790e-01 2.7105e+03 1.0257e+03
2.7199e-01 2.6417e+03 9.9742e+02
2.7607e-01 2.6025e+03 9.7695e+02
2.8017e-01 2.5511e+03 9.5413e+02
2.8427e-01 2.5054e+03 9.2784e+02
2.8835e-01 2.4710e+03 9.0940e+02
2.9243e-01 2.4277e+03 8.9011e+02
2.9651e-01 2.3974e+03 8.7405e+02
3.0063e-01 2.3649e+03 8.6030e+02
3.0473e-01 2.3163e+03 8.3577e+02
3.0882e-01 2.3122e+03 8.3190e+02
3.1292e-01 2.2850e+03 8.1692e+02
3.1700e-01 2.2342e+03 7.9726e+02
3.2108e-01 2.1936e+03 7.7486e+02
3.2517e-01 2.1987e+03 7.7150e+02
3.2925e-01 2.1419e+03 7.4972e+02
3.3333e-01 2.1253e+03 7.4097e+02
3.3744e-01 2.1004e+03 7.2623e+02
3.4154e-01 2.0835e+03 7.1755e+02
3.4562e-01 2.0437e+03 7.0062e+02
3.4972e-01 2.0237e+03 6.9083e+02
3.5382e-01 1.9960e+03 6.7548e+02
3.5791e-01 1.9698e+03 6.6306e+02
3.6198e-01 1.9452e+03 6.5098e+02
3.6607e-01 1.9394e+03 6.4848e+02
3.7019e-01 1.9195e+03 6.3798e+02
3.7428e-01 1.8939e+03 6.2488e+02
3.7836e-01 1.8735e+03 6.1446e+02
3.8245e-01 1.8569e+03 6.0526e+02
3.8653e-01 1.8326e+03 5.9655e+02
3.9062e-01 1.8338e+03 5.9503e+02
3.9471e-01 1.8030e+03 5.8297e+02
3.9879e-01 1.7904e+03 5.7332e+02
4.0290e-01 1.7754e+03 5.6534e+02
4.0699e-01 1.7548e+03 5.5874e+02
4.1107e-01 1.7342e+03 5.4765e+02
4.1517e-01 1.7271e+03 5.4316e+02
4.1926e-01 1.7138e+03 5.3427e+02
4.2335e-01 1.6971e+03 5.2894e+02
4.2745e-01 1.6748e+03 5.1755e+02
4.3153e-01 1.6827e+03 5.1865e+02
4.3562e-01 1.6473e+03 5.0434e+02
4.3972e-01 1.6407e+03 5.0101e+02
4.4380e-01 1.6259e+03 4.9507e+02
4.4789e-01 1.6208e+03 4.9014e+02
4.5198e-01 1.5925e+03 4.8204e+02
4.5607e-01 1.5845e+03 4.7693e+02
4.6017e-01 1.5729e+03 4.6973e+02
4.6426e-01 1.5692e+03 4.6635e+02
4.6835e-01 1.5484e+03 4.5741e+02
4.7245e-01 1.5433e+03 4.5394e+02
4.7654e-01 1.5323e+03 4.4989e+02
4.8063e-01 1.5118e+03 4.4252e+02
4.8472e-01 1.5086e+03 4.3811e+02
4.8879e-01 1.4871e+03 4.3065e+02
4.9289e-01 1.4925e+03 4.3002e+02
4.9698e-01 1.4816e+03 4.2499e+02
5.0107e-01 1.4693e+03 4.1943e+02
5.0517e-01 1.4590e+03 4.1502e+02
5.0927e-01 1.4439e+03 4.0920e+02
5.1337e-01 1.4462e+03 4.0868e+02
5.1744e-01 1.4379e+03 4.0506e+02
5.2152e-01 1.4291e+03 4.0237e+02
5.2561e-01 1.4136e+03 3.9375e+02
5.2971e-01 1.4048e+03 3.9013e+02
5.3380e-01 1.3924e+03 3.8506e+02
5.3789e-01 1.3949e+03 3.8479e+02
5.4199e-01 1.3807e+03 3.8043e+02
5.4609e-01 1.3739e+03 3.7578e+02
5.5017e-01 1.3630e+03 3.7110e+02
5.5425e-01 1.3624e+03 3.6901e+02
5.5835e-01 1.3516e+03 3.6450e+02
5.6244e-01 1.3487e+03 3.6183e+02
5.6653e-01 1.3309e+03 3.5627e+02
5.7062e-01 1.3324e+03 3.5681e+02
5.7471e-01 1.3244e+03 3.5211e+02
5.7880e-01 1.3124e+03 3.4751e+02
5.8288e-01 1.3069e+03 3.4504e+02
5.8698e-01 1.2972e+03 3.4115e+02
5.9107e-01 1.2992e+03 3.3992e+02
5.9517e-01 1.2936e+03 3.3738e+02
5.9926e-01 1.2825e+03 3.3359e+02
6.0335e-01 1.2745e+03 3.3030e+02
6.0745e-01 1.2701e+03 3.2815e+02
6.1154e-01 1.2669e+03 3.2512e+02
6.1562e-01 1.2609e+03 3.2289e+02
6.1970e-01 1.2447e+03 3.1794e+02
6.2379e-01 1.2465e+03 3.1704e+02
6.2789e-01 1.2443e+03 3.1640e+02
6.3199e-01 1.2314e+03 3.1127e+02
6.3607e-01 1.2257e+03 3.0884e+02
6.4016e-01 1.2220e+03 3.0670e+02
6.4424e-01 1.2173e+03 3.0401e+02
6.4834e-01 1.2125e+03 3.0198e+02
6.5243e-01 1.2051e+03 2.9925e+02
6.5651e-01 1.2039e+03 2.9748e+02
6.6061e-01 1.1952e+03 2.9432e+02
6.6471e-01 1.1969e+03 2.9429e+02
6.6880e-01 1.1884e+03 2.9042e+02
6.7289e-01 1.1874e+03 2.8942e+02
6.7698e-01 1.1769e+03 2.8638e+02
6.8107e-01 1.1756e+03 2.8462e+02
6.8516e-01 1.1703e+03 2.8317e+02
6.8925e-01 1.1637e+03 2.8005e+02
6.9334e-01 1.1581e+03 2.7781e+02
6.9743e-01 1.1525e+03 2.7638e+02
7.0153e-01 1.1528e+03 2.7488e+02
7.0562e-01 1.1485e+03 2.7303e+02
7.0971e-01 1.1421e+03 2.7084e+02
7.1380e-01 1.1384e+03 2.6889e+02
7.1789e-01 1.1329e+03 2.6616e+02
7.2198e-01 1.1299e+03 2.6457e+02
7.2606e-01 1.1308e+03 2.6414e+02
7.3015e-01 1.1214e+03 2.6123e+02
7.3424e-01 1.1191e+03 2.5978e+02
7.3834e-01 1.1159e+03 2.5905e+02
7.4243e-01 1.1102e+03 2.5690e+02
7.4651e-01 1.1083e+03 2.5506e+02
7.5061e-01 1.1050e+03 2.5348e+02
7.5471e-01 1.0956e+03 2.5048e+02
7.5879e-01 1.0956e+03 2.4979e+02
7.6289e-01 1.0909e+03 2.4776e+02
7.6699e-01 1.0913e+03 2.4748e+02
7.7107e-01 1.0830e+03 2.4498e+02
7.7515e-01 1.0807e+03 2.4342e+02
7.7924e-01 1.0741e+03 2.4172e+02
7.8334e-01 1.0741e+03 2.4088e+02
7.8743e-01 1.0739e+03 2.3995e+02
7.9151e-01 1.0665e+03 2.3674e+02
7.9561e-01 1.0618e+03 2.3541e+02
7.9970e-01 1.0609e+03 2.3494e+02
8.0380e-01 1.0606e+03 2.3429e+02
8.0788e-01 1.0537e+03 2.3232e+02
8.1196e-01 1.0533e+03 2.3188e+02
8.1606e-01 1.0490e+03 2.2975e+02
8.2015e-01 1.0409e+03 2.2714e+02
8.2424e-01 1.0376e+03 2.2579e+02
8.2833e-01 1.0419e+03 2.2616e+02
8.3243e-01 1.0383e+03 2.2464e+02
8.3652e-01 1.0316e+03 2.2270e+02
8.4061e-01 1.0291e+03 2.2128e+02
8.4470e-01 1.0280e+03 2.2094e+02
8.4879e-01 1.0195e+03 2.1825e+02
8.5288e-01 1.0204e+03 2.1822e+02
8.5697e-01 1.0194e+03 2.1727e+02
8.6106e-01 1.0147e+03 2.1588e+02
8.6515e-01 1.0125e+03 2.1491e+02
8.6923e-01 1.0083e+03 2.1326e+02
8.7333e-01 1.0073e+03 2.1230e+02
8.7743e-01 1.0054e+03 2.1110e+02
8.8151e-01 9.9715e+02 2.0941e+02
8.8560e-01 1.0007e+03 2.0970e+02
8.8969e-01 9.9527e+02 2.0814e+02
8.9378e-01 9.9493e+02 2.0713e+02
8.9788e-01 9.9119e+02 2.0557e+02
9.0196e-01 9.8644e+02 2.0415e+02
9.0605e-01 9.8771e+02 2.0406e+02
9.1015e-01 9.8299e+02 2.0253e+02
9.1424e-01 9.8059e+02 2.0141e+02
9.1833e-01 9.7886e+02 2.0065e+02
9.2242e-01 9.7640e+02 2.0016e+02
9.2651e-01 9.7351e+02 1.9864e+02
9.3060e-01 9.7167e+02 1.9766e+02
9.3469e-01 9.6711e+02 1.9678e+02
9.3879e-01 9.6612e+02 1.9514e+02
9.4287e-01 9.6269e+02 1.9410e+02
9.4696e-01 9.6528e+02 1.9414e+02
9.5105e-01 9.6225e+02 1.9321e+02
9.5515e-01 9.5479e+02 1.9167e+02
9.5924e-01 9.5330e+02 1.9042e+02
9.6333e-01 9.5284e+02 1.9037e+02
9.6742e-01 9.4972e+02 1.8923e+02
9.7151e-01 9.4864e+02 1.8864e+02
9.7559e-01 9.4491e+02 1.8717e+02
9.7968e-01 9.4188e+02 1.8677e+02
9.8377e-01 9.4062e+02 1.8577e+02
9.8787e-01 9.4055e+02 1.8475e+02
9.9196e-01 9.3507e+02 1.8354e+02
9.9605e-01 9.3585e+02 1.8310e+02
1.0002e+00 9.3268e+02 1.8209e+02
1.0042e+00 9.2830e+02 1.8088e+02
1.0083e+00 9.2731e+02 1.8074e+02
1.0124e+00 9.2520e+02 1.7948e+02
1.0165e+00 9.2515e+02 1.7936e+02
1.0206e+00 9.2369e+02 1.7869e+02
1.0247e+00 9.1889e+02 1.7755e+02
1.0288e+00 9.1679e+02 1.7628e+02
1.0329e+00 9.1698e+02 1.7615e+02
1.0370e+00 9.1486e+02 1.7532e+02
1.0410e+00 9.1170e+02 1.7400e+02
1.0451e+00 9.0818e+02 1.7312e+02
1.0492e+00 9.0799e+02 1.7247e+02
1.0533e+00 9.0705e+02 1.7253e+02
1.0574e+00 9.0442e+02 1.7118e+02
1.0615e+00 9.0467e+02 1.7089e+02
1.0656e+00 9.0011e+02 1.6943e+02
1.0697e+00 8.9807e+02 1.6892e+02
1.0738e+00 8.9650e+02 1.6827e+02
1.0779e+00 8.9160e+02 1.6705e+02
1.0820e+00 8.9344e+02 1.6678e+02
1.0860e+00 8.9105e+02 1.6591e+02
1.0901e+00 8.8996e+02 1.6524e+02
1.0942e+00 8.8755e+02 1.6487e+02
1.0983e+00 8.8614e+02 1.6444e+02
1.1024e+00 8.8463e+02 1.6348e+02
1.1065e+00 8.8333e+02 1.6291e+02
1.1106e+00 8.8162e+02 1.6256e+02
1.1147e+00 8.7857e+02 1.6123e+02
1.1188e+00 8.7637e+02 1.6060e+02
1.1229e+00 8.7728e+02 1.6077e+02
1.1270e+00 8.7599e+02 1.5992e+02
1.1310e+00 8.7192e+02 1.5890e+02
1.1351e+00 8.7078e+02 1.5844e+02
1.1392e+00 8.6974e+02 1.5785e+02
1.1433e+00 8.6743e+02 1.5709e+02
1.1474e+00 8.6864e+02 1.5713e+02
1.1515e+00 8.6389e+02 1.5561e+02
1.1556e+00 8.6242e+02 1.5521e+02
1.1597e+00 8.5995e+02 1.5461e+02
1.1638e+00 8.5898e+02 1.5415e+02
1.1679e+00 8.5855e+02 1.5410e+02
1.1719e+00 8.5711e+02 1.5307e+02
1.1760e+00 8.5397e+02 1.5220e+02
1.1801e+00 8.5244e+02 1.5206e+02
1.1842e+00 8.5059e+02 1.5102e+02
1.1883e+00 8.5053e+02 1.5084e+02
1.1924e+00 8.4917e+02 1.5021e+02
1.1965e+00 8.4447e+02 1.4915e+02
1.2006e+00 8.4430e+02 1.4899e+02
1.2047e+00 8.4368e+02 1.4846e+02
1.2088e+00 8.3944e+02 1.4770e+02
1.2129e+00 8.4010e+02 1.4717e+02
1.2169e+00 8.3825e+02 1.4627e+02
1.2210e+00 8.3772e+02 1.4630e+02
1.2251e+00 8.3556e+02 1.4569e+02
1.2292e+00 8.3398e+02 1.4494e+02
1.2333e+00 8.3153e+02 1.4427e+02
1.2374e+00 8.2975e+02 1.4366e+02
1.2415e+00 8.2798e+02 1.4302e+02
1.2456e+00 8.2682e+02 1.4271e+02
1.2497e+00 8.2730e+02 1.4249e+02
1.2538e+00 8.2576e+02 1.4195e+02
1.2579e+00 8.2499e+02 1.4167e+02
1.2619e+00 8.2266e+02 1.4105e+02
1.2660e+00 8.1902e+02 1.4028e+02
1.2701e+00 8.1913e+02 1.3993e+02
1.2742e+00 8.1772e+02 1.3929e+02
1.2783e+00 8.1425e+02 1.3852e+02
1.2824e+00 8.1337e+02 1.3827e+02
1.2865e+00 8.1241e+02 1.3773e+02
1.2906e+00 8.1112e+02 1.3706e+02
1.2947e+00 8.0974e+02 1.3685e+02
1.2988e+00 8.0842e+02 1.3637e+02
1.3029e+00 8.0734e+02 1.3577e+02
1.3069e+00 8.0537e+02 1.3549e+02
1.3110e+00 8.0595e+02 1.3534e+02
1.3151e+00 8.0216e+02 1.3420e+02
1.3192e+00 8.0234e+02 1.3384e+02
1.3233e+00 7.9915e+02 1.3330e+02
1.3274e+00 7.9871e+02 1.3285e+02
1.3315e+00 7.9703e+02 1.3251e+02
1.3356e+00 7.9694e+02 1.3216e+02
1.3397e+00 7.9534e+02 1.3174e+02
1.3438e+00 7.9247e+02 1.3102e+02
1.3479e+00 7.9144e+02 1.3059e+02
1.3519e+00 7.9114e+02 1.3034e+02
1.3560e+00 7.9044e+02 1.3017e+02
1.3601e+00 7.8692e+02 1.2937e+02
1.3642e+00 7.8614e+02 1.2896e+02
1.3683e+00 7.8505e+02 1.2817e+02
1.3724e+00 7.8444e+02 1.2837e+02
1.3765e+00 7.8203e+02 1.2772e+02
1.3806e+00 7.8187e+02 1.2737e+02
1.3847e+00 7.8032e+02 1.2690e+02
1.3888e+00 7.7922e+02 1.2647e+02
1.3928e+00 7.7704e+02 1.2571e+02
1.3969e+00 7.7657e+02 1.2565e+02
1.4010e+00 7.7501e+02 1.2506e+02
1.4051e+00 7.7279e+02 1.2438e+02
1.4092e+00 7.7040e+02 1.2395e+02
1.4133e+00 7.7118e+02 1.2388e+02
1.4174e+00 7.6951e+02 1.2334e+02
1.4215e+00 7.6945e+02 1.2322e+02
1.4256e+00 7.6834e+02 1.2263e+02
1.4297e+00 7.6791e+02 1.2237e+02
1.4338e+00 7.6434e+02 1.2164e+02
1.4378e+00 7.6417e+02 1.2147e+02
1.4419e+00 7.6321e+02 1.2109e+02
1.4460e+00 7.6112e+02 1.2047e+02
1.4501e+00 7.5939e+02 1.2013e+02
1.4542e+00 7.5813e+02 1.1979e+02
1.4583e+00 7.5808e+02 1.1967e+02
1.4624e+00 7.5618e+02 1.1901e+02
1.4665e+00 7.5419e+02 1.1851e+02
1.4706e+00 7.5373e+02 1.1827e+02
1.4747e+00 7.5164e+02 1.1767e+02
1.4787e+00 7.5301e+02 1.1766e+02
1.4828e+00 7.5029e+02 1.1730e+02
1.4869e+00 7.4995e+02 1.1691e+02
1.4910e+00 7.4790e+02 1.1644e+02
1.4951e+00 7.4620e+02 1.1592e+02
1.4992e+00 7.4506e+02 1.1546e+02
1.5033e+00 7.4379e+02 1.1518e+02
1.5074e+00 7.4271e+02 1.1489e+02
1.5115e+00 7.4260e+02 1.1454e+02
1.5156e+00 7.3948e+02 1.1406e+02
1.5197e+00 7.3945e+02 1.1377e+02
1.5237e+00 7.3740e+02 1.1346e+02
1.5278e+00 7.3566e+02 1.1294e+02
1.5319e+00 7.3500e+02 1.1252e+02
1.5360e+00 7.3556e+02 1.1240e+02
1.5401e+00 7.3352e+02 1.1225e+02
1.5442e+00 7.3076e+02 1.1163e+02
1.5483e+00 7.3103e+02 1.1120e+02
1.5524e+00 7.3038e+02 1.1112e+02
1.5565e+00 7.2790e+02 1.1061e+02
1.5606e+00 7.2823e+02 1.1040e+02
1.5646e+00 7.2643e+02 1.0987e+02
1.5687e+00 7.2510e+02 1.0937e+02
1.5728e+00 7.2313e+02 1.0903e+02
1.5769e+00 7.2345e+02 1.0907e+02
1.5810e+00 7.2252e+02 1.0871e+02
1.5851e+00 7.2079e+02 1.0818e+02
1.5892e+00 7.1992e+02 1.0779e+02
1.5933e+00 7.1677e+02 1.0725e+02
1.5974e+00 7.1724e+02 1.0718e+02
1.6015e+00 7.1628e+02 1.0669e+02
1.6056e+00 7.1484e+02 1.0637e+02
1.6096e+00 7.1397e+02 1.0614e+02
1.6137e+00 7.1314e+02 1.0593e+02
1.6178e+00 7.1270e+02 1.0565e+02
1.6219e+00 7.0983e+02 1.0507e+02
1.6260e+00 7.0944e+02 1.0481e+02
1.6301e+00 7.0817e+02 1.0457e+02
1.6342e+00 7.0622e+02 1.0416e+02
1.6383e+00 7.0565e+02 1.0387e+02
1.6424e+00 7.0429e+02 1.0357e+02
1.6465e+00 7.0436e+02 1.0330e+02
1.6506e+00 7.0316e+02 1.0293e+02
1.6546e+00 7.0094e+02 1.0246e+02
1.6587e+00 7.0065e+02 1.0240e+02
1.6628e+00 6.9944e+02 1.0205e+02
1.6669e+00 6.9734e+02 1.0161e+02
1.6710e+00 6.9631e+02 1.0130e+02
1.6751e+00 6.9720e+02 1.0112e+02
1.6792e+00 6.9590e+02 1.0085e+02
1.6833e+00 6.9410e+02 1.0055e+02
1.6874e+00 6.9248e+02 1.0004e+02
1.6915e+00 6.9113e+02 9.9664e+01
1.6955e+00 6.9085e+02 9.9524e+01
1.6996e+00 6.8966e+02 9.9237e+01
1.7037e+00 6.8727e+02 9.8884e+01
1.7078e+00 6.8795e+02 9.8613e+01
1.7119e+00 6.8728e+02 9.8305e+01
1.7160e+00 6.8447e+02 9.7725e+01
1.7201e+00 6.8560e+02 9.7867e+01
1.7242e+00 6.8127e+02 9.7179e+01
1.7283e+00 6.8169e+02 9.6987e+01
1.7324e+00 6.7976e+02 9.6787e+01
1.7365e+00 6.7961e+02 9.6596e+01
1.7405e+00 6.7907e+02 9.6203e+01
1.7446e+00 6.7856e+02 9.6045e+01
1.7487e+00 6.7561e+02 9.5561e+01
1.7528e+00 6.7551e+02 9.5367e+01
1.7569e+00 6.7514e+02 9.5025e+01
1.7610e+00 6.7267e+02 9.4864e+01
1.7651e+00 6.7305e+02 9.4588e+01
1.7692e+00 6.7171e+02 9.4322e+01
1.7733e+00 6.7132e+02 9.4114e+01
1.7774e+00 6.6951e+02 9.3701e+01
1.7815e+00 6.6901e+02 9.3593e+01
1.7855e+00 6.6667e+02 9.2959e+01
1.7896e+00 6.6592e+02 9.2770e+01
1.7937e+00 6.6645e+02 9.2633e+01
1.7978e+00 6.6405e+02 9.2109e+01
1.8019e+00 6.6293e+02 9.2012e+01
1.8060e+00 6.6142e+02 9.1665e+01
1.8101e+00 6.5951e+02 9.1323e+01
1.8142e+00 6.5876e+02 9.1032e+01
1.8183e+00 6.5884e+02 9.1014e+01
1.8224e+00 6.5763e+02 9.0568e+01
1.8265e+00 6.5775e+02 9.0373e+01
1.8305e+00 6.5541e+02 9.0105e+01
1.8346e+00 6.5543e+02 8.9889e+01
1.8387e+00 6.5189e+02 8.9301e+01
1.8428e+00 6.5301e+02 8.9236e+01
1.8469e+00 6.5268e+02 8.9084e+01
1.8510e+00 6.5045e+02 8.8751e+01
1.8551e+00 6.4975e+02 8.8533e+01
1.8592e+00 6.4812e+02 8.8247e+01
1.8633e+00 6.4675e+02 8.7854e+01
1.8674e+00 6.4643e+02 8.7727e+01
1.8715e+00 6.4527e+02 8.7356e+01
1.8755e+00 6.4483e+02 8.7230e+01
1.8796e+00 6.4261e+02 8.6730e+01
1.8837e+00 6.4228e+02 8.6625e+01
1.8878e+00 6.4139e+02 8.6273e+01
1.8919e+00 6.3993e+02 8.6065e+01
1.8960e+00 6.3924e+02 8.5827e+01
1.9001e+00 6.3784e+02 8.5553e+01
1.9042e+00 6.3731e+02 8.5348e+01
1.9083e+00 6.3525e+02 8.4900e+01
1.9124e+00 6.3510e+02 8.4784e+01
1.9164e+00 6.3366e+02 8.4496e+01
1.9205e+00 6.3259e+02 8.4275e+01
1.9246e+00 6.3151e+02 8.3905e+01
1.9287e+00 6.3087e+02 8.3650e+01
1.9328e+00 6.3004e+02 8.3640e+01
1.9369e+00 6.2943e+02 8.3280e+01
1.9410e+00 6.2770e+02 8.3082e+01
1.9451e+00 6.2749e+02 8.2843e+01
1.9492e+00 6.2608e+02 8.2510e+01
1.9533e+00 6.2494e+02 8.2304e+01
1.9573e+00 6.2293e+02 8.1972e+01
1.9614e+00 6.2287e+02 8.1845e+01
1.9655e+00 6.2189e+02 8.1618e+01
1.9696e+00 6.2011e+02 8.1274e+01
1.9737e+00 6.1976e+02 8.1031e+01
1.9778e+00 6.1881e+02 8.0766e+01
1.9819e+00 6.1814e+02 8.0579e+01
1.9860e+00 6.1706e+02 8.0375e+01
1.9901e+00 6.1507e+02 7.9981e+01
1.9942e+00 6.1460e+02 7.9744e+01
1.9983e+00 6.1355e+02 7.9556e+01
2.0024e+00 6.1339e+02 7.9437e+01
2.0064e+00 6.1166e+02 7.9122e+01
2.0105e+00 6.1165e+02 7.8838e+01
2.0146e+00 6.0984e+02 7.8557e+01
2.0187e+00 6.0848e+02 7.8414e+01
2.0228e+00 6.0812e+02 7.8153e+01
2.0269e+00 6.0601e+02 7.7785e+01
2.0310e+00 6.0577e+02 7.7663e+01
2.0351e+00 6.0467e+02 7.7447e+01
2.0392e+00 6.0341e+02 7.7204e+01
2.0433e+00 6.0361e+02 7.7159e+01
2.0473e+00 6.0232e+02 7.6772e+01
2.0514e+00 6.0058e+02 7.6513e+01
2.0555e+00 5.9976e+02 7.6274e+01
2.0596e+00 5.9743e+02 7.5838e+01
2.0637e+00 5.9770e+02 7.5813e+01
2.0678e+00 5.9626e+02 7.5612e+01
2.0719e+00 5.9636e+02 7.5429e+01
2.0760e+00 5.9472e+02 7.5041e+01
2.0801e+00 5.9370e+02 7.4791e+01
2.0842e+00 5.9288e+02 7.4746e+01
2.0883e+00 5.9230e+02 7.4478e+01
2.0923e+00 5.9074e+02 7.4151e+01
2.0964e+00 5.8978e+02 7.3946e+01
2.1005e+00 5.8873e+02 7.3785e+01
2.1046e+00 5.8851e+02 7.3618e+01
2.1087e+00 5.8727e+02 7.3347e+01
2.1128e+00 5.8600e+02 7.3128e+01
2.1169e+00 5.8556e+02 7.2995e+01
2.1210e+00 5.8471e+02 7.2803e+01
2.1251e+00 5.8272e+02 7.2436e+01
2.1292e+00 5.8188e+02 7.2257e+01
2.1332e+00 5.8120e+02 7.1967e+01
2.1373e+00 5.7996e+02 7.1785e+01
2.1414e+00 5.7964e+02 7.1634e+01
2.1455e+00 5.7825e+02 7.1260e+01
2.1496e+00 5.7755e+02 7.1102e+01
2.1537e+00 5.7567e+02 7.0843e+01
2.1578e+00 5.7582e+02 7.0763e+01
2.1619e+00 5.7468e+02 7.0568e+01
2.1660e+00 5.7295e+02 7.0186e+01
2.1701e+00 5.7217e+02 7.0019e+01
2.1742e+00 5.7113e+02 6.9860e+01
2.1782e+00 5.7026e+02 6.9557e+01
2.1823e+00 5.6959e+02 6.9463e+01
2.1864e+00 5.6925e+02 6.9303e+01
2.1905e+00 5.6831e+02 6.9081e+01
2.1946e+00 5.6633e+02 6.8768e+01
2.1987e+00 5.6514e+02 6.8515e+01
2.2028e+00 5.6470e+02 6.8372e+01
2.2069e+00 5.6296e+02 6.8009e+01
2.2110e+00 5.6174e+02 6.7825e+01
2.2151e+00 5.6157e+02 6.7721e+01
2.2191e+00 5.6078e+02 6.7584e+01
2.2232e+00 5.6029e+02 6.7326e+01
2.2273e+00 5.5879e+02 6.7078e+01
2.2314e+00 5.5817e+02 6.6942e+01
2.2355e+00 5.5725e+02 6.6747e+01
2.2396e+00 5.5643e+02 6.6459e+01
2.2437e+00 5.5493e+02 6.6325e+01
2.2478e+00 5.5365e+02 6.6053e+01
2.2519e+00 5.5292e+02 6.5842e+01
2.2560e+00 5.5212e+02 6.5626e+01
2.2601e+00 5.5155e+02 6.5483e+01
2.2642e+00 5.5029e+02 6.5295e+01
2.2682e+00 5.4947e+02 6.5059e+01
2.2723e+00 5.4867e+02 6.4877e+01
2.2764e+00 5.4746e+02 6.4685e+01
2.2805e+00 5.4594e+02 6.4386e+01
2.2846e+00 5.4676e+02 6.4441e+01
2.2887e+00 5.4375e+02 6.3897e+01
2.2928e+00 5.4339e+02 6.3813e+01
2.2969e+00 5.4305e+02 6.3713e+01
2.3010e+00 5.4123e+02 6.3394e+01
2.3051e+00 5.4085e+02 6.3277e+01
2.3091e+00 5.4065e+02 6.3208e+01
2.3132e+00 5.3892e+02 6.2890e+01
2.3173e+00 5.3784e+02 6.2622e+01
2.3214e+00 5.3703e+02 6.2449e+01
2.3255e+00 5.3585e+02 6.2256e+01
2.3296e+00 5.3546e+02 6.2166e+01
2.3337e+00 5.3454e+02 6.1982e+01
2.3378e+00 5.3378e+02 6.1791e+01
2.3419e+00 5.3235e+02 6.1537e+01
2.3460e+00 5.3093e+02 6.1273e+01
2.3500e+00 5.3026e+02 6.1121e+01
2.3541e+00 5.2979e+02 6.1019e+01
2.3582e+00 5.2789e+02 6.0666e+01
2.3623e+00 5.2781e+02 6.0550e+01
2.3664e+00 5.2665e+02 6.0297e+01
2.3705e+00 5.2562e+02 6.0156e+01
2.3746e+00 5.2456e+02 5.9990e+01
2.3787e+00 5.2447e+02 5.9877e+01
2.3828e+00 5.2341e+02 5.9688e+01
2.3869e+00 5.2202e+02 5.9416e+01
2.3910e+00 5.2042e+02 5.9151e+01
2.3951e+00 5.1984e+02 5.9075e+01
2.3991e+00 5.1907e+02 5.8918e+01
2.4032e+00 5.1795e+02 5.8668e+01
2.4073e+00 5.1698e+02 5.8496e+01
2.4114e+00 5.1619e+02 5.8296e+01
2.4155e+00 5.1539e+02 5.8115e+01
2.4196e+00 5.1433e+02 5.7918e+01
2.4237e+00 5.1365e+02 5.7809e+01
2.4278e+00 5.1244e+02 5.7523e+01
2.4319e+00 5.1185e+02 5.7405e+01
2.4360e+00 5.1119e+02 5.7226e+01
2.4400e+00 5.0986e+02 5.7050e+01
2.4441e+00 5.0829e+02 5.6802e+01
2.4482e+00 5.0786e+02 5.6708e+01
2.4523e+00 5.0705e+02 5.6468e+01
2.4564e+00 5.0601e+02 5.6314e+01
2.4605e+00 5.0578e+02 5.6235e+01
2.4646e+00 5.0415e+02 5.5953e+01
2.4687e+00 5.0360e+02 5.5743e+01
2.4728e+00 5.0253e+02 5.5586e+01
2.4769e+00 5.0204e+02 5.5502e+01
2.4810e+00 5.0031e+02 5.5237e+01
2.4850e+00 4.9916e+02 5.5012e+01
2.4891e+00 4.9902e+02 5.4911e+01
2.4932e+00 4.9790e+02 5.4731e+01
2.4973e+00 4.9637e+02 5.4512e+01
2.5014e+00 4.9630e+02 5.4386e+01
2.5055e+00 4.9503e+02 5.4178e+01
2.5096e+00 4.9453e+02 5.4063e+01
2.5137e+00 4.9331e+02 5.3860e+01
2.5178e+00 4.9236e+02 5.3705e+01
2.5219e+00 4.9173e+02 5.3524e+01
2.5259e+00 4.9090e+02 5.3399e+01
2.5300e+00 4.8975e+02 5.3162e+01
2.5341e+00 4.8859e+02 5.2946e+01
2.5382e+00 4.8709e+02 5.2720e+01
2.5423e+00 4.8681e+02 5.2587e+01
2.5464e+00 4.8604e+02 5.2488e+01
2.5505e+00 4.8488e+02 5.2282e+01
2.5546e+00 4.8400e+02 5.2067e+01
2.5587e+00 4.8394e+02 5.2014e+01
2.5628e+00 4.8240e+02 5.1804e+01
2.5669e+00 4.8147e+02 5.1638e+01
2.5709e+00 4.8059e+02 5.1444e+01
2.5750e+00 4.7945e+02 5.1281e+01
2.5791e+00 4.7790e+02 5.1090e+01
2.5832e+00 4.7849e+02 5.1037e+01
2.5873e+00 4.7796e+02 5.0854e+01
2.5914e+00 4.7645e+02 5.0648e+01
2.5955e+00 4.7580e+02 5.0568e+01
2.5996e+00 4.7400e+02 5.0292e+01
2.6037e+00 4.7332e+02 5.0147e+01
2.6078e+00 4.7246e+02 4.9964e+01
2.6119e+00 4.7157e+02 4.9782e+01
2.6159e+00 4.7148e+02 4.9729e+01
2.6200e+00 4.6997e+02 4.9467e+01
2.6241e+00 4.6907e+02 4.9386e+01
2.6282e+00 4.6870e+02 4.9256e+01
2.6323e+00 4.6704e+02 4.9022e+01
2.6364e+00 4.6622e+02 4.8838e+01
2.6405e+00 4.6574e+02 4.8696e+01
2.6446e+00 4.6426e+02 4.8523e+01
2.6487e+00 4.6385e+02 4.8337e+01
2.6528e+00 4.6267e+02 4.8179e+01
2.6568e+00 4.6191e+02 4.8054e+01
2.6609e+00 4.6115e+02 4.7919e+01
2.6650e+00 4.6009e+02 4.7777e+01
2.6691e+00 4.5968e+02 4.7641e+01
2.6732e+00 4.5871e+02 4.7454e+01
2.6773e+00 4.5756e+02 4.7242e+01
2.6814e+00 4.5627e+02 4.7090e+01
2.6855e+00 4.5544e+02 4.6924e+01
2.6896e+00 4.5523e+02 4.6843e+01
2.6937e+00 4.5436e+02 4.6687e+01
2.6978e+00 4.5333e+02 4.6535e+01
2.7018e+00 4.5267e+02 4.6382e+01
2.7059e+00 4.5133e+02 4.6242e+01
2.7100e+00 4.5071e+02 4.6042e+01
2.7141e+00 4.4967e+02 4.5927e+01
2.7182e+00 4.4882e+02 4.5710e+01
2.7223e+00 4.4772e+02 4.5594e+01
2.7264e+00 4.4787e+02 4.5498e+01
2.7305e+00 4.4606e+02 4.5309e+01
2.7346e+00 4.4515e+02 4.5146e+01
2.7387e+00 4.4434e+02 4.4961e+01
2.7427e+00 4.4372e+02 4.4852e+01
2.7468e+00 4.4282e+02 4.4686e+01
2.7509e+00 4.4197e+02 4.4557e+01
2.7550e+00 4.4065e+02 4.4387e+01
2.7591e+00 4.4027e+02 4.4247e+01
2.7632e+00 4.3893e+02 4.4039e+01
2.7673e+00 4.3848e+02 4.3990e+01
2.7714e+00 4.3743e+02 4.3813e+01
2.7755e+00 4.3687e+02 4.3651e+01
2.7796e+00 4.3557e+02 4.3501e+01
2.7837e+00 4.3509e+02 4.3391e+01
2.7877e+00 4.3438e+02 4.3215e+01
2.7918e+00 4.3326e+02 4.3083e+01
2.7959e+00 4.3237e+02 4.2906e+01
2.8000e+00 4.3177e+02 4.2832e+01
2.8041e+00 4.3091e+02 4.2661e+01
2.8082e+00 4.2987e+02 4.2532e+01
2.8123e+00 4.2950e+02 4.2466e+01
2.8164e+00 4.2800e+02 4.2209e+01
2.8205e+00 4.2749e+02 4.2093e+01
2.8246e+00 4.2662e+02 4.1950e+01
2.8287e+00 4.2553e+02 4.1748e+01
2.8327e+00 4.2465e+02 4.1637e+01
2.8368e+00 4.2394e+02 4.1507e+01
2.8409e+00 4.2322e+02 4.1400e+01
2.8450e+00 4.2230e+02 4.1228e+01
2.8491e+00 4.2168e+02 4.1130e+01
2.8532e+00 4.2059e+02 4.0989e+01
2.8573e+00 4.2024e+02 4.0894e+01
2.8614e+00 4.1871e+02 4.0664e+01
2.8655e+00 4.1816e+02 4.0518e+01
2.8696e+00 4.1712e+02 4.0392e+01
2.8736e+00 4.1688e+02 4.0304e+01
2.8777e+00 4.1547e+02 4.0095e+01
2.8818e+00 4.1462e+02 3.9970e+01
2.8859e+00 4.1382e+02 3.9845e+01
2.8900e+00 4.1318e+02 3.9727e+01
2.8941e+00 4.1225e+02 3.9581e+01
2.8982e+00 4.1152e+02 3.9471e+01
2.9023e+00 4.1028e+02 3.9264e+01
2.9064e+00 4.0977e+02 3.9170e+01
2.9105e+00 4.0867e+02 3.9030e+01
2.9146e+00 4.0794e+02 3.8894e+01
2.9187e+00 4.0750e+02 3.8802e+01
2.9227e+00 4.0631e+02 3.8605e+01
2.9268e+00 4.0619e+02 3.8576e+01
2.9309e+00 4.0466e+02 3.8377e+01
2.9350e+00 4.0396e+02 3.8251e+01
2.9391e+00 4.0344e+02 3.8166e+01
2.9432e+00 4.0209e+02 3.7954e+01
2.9473e+00 4.0174e+02 3.7885e+01
2.9514e+00 4.0109e+02 3.7761e+01
2.9555e+00 4.0014e+02 3.7614e+01
2.9596e+00 3.9913e+02 3.7474e+01
2.9636e+00 3.9810e+02 3.7284e+01
2.9677e+00 3.9753e+02 3.7221e+01
2.9718e+00 3.9640e+02 3.7044e+01
2.9759e+00 3.9632e+02 3.6993e+01
2.9800e+00 3.9482e+02 3.6822e+01
2.9841e+00 3.9439e+02 3.6700e+01
2.9882e+00 3.9378e+02 3.6611e+01
2.9923e+00 3.9274e+02 3.6461e+01
2.9964e+00 3.9162e+02 3.6313e+01
3.0005e+00 3.9101e+02 3.6199e+01
3.0046e+00 3.9017e+02 3.6066e+01
3.0086e+00 3.8933e+02 3.5949e+01
3.0127e+00 3.8901e+02 3.5874e+01
3.0168e+00 3.8821e+02 3.5767e+01
3.0209e+00 3.8688e+02 3.5563e+01
3.0250e+00 3.8619e+02 3.5453e+01
3.0291e+00 3.8565e+02 3.5347e+01
3.0332e+00 3.8483e+02 3.5220e+01
3.0373e+00 3.8398e+02 3.5077e+01
3.0414e+00 3.8284e+02 3.4948e+01
3.0455e+00 3.8229e+02 3.4839e+01
3.0495e+00 3.8154e+02 3.4726e+01
3.0536e+00 3.8074e+02 3.4605e+01
3.0577e+00 3.8030e+02 3.4495e+01
3.0618e+00 3.7943e+02 3.4402e+01
3.0659e+00 3.7878e+02 3.4289e+01
3.0700e+00 3.7764e+02 3.4113e+01
3.0741e+00 3.7690e+02 3.4018e+01
3.0782e+00 3.7646e+02 3.3914e+01
3.0823e+00 3.7540e+02 3.3787e+01
3.0864e+00 3.7406e+02 3.3617e+01
3.0905e+00 3.7353e+02 3.3494e+01
3.0945e+00 3.7268e+02 3.3386e+01
3.0986e+00 3.7195e+02 3.3282e+01
3.1027e+00 3.7149e+02 3.3156e+01
3.1068e+00 3.7090e+02 3.3093e+01
3.1109e+00 3.6948e+02 3.2890e+01
3.1150e+00 3.6911e+02 3.2822e+01
3.1191e+00 3.6816e+02 3.2702e+01
3.1232e+00 3.6756e+02 3.2605e+01
3.1273e+00 3.6671e+02 3.2486e+01
3.1314e+00 3.6608e+02 3.2362e+01
3.1355e+00 3.6524e+02 3.2281e+01
3.1395e+00 3.6467e+02 3.2153e+01
3.1436e+00 3.6321e+02 3.1959e+01
3.1477e+00 3.6313e+02 3.1922e+01
3.1518e+00 3.6214e+02 3.1795e+01
3.1559e+00 3.6167e+02 3.1709e+01
3.1600e+00 3.6064e+02 3.1584e+01
3.1641e+00 3.6006e+02 3.1513e+01
3.1682e+00 3.5930e+02 3.1374e+01
3.1723e+00 3.5851e+02 3.1274e+01
3.1764e+00 3.5764e+02 3.1159e+01
3.1804e+00 3.5727e+02 3.1069e+01
3.1845e+00 3.5640e+02 3.0963e+01
3.1886e+00 3.5550e+02 3.0811e+01
3.1927e+00 3.5476e+02 3.0719e+01
3.1968e+00 3.5416e+02 3.0622e+01
3.2009e+00 3.5327e+02 3.0472e+01
3.2050e+00 3.5254e+02 3.0393e+01
3.2091e+00 3.5161e+02 3.0265e+01
3.2132e+00 3.5074e+02 3.0141e+01
3.2173e+00 3.5036e+02 3.0082e+01
3.2214e+00 3.4974e+02 2.9979e+01
3.2254e+00 3.4892e+02 2.9883e+01
3.2295e+00 3.4847e+02 2.9777e+01
3.2336e+00 3.4710e+02 2.9591e+01
3.2377e+00 3.4675e+02 2.9538e+01
3.2418e+00 3.4594e+02 2.9417e+01
3.2459e+00 3.4509e+02 2.9318e+01
3.2500e+00 3.4467e+02 2.9210e+01
3.2541e+00 3.4394e+02 2.9133e+01
3.2582e+00 3.4282e+02 2.8997e+01
3.2623e+00 3.4209e+02 2.8884e+01
3.2663e+00 3.4162e+02 2.8813e+01
3.2704e+00 3.4031e+02 2.8675e+01
3.2745e+00 3.3982e+02 2.8602e+01
3.2786e+00 3.3943e+02 2.8527e+01
3.2827e+00 3.3864e+02 2.8403e+01
3.2868e+00 3.3805e+02 2.8303e+01
3.2909e+00 3.3721e+02 2.8214e+01
3.2950e+00 3.3649e+02 2.8089e+01
3.2991e+00 3.3568e+02 2.8000e+01
3.3032e+00 3.3485e+02 2.7870e+01
3.3073e+00 3.3446e+02 2.7811e+01
3.3113e+00 3.3373e+02 2.7727e+01
3.3154e+00 3.3277e+02 2.7583e+01
3.3195e+00 3.3217e+02 2.7484e+01
3.3236e+00 3.3144e+02 2.7376e+01
3.3277e+00 3.3076e+02 2.7296e+01
3.3318e+00 3.3020e+02 2.7199e+01
3.3359e+00 3.2924e+02 2.7091e+01
3.3400e+00 3.2872e+02 2.7008e+01
3.3441e+00 3.2814e+02 2.6908e+01
3.3482e+00 3.2741e+02 2.6827e+01
3.3523e+00 3.2705e+02 2.6754e+01
3.3563e+00 3.2580e+02 2.6617e+01
3.3604e+00 3.2523e+02 2.6539e+01
3.3645e+00 3.2460e+02 2.6446e+01
3.3686e+00 3.2392e+02 2.6339e+01
3.3727e+00 3.2317e+02 2.6257e+01
3.3768e+00 3.2231e+02 2.6132e+01
3.3809e+00 3.2164e+02 2.6044e+01
3.3850e+00 3.2119e+02 2.5971e+01
3.3891e+00 3.2051e+02 2.5884e+01
3.3932e+00 3.1979e+02 2.5791e+01
3.3973e+00 3.1917e+02 2.5704e+01
3.4013e+00 3.1835e+02 2.5615e+01
3.4054e+00 3.1760e+02 2.5486e+01
3.4095e+00 3.1713e+02 2.5413e+01
3.4136e+00 3.1671e+02 2.5334e+01
3.4177e+00 3.1556e+02 2.5216e+01
3.4218e+00 3.1512e+02 2.5162e+01
3.4259e+00 3.1434e+02 2.5049e+01
3.4300e+00 3.1370e+02 2.4972e+01
3.4341e+00 3.1317e+02 2.4882e+01
3.4382e+00 3.1263e+02 2.4828e+01
3.4422e+00 3.1178e+02 2.4707e+01
3.4463e+00 3.1108e+02 2.4615e+01
3.4504e+00 3.1025e+02 2.4522e+01
3.4545e+00 3.0966e+02 2.4433e+01
3.4586e+00 3.0937e+02 2.4369e+01
3.4627e+00 3.0859e+02 2.4290e+01
3.4668e+00 3.0801e+02 2.4194e+01
3.4709e+00 3.0712e+02 2.4096e+01
3.4750e+00 3.0666e+02 2.4015e+01
3.4791e+00 3.0595e+02 2.3917e+01
3.4832e+00 3.0539e+02 2.3845e+01
3.4872e+00 3.0464e+02 2.3766e+01
3.4913e+00 3.0402e+02 2.3677e+01
3.4954e+00 3.0331e+02 2.3587e+01
3.4995e+00 3.0279e+02 2.3513e+01
3.5036e+00 3.0213e+02 2.3426e+01
3.5077e+00 3.0147e+02 2.3338e+01
3.5118e+00 3.0096e+02 2.3284e+01
3.5159e+00 3.0022e+02 2.3169e+01
3.5200e+00 2.9957e+02 2.3088e+01
3.5241e+00 2.9913e+02 2.3026e+01
3.5281e+00 2.9817e+02 2.2928e+01
3.5322e+00 2.9760e+02 2.2829e+01
3.5363e+00 2.9713e+02 2.2771e+01
3.5404e+00 2.9632e+02 2.2680e+01
3.5445e+00 2.9571e+02 2.2606e+01
3.5486e+00 2.9486e+02 2.2491e+01
3.5527e+00 2.9484e+02 2.2441e+01
3.5568e+00 2.9392e+02 2.2351e+01
3.5609e+00 2.9357e+02 2.2294e+01
3.5650e+00 2.9266e+02 2.2188e+01
3.5691e+00 2.9205e+02 2.2121e+01
3.5732e+00 2.9128e+02 2.2038e+01
3.5772e+00 2.9080e+02 2.1961e+01
3.5813e+00 2.9019e+02 2.1892e+01
3.5854e+00 2.8974e+02 2.1809e+01
3.5895e+00 2.8897e+02 2.1743e+01
3.5936e+00 2.8839e+02 2.1660e+01
3.5977e+00 2.8771e+02 2.1565e+01
3.6018e+00 2.8737e+02 2.1510e+01
3.6059e+00 2.8636e+02 2.1415e+01
3.6100e+00 2.8605e+02 2.1351e+01
3.6141e+00 2.8522e+02 2.1250e+01
3.6181e+00 2.8483e+02 2.1211e+01
3.6222e+00 2.8412e+02 2.1120e+01
3.6263e+00 2.8362e+02 2.1043e+01
3.6304e+00 2.8301e+02 2.0987e+01
3.6345e+00 2.8245e+02 2.0898e+01
3.6386e+00 2.8167e+02 2.0826e+01
3.6427e+00 2.8125e+02 2.0743e+01
3.6468e+00 2.8085e+02 2.0700e+01
3.6509e+00 2.8012e+02 2.0611e+01
3.6550e+00 2.7937e+02 2.0526e+01
3.6591e+00 2.7906e+02 2.0475e+01
3.6631e+00 2.7859e+02 2.0419e+01
3.6672e+00 2.7801e+02 2.0344e+01
3.6713e+00 2.7712e+02 2.0257e+01
3.6754e+00 2.7673e+02 2.0186e+01
3.6795e+00 2.7603e+02 2.0108e+01
3.6836e+00 2.7556e+02 2.0031e+01
3.6877e+00 2.7493e+02 1.9975e+01
3.6918e+00 2.7441e+02 1.9900e+01
3.6959e+00 2.7378e+02 1.9825e+01
3.7000e+00 2.7314e+02 1.9754e+01
3.7040e+00 2.7279e+02 1.9708e+01
3.7081e+00 2.7221e+02 1.9638e+01
3.7122e+00 2.7158e+02 1.9562e+01
3.7163e+00 2.7111e+02 1.9507e+01
3.7204e+00 2.7054e+02 1.9414e+01
3.7245e+00 2.6996e+02 1.9353e+01
3.7286e+00 2.6923e+02 1.9272e+01
3.7327e+00 2.6867e+02 1.9196e+01
3.7368e+00 2.6831e+02 1.9150e+01
3.7409e+00 2.6761e+02 1.9076e+01
3.7450e+00 2.6706e+02 1.9013e+01
3.7490e+00 2.6668e+02 1.8967e+01
3.7531e+00 2.6604e+02 1.8887e+01
3.7572e+00 2.6526e+02 1.8803e+01
3.7613e+00 2.6506e+02 1.8754e+01
3.7654e+00 2.6440e+02 1.8685e+01
3.7695e+00 2.6398e+02 1.8648e+01
3.7736e+00 2.6328e+02 1.8551e+01
3.7777e+00 2.6267e+02 1.8498e+01
3.7818e+00 2.6227e+02 1.8430e+01
3.7859e+00 2.6161e+02 1.8356e+01
3.7900e+00 2.6105e+02 1.8300e+01
3.7940e+00 2.6082e+02 1.8253e+01
3.7981e+00 2.6027e+02 1.8185e+01
3.8022e+00 2.5961e+02 1.8119e+01
3.8063e+00 2.5908e+02 1.8071e+01
3.8104e+00 2.5847e+02 1.7994e+01
3.8145e+00 2.5803e+02 1.7939e+01
3.8186e+00 2.5744e+02 1.7878e+01
3.8227e+00 2.5722e+02 1.7829e+01
3.8268e+00 2.5658e+02 1.7754e+01
3.8309e+00 2.5599e+02 1.7688e+01
3.8349e+00 2.5550e+02 1.7636e+01
3.8390e+00 2.5483e+02 1.7557e+01
3.8431e+00 2.5445e+02 1.7520e+01
3.8472e+00 2.5402e+02 1.7465e+01
3.8513e+00 2.5333e+02 1.7391e+01
3.8554e+00 2.5291e+02 1.7339e+01
3.8595e+00 2.5236e+02 1.7268e+01
3.8636e+00 2.5205e+02 1.7241e+01
3.8677e+00 2.5152e+02 1.7180e+01
3.8718e+00 2.5089e+02 1.7111e+01
3.8759e+00 2.5045e+02 1.7056e+01
3.8799e+00 2.5003e+02 1.6994e+01
3.8840e+00 2.4955e+02 1.6941e+01
3.8881e+00 2.4894e+02 1.6879e+01
3.8922e+00 2.4866e+02 1.6830e+01
3.8963e+00 2.4796e+02 1.6759e+01
3.9004e+00 2.4760e+02 1.6722e+01
3.9045e+00 2.4694e+02 1.6658e+01
3.9086e+00 2.4677e+02 1.6626e+01
3.9127e+00 2.4608e+02 1.6549e+01
3.9168e+00 2.4569e+02 1.6499e+01
3.9209e+00 2.4516e+02 1.6434e+01
3.9249e+00 2.4461e+02 1.6390e+01
3.9290e+00 2.4412e+02 1.6338e+01
3.9331e+00 2.4388e+02 1.6285e+01
3.9372e+00 2.4327e+02 1.6242e+01
3.9413e+00 2.4277e+02 1.6170e+01
3.9454e+00 2.4249e+02 1.6141e+01
3.9495e+00 2.4183e+02 1.6065e+01
3.9536e+00 2.4140e+02 1.6032e+01
3.9577e+00 2.4093e+02 1.5968e+01
3.9618e+00 2.4043e+02 1.5908e+01
3.9658e+00 2.3998e+02 1.5875e+01
3.9699e+00 2.3972e+02 1.5826e+01
3.9740e+00 2.3897e+02 1.5756e+01
3.9781e+00 2.3851e+02 1.5702e+01
3.9822e+00 2.3801e+02 1.5662e+01
3.9863e+00 2.3770e+02 1.5612e+01
3.9904e+00 2.3730e+02 1.5564e+01
3.9945e+00 2.3662e+02 1.5503e+01
3.9986e+00 2.3645e+02 1.5467e+01
4.0027e+00 2.3575e+02 1.5398e+01
4.0068e+00 2.3546e+02 1.5356e+01
4.0108e+00 2.3516e+02 1.5321e+01
4.0149e+00 2.3462e+02 1.5268e+01
4.0190e+00 2.3426e+02 1.5229e+01
4.0231e+00 2.3367e+02 1.5159e+01
4.0272e+00 2.3325e+02 1.5113e+01
4.0313e+00 2.3287e+02 1.5075e+01
4.0354e+00 2.3237e+02 1.5024e+01
4.0395e+00 2.3215e+02 1.4993e+01
4.0436e+00 2.3166e+02 1.4938e+01
4.0477e+00 2.3113e+02 1.4893e+01
4.0517e+00 2.3085e+02 1.4847e+01
4.0558e+00 2.3037e+02 1.4797e+01
4.0599e+00 2.2971e+02 1.4753e+01
4.0640e+00 2.2953e+02 1.4714e+01
4.0681e+00 2.2904e+02 1.4661e+01
4.0722e+00 2.2867e+02 1.4629e+01
4.0763e+00 2.2832e+02 1.4579e+01
4.0804e+00 2.2774e+02 1.4524e+01
4.0845e+00 2.2748e+02 1.4493e+01
4.0886e+00 2.2679e+02 1.4437e+01
4.0927e+00 2.2663e+02 1.4401e+01
4.0967e+00 2.2629e+02 1.4369e+01
4.1008e+00 2.2581e+02 1.4320e+01
4.1049e+00 2.2519e+02 1.4257e+01
4.1090e+00 2.2492e+02 1.4234e+01
4.1131e+00 2.2469e+02 1.4193e+01
4.1172e+00 2.2423e+02 1.4139e+01
4.1213e+00 2.2387e+02 1.4108e+01
4.1254e+00 2.2340e+02 1.4068e+01
4.1295e+00 2.2289e+02 1.4015e+01
4.1336e+00 2.2241e+02 1.3979e+01
4.1377e+00 2.2205e+02 1.3932e+01
4.1417e+00 2.2175e+02 1.3897e+01
4.1458e+00 2.2141e+02 1.3858e+01
4.1499e+00 2.2115e+02 1.3835e+01
4.1540e+00 2.2066e+02 1.3778e+01
4.1581e+00 2.2019e+02 1.3740e+01
4.1622e+00 2.1988e+02 1.3703e+01
4.1663e+00 2.1943e+02 1.3657e+01
4.1704e+00 2.1911e+02 1.3620e+01
4.1745e+00 2.1872e+02 1.3585e+01
4.1786e+00 2.1849e+02 1.3553e+01
4.1826e+00 2.1796e+02 1.3505e+01
4.1867e+00 2.1774e+02 1.3480e+01
