# k, phh, phm/ 
0.0000e+00 0.0000e+00 0.0000e+00
5.7940e-03 2.6866e+04 1.3476e+04
1.0472e-02 2.2336e+04 1.1676e+04
1.4266e-02 3.0451e+04 1.5857e+04
1.8123e-02 3.7276e+04 1.9000e+04
2.2484e-02 3.2374e+04 1.6493e+04
2.6451e-02 2.9015e+04 1.4937e+04
3.0447e-02 2.8684e+04 1.4544e+04
3.4732e-02 2.8814e+04 1.4588e+04
3.8831e-02 2.2793e+04 1.1407e+04
4.2814e-02 1.9680e+04 9.9299e+03
4.6886e-02 1.8366e+04 9.1774e+03
5.0986e-02 1.7528e+04 8.7764e+03
5.5146e-02 1.6645e+04 8.2566e+03
5.9224e-02 1.6208e+04 8.0267e+03
6.3286e-02 1.5451e+04 7.6595e+03
6.7367e-02 1.4858e+04 7.3726e+03
7.1496e-02 1.3589e+04 6.7135e+03
7.5589e-02 1.3054e+04 6.4306e+03
7.9666e-02 1.2259e+04 5.9987e+03
8.3818e-02 1.1453e+04 5.5613e+03
8.7894e-02 1.0715e+04 5.1578e+03
9.1924e-02 9.9947e+03 4.7981e+03
9.6045e-02 8.9643e+03 4.2737e+03
1.0013e-01 8.7621e+03 4.1292e+03
1.0421e-01 8.2065e+03 3.8770e+03
1.0833e-01 7.6097e+03 3.5760e+03
1.1245e-01 7.5349e+03 3.5141e+03
1.1652e-01 7.3820e+03 3.4439e+03
1.2060e-01 7.0503e+03 3.2712e+03
1.2466e-01 6.8749e+03 3.1687e+03
1.2877e-01 6.7396e+03 3.0963e+03
1.3287e-01 6.5923e+03 3.0250e+03
1.3698e-01 6.3498e+03 2.8915e+03
1.4107e-01 6.0331e+03 2.7343e+03
1.4517e-01 5.7337e+03 2.5873e+03
1.4927e-01 5.4358e+03 2.4286e+03
1.5333e-01 5.2143e+03 2.3071e+03
1.5742e-01 4.9795e+03 2.1949e+03
1.6151e-01 4.7518e+03 2.0773e+03
1.6559e-01 4.7698e+03 2.0732e+03
1.6969e-01 4.5101e+03 1.9496e+03
1.7380e-01 4.4635e+03 1.9174e+03
1.7790e-01 4.2916e+03 1.8435e+03
1.8200e-01 4.1921e+03 1.7897e+03
1.8609e-01 4.0853e+03 1.7314e+03
1.9016e-01 4.0419e+03 1.7049e+03
1.9424e-01 3.9452e+03 1.6578e+03
1.9833e-01 3.8934e+03 1.6235e+03
2.0243e-01 3.7849e+03 1.5773e+03
2.0652e-01 3.6880e+03 1.5240e+03
2.1063e-01 3.5985e+03 1.4757e+03
2.1472e-01 3.5078e+03 1.4321e+03
2.1883e-01 3.4150e+03 1.3820e+03
2.2290e-01 3.2738e+03 1.3182e+03
2.2699e-01 3.2452e+03 1.2900e+03
2.3108e-01 3.1987e+03 1.2665e+03
2.3515e-01 3.0680e+03 1.2121e+03
2.3924e-01 3.0045e+03 1.1810e+03
2.4334e-01 3.0120e+03 1.1774e+03
2.4744e-01 2.9410e+03 1.1410e+03
2.5154e-01 2.8892e+03 1.1164e+03
2.5561e-01 2.8465e+03 1.0940e+03
2.5972e-01 2.7918e+03 1.0708e+03
2.6381e-01 2.7631e+03 1.0543e+03
2.6790e-01 2.6799e+03 1.0131e+03
2.7199e-01 2.6580e+03 9.9668e+02
2.7607e-01 2.6219e+03 9.7872e+02
2.8017e-01 2.5688e+03 9.5635e+02
2.8427e-01 2.5485e+03 9.4258e+02
2.8835e-01 2.4837e+03 9.1535e+02
2.9243e-01 2.4428e+03 8.9074e+02
2.9651e-01 2.4044e+03 8.7025e+02
3.0063e-01 2.3768e+03 8.6100e+02
3.0473e-01 2.3415e+03 8.4024e+02
3.0882e-01 2.3040e+03 8.2647e+02
3.1292e-01 2.2886e+03 8.1504e+02
3.1700e-01 2.2466e+03 7.9665e+02
3.2108e-01 2.2195e+03 7.7989e+02
3.2517e-01 2.2132e+03 7.7355e+02
3.2925e-01 2.1808e+03 7.6115e+02
3.3333e-01 2.1254e+03 7.3469e+02
3.3744e-01 2.0930e+03 7.2275e+02
3.4154e-01 2.0865e+03 7.1418e+02
3.4562e-01 2.0570e+03 7.0043e+02
3.4972e-01 2.0409e+03 6.9097e+02
3.5382e-01 2.0177e+03 6.8238e+02
3.5791e-01 1.9799e+03 6.6746e+02
3.6198e-01 1.9623e+03 6.5512e+02
3.6607e-01 1.9495e+03 6.4802e+02
3.7019e-01 1.9220e+03 6.3438e+02
3.7428e-01 1.9188e+03 6.3201e+02
3.7836e-01 1.8818e+03 6.1714e+02
3.8245e-01 1.8562e+03 6.0458e+02
3.8653e-01 1.8645e+03 6.0396e+02
3.9062e-01 1.8228e+03 5.8880e+02
3.9471e-01 1.8131e+03 5.7986e+02
3.9879e-01 1.8029e+03 5.7690e+02
4.0290e-01 1.7895e+03 5.6769e+02
4.0699e-01 1.7623e+03 5.5671e+02
4.1107e-01 1.7453e+03 5.4859e+02
4.1517e-01 1.7357e+03 5.4250e+02
4.1926e-01 1.7148e+03 5.3370e+02
4.2335e-01 1.7044e+03 5.2673e+02
4.2745e-01 1.6924e+03 5.2102e+02
4.3153e-01 1.6810e+03 5.1622e+02
4.3562e-01 1.6695e+03 5.1088e+02
4.3972e-01 1.6544e+03 5.0259e+02
4.4380e-01 1.6438e+03 4.9835e+02
4.4789e-01 1.6316e+03 4.9198e+02
4.5198e-01 1.6053e+03 4.8164e+02
4.5607e-01 1.5979e+03 4.7738e+02
4.6017e-01 1.5911e+03 4.7406e+02
4.6426e-01 1.5760e+03 4.6628e+02
4.6835e-01 1.5691e+03 4.6142e+02
4.7245e-01 1.5564e+03 4.5646e+02
4.7654e-01 1.5406e+03 4.5066e+02
4.8063e-01 1.5342e+03 4.4676e+02
4.8472e-01 1.5136e+03 4.3765e+02
4.8879e-01 1.5085e+03 4.3586e+02
4.9289e-01 1.4914e+03 4.2897e+02
4.9698e-01 1.4883e+03 4.2554e+02
5.0107e-01 1.4786e+03 4.1987e+02
5.0517e-01 1.4690e+03 4.1622e+02
5.0927e-01 1.4579e+03 4.1240e+02
5.1337e-01 1.4538e+03 4.0964e+02
5.1744e-01 1.4327e+03 4.0124e+02
5.2152e-01 1.4417e+03 4.0179e+02
5.2561e-01 1.4254e+03 3.9536e+02
5.2971e-01 1.4158e+03 3.9177e+02
5.3380e-01 1.4050e+03 3.8697e+02
5.3789e-01 1.4055e+03 3.8629e+02
5.4199e-01 1.3986e+03 3.8167e+02
5.4609e-01 1.3887e+03 3.7673e+02
5.5017e-01 1.3802e+03 3.7424e+02
5.5425e-01 1.3660e+03 3.6775e+02
5.5835e-01 1.3547e+03 3.6419e+02
5.6244e-01 1.3557e+03 3.6320e+02
5.6653e-01 1.3467e+03 3.5922e+02
5.7062e-01 1.3352e+03 3.5359e+02
5.7471e-01 1.3264e+03 3.5035e+02
5.7880e-01 1.3309e+03 3.5132e+02
5.8288e-01 1.3193e+03 3.4657e+02
5.8698e-01 1.3137e+03 3.4410e+02
5.9107e-01 1.3067e+03 3.4069e+02
5.9517e-01 1.2965e+03 3.3636e+02
5.9926e-01 1.2968e+03 3.3469e+02
6.0335e-01 1.2860e+03 3.3141e+02
6.0745e-01 1.2781e+03 3.2874e+02
6.1154e-01 1.2731e+03 3.2470e+02
6.1562e-01 1.2701e+03 3.2434e+02
6.1970e-01 1.2641e+03 3.2122e+02
6.2379e-01 1.2565e+03 3.1818e+02
6.2789e-01 1.2572e+03 3.1757e+02
6.3199e-01 1.2449e+03 3.1264e+02
6.3607e-01 1.2366e+03 3.0942e+02
6.4016e-01 1.2349e+03 3.0724e+02
6.4424e-01 1.2261e+03 3.0512e+02
6.4834e-01 1.2207e+03 3.0188e+02
6.5243e-01 1.2152e+03 3.0060e+02
6.5651e-01 1.2118e+03 2.9904e+02
6.6061e-01 1.2075e+03 2.9549e+02
6.6471e-01 1.2086e+03 2.9526e+02
6.6880e-01 1.1977e+03 2.9120e+02
6.7289e-01 1.1897e+03 2.8901e+02
6.7698e-01 1.1919e+03 2.8743e+02
6.8107e-01 1.1883e+03 2.8642e+02
6.8516e-01 1.1794e+03 2.8367e+02
6.8925e-01 1.1720e+03 2.8077e+02
6.9334e-01 1.1746e+03 2.8028e+02
6.9743e-01 1.1734e+03 2.7854e+02
7.0153e-01 1.1608e+03 2.7523e+02
7.0562e-01 1.1606e+03 2.7400e+02
7.0971e-01 1.1479e+03 2.7079e+02
7.1380e-01 1.1474e+03 2.6935e+02
7.1789e-01 1.1398e+03 2.6694e+02
7.2198e-01 1.1417e+03 2.6662e+02
7.2606e-01 1.1376e+03 2.6451e+02
7.3015e-01 1.1357e+03 2.6289e+02
7.3424e-01 1.1302e+03 2.6138e+02
7.3834e-01 1.1213e+03 2.5824e+02
7.4243e-01 1.1208e+03 2.5761e+02
7.4651e-01 1.1226e+03 2.5737e+02
7.5061e-01 1.1130e+03 2.5377e+02
7.5471e-01 1.1090e+03 2.5217e+02
7.5879e-01 1.1026e+03 2.4990e+02
7.6289e-01 1.1013e+03 2.4898e+02
7.6699e-01 1.0975e+03 2.4702e+02
7.7107e-01 1.0964e+03 2.4675e+02
7.7515e-01 1.0907e+03 2.4386e+02
7.7924e-01 1.0880e+03 2.4332e+02
7.8334e-01 1.0876e+03 2.4230e+02
7.8743e-01 1.0828e+03 2.4110e+02
7.9151e-01 1.0801e+03 2.3937e+02
7.9561e-01 1.0711e+03 2.3664e+02
7.9970e-01 1.0749e+03 2.3711e+02
8.0380e-01 1.0672e+03 2.3438e+02
8.0788e-01 1.0625e+03 2.3265e+02
8.1196e-01 1.0608e+03 2.3184e+02
8.1606e-01 1.0613e+03 2.3122e+02
8.2015e-01 1.0549e+03 2.2909e+02
8.2424e-01 1.0520e+03 2.2806e+02
8.2833e-01 1.0490e+03 2.2676e+02
8.3243e-01 1.0490e+03 2.2583e+02
8.3652e-01 1.0409e+03 2.2371e+02
8.4061e-01 1.0399e+03 2.2249e+02
8.4470e-01 1.0356e+03 2.2102e+02
8.4879e-01 1.0306e+03 2.1952e+02
8.5288e-01 1.0333e+03 2.1979e+02
8.5697e-01 1.0288e+03 2.1778e+02
8.6106e-01 1.0255e+03 2.1667e+02
8.6515e-01 1.0227e+03 2.1566e+02
8.6923e-01 1.0224e+03 2.1527e+02
8.7333e-01 1.0176e+03 2.1313e+02
8.7743e-01 1.0138e+03 2.1230e+02
8.8151e-01 1.0136e+03 2.1153e+02
8.8560e-01 1.0082e+03 2.0988e+02
8.8969e-01 1.0051e+03 2.0881e+02
8.9378e-01 1.0067e+03 2.0856e+02
8.9788e-01 9.9919e+02 2.0611e+02
9.0196e-01 9.9686e+02 2.0569e+02
9.0605e-01 9.9772e+02 2.0483e+02
9.1015e-01 9.9351e+02 2.0299e+02
9.1424e-01 9.9060e+02 2.0244e+02
9.1833e-01 9.9010e+02 2.0168e+02
9.2242e-01 9.8573e+02 2.0043e+02
9.2651e-01 9.8451e+02 1.9979e+02
9.3060e-01 9.8046e+02 1.9830e+02
9.3469e-01 9.7956e+02 1.9774e+02
9.3879e-01 9.7718e+02 1.9687e+02
9.4287e-01 9.7381e+02 1.9540e+02
9.4696e-01 9.7261e+02 1.9460e+02
9.5105e-01 9.7039e+02 1.9391e+02
9.5515e-01 9.6864e+02 1.9357e+02
9.5924e-01 9.6161e+02 1.9149e+02
9.6333e-01 9.6106e+02 1.9078e+02
9.6742e-01 9.6018e+02 1.9030e+02
9.7151e-01 9.5668e+02 1.8882e+02
9.7559e-01 9.5664e+02 1.8826e+02
9.7968e-01 9.5314e+02 1.8758e+02
9.8377e-01 9.5097e+02 1.8661e+02
9.8787e-01 9.4953e+02 1.8587e+02
9.9196e-01 9.4492e+02 1.8409e+02
9.9605e-01 9.4407e+02 1.8381e+02
1.0002e+00 9.4402e+02 1.8324e+02
1.0042e+00 9.3859e+02 1.8214e+02
1.0083e+00 9.3772e+02 1.8137e+02
1.0124e+00 9.3538e+02 1.8052e+02
1.0165e+00 9.3427e+02 1.7963e+02
1.0206e+00 9.3286e+02 1.7862e+02
1.0247e+00 9.3057e+02 1.7803e+02
1.0288e+00 9.2723e+02 1.7743e+02
1.0329e+00 9.2647e+02 1.7657e+02
1.0370e+00 9.2337e+02 1.7580e+02
1.0410e+00 9.2140e+02 1.7488e+02
1.0451e+00 9.1876e+02 1.7363e+02
1.0492e+00 9.1943e+02 1.7372e+02
1.0533e+00 9.1249e+02 1.7209e+02
1.0574e+00 9.1471e+02 1.7212e+02
1.0615e+00 9.1157e+02 1.7081e+02
1.0656e+00 9.1113e+02 1.7058e+02
1.0697e+00 9.0819e+02 1.6961e+02
1.0738e+00 9.0608e+02 1.6927e+02
1.0779e+00 9.0439e+02 1.6849e+02
1.0820e+00 9.0264e+02 1.6745e+02
1.0860e+00 9.0129e+02 1.6731e+02
1.0901e+00 8.9724e+02 1.6604e+02
1.0942e+00 8.9675e+02 1.6534e+02
1.0983e+00 8.9525e+02 1.6504e+02
1.1024e+00 8.9428e+02 1.6429e+02
1.1065e+00 8.9040e+02 1.6329e+02
1.1106e+00 8.8884e+02 1.6293e+02
1.1147e+00 8.8888e+02 1.6236e+02
1.1188e+00 8.8502e+02 1.6104e+02
1.1229e+00 8.8423e+02 1.6080e+02
1.1270e+00 8.8105e+02 1.5971e+02
1.1310e+00 8.8130e+02 1.5967e+02
1.1351e+00 8.7849e+02 1.5929e+02
1.1392e+00 8.7840e+02 1.5862e+02
1.1433e+00 8.7431e+02 1.5721e+02
1.1474e+00 8.7491e+02 1.5748e+02
1.1515e+00 8.7333e+02 1.5655e+02
1.1556e+00 8.7126e+02 1.5589e+02
1.1597e+00 8.6900e+02 1.5554e+02
1.1638e+00 8.6734e+02 1.5488e+02
1.1679e+00 8.6436e+02 1.5384e+02
1.1719e+00 8.6515e+02 1.5375e+02
1.1760e+00 8.6412e+02 1.5303e+02
1.1801e+00 8.6173e+02 1.5203e+02
1.1842e+00 8.5972e+02 1.5172e+02
1.1883e+00 8.6010e+02 1.5148e+02
1.1924e+00 8.5531e+02 1.5041e+02
1.1965e+00 8.5424e+02 1.4985e+02
1.2006e+00 8.5330e+02 1.4955e+02
1.2047e+00 8.5279e+02 1.4889e+02
1.2088e+00 8.4982e+02 1.4799e+02
1.2129e+00 8.4769e+02 1.4754e+02
1.2169e+00 8.4748e+02 1.4722e+02
1.2210e+00 8.4435e+02 1.4656e+02
1.2251e+00 8.4352e+02 1.4609e+02
1.2292e+00 8.4093e+02 1.4560e+02
1.2333e+00 8.4025e+02 1.4492e+02
1.2374e+00 8.3917e+02 1.4445e+02
1.2415e+00 8.3629e+02 1.4365e+02
1.2456e+00 8.3573e+02 1.4313e+02
1.2497e+00 8.3376e+02 1.4295e+02
1.2538e+00 8.3408e+02 1.4243e+02
1.2579e+00 8.3341e+02 1.4209e+02
1.2619e+00 8.3018e+02 1.4124e+02
1.2660e+00 8.2822e+02 1.4071e+02
1.2701e+00 8.2667e+02 1.4036e+02
1.2742e+00 8.2564e+02 1.3998e+02
1.2783e+00 8.2416e+02 1.3943e+02
1.2824e+00 8.2211e+02 1.3880e+02
1.2865e+00 8.2048e+02 1.3822e+02
1.2906e+00 8.2012e+02 1.3785e+02
1.2947e+00 8.1809e+02 1.3708e+02
1.2988e+00 8.1729e+02 1.3682e+02
1.3029e+00 8.1667e+02 1.3653e+02
1.3069e+00 8.1442e+02 1.3591e+02
1.3110e+00 8.1277e+02 1.3540e+02
1.3151e+00 8.1077e+02 1.3457e+02
1.3192e+00 8.0960e+02 1.3427e+02
1.3233e+00 8.0672e+02 1.3363e+02
1.3274e+00 8.0633e+02 1.3326e+02
1.3315e+00 8.0491e+02 1.3273e+02
1.3356e+00 8.0507e+02 1.3278e+02
1.3397e+00 8.0165e+02 1.3204e+02
1.3438e+00 8.0148e+02 1.3173e+02
1.3479e+00 8.0164e+02 1.3133e+02
1.3519e+00 7.9857e+02 1.3071e+02
1.3560e+00 7.9739e+02 1.3035e+02
1.3601e+00 7.9772e+02 1.2999e+02
1.3642e+00 7.9571e+02 1.2951e+02
1.3683e+00 7.9413e+02 1.2905e+02
1.3724e+00 7.9220e+02 1.2877e+02
1.3765e+00 7.8957e+02 1.2819e+02
1.3806e+00 7.9141e+02 1.2791e+02
1.3847e+00 7.8795e+02 1.2719e+02
1.3888e+00 7.8622e+02 1.2660e+02
1.3928e+00 7.8519e+02 1.2640e+02
1.3969e+00 7.8368e+02 1.2594e+02
1.4010e+00 7.8358e+02 1.2563e+02
1.4051e+00 7.8175e+02 1.2519e+02
1.4092e+00 7.8107e+02 1.2486e+02
1.4133e+00 7.7842e+02 1.2438e+02
1.4174e+00 7.7756e+02 1.2392e+02
1.4215e+00 7.7796e+02 1.2374e+02
1.4256e+00 7.7454e+02 1.2305e+02
1.4297e+00 7.7456e+02 1.2276e+02
1.4338e+00 7.7293e+02 1.2227e+02
1.4378e+00 7.7180e+02 1.2194e+02
1.4419e+00 7.7073e+02 1.2152e+02
1.4460e+00 7.6880e+02 1.2095e+02
1.4501e+00 7.6641e+02 1.2044e+02
1.4542e+00 7.6788e+02 1.2054e+02
1.4583e+00 7.6590e+02 1.1994e+02
1.4624e+00 7.6606e+02 1.1987e+02
1.4665e+00 7.6429e+02 1.1954e+02
1.4706e+00 7.6091e+02 1.1839e+02
1.4747e+00 7.6220e+02 1.1853e+02
1.4787e+00 7.6000e+02 1.1798e+02
1.4828e+00 7.5618e+02 1.1724e+02
1.4869e+00 7.5482e+02 1.1694e+02
1.4910e+00 7.5423e+02 1.1664e+02
1.4951e+00 7.5423e+02 1.1638e+02
1.4992e+00 7.5548e+02 1.1645e+02
1.5033e+00 7.5219e+02 1.1591e+02
1.5074e+00 7.5287e+02 1.1561e+02
1.5115e+00 7.4896e+02 1.1473e+02
1.5156e+00 7.4826e+02 1.1467e+02
1.5197e+00 7.4665e+02 1.1424e+02
1.5237e+00 7.4693e+02 1.1403e+02
1.5278e+00 7.4512e+02 1.1344e+02
1.5319e+00 7.4244e+02 1.1303e+02
1.5360e+00 7.4168e+02 1.1281e+02
1.5401e+00 7.4079e+02 1.1228e+02
1.5442e+00 7.4046e+02 1.1210e+02
1.5483e+00 7.3859e+02 1.1161e+02
1.5524e+00 7.3748e+02 1.1121e+02
1.5565e+00 7.3761e+02 1.1111e+02
1.5606e+00 7.3529e+02 1.1094e+02
1.5646e+00 7.3451e+02 1.1042e+02
1.5687e+00 7.3286e+02 1.0999e+02
1.5728e+00 7.3147e+02 1.0960e+02
1.5769e+00 7.3003e+02 1.0898e+02
1.5810e+00 7.3065e+02 1.0934e+02
1.5851e+00 7.2900e+02 1.0878e+02
1.5892e+00 7.2723e+02 1.0820e+02
1.5933e+00 7.2606e+02 1.0807e+02
1.5974e+00 7.2652e+02 1.0801e+02
1.6015e+00 7.2346e+02 1.0734e+02
1.6056e+00 7.2212e+02 1.0693e+02
1.6096e+00 7.2236e+02 1.0673e+02
1.6137e+00 7.1992e+02 1.0619e+02
1.6178e+00 7.1895e+02 1.0589e+02
1.6219e+00 7.1796e+02 1.0553e+02
1.6260e+00 7.1585e+02 1.0518e+02
1.6301e+00 7.1559e+02 1.0495e+02
1.6342e+00 7.1389e+02 1.0444e+02
1.6383e+00 7.1384e+02 1.0442e+02
1.6424e+00 7.1257e+02 1.0410e+02
1.6465e+00 7.1044e+02 1.0354e+02
1.6506e+00 7.1052e+02 1.0343e+02
1.6546e+00 7.0755e+02 1.0278e+02
1.6587e+00 7.0804e+02 1.0283e+02
1.6628e+00 7.0607e+02 1.0242e+02
1.6669e+00 7.0619e+02 1.0217e+02
1.6710e+00 7.0449e+02 1.0170e+02
1.6751e+00 7.0386e+02 1.0158e+02
1.6792e+00 7.0239e+02 1.0118e+02
1.6833e+00 7.0091e+02 1.0076e+02
1.6874e+00 6.9935e+02 1.0043e+02
1.6915e+00 6.9952e+02 1.0028e+02
1.6955e+00 6.9749e+02 9.9818e+01
1.6996e+00 6.9633e+02 9.9434e+01
1.7037e+00 6.9493e+02 9.9169e+01
1.7078e+00 6.9474e+02 9.9068e+01
1.7119e+00 6.9384e+02 9.8711e+01
1.7160e+00 6.9116e+02 9.8315e+01
1.7201e+00 6.9333e+02 9.8224e+01
1.7242e+00 6.8930e+02 9.7638e+01
1.7283e+00 6.8799e+02 9.7285e+01
1.7324e+00 6.8797e+02 9.7094e+01
1.7365e+00 6.8728e+02 9.6939e+01
1.7405e+00 6.8516e+02 9.6408e+01
1.7446e+00 6.8522e+02 9.6298e+01
1.7487e+00 6.8297e+02 9.6005e+01
1.7528e+00 6.8268e+02 9.5721e+01
1.7569e+00 6.8238e+02 9.5500e+01
1.7610e+00 6.7897e+02 9.4905e+01
1.7651e+00 6.8024e+02 9.4937e+01
1.7692e+00 6.7847e+02 9.4531e+01
1.7733e+00 6.7684e+02 9.4171e+01
1.7774e+00 6.7603e+02 9.3949e+01
1.7815e+00 6.7495e+02 9.3752e+01
1.7855e+00 6.7360e+02 9.3373e+01
1.7896e+00 6.7267e+02 9.3057e+01
1.7937e+00 6.7187e+02 9.2863e+01
1.7978e+00 6.7078e+02 9.2582e+01
1.8019e+00 6.6895e+02 9.2085e+01
1.8060e+00 6.6852e+02 9.1988e+01
1.8101e+00 6.6765e+02 9.1783e+01
1.8142e+00 6.6667e+02 9.1346e+01
1.8183e+00 6.6478e+02 9.1141e+01
1.8224e+00 6.6305e+02 9.0756e+01
1.8265e+00 6.6331e+02 9.0580e+01
1.8305e+00 6.6377e+02 9.0539e+01
1.8346e+00 6.6069e+02 8.9977e+01
1.8387e+00 6.6030e+02 8.9741e+01
1.8428e+00 6.5885e+02 8.9372e+01
1.8469e+00 6.5826e+02 8.9302e+01
1.8510e+00 6.5675e+02 8.9019e+01
1.8551e+00 6.5647e+02 8.8768e+01
1.8592e+00 6.5410e+02 8.8376e+01
1.8633e+00 6.5358e+02 8.8067e+01
1.8674e+00 6.5264e+02 8.7989e+01
1.8715e+00 6.5128e+02 8.7660e+01
1.8755e+00 6.5104e+02 8.7331e+01
1.8796e+00 6.5101e+02 8.7291e+01
1.8837e+00 6.4901e+02 8.6805e+01
1.8878e+00 6.4824e+02 8.6668e+01
1.8919e+00 6.4689e+02 8.6312e+01
1.8960e+00 6.4443e+02 8.5880e+01
1.9001e+00 6.4496e+02 8.5898e+01
1.9042e+00 6.4393e+02 8.5578e+01
1.9083e+00 6.4290e+02 8.5366e+01
1.9124e+00 6.4041e+02 8.4911e+01
1.9164e+00 6.4073e+02 8.4781e+01
1.9205e+00 6.3941e+02 8.4421e+01
1.9246e+00 6.3926e+02 8.4388e+01
1.9287e+00 6.3796e+02 8.4012e+01
1.9328e+00 6.3668e+02 8.3752e+01
1.9369e+00 6.3605e+02 8.3522e+01
1.9410e+00 6.3381e+02 8.3179e+01
1.9451e+00 6.3294e+02 8.2941e+01
1.9492e+00 6.3224e+02 8.2676e+01
1.9533e+00 6.3030e+02 8.2347e+01
1.9573e+00 6.2984e+02 8.2277e+01
1.9614e+00 6.2948e+02 8.2027e+01
1.9655e+00 6.2842e+02 8.1741e+01
1.9696e+00 6.2676e+02 8.1392e+01
1.9737e+00 6.2600e+02 8.1331e+01
1.9778e+00 6.2534e+02 8.1039e+01
1.9819e+00 6.2361e+02 8.0706e+01
1.9860e+00 6.2243e+02 8.0409e+01
1.9901e+00 6.2184e+02 8.0293e+01
1.9942e+00 6.2089e+02 8.0031e+01
1.9983e+00 6.2060e+02 7.9807e+01
2.0024e+00 6.1935e+02 7.9649e+01
2.0064e+00 6.1809e+02 7.9454e+01
2.0105e+00 6.1661e+02 7.9001e+01
2.0146e+00 6.1606e+02 7.8909e+01
2.0187e+00 6.1552e+02 7.8735e+01
2.0228e+00 6.1368e+02 7.8322e+01
2.0269e+00 6.1356e+02 7.8129e+01
2.0310e+00 6.1222e+02 7.8001e+01
2.0351e+00 6.1106e+02 7.7766e+01
2.0392e+00 6.0952e+02 7.7392e+01
2.0433e+00 6.0850e+02 7.7058e+01
2.0473e+00 6.0769e+02 7.6840e+01
2.0514e+00 6.0659e+02 7.6644e+01
2.0555e+00 6.0502e+02 7.6394e+01
2.0596e+00 6.0572e+02 7.6301e+01
2.0637e+00 6.0335e+02 7.5973e+01
2.0678e+00 6.0353e+02 7.5845e+01
2.0719e+00 6.0090e+02 7.5451e+01
2.0760e+00 6.0065e+02 7.5322e+01
2.0801e+00 6.0011e+02 7.5118e+01
2.0842e+00 5.9858e+02 7.4847e+01
2.0883e+00 5.9735e+02 7.4584e+01
2.0923e+00 5.9640e+02 7.4313e+01
2.0964e+00 5.9598e+02 7.4128e+01
2.1005e+00 5.9497e+02 7.3968e+01
2.1046e+00 5.9360e+02 7.3741e+01
2.1087e+00 5.9285e+02 7.3518e+01
2.1128e+00 5.9153e+02 7.3289e+01
2.1169e+00 5.9116e+02 7.3073e+01
2.1210e+00 5.9053e+02 7.2923e+01
2.1251e+00 5.8905e+02 7.2692e+01
2.1292e+00 5.8784e+02 7.2409e+01
2.1332e+00 5.8713e+02 7.2145e+01
2.1373e+00 5.8592e+02 7.1844e+01
2.1414e+00 5.8598e+02 7.1882e+01
2.1455e+00 5.8343e+02 7.1512e+01
2.1496e+00 5.8263e+02 7.1248e+01
2.1537e+00 5.8247e+02 7.1151e+01
2.1578e+00 5.8074e+02 7.0781e+01
2.1619e+00 5.7947e+02 7.0570e+01
2.1660e+00 5.7907e+02 7.0430e+01
2.1701e+00 5.7745e+02 7.0108e+01
2.1742e+00 5.7705e+02 7.0002e+01
2.1782e+00 5.7641e+02 6.9814e+01
2.1823e+00 5.7540e+02 6.9517e+01
2.1864e+00 5.7443e+02 6.9433e+01
2.1905e+00 5.7261e+02 6.9131e+01
2.1946e+00 5.7174e+02 6.8888e+01
2.1987e+00 5.7133e+02 6.8738e+01
2.2028e+00 5.6987e+02 6.8526e+01
2.2069e+00 5.6893e+02 6.8289e+01
2.2110e+00 5.6832e+02 6.8084e+01
2.2151e+00 5.6700e+02 6.7881e+01
2.2191e+00 5.6673e+02 6.7718e+01
2.2232e+00 5.6539e+02 6.7452e+01
2.2273e+00 5.6463e+02 6.7295e+01
2.2314e+00 5.6342e+02 6.7075e+01
2.2355e+00 5.6253e+02 6.6836e+01
2.2396e+00 5.6155e+02 6.6671e+01
2.2437e+00 5.6107e+02 6.6458e+01
2.2478e+00 5.5957e+02 6.6174e+01
2.2519e+00 5.5895e+02 6.6003e+01
2.2560e+00 5.5800e+02 6.5864e+01
2.2601e+00 5.5634e+02 6.5632e+01
2.2642e+00 5.5643e+02 6.5538e+01
2.2682e+00 5.5453e+02 6.5141e+01
2.2723e+00 5.5329e+02 6.4903e+01
2.2764e+00 5.5316e+02 6.4815e+01
2.2805e+00 5.5256e+02 6.4687e+01
2.2846e+00 5.5103e+02 6.4379e+01
2.2887e+00 5.5038e+02 6.4240e+01
2.2928e+00 5.4917e+02 6.3949e+01
2.2969e+00 5.4839e+02 6.3810e+01
2.3010e+00 5.4777e+02 6.3669e+01
2.3051e+00 5.4643e+02 6.3436e+01
2.3091e+00 5.4469e+02 6.3129e+01
2.3132e+00 5.4514e+02 6.3115e+01
2.3173e+00 5.4364e+02 6.2855e+01
2.3214e+00 5.4148e+02 6.2506e+01
2.3255e+00 5.4143e+02 6.2503e+01
2.3296e+00 5.4084e+02 6.2244e+01
2.3337e+00 5.3967e+02 6.2075e+01
2.3378e+00 5.3904e+02 6.1946e+01
2.3419e+00 5.3777e+02 6.1672e+01
2.3460e+00 5.3680e+02 6.1490e+01
2.3500e+00 5.3567e+02 6.1283e+01
2.3541e+00 5.3491e+02 6.1096e+01
2.3582e+00 5.3406e+02 6.0909e+01
2.3623e+00 5.3267e+02 6.0708e+01
2.3664e+00 5.3208e+02 6.0490e+01
2.3705e+00 5.3121e+02 6.0373e+01
2.3746e+00 5.2976e+02 6.0079e+01
2.3787e+00 5.2931e+02 5.9968e+01
2.3828e+00 5.2786e+02 5.9732e+01
2.3869e+00 5.2793e+02 5.9595e+01
2.3910e+00 5.2665e+02 5.9478e+01
2.3951e+00 5.2521e+02 5.9177e+01
2.3991e+00 5.2498e+02 5.9065e+01
2.4032e+00 5.2339e+02 5.8815e+01
2.4073e+00 5.2267e+02 5.8599e+01
2.4114e+00 5.2144e+02 5.8431e+01
2.4155e+00 5.2096e+02 5.8268e+01
2.4196e+00 5.1956e+02 5.8016e+01
2.4237e+00 5.1854e+02 5.7852e+01
2.4278e+00 5.1819e+02 5.7737e+01
2.4319e+00 5.1705e+02 5.7510e+01
2.4360e+00 5.1652e+02 5.7421e+01
2.4400e+00 5.1510e+02 5.7189e+01
2.4441e+00 5.1402e+02 5.6976e+01
2.4482e+00 5.1281e+02 5.6746e+01
2.4523e+00 5.1254e+02 5.6669e+01
2.4564e+00 5.1086e+02 5.6384e+01
2.4605e+00 5.0982e+02 5.6170e+01
2.4646e+00 5.0931e+02 5.6080e+01
2.4687e+00 5.0786e+02 5.5822e+01
2.4728e+00 5.0758e+02 5.5715e+01
2.4769e+00 5.0658e+02 5.5519e+01
2.4810e+00 5.0580e+02 5.5370e+01
2.4850e+00 5.0471e+02 5.5203e+01
2.4891e+00 5.0396e+02 5.5063e+01
2.4932e+00 5.0280e+02 5.4804e+01
2.4973e+00 5.0226e+02 5.4671e+01
2.5014e+00 5.0121e+02 5.4514e+01
2.5055e+00 5.0000e+02 5.4225e+01
2.5096e+00 4.9944e+02 5.4133e+01
2.5137e+00 4.9861e+02 5.4047e+01
2.5178e+00 4.9751e+02 5.3780e+01
2.5219e+00 4.9598e+02 5.3566e+01
2.5259e+00 4.9498e+02 5.3366e+01
2.5300e+00 4.9463e+02 5.3329e+01
2.5341e+00 4.9390e+02 5.3181e+01
2.5382e+00 4.9292e+02 5.2955e+01
2.5423e+00 4.9106e+02 5.2619e+01
2.5464e+00 4.9116e+02 5.2647e+01
2.5505e+00 4.8973e+02 5.2312e+01
2.5546e+00 4.8961e+02 5.2293e+01
2.5587e+00 4.8787e+02 5.2049e+01
2.5628e+00 4.8762e+02 5.1968e+01
2.5669e+00 4.8681e+02 5.1829e+01
2.5709e+00 4.8562e+02 5.1610e+01
2.5750e+00 4.8404e+02 5.1346e+01
2.5791e+00 4.8389e+02 5.1240e+01
2.5832e+00 4.8307e+02 5.1125e+01
2.5873e+00 4.8162e+02 5.0896e+01
2.5914e+00 4.8091e+02 5.0771e+01
2.5955e+00 4.8021e+02 5.0574e+01
2.5996e+00 4.7886e+02 5.0395e+01
2.6037e+00 4.7820e+02 5.0306e+01
2.6078e+00 4.7683e+02 5.0030e+01
2.6119e+00 4.7597e+02 4.9900e+01
2.6159e+00 4.7602e+02 4.9829e+01
2.6200e+00 4.7514e+02 4.9640e+01
2.6241e+00 4.7398e+02 4.9497e+01
2.6282e+00 4.7292e+02 4.9279e+01
2.6323e+00 4.7191e+02 4.9117e+01
2.6364e+00 4.7103e+02 4.8914e+01
2.6405e+00 4.6997e+02 4.8772e+01
2.6446e+00 4.6881e+02 4.8565e+01
2.6487e+00 4.6868e+02 4.8491e+01
2.6528e+00 4.6743e+02 4.8302e+01
2.6568e+00 4.6696e+02 4.8187e+01
2.6609e+00 4.6571e+02 4.8015e+01
2.6650e+00 4.6454e+02 4.7791e+01
2.6691e+00 4.6373e+02 4.7710e+01
2.6732e+00 4.6265e+02 4.7479e+01
2.6773e+00 4.6187e+02 4.7341e+01
2.6814e+00 4.6154e+02 4.7289e+01
2.6855e+00 4.5966e+02 4.7002e+01
2.6896e+00 4.5953e+02 4.6914e+01
2.6937e+00 4.5770e+02 4.6728e+01
2.6978e+00 4.5732e+02 4.6580e+01
2.7018e+00 4.5674e+02 4.6473e+01
2.7059e+00 4.5537e+02 4.6242e+01
2.7100e+00 4.5498e+02 4.6142e+01
2.7141e+00 4.5408e+02 4.6008e+01
2.7182e+00 4.5332e+02 4.5852e+01
2.7223e+00 4.5193e+02 4.5647e+01
2.7264e+00 4.5133e+02 4.5530e+01
2.7305e+00 4.5028e+02 4.5309e+01
2.7346e+00 4.4987e+02 4.5235e+01
2.7387e+00 4.4842e+02 4.5075e+01
2.7427e+00 4.4753e+02 4.4858e+01
2.7468e+00 4.4691e+02 4.4742e+01
2.7509e+00 4.4645e+02 4.4663e+01
2.7550e+00 4.4551e+02 4.4490e+01
2.7591e+00 4.4455e+02 4.4330e+01
2.7632e+00 4.4286e+02 4.4103e+01
2.7673e+00 4.4285e+02 4.4044e+01
2.7714e+00 4.4155e+02 4.3834e+01
2.7755e+00 4.4154e+02 4.3803e+01
2.7796e+00 4.3997e+02 4.3617e+01
2.7837e+00 4.3960e+02 4.3436e+01
2.7877e+00 4.3848e+02 4.3317e+01
2.7918e+00 4.3738e+02 4.3171e+01
2.7959e+00 4.3699e+02 4.3075e+01
2.8000e+00 4.3538e+02 4.2809e+01
2.8041e+00 4.3512e+02 4.2714e+01
2.8082e+00 4.3451e+02 4.2616e+01
2.8123e+00 4.3324e+02 4.2442e+01
2.8164e+00 4.3191e+02 4.2265e+01
2.8205e+00 4.3163e+02 4.2147e+01
2.8246e+00 4.3045e+02 4.1971e+01
2.8287e+00 4.3010e+02 4.1898e+01
2.8327e+00 4.2860e+02 4.1680e+01
2.8368e+00 4.2781e+02 4.1561e+01
2.8409e+00 4.2716e+02 4.1411e+01
2.8450e+00 4.2610e+02 4.1290e+01
2.8491e+00 4.2566e+02 4.1173e+01
2.8532e+00 4.2512e+02 4.1055e+01
2.8573e+00 4.2418e+02 4.0937e+01
2.8614e+00 4.2323e+02 4.0772e+01
2.8655e+00 4.2216e+02 4.0602e+01
2.8696e+00 4.2092e+02 4.0415e+01
2.8736e+00 4.2023e+02 4.0332e+01
2.8777e+00 4.1955e+02 4.0205e+01
2.8818e+00 4.1900e+02 4.0047e+01
2.8859e+00 4.1743e+02 3.9886e+01
2.8900e+00 4.1675e+02 3.9753e+01
2.8941e+00 4.1620e+02 3.9659e+01
2.8982e+00 4.1580e+02 3.9551e+01
2.9023e+00 4.1460e+02 3.9376e+01
2.9064e+00 4.1369e+02 3.9249e+01
2.9105e+00 4.1280e+02 3.9116e+01
2.9146e+00 4.1197e+02 3.8967e+01
2.9187e+00 4.1108e+02 3.8860e+01
2.9227e+00 4.1036e+02 3.8712e+01
2.9268e+00 4.0942e+02 3.8566e+01
2.9309e+00 4.0861e+02 3.8419e+01
2.9350e+00 4.0747e+02 3.8270e+01
2.9391e+00 4.0701e+02 3.8181e+01
2.9432e+00 4.0656e+02 3.8084e+01
2.9473e+00 4.0523e+02 3.7933e+01
2.9514e+00 4.0459e+02 3.7770e+01
2.9555e+00 4.0394e+02 3.7691e+01
2.9596e+00 4.0273e+02 3.7526e+01
2.9636e+00 4.0217e+02 3.7423e+01
2.9677e+00 4.0110e+02 3.7261e+01
2.9718e+00 4.0077e+02 3.7194e+01
2.9759e+00 3.9931e+02 3.6997e+01
2.9800e+00 3.9894e+02 3.6896e+01
2.9841e+00 3.9849e+02 3.6812e+01
2.9882e+00 3.9674e+02 3.6608e+01
2.9923e+00 3.9625e+02 3.6483e+01
2.9964e+00 3.9557e+02 3.6381e+01
3.0005e+00 3.9467e+02 3.6247e+01
3.0046e+00 3.9403e+02 3.6152e+01
3.0086e+00 3.9374e+02 3.6038e+01
3.0127e+00 3.9219e+02 3.5860e+01
3.0168e+00 3.9140e+02 3.5747e+01
3.0209e+00 3.9075e+02 3.5618e+01
3.0250e+00 3.8999e+02 3.5514e+01
3.0291e+00 3.8912e+02 3.5389e+01
3.0332e+00 3.8813e+02 3.5242e+01
3.0373e+00 3.8756e+02 3.5151e+01
3.0414e+00 3.8669e+02 3.5017e+01
3.0455e+00 3.8610e+02 3.4925e+01
3.0495e+00 3.8504e+02 3.4763e+01
3.0536e+00 3.8405e+02 3.4634e+01
3.0577e+00 3.8358e+02 3.4521e+01
3.0618e+00 3.8238e+02 3.4378e+01
3.0659e+00 3.8179e+02 3.4254e+01
3.0700e+00 3.8134e+02 3.4177e+01
3.0741e+00 3.8008e+02 3.4011e+01
3.0782e+00 3.7990e+02 3.3970e+01
3.0823e+00 3.7870e+02 3.3788e+01
3.0864e+00 3.7785e+02 3.3687e+01
3.0905e+00 3.7735e+02 3.3593e+01
3.0945e+00 3.7643e+02 3.3449e+01
3.0986e+00 3.7547e+02 3.3331e+01
3.1027e+00 3.7478e+02 3.3227e+01
3.1068e+00 3.7428e+02 3.3131e+01
3.1109e+00 3.7345e+02 3.3003e+01
3.1150e+00 3.7235e+02 3.2865e+01
3.1191e+00 3.7172e+02 3.2769e+01
3.1232e+00 3.7120e+02 3.2663e+01
3.1273e+00 3.7040e+02 3.2544e+01
3.1314e+00 3.6947e+02 3.2416e+01
3.1355e+00 3.6909e+02 3.2345e+01
3.1395e+00 3.6744e+02 3.2142e+01
3.1436e+00 3.6711e+02 3.2063e+01
3.1477e+00 3.6671e+02 3.2016e+01
3.1518e+00 3.6551e+02 3.1841e+01
3.1559e+00 3.6517e+02 3.1757e+01
3.1600e+00 3.6435e+02 3.1647e+01
3.1641e+00 3.6361e+02 3.1550e+01
3.1682e+00 3.6207e+02 3.1348e+01
3.1723e+00 3.6161e+02 3.1289e+01
3.1764e+00 3.6141e+02 3.1241e+01
3.1804e+00 3.6018e+02 3.1067e+01
3.1845e+00 3.5972e+02 3.0989e+01
3.1886e+00 3.5863e+02 3.0842e+01
3.1927e+00 3.5826e+02 3.0784e+01
3.1968e+00 3.5766e+02 3.0671e+01
3.2009e+00 3.5677e+02 3.0567e+01
3.2050e+00 3.5580e+02 3.0436e+01
3.2091e+00 3.5536e+02 3.0336e+01
3.2132e+00 3.5419e+02 3.0204e+01
3.2173e+00 3.5387e+02 3.0125e+01
3.2214e+00 3.5265e+02 2.9990e+01
3.2254e+00 3.5212e+02 2.9897e+01
3.2295e+00 3.5128e+02 2.9774e+01
3.2336e+00 3.5066e+02 2.9688e+01
3.2377e+00 3.4981e+02 2.9578e+01
3.2418e+00 3.4893e+02 2.9426e+01
3.2459e+00 3.4834e+02 2.9369e+01
3.2500e+00 3.4787e+02 2.9271e+01
3.2541e+00 3.4719e+02 2.9203e+01
3.2582e+00 3.4609e+02 2.9043e+01
3.2623e+00 3.4553e+02 2.8963e+01
3.2663e+00 3.4490e+02 2.8853e+01
3.2704e+00 3.4394e+02 2.8745e+01
3.2745e+00 3.4296e+02 2.8628e+01
3.2786e+00 3.4261e+02 2.8565e+01
3.2827e+00 3.4176e+02 2.8440e+01
3.2868e+00 3.4146e+02 2.8373e+01
3.2909e+00 3.4042e+02 2.8270e+01
3.2950e+00 3.3969e+02 2.8144e+01
3.2991e+00 3.3903e+02 2.8054e+01
3.3032e+00 3.3787e+02 2.7919e+01
3.3073e+00 3.3754e+02 2.7839e+01
3.3113e+00 3.3690e+02 2.7726e+01
3.3154e+00 3.3601e+02 2.7652e+01
3.3195e+00 3.3549e+02 2.7543e+01
3.3236e+00 3.3444e+02 2.7426e+01
3.3277e+00 3.3383e+02 2.7341e+01
3.3318e+00 3.3333e+02 2.7243e+01
3.3359e+00 3.3275e+02 2.7140e+01
3.3400e+00 3.3174e+02 2.7041e+01
3.3441e+00 3.3158e+02 2.7003e+01
3.3482e+00 3.3042e+02 2.6858e+01
3.3523e+00 3.2992e+02 2.6767e+01
3.3563e+00 3.2934e+02 2.6707e+01
3.3604e+00 3.2835e+02 2.6579e+01
3.3645e+00 3.2779e+02 2.6484e+01
3.3686e+00 3.2693e+02 2.6387e+01
3.3727e+00 3.2614e+02 2.6274e+01
3.3768e+00 3.2545e+02 2.6195e+01
3.3809e+00 3.2507e+02 2.6118e+01
3.3850e+00 3.2428e+02 2.6008e+01
3.3891e+00 3.2364e+02 2.5924e+01
3.3932e+00 3.2281e+02 2.5831e+01
3.3973e+00 3.2245e+02 2.5743e+01
3.4013e+00 3.2165e+02 2.5656e+01
3.4054e+00 3.2078e+02 2.5544e+01
3.4095e+00 3.2034e+02 2.5467e+01
3.4136e+00 3.1942e+02 2.5368e+01
3.4177e+00 3.1872e+02 2.5278e+01
3.4218e+00 3.1793e+02 2.5173e+01
3.4259e+00 3.1751e+02 2.5108e+01
3.4300e+00 3.1676e+02 2.5021e+01
3.4341e+00 3.1611e+02 2.4939e+01
3.4382e+00 3.1529e+02 2.4808e+01
3.4422e+00 3.1464e+02 2.4745e+01
3.4463e+00 3.1409e+02 2.4656e+01
3.4504e+00 3.1361e+02 2.4568e+01
3.4545e+00 3.1281e+02 2.4488e+01
3.4586e+00 3.1211e+02 2.4393e+01
3.4627e+00 3.1150e+02 2.4305e+01
3.4668e+00 3.1078e+02 2.4212e+01
3.4709e+00 3.1015e+02 2.4134e+01
3.4750e+00 3.0952e+02 2.4068e+01
3.4791e+00 3.0856e+02 2.3928e+01
3.4832e+00 3.0831e+02 2.3891e+01
3.4872e+00 3.0768e+02 2.3801e+01
3.4913e+00 3.0657e+02 2.3677e+01
3.4954e+00 3.0610e+02 2.3607e+01
3.4995e+00 3.0535e+02 2.3523e+01
3.5036e+00 3.0516e+02 2.3471e+01
3.5077e+00 3.0446e+02 2.3367e+01
3.5118e+00 3.0341e+02 2.3264e+01
3.5159e+00 3.0292e+02 2.3196e+01
3.5200e+00 3.0269e+02 2.3151e+01
3.5241e+00 3.0170e+02 2.3016e+01
3.5281e+00 3.0112e+02 2.2961e+01
3.5322e+00 3.0062e+02 2.2890e+01
3.5363e+00 2.9996e+02 2.2800e+01
3.5404e+00 2.9918e+02 2.2701e+01
3.5445e+00 2.9870e+02 2.2625e+01
3.5486e+00 2.9779e+02 2.2530e+01
3.5527e+00 2.9741e+02 2.2470e+01
3.5568e+00 2.9682e+02 2.2409e+01
3.5609e+00 2.9606e+02 2.2311e+01
3.5650e+00 2.9574e+02 2.2249e+01
3.5691e+00 2.9484e+02 2.2163e+01
3.5732e+00 2.9412e+02 2.2073e+01
3.5772e+00 2.9349e+02 2.1996e+01
3.5813e+00 2.9290e+02 2.1915e+01
3.5854e+00 2.9247e+02 2.1851e+01
3.5895e+00 2.9185e+02 2.1763e+01
3.5936e+00 2.9130e+02 2.1714e+01
3.5977e+00 2.9078e+02 2.1628e+01
3.6018e+00 2.8999e+02 2.1529e+01
3.6059e+00 2.8939e+02 2.1461e+01
3.6100e+00 2.8879e+02 2.1378e+01
3.6141e+00 2.8836e+02 2.1321e+01
3.6181e+00 2.8731e+02 2.1228e+01
3.6222e+00 2.8695e+02 2.1147e+01
3.6263e+00 2.8617e+02 2.1064e+01
3.6304e+00 2.8566e+02 2.0993e+01
3.6345e+00 2.8491e+02 2.0910e+01
3.6386e+00 2.8437e+02 2.0845e+01
3.6427e+00 2.8407e+02 2.0788e+01
3.6468e+00 2.8319e+02 2.0701e+01
3.6509e+00 2.8272e+02 2.0638e+01
3.6550e+00 2.8229e+02 2.0583e+01
3.6591e+00 2.8158e+02 2.0489e+01
3.6631e+00 2.8087e+02 2.0423e+01
3.6672e+00 2.8069e+02 2.0369e+01
3.6713e+00 2.7984e+02 2.0291e+01
3.6754e+00 2.7927e+02 2.0198e+01
3.6795e+00 2.7864e+02 2.0132e+01
3.6836e+00 2.7823e+02 2.0078e+01
3.6877e+00 2.7762e+02 2.0007e+01
3.6918e+00 2.7698e+02 1.9937e+01
3.6959e+00 2.7638e+02 1.9846e+01
3.7000e+00 2.7567e+02 1.9761e+01
3.7040e+00 2.7529e+02 1.9726e+01
3.7081e+00 2.7474e+02 1.9662e+01
3.7122e+00 2.7405e+02 1.9571e+01
3.7163e+00 2.7363e+02 1.9532e+01
3.7204e+00 2.7296e+02 1.9441e+01
3.7245e+00 2.7234e+02 1.9361e+01
3.7286e+00 2.7180e+02 1.9315e+01
3.7327e+00 2.7118e+02 1.9231e+01
3.7368e+00 2.7072e+02 1.9169e+01
3.7409e+00 2.6999e+02 1.9094e+01
3.7450e+00 2.6962e+02 1.9026e+01
3.7490e+00 2.6894e+02 1.8964e+01
3.7531e+00 2.6843e+02 1.8910e+01
3.7572e+00 2.6785e+02 1.8849e+01
3.7613e+00 2.6738e+02 1.8768e+01
3.7654e+00 2.6669e+02 1.8693e+01
3.7695e+00 2.6629e+02 1.8659e+01
3.7736e+00 2.6604e+02 1.8610e+01
3.7777e+00 2.6517e+02 1.8516e+01
3.7818e+00 2.6456e+02 1.8444e+01
3.7859e+00 2.6422e+02 1.8399e+01
3.7900e+00 2.6352e+02 1.8320e+01
3.7940e+00 2.6292e+02 1.8257e+01
3.7981e+00 2.6249e+02 1.8209e+01
3.8022e+00 2.6203e+02 1.8131e+01
3.8063e+00 2.6144e+02 1.8085e+01
3.8104e+00 2.6108e+02 1.8025e+01
3.8145e+00 2.6068e+02 1.7982e+01
3.8186e+00 2.6004e+02 1.7905e+01
3.8227e+00 2.5961e+02 1.7859e+01
3.8268e+00 2.5880e+02 1.7769e+01
3.8309e+00 2.5843e+02 1.7717e+01
3.8349e+00 2.5785e+02 1.7651e+01
3.8390e+00 2.5719e+02 1.7595e+01
3.8431e+00 2.5668e+02 1.7530e+01
3.8472e+00 2.5638e+02 1.7497e+01
3.8513e+00 2.5568e+02 1.7418e+01
3.8554e+00 2.5514e+02 1.7342e+01
3.8595e+00 2.5471e+02 1.7286e+01
3.8636e+00 2.5424e+02 1.7243e+01
3.8677e+00 2.5386e+02 1.7186e+01
3.8718e+00 2.5317e+02 1.7117e+01
3.8759e+00 2.5270e+02 1.7074e+01
3.8799e+00 2.5221e+02 1.7018e+01
3.8840e+00 2.5182e+02 1.6966e+01
3.8881e+00 2.5121e+02 1.6898e+01
3.8922e+00 2.5098e+02 1.6863e+01
3.8963e+00 2.5025e+02 1.6779e+01
3.9004e+00 2.4981e+02 1.6740e+01
3.9045e+00 2.4928e+02 1.6679e+01
3.9086e+00 2.4884e+02 1.6612e+01
3.9127e+00 2.4834e+02 1.6576e+01
3.9168e+00 2.4799e+02 1.6517e+01
3.9209e+00 2.4751e+02 1.6467e+01
3.9249e+00 2.4686e+02 1.6406e+01
3.9290e+00 2.4636e+02 1.6351e+01
3.9331e+00 2.4593e+02 1.6301e+01
3.9372e+00 2.4557e+02 1.6251e+01
3.9413e+00 2.4502e+02 1.6202e+01
3.9454e+00 2.4472e+02 1.6147e+01
3.9495e+00 2.4392e+02 1.6081e+01
3.9536e+00 2.4355e+02 1.6044e+01
3.9577e+00 2.4303e+02 1.5982e+01
3.9618e+00 2.4259e+02 1.5921e+01
3.9658e+00 2.4218e+02 1.5883e+01
3.9699e+00 2.4189e+02 1.5841e+01
3.9740e+00 2.4120e+02 1.5781e+01
3.9781e+00 2.4093e+02 1.5739e+01
3.9822e+00 2.4020e+02 1.5661e+01
3.9863e+00 2.3969e+02 1.5602e+01
3.9904e+00 2.3943e+02 1.5578e+01
3.9945e+00 2.3876e+02 1.5524e+01
3.9986e+00 2.3858e+02 1.5479e+01
4.0027e+00 2.3815e+02 1.5439e+01
4.0068e+00 2.3765e+02 1.5381e+01
4.0108e+00 2.3703e+02 1.5310e+01
4.0149e+00 2.3670e+02 1.5276e+01
4.0190e+00 2.3638e+02 1.5247e+01
4.0231e+00 2.3579e+02 1.5172e+01
4.0272e+00 2.3535e+02 1.5134e+01
4.0313e+00 2.3486e+02 1.5086e+01
4.0354e+00 2.3460e+02 1.5042e+01
4.0395e+00 2.3387e+02 1.4981e+01
4.0436e+00 2.3369e+02 1.4952e+01
4.0477e+00 2.3308e+02 1.4894e+01
4.0517e+00 2.3281e+02 1.4867e+01
4.0558e+00 2.3226e+02 1.4812e+01
4.0599e+00 2.3193e+02 1.4772e+01
4.0640e+00 2.3164e+02 1.4740e+01
4.0681e+00 2.3116e+02 1.4682e+01
4.0722e+00 2.3058e+02 1.4625e+01
4.0763e+00 2.3019e+02 1.4584e+01
4.0804e+00 2.2985e+02 1.4538e+01
4.0845e+00 2.2942e+02 1.4495e+01
4.0886e+00 2.2889e+02 1.4442e+01
4.0927e+00 2.2869e+02 1.4416e+01
4.0967e+00 2.2801e+02 1.4359e+01
4.1008e+00 2.2776e+02 1.4322e+01
4.1049e+00 2.2735e+02 1.4274e+01
4.1090e+00 2.2678e+02 1.4235e+01
4.1131e+00 2.2639e+02 1.4193e+01
4.1172e+00 2.2608e+02 1.4153e+01
4.1213e+00 2.2582e+02 1.4119e+01
4.1254e+00 2.2532e+02 1.4073e+01
4.1295e+00 2.2493e+02 1.4032e+01
4.1336e+00 2.2448e+02 1.3988e+01
4.1377e+00 2.2410e+02 1.3941e+01
4.1417e+00 2.2379e+02 1.3914e+01
4.1458e+00 2.2341e+02 1.3870e+01
4.1499e+00 2.2298e+02 1.3832e+01
4.1540e+00 2.2263e+02 1.3800e+01
4.1581e+00 2.2223e+02 1.3748e+01
4.1622e+00 2.2174e+02 1.3704e+01
4.1663e+00 2.2148e+02 1.3675e+01
4.1704e+00 2.2117e+02 1.3654e+01
4.1745e+00 2.2064e+02 1.3596e+01
4.1786e+00 2.2026e+02 1.3547e+01
4.1826e+00 2.1984e+02 1.3514e+01
4.1867e+00 2.1960e+02 1.3481e+01
