# Real space h-h auto- and h-m cross-spectra.
# z=0.000, 12.000<lgM<12.500
#      k[h/Mpc]            P_hh            P_hm
    0.00000e+00     0.00000e+00     0.00000e+00
    5.79404e-03     8.21713e+03     9.24443e+03
    1.04717e-02     1.45246e+04     1.59923e+04
    1.42665e-02     1.85069e+04     2.18689e+04
    1.81228e-02     1.63847e+04     1.92776e+04
    2.24845e-02     1.46497e+04     1.73455e+04
    2.64508e-02     1.44518e+04     1.70627e+04
    3.04474e-02     1.32952e+04     1.54831e+04
    3.47320e-02     1.22145e+04     1.40648e+04
    3.88308e-02     1.04449e+04     1.21209e+04
    4.28140e-02     9.46974e+03     1.08897e+04
    4.68856e-02     9.54239e+03     1.09477e+04
    5.09858e-02     8.85285e+03     1.01259e+04
    5.51458e-02     7.56396e+03     8.44786e+03
    5.92243e-02     7.88536e+03     8.99740e+03
    6.32864e-02     7.32752e+03     8.17980e+03
    6.73674e-02     6.92561e+03     7.73093e+03
    7.14960e-02     6.30022e+03     7.03509e+03
    7.55894e-02     6.10082e+03     6.79848e+03
    7.96660e-02     5.76718e+03     6.39311e+03
    8.38183e-02     5.34775e+03     5.89235e+03
    8.78941e-02     4.86012e+03     5.25018e+03
    9.19238e-02     4.71250e+03     5.04334e+03
    9.60446e-02     4.50758e+03     4.83922e+03
    1.00128e-01     4.03998e+03     4.23905e+03
    1.04209e-01     3.74926e+03     3.95292e+03
    1.08333e-01     3.56652e+03     3.68532e+03
    1.12448e-01     3.56319e+03     3.67203e+03
    1.16521e-01     3.42886e+03     3.50890e+03
    1.20596e-01     3.21200e+03     3.27408e+03
    1.24665e-01     3.13808e+03     3.19818e+03
    1.28771e-01     3.11095e+03     3.14219e+03
    1.32874e-01     2.97017e+03     3.00485e+03
    1.36975e-01     2.90044e+03     2.90037e+03
    1.41075e-01     2.70059e+03     2.67763e+03
    1.45172e-01     2.67300e+03     2.63673e+03
    1.49268e-01     2.49311e+03     2.42789e+03
    1.53330e-01     2.42978e+03     2.34466e+03
    1.57416e-01     2.33946e+03     2.24008e+03
    1.61514e-01     2.22206e+03     2.13884e+03
    1.65592e-01     2.12178e+03     2.01173e+03
    1.69693e-01     2.06910e+03     1.93645e+03
    1.73803e-01     2.02792e+03     1.87974e+03
    1.77905e-01     1.98189e+03     1.84557e+03
    1.82001e-01     1.94725e+03     1.78753e+03
    1.86092e-01     1.89783e+03     1.74629e+03
    1.90161e-01     1.83838e+03     1.65728e+03
    1.94237e-01     1.81480e+03     1.62404e+03
    1.98334e-01     1.74794e+03     1.55460e+03
    2.02427e-01     1.69983e+03     1.51451e+03
    2.06523e-01     1.67295e+03     1.47078e+03
    2.10626e-01     1.60750e+03     1.40115e+03
    2.14724e-01     1.58082e+03     1.35441e+03
    2.18827e-01     1.54335e+03     1.31770e+03
    2.22903e-01     1.50364e+03     1.27822e+03
    2.26990e-01     1.48016e+03     1.24681e+03
    2.31084e-01     1.45006e+03     1.21243e+03
    2.35153e-01     1.42112e+03     1.17123e+03
    2.39244e-01     1.39005e+03     1.13764e+03
    2.43338e-01     1.36925e+03     1.11415e+03
    2.47445e-01     1.33908e+03     1.07424e+03
    2.51539e-01     1.32076e+03     1.05251e+03
    2.55609e-01     1.28368e+03     1.02904e+03
    2.59718e-01     1.27456e+03     1.00490e+03
    2.63814e-01     1.23449e+03     9.56074e+02
    2.67904e-01     1.22793e+03     9.58081e+02
    2.71993e-01     1.19859e+03     9.24652e+02
    2.76068e-01     1.17844e+03     9.02155e+02
    2.80171e-01     1.15569e+03     8.75799e+02
    2.84268e-01     1.13642e+03     8.48121e+02
    2.88346e-01     1.13080e+03     8.39694e+02
    2.92426e-01     1.10924e+03     8.12582e+02
    2.96514e-01     1.08638e+03     7.96366e+02
    3.00627e-01     1.07525e+03     7.78515e+02
    3.04729e-01     1.05880e+03     7.55087e+02
    3.08821e-01     1.04903e+03     7.43377e+02
    3.12919e-01     1.02848e+03     7.37722e+02
    3.16999e-01     1.02056e+03     7.17312e+02
    3.21078e-01     9.98430e+02     6.98246e+02
    3.25167e-01     9.88575e+02     6.84994e+02
    3.29247e-01     9.73630e+02     6.71193e+02
    3.33333e-01     9.66992e+02     6.54164e+02
    3.37443e-01     9.57071e+02     6.45322e+02
    3.41545e-01     9.44857e+02     6.28410e+02
    3.45625e-01     9.37713e+02     6.24416e+02
    3.49715e-01     9.21753e+02     6.05447e+02
    3.53817e-01     9.15956e+02     5.95168e+02
    3.57906e-01     9.02511e+02     5.80965e+02
    3.61975e-01     8.91628e+02     5.70924e+02
    3.66071e-01     8.84034e+02     5.60129e+02
    3.70189e-01     8.79166e+02     5.55459e+02
    3.74277e-01     8.70337e+02     5.44978e+02
    3.78356e-01     8.55774e+02     5.25816e+02
    3.82448e-01     8.52341e+02     5.22013e+02
    3.86535e-01     8.46772e+02     5.17546e+02
    3.90624e-01     8.37672e+02     5.03428e+02
    3.94706e-01     8.19708e+02     4.90652e+02
    3.98794e-01     8.20373e+02     4.87815e+02
    4.02896e-01     8.11986e+02     4.77182e+02
    4.06986e-01     8.05621e+02     4.70035e+02
    4.11069e-01     7.97700e+02     4.64336e+02
    4.15170e-01     7.92895e+02     4.54229e+02
    4.19263e-01     7.90569e+02     4.50920e+02
    4.23353e-01     7.75060e+02     4.38508e+02
    4.27447e-01     7.75997e+02     4.36959e+02
    4.31534e-01     7.61585e+02     4.22214e+02
    4.35624e-01     7.62314e+02     4.22309e+02
    4.39718e-01     7.51414e+02     4.11063e+02
    4.43804e-01     7.49500e+02     4.06987e+02
    4.47892e-01     7.42277e+02     4.01733e+02
    4.51977e-01     7.38617e+02     3.92617e+02
    4.56067e-01     7.28811e+02     3.87981e+02
    4.60165e-01     7.26277e+02     3.82741e+02
    4.64260e-01     7.21800e+02     3.76326e+02
    4.68355e-01     7.15166e+02     3.70199e+02
    4.72450e-01     7.11408e+02     3.66472e+02
    4.76540e-01     7.07416e+02     3.55846e+02
    4.80633e-01     7.01611e+02     3.55730e+02
    4.84718e-01     6.96069e+02     3.47198e+02
    4.88794e-01     6.90682e+02     3.44432e+02
    4.92888e-01     6.85717e+02     3.36849e+02
    4.96984e-01     6.81214e+02     3.33729e+02
    5.01073e-01     6.78440e+02     3.28427e+02
    5.05169e-01     6.79871e+02     3.27756e+02
    5.09268e-01     6.71875e+02     3.19072e+02
    5.13369e-01     6.66908e+02     3.14962e+02
    5.17441e-01     6.66590e+02     3.17616e+02
    5.21516e-01     6.58517e+02     3.08603e+02
    5.25611e-01     6.57661e+02     3.03933e+02
    5.29706e-01     6.54574e+02     3.00095e+02
    5.33801e-01     6.45909e+02     2.93073e+02
    5.37888e-01     6.43142e+02     2.91362e+02
    5.41985e-01     6.41994e+02     2.86502e+02
    5.46091e-01     6.38673e+02     2.84481e+02
    5.50174e-01     6.39765e+02     2.82149e+02
    5.54252e-01     6.32216e+02     2.77052e+02
    5.58346e-01     6.28977e+02     2.73986e+02
    5.62439e-01     6.26018e+02     2.69025e+02
    5.66527e-01     6.22559e+02     2.69805e+02
    5.70616e-01     6.20024e+02     2.65540e+02
    5.74707e-01     6.18537e+02     2.60251e+02
    5.78798e-01     6.14166e+02     2.55422e+02
    5.82883e-01     6.09291e+02     2.52527e+02
    5.86977e-01     6.09544e+02     2.50862e+02
    5.91070e-01     6.08161e+02     2.50642e+02
    5.95166e-01     6.02737e+02     2.45053e+02
    5.99260e-01     5.99073e+02     2.40358e+02
    6.03349e-01     5.98080e+02     2.40087e+02
    6.07445e-01     5.96451e+02     2.37933e+02
    6.11543e-01     5.91063e+02     2.32195e+02
    6.15623e-01     5.89550e+02     2.30349e+02
    6.19704e-01     5.86620e+02     2.27143e+02
    6.23792e-01     5.82857e+02     2.24385e+02
    6.27891e-01     5.81300e+02     2.23406e+02
    6.31991e-01     5.80663e+02     2.20640e+02
    6.36073e-01     5.75936e+02     2.17018e+02
    6.40158e-01     5.76527e+02     2.15182e+02
    6.44244e-01     5.73083e+02     2.13575e+02
    6.48338e-01     5.69160e+02     2.10608e+02
    6.52432e-01     5.69499e+02     2.09493e+02
    6.56514e-01     5.64963e+02     2.06377e+02
    6.60609e-01     5.62094e+02     2.01864e+02
    6.64712e-01     5.62465e+02     2.01975e+02
    6.68801e-01     5.61362e+02     1.98937e+02
    6.72890e-01     5.59088e+02     1.95838e+02
    6.76984e-01     5.56472e+02     1.93598e+02
    6.81074e-01     5.54026e+02     1.93261e+02
    6.85160e-01     5.49928e+02     1.89874e+02
    6.89246e-01     5.50134e+02     1.89848e+02
    6.93336e-01     5.46602e+02     1.85413e+02
    6.97434e-01     5.48001e+02     1.86060e+02
    7.01528e-01     5.44387e+02     1.82711e+02
    7.05618e-01     5.42181e+02     1.78528e+02
    7.09708e-01     5.41441e+02     1.79226e+02
    7.13796e-01     5.36030e+02     1.75130e+02
    7.17892e-01     5.36729e+02     1.74775e+02
    7.21982e-01     5.35576e+02     1.72934e+02
    7.26059e-01     5.33128e+02     1.72607e+02
    7.30145e-01     5.32415e+02     1.70791e+02
    7.34240e-01     5.29802e+02     1.68042e+02
    7.38340e-01     5.29722e+02     1.66851e+02
    7.42427e-01     5.25618e+02     1.64964e+02
    7.46511e-01     5.24161e+02     1.62283e+02
    7.50614e-01     5.23896e+02     1.62189e+02
    7.54706e-01     5.21585e+02     1.60354e+02
    7.58795e-01     5.19779e+02     1.58148e+02
    7.62888e-01     5.18255e+02     1.55797e+02
    7.66986e-01     5.17201e+02     1.55627e+02
    7.71073e-01     5.15484e+02     1.53993e+02
    7.75153e-01     5.12691e+02     1.52593e+02
    7.79241e-01     5.13178e+02     1.50392e+02
    7.83335e-01     5.08977e+02     1.49303e+02
    7.87426e-01     5.09656e+02     1.46709e+02
    7.91513e-01     5.09340e+02     1.47478e+02
    7.95606e-01     5.07165e+02     1.46026e+02
    7.99702e-01     5.07283e+02     1.44510e+02
    8.03798e-01     5.03592e+02     1.41818e+02
    8.07879e-01     5.01859e+02     1.40388e+02
    8.11963e-01     5.01821e+02     1.39187e+02
    8.16059e-01     4.98780e+02     1.38109e+02
    8.20152e-01     4.96577e+02     1.35747e+02
    8.24242e-01     4.94950e+02     1.35013e+02
    8.28331e-01     4.95648e+02     1.35003e+02
    8.32425e-01     4.93818e+02     1.33655e+02
    8.36516e-01     4.93951e+02     1.32564e+02
    8.40610e-01     4.90653e+02     1.30812e+02
    8.44704e-01     4.90528e+02     1.30340e+02
    8.48790e-01     4.89238e+02     1.28867e+02
    8.52876e-01     4.85906e+02     1.27486e+02
    8.56967e-01     4.85432e+02     1.25253e+02
    8.61059e-01     4.85069e+02     1.25613e+02
    8.65147e-01     4.82678e+02     1.23383e+02
    8.69235e-01     4.82131e+02     1.22713e+02
    8.73334e-01     4.81765e+02     1.21700e+02
    8.77429e-01     4.81093e+02     1.21429e+02
    8.81512e-01     4.78591e+02     1.19144e+02
    8.85601e-01     4.78011e+02     1.18013e+02
    8.89691e-01     4.77270e+02     1.17143e+02
    8.93784e-01     4.75979e+02     1.16638e+02
    8.97875e-01     4.74625e+02     1.16013e+02
    9.01960e-01     4.75161e+02     1.14823e+02
    9.06054e-01     4.73856e+02     1.14040e+02
    9.10146e-01     4.71771e+02     1.12516e+02
    9.14237e-01     4.71354e+02     1.10600e+02
    9.18331e-01     4.68625e+02     1.10529e+02
    9.22421e-01     4.68695e+02     1.10351e+02
    9.26509e-01     4.68781e+02     1.09709e+02
    9.30598e-01     4.66637e+02     1.08490e+02
    9.34692e-01     4.64909e+02     1.07773e+02
    9.38787e-01     4.63480e+02     1.06275e+02
    9.42873e-01     4.62258e+02     1.04373e+02
    9.46961e-01     4.61872e+02     1.02963e+02
    9.51054e-01     4.60002e+02     1.03776e+02
    9.55150e-01     4.60762e+02     1.02918e+02
    9.59240e-01     4.58370e+02     1.02217e+02
    9.63327e-01     4.58375e+02     1.01090e+02
    9.67420e-01     4.56312e+02     9.99362e+01
    9.71506e-01     4.56416e+02     9.90492e+01
    9.75588e-01     4.54051e+02     9.78354e+01
    9.79678e-01     4.54540e+02     9.73091e+01
    9.83773e-01     4.53073e+02     9.68095e+01
    9.87866e-01     4.53279e+02     9.54209e+01
    9.91960e-01     4.51755e+02     9.54275e+01
    9.96055e-01     4.48939e+02     9.34312e+01
    1.00015e+00     4.50388e+02     9.36644e+01
    1.00424e+00     4.48538e+02     9.29092e+01
    1.00832e+00     4.47144e+02     9.20975e+01
    1.01242e+00     4.45802e+02     9.17263e+01
    1.01651e+00     4.46570e+02     9.10732e+01
    1.02059e+00     4.43248e+02     8.99054e+01
    1.02468e+00     4.43493e+02     8.97340e+01
    1.02878e+00     4.42717e+02     8.91244e+01
    1.03287e+00     4.42573e+02     8.77831e+01
    1.03695e+00     4.40732e+02     8.73120e+01
    1.04105e+00     4.39815e+02     8.68525e+01
    1.04515e+00     4.38919e+02     8.54251e+01
    1.04923e+00     4.37100e+02     8.44140e+01
    1.05332e+00     4.36426e+02     8.37492e+01
    1.05741e+00     4.38096e+02     8.38873e+01
    1.06150e+00     4.35416e+02     8.30881e+01
    1.06559e+00     4.34639e+02     8.20079e+01
    1.06968e+00     4.34075e+02     8.19930e+01
    1.07377e+00     4.33828e+02     8.09858e+01
    1.07786e+00     4.32632e+02     8.12769e+01
    1.08195e+00     4.32724e+02     8.01808e+01
    1.08605e+00     4.29584e+02     7.95117e+01
    1.09014e+00     4.30979e+02     7.91272e+01
    1.09422e+00     4.28991e+02     7.81237e+01
    1.09832e+00     4.27930e+02     7.76082e+01
    1.10242e+00     4.27062e+02     7.68545e+01
    1.10650e+00     4.26378e+02     7.68821e+01
    1.11059e+00     4.26087e+02     7.57980e+01
    1.11468e+00     4.26144e+02     7.51070e+01
    1.11878e+00     4.25248e+02     7.51494e+01
    1.12287e+00     4.25139e+02     7.37866e+01
    1.12695e+00     4.23317e+02     7.32342e+01
    1.13105e+00     4.22398e+02     7.27726e+01
    1.13514e+00     4.21716e+02     7.25512e+01
    1.13922e+00     4.20992e+02     7.17969e+01
    1.14331e+00     4.19071e+02     7.13092e+01
    1.14741e+00     4.19701e+02     7.14623e+01
    1.15150e+00     4.18261e+02     7.08118e+01
    1.15559e+00     4.16957e+02     6.93238e+01
    1.15968e+00     4.16747e+02     6.90805e+01
    1.16377e+00     4.15606e+02     6.84415e+01
    1.16786e+00     4.15516e+02     6.79794e+01
    1.17195e+00     4.14045e+02     6.74479e+01
    1.17604e+00     4.13466e+02     6.76099e+01
    1.18013e+00     4.12846e+02     6.65734e+01
    1.18422e+00     4.11320e+02     6.58521e+01
    1.18831e+00     4.11487e+02     6.55418e+01
    1.19240e+00     4.10806e+02     6.53700e+01
    1.19649e+00     4.08817e+02     6.47475e+01
    1.20059e+00     4.09419e+02     6.44897e+01
    1.20468e+00     4.08255e+02     6.40436e+01
    1.20877e+00     4.08362e+02     6.33950e+01
    1.21286e+00     4.06721e+02     6.32708e+01
    1.21695e+00     4.06288e+02     6.24931e+01
    1.22104e+00     4.05898e+02     6.14971e+01
    1.22513e+00     4.05367e+02     6.12292e+01
    1.22922e+00     4.03948e+02     6.11964e+01
    1.23330e+00     4.02849e+02     6.07216e+01
    1.23740e+00     4.01914e+02     6.03928e+01
    1.24149e+00     4.02043e+02     5.94957e+01
    1.24558e+00     4.01356e+02     6.03791e+01
    1.24967e+00     4.00992e+02     5.99172e+01
    1.25376e+00     3.99449e+02     5.87069e+01
    1.25785e+00     4.00076e+02     5.88867e+01
    1.26194e+00     3.97610e+02     5.75195e+01
    1.26603e+00     3.99185e+02     5.81230e+01
    1.27012e+00     3.96920e+02     5.71698e+01
    1.27422e+00     3.96629e+02     5.70195e+01
    1.27831e+00     3.96176e+02     5.65175e+01
    1.28240e+00     3.95418e+02     5.62287e+01
    1.28649e+00     3.94216e+02     5.56715e+01
    1.29058e+00     3.94091e+02     5.60688e+01
    1.29467e+00     3.92918e+02     5.46777e+01
    1.29876e+00     3.92207e+02     5.44949e+01
    1.30285e+00     3.92289e+02     5.42088e+01
    1.30694e+00     3.91129e+02     5.39325e+01
    1.31103e+00     3.89646e+02     5.37273e+01
    1.31512e+00     3.90274e+02     5.28854e+01
    1.31921e+00     3.88549e+02     5.30961e+01
    1.32331e+00     3.88456e+02     5.24991e+01
    1.32739e+00     3.87688e+02     5.18046e+01
    1.33148e+00     3.86960e+02     5.16405e+01
    1.33558e+00     3.86241e+02     5.10636e+01
    1.33967e+00     3.86909e+02     5.15663e+01
    1.34376e+00     3.85183e+02     5.03031e+01
    1.34785e+00     3.84707e+02     5.02811e+01
    1.35195e+00     3.84154e+02     4.96957e+01
    1.35603e+00     3.83796e+02     4.95657e+01
    1.36011e+00     3.82138e+02     4.95956e+01
    1.36421e+00     3.82571e+02     4.90074e+01
    1.36830e+00     3.81486e+02     4.89135e+01
    1.37239e+00     3.80745e+02     4.85845e+01
    1.37648e+00     3.80573e+02     4.84305e+01
    1.38057e+00     3.79642e+02     4.81583e+01
    1.38466e+00     3.77938e+02     4.73929e+01
    1.38875e+00     3.77837e+02     4.74733e+01
    1.39285e+00     3.78310e+02     4.69168e+01
    1.39694e+00     3.76406e+02     4.64132e+01
    1.40102e+00     3.75906e+02     4.65033e+01
    1.40512e+00     3.75464e+02     4.55662e+01
    1.40921e+00     3.75919e+02     4.57346e+01
    1.41330e+00     3.74677e+02     4.52774e+01
    1.41739e+00     3.73926e+02     4.54527e+01
    1.42148e+00     3.74014e+02     4.50019e+01
    1.42557e+00     3.73119e+02     4.45386e+01
    1.42966e+00     3.73187e+02     4.46555e+01
    1.43375e+00     3.71838e+02     4.44733e+01
    1.43784e+00     3.70634e+02     4.40064e+01
    1.44193e+00     3.70304e+02     4.36551e+01
    1.44602e+00     3.70165e+02     4.33587e+01
    1.45011e+00     3.68694e+02     4.30119e+01
    1.45420e+00     3.68132e+02     4.25154e+01
    1.45830e+00     3.67450e+02     4.21528e+01
    1.46239e+00     3.67134e+02     4.23044e+01
    1.46648e+00     3.66609e+02     4.17359e+01
    1.47056e+00     3.65696e+02     4.14789e+01
    1.47465e+00     3.65356e+02     4.11595e+01
    1.47874e+00     3.64259e+02     4.07202e+01
    1.48283e+00     3.63974e+02     4.05503e+01
    1.48693e+00     3.63710e+02     4.10215e+01
    1.49102e+00     3.62608e+02     4.03403e+01
    1.49511e+00     3.62262e+02     3.99508e+01
    1.49920e+00     3.61002e+02     3.97856e+01
    1.50329e+00     3.60656e+02     3.95189e+01
    1.50738e+00     3.60801e+02     3.98572e+01
    1.51148e+00     3.59627e+02     3.89646e+01
    1.51557e+00     3.58902e+02     3.88083e+01
    1.51965e+00     3.59009e+02     3.91536e+01
    1.52374e+00     3.58263e+02     3.84801e+01
    1.52784e+00     3.57552e+02     3.85404e+01
    1.53193e+00     3.56288e+02     3.78935e+01
    1.53602e+00     3.56385e+02     3.78881e+01
    1.54011e+00     3.56220e+02     3.81015e+01
    1.54420e+00     3.54544e+02     3.73997e+01
    1.54829e+00     3.54578e+02     3.76251e+01
    1.55238e+00     3.54368e+02     3.76044e+01
    1.55647e+00     3.53370e+02     3.64400e+01
    1.56056e+00     3.53072e+02     3.66153e+01
    1.56465e+00     3.52119e+02     3.62164e+01
    1.56874e+00     3.51136e+02     3.60759e+01
    1.57283e+00     3.50526e+02     3.59567e+01
    1.57693e+00     3.50683e+02     3.56554e+01
    1.58102e+00     3.50075e+02     3.54747e+01
    1.58510e+00     3.48931e+02     3.55472e+01
    1.58919e+00     3.48772e+02     3.52711e+01
    1.59329e+00     3.47977e+02     3.51463e+01
    1.59738e+00     3.47871e+02     3.51409e+01
    1.60147e+00     3.47151e+02     3.45545e+01
    1.60556e+00     3.46352e+02     3.44258e+01
    1.60965e+00     3.45188e+02     3.39840e+01
    1.61374e+00     3.46071e+02     3.42313e+01
    1.61783e+00     3.45026e+02     3.40467e+01
    1.62192e+00     3.43852e+02     3.36625e+01
    1.62601e+00     3.43402e+02     3.32269e+01
    1.63010e+00     3.42786e+02     3.32509e+01
    1.63419e+00     3.42774e+02     3.32360e+01
    1.63828e+00     3.41575e+02     3.31562e+01
    1.64238e+00     3.41869e+02     3.25564e+01
    1.64647e+00     3.40701e+02     3.28086e+01
    1.65055e+00     3.40179e+02     3.21926e+01
    1.65465e+00     3.39255e+02     3.24168e+01
    1.65874e+00     3.38917e+02     3.21778e+01
    1.66283e+00     3.38895e+02     3.17960e+01
    1.66691e+00     3.37847e+02     3.17139e+01
    1.67101e+00     3.37918e+02     3.16747e+01
    1.67510e+00     3.36723e+02     3.12272e+01
    1.67919e+00     3.36761e+02     3.12448e+01
    1.68328e+00     3.35694e+02     3.08361e+01
    1.68737e+00     3.35358e+02     3.07909e+01
    1.69146e+00     3.34833e+02     3.06810e+01
    1.69555e+00     3.34209e+02     3.03780e+01
    1.69964e+00     3.32972e+02     3.04435e+01
    1.70373e+00     3.32843e+02     3.01782e+01
    1.70782e+00     3.32793e+02     3.00030e+01
    1.71191e+00     3.32365e+02     3.01786e+01
    1.71600e+00     3.31422e+02     2.98208e+01
    1.72009e+00     3.31263e+02     2.96398e+01
    1.72418e+00     3.30537e+02     2.97126e+01
    1.72828e+00     3.30432e+02     2.92829e+01
    1.73237e+00     3.29444e+02     2.93231e+01
    1.73646e+00     3.28746e+02     2.89068e+01
    1.74055e+00     3.28204e+02     2.87379e+01
    1.74464e+00     3.27447e+02     2.86795e+01
    1.74874e+00     3.26949e+02     2.84648e+01
    1.75282e+00     3.26683e+02     2.83862e+01
    1.75691e+00     3.25679e+02     2.85282e+01
    1.76100e+00     3.25804e+02     2.83171e+01
    1.76509e+00     3.24795e+02     2.80753e+01
    1.76918e+00     3.24518e+02     2.75887e+01
    1.77327e+00     3.23903e+02     2.77540e+01
    1.77737e+00     3.23472e+02     2.74946e+01
    1.78146e+00     3.22947e+02     2.75670e+01
    1.78554e+00     3.22538e+02     2.72686e+01
    1.78964e+00     3.21640e+02     2.72169e+01
    1.79373e+00     3.21175e+02     2.70732e+01
    1.79782e+00     3.19978e+02     2.68368e+01
    1.80191e+00     3.20455e+02     2.70068e+01
    1.80600e+00     3.19740e+02     2.67781e+01
    1.81009e+00     3.19266e+02     2.64734e+01
    1.81418e+00     3.19123e+02     2.64792e+01
    1.81827e+00     3.18212e+02     2.67237e+01
    1.82236e+00     3.17155e+02     2.62054e+01
    1.82645e+00     3.16355e+02     2.60311e+01
    1.83054e+00     3.16020e+02     2.60706e+01
    1.83463e+00     3.15823e+02     2.58168e+01
    1.83872e+00     3.14750e+02     2.56666e+01
    1.84281e+00     3.14815e+02     2.56298e+01
    1.84691e+00     3.14116e+02     2.54007e+01
    1.85100e+00     3.13723e+02     2.53758e+01
    1.85509e+00     3.13776e+02     2.53785e+01
    1.85918e+00     3.12610e+02     2.49758e+01
    1.86327e+00     3.11820e+02     2.48138e+01
    1.86736e+00     3.12276e+02     2.49297e+01
    1.87145e+00     3.10692e+02     2.46328e+01
    1.87554e+00     3.10575e+02     2.48179e+01
    1.87963e+00     3.09859e+02     2.45432e+01
    1.88372e+00     3.08988e+02     2.44299e+01
    1.88781e+00     3.09172e+02     2.41796e+01
    1.89190e+00     3.08346e+02     2.41302e+01
    1.89599e+00     3.08024e+02     2.42534e+01
    1.90008e+00     3.06930e+02     2.38831e+01
    1.90417e+00     3.06540e+02     2.39538e+01
    1.90827e+00     3.06101e+02     2.36235e+01
    1.91236e+00     3.05769e+02     2.35369e+01
    1.91645e+00     3.05225e+02     2.36334e+01
    1.92054e+00     3.04537e+02     2.35406e+01
    1.92463e+00     3.04382e+02     2.32638e+01
    1.92872e+00     3.03880e+02     2.32602e+01
    1.93281e+00     3.03430e+02     2.29878e+01
    1.93690e+00     3.02495e+02     2.30507e+01
    1.94099e+00     3.02117e+02     2.30659e+01
    1.94508e+00     3.01794e+02     2.30248e+01
    1.94917e+00     3.01270e+02     2.28133e+01
    1.95326e+00     3.00588e+02     2.25900e+01
    1.95735e+00     2.99669e+02     2.27219e+01
    1.96144e+00     2.99865e+02     2.24758e+01
    1.96553e+00     2.99067e+02     2.24016e+01
    1.96962e+00     2.98677e+02     2.22965e+01
    1.97371e+00     2.97648e+02     2.20557e+01
    1.97781e+00     2.97831e+02     2.20378e+01
    1.98190e+00     2.96721e+02     2.20733e+01
    1.98599e+00     2.96549e+02     2.19722e+01
    1.99008e+00     2.96331e+02     2.18057e+01
    1.99417e+00     2.95418e+02     2.16662e+01
    1.99826e+00     2.95104e+02     2.15771e+01
    2.00235e+00     2.94346e+02     2.15332e+01
    2.00644e+00     2.94448e+02     2.15720e+01
    2.01053e+00     2.93086e+02     2.12888e+01
    2.01462e+00     2.93083e+02     2.13886e+01
    2.01871e+00     2.92586e+02     2.12154e+01
    2.02280e+00     2.91707e+02     2.10718e+01
    2.02689e+00     2.91193e+02     2.12472e+01
    2.03098e+00     2.91390e+02     2.10961e+01
    2.03507e+00     2.90297e+02     2.09170e+01
    2.03917e+00     2.89704e+02     2.06285e+01
    2.04325e+00     2.89119e+02     2.06523e+01
    2.04735e+00     2.88597e+02     2.04612e+01
    2.05143e+00     2.88285e+02     2.06022e+01
    2.05552e+00     2.87928e+02     2.04813e+01
    2.05962e+00     2.87124e+02     2.03716e+01
    2.06371e+00     2.87332e+02     2.03688e+01
    2.06780e+00     2.86994e+02     2.00300e+01
    2.07189e+00     2.85706e+02     1.99460e+01
    2.07598e+00     2.85204e+02     2.02037e+01
    2.08007e+00     2.84791e+02     2.00801e+01
    2.08416e+00     2.83997e+02     1.99466e+01
    2.08825e+00     2.83841e+02     1.97961e+01
    2.09234e+00     2.82876e+02     1.96468e+01
    2.09644e+00     2.82940e+02     1.94931e+01
    2.10053e+00     2.82522e+02     1.97164e+01
    2.10461e+00     2.81393e+02     1.94469e+01
    2.10870e+00     2.81050e+02     1.94352e+01
    2.11280e+00     2.80915e+02     1.92503e+01
    2.11688e+00     2.80016e+02     1.92314e+01
    2.12098e+00     2.79761e+02     1.91602e+01
    2.12507e+00     2.79204e+02     1.90411e+01
    2.12916e+00     2.78723e+02     1.88492e+01
    2.13325e+00     2.77933e+02     1.88646e+01
    2.13734e+00     2.78015e+02     1.87644e+01
    2.14143e+00     2.76961e+02     1.86682e+01
    2.14552e+00     2.76245e+02     1.87707e+01
    2.14961e+00     2.76144e+02     1.86759e+01
    2.15370e+00     2.76025e+02     1.85803e+01
    2.15779e+00     2.75324e+02     1.85467e+01
    2.16188e+00     2.74821e+02     1.85740e+01
    2.16597e+00     2.74399e+02     1.83778e+01
    2.17006e+00     2.73783e+02     1.83563e+01
    2.17416e+00     2.72866e+02     1.82872e+01
    2.17825e+00     2.72497e+02     1.80856e+01
    2.18234e+00     2.72363e+02     1.80847e+01
    2.18643e+00     2.71703e+02     1.79281e+01
    2.19052e+00     2.71190e+02     1.79969e+01
    2.19461e+00     2.70723e+02     1.80297e+01
    2.19870e+00     2.70148e+02     1.77376e+01
    2.20279e+00     2.69876e+02     1.78634e+01
    2.20688e+00     2.69317e+02     1.77399e+01
    2.21097e+00     2.68686e+02     1.77463e+01
    2.21506e+00     2.68562e+02     1.75487e+01
    2.21915e+00     2.67834e+02     1.75361e+01
    2.22324e+00     2.67454e+02     1.74959e+01
    2.22733e+00     2.66778e+02     1.73248e+01
    2.23142e+00     2.66595e+02     1.73609e+01
    2.23552e+00     2.65832e+02     1.73727e+01
    2.23961e+00     2.65516e+02     1.73002e+01
    2.24369e+00     2.64705e+02     1.71449e+01
    2.24779e+00     2.64637e+02     1.71670e+01
    2.25188e+00     2.63873e+02     1.69580e+01
    2.25597e+00     2.63562e+02     1.70226e+01
    2.26006e+00     2.62527e+02     1.69381e+01
    2.26415e+00     2.62225e+02     1.68472e+01
    2.26824e+00     2.61872e+02     1.67148e+01
    2.27233e+00     2.61445e+02     1.67818e+01
    2.27642e+00     2.61184e+02     1.66055e+01
    2.28051e+00     2.60360e+02     1.65114e+01
    2.28460e+00     2.59829e+02     1.64572e+01
    2.28869e+00     2.59614e+02     1.64496e+01
    2.29278e+00     2.59192e+02     1.63899e+01
    2.29687e+00     2.58472e+02     1.63454e+01
    2.30096e+00     2.57928e+02     1.62379e+01
    2.30506e+00     2.57720e+02     1.62141e+01
    2.30915e+00     2.57264e+02     1.61047e+01
    2.31324e+00     2.56482e+02     1.61550e+01
    2.31733e+00     2.56307e+02     1.60062e+01
    2.32142e+00     2.55607e+02     1.59695e+01
    2.32551e+00     2.55226e+02     1.59578e+01
    2.32960e+00     2.54952e+02     1.60056e+01
    2.33369e+00     2.54337e+02     1.59025e+01
    2.33778e+00     2.53987e+02     1.57337e+01
    2.34187e+00     2.53481e+02     1.58232e+01
    2.34596e+00     2.52932e+02     1.57120e+01
    2.35005e+00     2.52300e+02     1.56114e+01
    2.35414e+00     2.51795e+02     1.56873e+01
    2.35823e+00     2.51243e+02     1.55769e+01
    2.36232e+00     2.50995e+02     1.55566e+01
    2.36641e+00     2.50348e+02     1.54169e+01
    2.37051e+00     2.49963e+02     1.53040e+01
    2.37460e+00     2.49593e+02     1.54171e+01
    2.37869e+00     2.48896e+02     1.53273e+01
    2.38278e+00     2.48544e+02     1.52293e+01
    2.38687e+00     2.48041e+02     1.51422e+01
    2.39096e+00     2.47868e+02     1.51278e+01
    2.39505e+00     2.47030e+02     1.49688e+01
    2.39914e+00     2.46511e+02     1.50147e+01
    2.40323e+00     2.45926e+02     1.50526e+01
    2.40732e+00     2.45900e+02     1.49462e+01
    2.41141e+00     2.45373e+02     1.47848e+01
    2.41550e+00     2.45010e+02     1.48652e+01
    2.41959e+00     2.44371e+02     1.47126e+01
    2.42368e+00     2.43667e+02     1.47280e+01
    2.42777e+00     2.43261e+02     1.46793e+01
    2.43187e+00     2.42771e+02     1.46932e+01
    2.43596e+00     2.42465e+02     1.45991e+01
    2.44004e+00     2.41859e+02     1.45840e+01
    2.44414e+00     2.41443e+02     1.45461e+01
    2.44823e+00     2.40837e+02     1.45768e+01
    2.45232e+00     2.40467e+02     1.43082e+01
    2.45640e+00     2.40135e+02     1.43631e+01
    2.46050e+00     2.39516e+02     1.43880e+01
    2.46459e+00     2.39193e+02     1.43724e+01
    2.46868e+00     2.38383e+02     1.41979e+01
    2.47277e+00     2.37855e+02     1.41554e+01
    2.47686e+00     2.37822e+02     1.41917e+01
    2.48095e+00     2.37529e+02     1.40840e+01
    2.48504e+00     2.36996e+02     1.41657e+01
    2.48913e+00     2.36365e+02     1.40153e+01
    2.49322e+00     2.35806e+02     1.39092e+01
    2.49731e+00     2.35487e+02     1.38827e+01
    2.50141e+00     2.35180e+02     1.38580e+01
    2.50550e+00     2.34497e+02     1.37770e+01
    2.50959e+00     2.34367e+02     1.37945e+01
    2.51368e+00     2.33872e+02     1.38193e+01
    2.51777e+00     2.33180e+02     1.36979e+01
    2.52186e+00     2.32693e+02     1.36009e+01
    2.52595e+00     2.32279e+02     1.36537e+01
    2.53004e+00     2.31593e+02     1.35810e+01
    2.53413e+00     2.31391e+02     1.35427e+01
    2.53822e+00     2.30821e+02     1.33934e+01
    2.54231e+00     2.30269e+02     1.34605e+01
    2.54640e+00     2.30200e+02     1.34072e+01
    2.55049e+00     2.29625e+02     1.33419e+01
    2.55458e+00     2.29157e+02     1.33379e+01
    2.55867e+00     2.28692e+02     1.33239e+01
    2.56276e+00     2.28155e+02     1.32503e+01
    2.56685e+00     2.27460e+02     1.32480e+01
    2.57095e+00     2.27112e+02     1.30847e+01
    2.57504e+00     2.26618e+02     1.31064e+01
    2.57913e+00     2.26267e+02     1.30280e+01
    2.58322e+00     2.25867e+02     1.30711e+01
    2.58731e+00     2.25433e+02     1.30098e+01
    2.59140e+00     2.24737e+02     1.29832e+01
    2.59549e+00     2.24542e+02     1.29272e+01
    2.59958e+00     2.24116e+02     1.29090e+01
    2.60367e+00     2.23858e+02     1.28341e+01
    2.60776e+00     2.23261e+02     1.27677e+01
    2.61185e+00     2.22414e+02     1.27499e+01
    2.61594e+00     2.22275e+02     1.26945e+01
    2.62003e+00     2.21832e+02     1.26587e+01
    2.62412e+00     2.21258e+02     1.26263e+01
    2.62821e+00     2.20881e+02     1.27029e+01
    2.63230e+00     2.20404e+02     1.25590e+01
    2.63640e+00     2.19850e+02     1.25581e+01
    2.64049e+00     2.19744e+02     1.25305e+01
    2.64457e+00     2.19343e+02     1.25202e+01
    2.64867e+00     2.18549e+02     1.24443e+01
    2.65276e+00     2.18311e+02     1.23750e+01
    2.65685e+00     2.17796e+02     1.23519e+01
    2.66094e+00     2.17332e+02     1.22824e+01
    2.66503e+00     2.16958e+02     1.22008e+01
    2.66912e+00     2.16467e+02     1.21844e+01
    2.67321e+00     2.15977e+02     1.21557e+01
    2.67730e+00     2.15711e+02     1.21462e+01
    2.68139e+00     2.14992e+02     1.21587e+01
    2.68548e+00     2.14719e+02     1.20811e+01
    2.68957e+00     2.14214e+02     1.20123e+01
    2.69366e+00     2.14152e+02     1.20772e+01
    2.69776e+00     2.13278e+02     1.19812e+01
    2.70185e+00     2.12701e+02     1.19436e+01
    2.70594e+00     2.12415e+02     1.19538e+01
    2.71003e+00     2.12090e+02     1.18491e+01
    2.71412e+00     2.11571e+02     1.17775e+01
    2.71821e+00     2.11026e+02     1.18015e+01
    2.72230e+00     2.10636e+02     1.18091e+01
    2.72639e+00     2.10350e+02     1.18658e+01
    2.73048e+00     2.10049e+02     1.16992e+01
    2.73457e+00     2.09333e+02     1.16952e+01
    2.73866e+00     2.09081e+02     1.16386e+01
    2.74275e+00     2.08750e+02     1.15309e+01
    2.74684e+00     2.08180e+02     1.15605e+01
    2.75093e+00     2.07594e+02     1.16238e+01
    2.75502e+00     2.07410e+02     1.15347e+01
    2.75911e+00     2.07011e+02     1.14369e+01
    2.76320e+00     2.06537e+02     1.15339e+01
    2.76730e+00     2.06078e+02     1.14336e+01
    2.77139e+00     2.05565e+02     1.14130e+01
    2.77548e+00     2.05299e+02     1.12872e+01
    2.77957e+00     2.04877e+02     1.12999e+01
    2.78366e+00     2.04338e+02     1.12462e+01
    2.78775e+00     2.03660e+02     1.11692e+01
    2.79184e+00     2.03506e+02     1.12207e+01
    2.79593e+00     2.03178e+02     1.11966e+01
    2.80002e+00     2.02584e+02     1.11583e+01
    2.80411e+00     2.02143e+02     1.10859e+01
    2.80820e+00     2.01773e+02     1.11029e+01
    2.81229e+00     2.01438e+02     1.10091e+01
    2.81638e+00     2.00891e+02     1.10013e+01
    2.82047e+00     2.00429e+02     1.10052e+01
    2.82457e+00     2.00251e+02     1.08881e+01
    2.82866e+00     1.99626e+02     1.08949e+01
    2.83275e+00     1.99238e+02     1.08862e+01
    2.83684e+00     1.98834e+02     1.08678e+01
    2.84093e+00     1.98389e+02     1.08192e+01
    2.84502e+00     1.97945e+02     1.07808e+01
    2.84911e+00     1.97442e+02     1.07435e+01
    2.85320e+00     1.97170e+02     1.07297e+01
    2.85729e+00     1.96904e+02     1.07025e+01
    2.86138e+00     1.96344e+02     1.06798e+01
    2.86547e+00     1.95897e+02     1.06424e+01
    2.86956e+00     1.95584e+02     1.06298e+01
    2.87365e+00     1.95293e+02     1.05744e+01
    2.87774e+00     1.94940e+02     1.05553e+01
    2.88183e+00     1.94294e+02     1.05389e+01
    2.88592e+00     1.93908e+02     1.04913e+01
    2.89001e+00     1.93480e+02     1.03902e+01
    2.89410e+00     1.93139e+02     1.04105e+01
    2.89820e+00     1.92812e+02     1.04223e+01
    2.90229e+00     1.92212e+02     1.03958e+01
    2.90638e+00     1.91911e+02     1.03506e+01
    2.91047e+00     1.91378e+02     1.02404e+01
    2.91456e+00     1.90981e+02     1.02352e+01
    2.91865e+00     1.90715e+02     1.02647e+01
    2.92274e+00     1.90386e+02     1.01904e+01
    2.92683e+00     1.89867e+02     1.02391e+01
    2.93092e+00     1.89413e+02     1.01490e+01
    2.93501e+00     1.88962e+02     1.01000e+01
    2.93910e+00     1.88524e+02     1.00789e+01
    2.94319e+00     1.88165e+02     1.01232e+01
    2.94728e+00     1.87915e+02     1.00216e+01
    2.95137e+00     1.87337e+02     1.00134e+01
    2.95546e+00     1.87103e+02     9.98864e+00
    2.95955e+00     1.86564e+02     9.92316e+00
    2.96364e+00     1.86262e+02     9.94020e+00
    2.96774e+00     1.85754e+02     9.89873e+00
    2.97183e+00     1.85518e+02     9.90357e+00
    2.97592e+00     1.84953e+02     9.81332e+00
    2.98001e+00     1.84751e+02     9.77128e+00
    2.98410e+00     1.84189e+02     9.80989e+00
    2.98819e+00     1.84010e+02     9.80851e+00
    2.99228e+00     1.83400e+02     9.73641e+00
    2.99637e+00     1.83079e+02     9.68540e+00
    3.00046e+00     1.82569e+02     9.70802e+00
    3.00455e+00     1.82383e+02     9.62176e+00
    3.00864e+00     1.81868e+02     9.61557e+00
    3.01273e+00     1.81292e+02     9.62252e+00
    3.01682e+00     1.81146e+02     9.57189e+00
    3.02091e+00     1.80897e+02     9.59163e+00
    3.02500e+00     1.80468e+02     9.53637e+00
    3.02910e+00     1.79839e+02     9.47107e+00
    3.03319e+00     1.79547e+02     9.39390e+00
    3.03728e+00     1.79100e+02     9.45778e+00
    3.04137e+00     1.79021e+02     9.45379e+00
    3.04546e+00     1.78474e+02     9.34728e+00
    3.04955e+00     1.78040e+02     9.36186e+00
    3.05364e+00     1.77596e+02     9.28487e+00
    3.05773e+00     1.77268e+02     9.32960e+00
    3.06182e+00     1.76903e+02     9.33090e+00
    3.06591e+00     1.76551e+02     9.26605e+00
    3.07000e+00     1.76209e+02     9.20916e+00
    3.07409e+00     1.75785e+02     9.16748e+00
    3.07818e+00     1.75445e+02     9.18871e+00
    3.08227e+00     1.74993e+02     9.22399e+00
    3.08636e+00     1.74505e+02     9.10041e+00
    3.09045e+00     1.74346e+02     9.06146e+00
    3.09454e+00     1.73823e+02     9.03783e+00
    3.09863e+00     1.73469e+02     9.06529e+00
    3.10272e+00     1.73085e+02     8.98385e+00
    3.10682e+00     1.72646e+02     8.97980e+00
    3.11091e+00     1.72245e+02     8.98231e+00
    3.11500e+00     1.72013e+02     8.93811e+00
    3.11909e+00     1.71682e+02     8.88528e+00
    3.12318e+00     1.71190e+02     8.84830e+00
    3.12727e+00     1.70898e+02     8.89843e+00
    3.13136e+00     1.70516e+02     8.85483e+00
    3.13545e+00     1.70076e+02     8.84276e+00
    3.13954e+00     1.69920e+02     8.85701e+00
    3.14363e+00     1.69354e+02     8.78054e+00
    3.14772e+00     1.69136e+02     8.75905e+00
    3.15181e+00     1.68550e+02     8.70704e+00
    3.15590e+00     1.68294e+02     8.71930e+00
    3.16000e+00     1.67810e+02     8.71189e+00
    3.16409e+00     1.67580e+02     8.65420e+00
    3.16818e+00     1.67061e+02     8.55429e+00
    3.17227e+00     1.66719e+02     8.62093e+00
    3.17636e+00     1.66487e+02     8.54811e+00
    3.18045e+00     1.66245e+02     8.57209e+00
    3.18454e+00     1.65785e+02     8.51423e+00
    3.18863e+00     1.65323e+02     8.47827e+00
    3.19272e+00     1.64935e+02     8.45273e+00
    3.19681e+00     1.64656e+02     8.48220e+00
    3.20090e+00     1.64055e+02     8.41266e+00
    3.20499e+00     1.63872e+02     8.41655e+00
    3.20908e+00     1.63408e+02     8.40185e+00
    3.21317e+00     1.63239e+02     8.37275e+00
    3.21726e+00     1.62839e+02     8.31987e+00
    3.22135e+00     1.62645e+02     8.35692e+00
    3.22545e+00     1.62040e+02     8.27379e+00
    3.22954e+00     1.61830e+02     8.25152e+00
    3.23363e+00     1.61421e+02     8.23325e+00
    3.23772e+00     1.61070e+02     8.22498e+00
    3.24181e+00     1.60670e+02     8.24632e+00
    3.24590e+00     1.60399e+02     8.21563e+00
    3.24999e+00     1.60079e+02     8.14486e+00
    3.25408e+00     1.59729e+02     8.11972e+00
    3.25817e+00     1.59288e+02     8.12528e+00
    3.26226e+00     1.58874e+02     8.06391e+00
    3.26635e+00     1.58552e+02     8.10577e+00
    3.27044e+00     1.58256e+02     8.00588e+00
    3.27453e+00     1.57775e+02     7.99661e+00
    3.27862e+00     1.57577e+02     8.02569e+00
    3.28271e+00     1.57057e+02     7.95611e+00
    3.28681e+00     1.56825e+02     7.95722e+00
    3.29090e+00     1.56458e+02     7.92647e+00
    3.29499e+00     1.56136e+02     7.94541e+00
    3.29908e+00     1.55814e+02     7.88504e+00
    3.30317e+00     1.55510e+02     7.84348e+00
    3.30725e+00     1.55124e+02     7.79969e+00
    3.31135e+00     1.54769e+02     7.84263e+00
    3.31544e+00     1.54466e+02     7.80088e+00
    3.31953e+00     1.54121e+02     7.77354e+00
    3.32362e+00     1.53792e+02     7.72080e+00
    3.32771e+00     1.53376e+02     7.71061e+00
    3.33180e+00     1.52951e+02     7.68553e+00
    3.33589e+00     1.52911e+02     7.71564e+00
    3.33998e+00     1.52474e+02     7.62904e+00
    3.34407e+00     1.52153e+02     7.63432e+00
    3.34816e+00     1.51727e+02     7.63052e+00
    3.35226e+00     1.51565e+02     7.59558e+00
    3.35634e+00     1.51169e+02     7.56690e+00
    3.36043e+00     1.50833e+02     7.55052e+00
    3.36453e+00     1.50402e+02     7.54284e+00
    3.36862e+00     1.50109e+02     7.52425e+00
    3.37271e+00     1.49811e+02     7.50796e+00
    3.37680e+00     1.49429e+02     7.45723e+00
    3.38089e+00     1.49088e+02     7.45103e+00
    3.38498e+00     1.48806e+02     7.44467e+00
    3.38907e+00     1.48617e+02     7.42864e+00
    3.39316e+00     1.48177e+02     7.37781e+00
    3.39725e+00     1.47807e+02     7.36359e+00
    3.40134e+00     1.47356e+02     7.35442e+00
    3.40543e+00     1.47164e+02     7.31839e+00
    3.40952e+00     1.46834e+02     7.30191e+00
    3.41362e+00     1.46600e+02     7.30272e+00
    3.41770e+00     1.46344e+02     7.29309e+00
    3.42179e+00     1.45854e+02     7.24053e+00
    3.42588e+00     1.45690e+02     7.22034e+00
    3.42997e+00     1.45338e+02     7.21129e+00
    3.43406e+00     1.45029e+02     7.17078e+00
    3.43816e+00     1.44615e+02     7.16778e+00
    3.44225e+00     1.44486e+02     7.14862e+00
    3.44634e+00     1.44050e+02     7.13965e+00
    3.45043e+00     1.43651e+02     7.12458e+00
    3.45452e+00     1.43373e+02     7.10542e+00
    3.45861e+00     1.42984e+02     7.09036e+00
    3.46270e+00     1.42739e+02     7.06760e+00
    3.46679e+00     1.42543e+02     7.03815e+00
    3.47088e+00     1.42047e+02     6.99707e+00
    3.47497e+00     1.41841e+02     6.97101e+00
    3.47906e+00     1.41526e+02     6.96354e+00
    3.48315e+00     1.41326e+02     6.96233e+00
    3.48725e+00     1.40866e+02     6.95636e+00
    3.49134e+00     1.40510e+02     6.93245e+00
    3.49543e+00     1.40278e+02     6.90115e+00
    3.49952e+00     1.39985e+02     6.89394e+00
    3.50361e+00     1.39699e+02     6.87163e+00
    3.50770e+00     1.39348e+02     6.86074e+00
    3.51179e+00     1.39049e+02     6.81018e+00
    3.51588e+00     1.38791e+02     6.80941e+00
    3.51997e+00     1.38588e+02     6.78257e+00
    3.52406e+00     1.38192e+02     6.77969e+00
    3.52815e+00     1.37882e+02     6.73337e+00
    3.53224e+00     1.37529e+02     6.73963e+00
    3.53633e+00     1.37271e+02     6.71967e+00
    3.54042e+00     1.36992e+02     6.69607e+00
    3.54451e+00     1.36646e+02     6.68235e+00
    3.54860e+00     1.36381e+02     6.64609e+00
    3.55270e+00     1.35920e+02     6.63033e+00
    3.55679e+00     1.35716e+02     6.63465e+00
    3.56088e+00     1.35510e+02     6.58911e+00
    3.56497e+00     1.35186e+02     6.55740e+00
    3.56906e+00     1.34845e+02     6.57348e+00
    3.57315e+00     1.34790e+02     6.57242e+00
    3.57724e+00     1.34277e+02     6.54213e+00
    3.58133e+00     1.33999e+02     6.50563e+00
    3.58542e+00     1.33793e+02     6.51209e+00
    3.58951e+00     1.33380e+02     6.47855e+00
    3.59360e+00     1.33234e+02     6.47054e+00
    3.59769e+00     1.32779e+02     6.42253e+00
    3.60178e+00     1.32495e+02     6.42947e+00
    3.60587e+00     1.32216e+02     6.42158e+00
    3.60996e+00     1.32046e+02     6.38387e+00
    3.61405e+00     1.31593e+02     6.36411e+00
    3.61814e+00     1.31425e+02     6.37163e+00
    3.62224e+00     1.31144e+02     6.30830e+00
    3.62633e+00     1.30929e+02     6.30840e+00
    3.63042e+00     1.30514e+02     6.27593e+00
    3.63451e+00     1.30373e+02     6.28902e+00
    3.63860e+00     1.30028e+02     6.27370e+00
    3.64269e+00     1.29755e+02     6.24539e+00
    3.64678e+00     1.29387e+02     6.24097e+00
    3.65087e+00     1.29160e+02     6.23466e+00
    3.65496e+00     1.28858e+02     6.20278e+00
    3.65905e+00     1.28681e+02     6.18421e+00
    3.66314e+00     1.28430e+02     6.17798e+00
    3.66723e+00     1.28114e+02     6.15518e+00
    3.67132e+00     1.27867e+02     6.14600e+00
    3.67541e+00     1.27522e+02     6.12786e+00
    3.67950e+00     1.27316e+02     6.10938e+00
    3.68359e+00     1.27080e+02     6.08547e+00
    3.68769e+00     1.26716e+02     6.05487e+00
    3.69177e+00     1.26379e+02     6.04599e+00
    3.69587e+00     1.26231e+02     6.03667e+00
    3.69996e+00     1.25909e+02     6.00969e+00
    3.70405e+00     1.25640e+02     6.01264e+00
    3.70814e+00     1.25379e+02     5.98745e+00
    3.71223e+00     1.25068e+02     5.98295e+00
    3.71632e+00     1.24950e+02     5.96499e+00
    3.72041e+00     1.24596e+02     5.94205e+00
    3.72450e+00     1.24318e+02     5.91583e+00
    3.72859e+00     1.24073e+02     5.90241e+00
    3.73268e+00     1.23784e+02     5.89588e+00
    3.73677e+00     1.23612e+02     5.87973e+00
    3.74086e+00     1.23283e+02     5.86691e+00
    3.74495e+00     1.23100e+02     5.84529e+00
    3.74905e+00     1.22764e+02     5.83564e+00
    3.75313e+00     1.22603e+02     5.82276e+00
    3.75722e+00     1.22245e+02     5.79824e+00
    3.76131e+00     1.22029e+02     5.80246e+00
    3.76541e+00     1.21824e+02     5.78585e+00
    3.76950e+00     1.21457e+02     5.74601e+00
    3.77359e+00     1.21222e+02     5.73015e+00
    3.77768e+00     1.21081e+02     5.71889e+00
    3.78177e+00     1.20742e+02     5.68779e+00
    3.78586e+00     1.20561e+02     5.70159e+00
    3.78995e+00     1.20270e+02     5.67617e+00
    3.79404e+00     1.20061e+02     5.67688e+00
    3.79813e+00     1.19716e+02     5.64036e+00
    3.80222e+00     1.19500e+02     5.62308e+00
    3.80632e+00     1.19257e+02     5.62385e+00
    3.81040e+00     1.19101e+02     5.59864e+00
    3.81449e+00     1.18760e+02     5.58677e+00
    3.81859e+00     1.18632e+02     5.58708e+00
    3.82268e+00     1.18236e+02     5.55891e+00
    3.82677e+00     1.18051e+02     5.54688e+00
    3.83086e+00     1.17739e+02     5.52589e+00
    3.83495e+00     1.17574e+02     5.50375e+00
    3.83904e+00     1.17326e+02     5.51095e+00
    3.84313e+00     1.17097e+02     5.46936e+00
    3.84722e+00     1.16833e+02     5.48867e+00
    3.85131e+00     1.16606e+02     5.45408e+00
    3.85540e+00     1.16336e+02     5.44775e+00
    3.85949e+00     1.16123e+02     5.43122e+00
    3.86358e+00     1.15869e+02     5.41508e+00
    3.86768e+00     1.15637e+02     5.39494e+00
    3.87177e+00     1.15459e+02     5.40122e+00
    3.87585e+00     1.15182e+02     5.37693e+00
    3.87994e+00     1.14878e+02     5.35718e+00
    3.88403e+00     1.14667e+02     5.32659e+00
    3.88813e+00     1.14494e+02     5.32796e+00
    3.89222e+00     1.14316e+02     5.30949e+00
    3.89631e+00     1.14028e+02     5.30542e+00
    3.90040e+00     1.13849e+02     5.28629e+00
    3.90449e+00     1.13495e+02     5.27858e+00
    3.90858e+00     1.13391e+02     5.28352e+00
    3.91267e+00     1.13137e+02     5.26567e+00
    3.91676e+00     1.12931e+02     5.24630e+00
    3.92085e+00     1.12682e+02     5.22955e+00
    3.92494e+00     1.12462e+02     5.20752e+00
    3.92903e+00     1.12220e+02     5.22468e+00
    3.93312e+00     1.12043e+02     5.18565e+00
    3.93721e+00     1.11718e+02     5.17463e+00
    3.94130e+00     1.11577e+02     5.17053e+00
    3.94539e+00     1.11390e+02     5.14632e+00
    3.94949e+00     1.11162e+02     5.13473e+00
    3.95358e+00     1.10902e+02     5.13535e+00
    3.95767e+00     1.10665e+02     5.11367e+00
    3.96176e+00     1.10430e+02     5.11130e+00
    3.96585e+00     1.10380e+02     5.10046e+00
    3.96994e+00     1.10083e+02     5.08541e+00
    3.97403e+00     1.09856e+02     5.06183e+00
    3.97812e+00     1.09603e+02     5.05170e+00
    3.98221e+00     1.09494e+02     5.03210e+00
    3.98630e+00     1.09310e+02     5.03843e+00
    3.99039e+00     1.09076e+02     5.03180e+00
    3.99448e+00     1.08778e+02     5.00894e+00
    3.99857e+00     1.08570e+02     4.96810e+00
    4.00266e+00     1.08398e+02     5.00053e+00
    4.00675e+00     1.08241e+02     4.97325e+00
    4.01085e+00     1.07966e+02     4.94876e+00
    4.01494e+00     1.07769e+02     4.93678e+00
    4.01902e+00     1.07492e+02     4.92757e+00
    4.02312e+00     1.07400e+02     4.91147e+00
    4.02721e+00     1.07065e+02     4.89362e+00
    4.03130e+00     1.06924e+02     4.88555e+00
    4.03539e+00     1.06732e+02     4.88440e+00
    4.03948e+00     1.06584e+02     4.85986e+00
    4.04357e+00     1.06349e+02     4.85252e+00
    4.04766e+00     1.06172e+02     4.83914e+00
    4.05175e+00     1.05962e+02     4.83245e+00
    4.05584e+00     1.05765e+02     4.82886e+00
    4.05993e+00     1.05636e+02     4.79981e+00
    4.06402e+00     1.05373e+02     4.80438e+00
    4.06811e+00     1.05201e+02     4.78922e+00
    4.07220e+00     1.04960e+02     4.79314e+00
    4.07630e+00     1.04821e+02     4.77468e+00
    4.08038e+00     1.04588e+02     4.76192e+00
    4.08447e+00     1.04395e+02     4.73653e+00
    4.08857e+00     1.04258e+02     4.75283e+00
    4.09266e+00     1.03937e+02     4.71581e+00
    4.09675e+00     1.03829e+02     4.71669e+00
    4.10084e+00     1.03630e+02     4.68447e+00
    4.10493e+00     1.03450e+02     4.69247e+00
    4.10902e+00     1.03211e+02     4.67986e+00
    4.11311e+00     1.03066e+02     4.66855e+00
    4.11720e+00     1.02873e+02     4.65181e+00
    4.12129e+00     1.02722e+02     4.64661e+00
    4.12538e+00     1.02520e+02     4.63650e+00
    4.12947e+00     1.02277e+02     4.62407e+00
    4.13356e+00     1.02166e+02     4.62791e+00
    4.13765e+00     1.01948e+02     4.61013e+00
    4.14175e+00     1.01786e+02     4.59377e+00
    4.14584e+00     1.01606e+02     4.58372e+00
    4.14993e+00     1.01400e+02     4.56873e+00
    4.15402e+00     1.01307e+02     4.56107e+00
    4.15811e+00     1.01059e+02     4.55552e+00
    4.16220e+00     1.00920e+02     4.55007e+00
    4.16629e+00     1.00765e+02     4.53774e+00
    4.17038e+00     1.00503e+02     4.52082e+00
    4.17447e+00     1.00370e+02     4.50833e+00
    4.17856e+00     1.00257e+02     4.50124e+00
    4.18265e+00     9.99673e+01     4.48820e+00
    4.18674e+00     9.98369e+01     4.48783e+00
