# Real space auto- and cross-spectra.
# z=0.500, 12.000<lgM<12.500
#      k[h/Mpc]            P_hh            P_hm            P_mm
    0.00000e+00     0.00000e+00     0.00000e+00     0.00000e+00
    5.79404e-03     1.23513e+04     1.19726e+04     1.21031e+04
    1.04717e-02     1.12776e+04     1.11548e+04     1.17091e+04
    1.42665e-02     1.59191e+04     1.47260e+04     1.41410e+04
    1.81228e-02     1.32914e+04     1.24484e+04     1.23198e+04
    2.24845e-02     1.49309e+04     1.39482e+04     1.36594e+04
    2.64508e-02     1.32610e+04     1.25384e+04     1.25683e+04
    3.04474e-02     1.31905e+04     1.21654e+04     1.19189e+04
    3.47320e-02     1.03186e+04     9.69189e+03     9.79339e+03
    3.88308e-02     1.06389e+04     9.77945e+03     9.68155e+03
    4.28140e-02     9.32582e+03     8.56620e+03     8.53449e+03
    4.68856e-02     8.58358e+03     7.83840e+03     7.79374e+03
    5.09858e-02     8.10286e+03     7.30452e+03     7.28881e+03
    5.51458e-02     7.81435e+03     6.95969e+03     6.84688e+03
    5.92243e-02     7.51376e+03     6.75261e+03     6.71159e+03
    6.32864e-02     6.87875e+03     6.23378e+03     6.24931e+03
    6.73674e-02     6.45887e+03     5.78830e+03     5.80116e+03
    7.14960e-02     6.11603e+03     5.43971e+03     5.44539e+03
    7.55894e-02     6.02097e+03     5.33777e+03     5.33306e+03
    7.96660e-02     5.69707e+03     5.02751e+03     5.04230e+03
    8.38183e-02     5.29390e+03     4.60435e+03     4.60492e+03
    8.78941e-02     4.73148e+03     4.11004e+03     4.16394e+03
    9.19238e-02     4.33492e+03     3.69101e+03     3.70851e+03
    9.60446e-02     4.08641e+03     3.46651e+03     3.52519e+03
    1.00128e-01     3.96896e+03     3.34163e+03     3.37487e+03
    1.04209e-01     3.60857e+03     3.01363e+03     3.07351e+03
    1.08333e-01     3.57033e+03     2.94878e+03     2.99943e+03
    1.12448e-01     3.41511e+03     2.79653e+03     2.84351e+03
    1.16521e-01     3.42088e+03     2.80643e+03     2.84058e+03
    1.20596e-01     3.16071e+03     2.56058e+03     2.61129e+03
    1.24665e-01     3.02366e+03     2.45681e+03     2.53462e+03
    1.28771e-01     3.06136e+03     2.46898e+03     2.52898e+03
    1.32874e-01     3.02639e+03     2.43526e+03     2.49583e+03
    1.36975e-01     2.78128e+03     2.21393e+03     2.28185e+03
    1.41075e-01     2.74936e+03     2.19017e+03     2.25995e+03
    1.45172e-01     2.52787e+03     1.97461e+03     2.05347e+03
    1.49268e-01     2.44299e+03     1.89806e+03     1.98599e+03
    1.53330e-01     2.36293e+03     1.82217e+03     1.89467e+03
    1.57416e-01     2.25021e+03     1.72862e+03     1.81260e+03
    1.61514e-01     2.18453e+03     1.64190e+03     1.71851e+03
    1.65592e-01     2.12926e+03     1.59518e+03     1.67990e+03
    1.69693e-01     2.04777e+03     1.51294e+03     1.59441e+03
    1.73803e-01     1.96155e+03     1.44364e+03     1.53690e+03
    1.77905e-01     1.95519e+03     1.42934e+03     1.50720e+03
    1.82001e-01     1.89010e+03     1.37785e+03     1.47106e+03
    1.86092e-01     1.84749e+03     1.33549e+03     1.42363e+03
    1.90161e-01     1.81723e+03     1.30368e+03     1.38897e+03
    1.94237e-01     1.78342e+03     1.26666e+03     1.34710e+03
    1.98334e-01     1.70418e+03     1.20804e+03     1.30567e+03
    2.02427e-01     1.65150e+03     1.16046e+03     1.25368e+03
    2.06523e-01     1.68654e+03     1.17638e+03     1.25724e+03
    2.10626e-01     1.60563e+03     1.10977e+03     1.20476e+03
    2.14724e-01     1.56820e+03     1.06804e+03     1.15470e+03
    2.18827e-01     1.52316e+03     1.02954e+03     1.12509e+03
    2.22903e-01     1.48874e+03     9.94579e+02     1.08393e+03
    2.26990e-01     1.46476e+03     9.75937e+02     1.07083e+03
    2.31084e-01     1.41206e+03     9.28281e+02     1.02606e+03
    2.35153e-01     1.36045e+03     8.88690e+02     9.91734e+02
    2.39244e-01     1.36035e+03     8.76446e+02     9.72777e+02
    2.43338e-01     1.33382e+03     8.56071e+02     9.53813e+02
    2.47445e-01     1.30954e+03     8.34916e+02     9.36672e+02
    2.51539e-01     1.30331e+03     8.18325e+02     9.18225e+02
    2.55609e-01     1.27128e+03     7.98239e+02     9.02617e+02
    2.59718e-01     1.24613e+03     7.80149e+02     8.78238e+02
    2.63814e-01     1.22908e+03     7.62604e+02     8.64264e+02
    2.67904e-01     1.19858e+03     7.33968e+02     8.35782e+02
    2.71993e-01     1.18939e+03     7.24124e+02     8.22669e+02
    2.76068e-01     1.16168e+03     6.98762e+02     8.00089e+02
    2.80171e-01     1.14027e+03     6.85677e+02     7.90331e+02
    2.84268e-01     1.12782e+03     6.65435e+02     7.72232e+02
    2.88346e-01     1.10812e+03     6.54669e+02     7.57545e+02
    2.92426e-01     1.08765e+03     6.35540e+02     7.40423e+02
    2.96514e-01     1.08055e+03     6.24831e+02     7.26744e+02
    3.00627e-01     1.05963e+03     6.04816e+02     7.11156e+02
    3.04729e-01     1.05102e+03     5.94191e+02     6.97858e+02
    3.08821e-01     1.04121e+03     5.88873e+02     6.87231e+02
    3.12919e-01     1.02344e+03     5.68470e+02     6.66527e+02
    3.16999e-01     1.01092e+03     5.59542e+02     6.58845e+02
    3.21078e-01     9.99386e+02     5.49524e+02     6.51818e+02
    3.25167e-01     9.83141e+02     5.37506e+02     6.40029e+02
    3.29247e-01     9.64952e+02     5.18799e+02     6.21186e+02
    3.33333e-01     9.55253e+02     5.13267e+02     6.18416e+02
    3.37443e-01     9.44947e+02     5.03908e+02     6.08864e+02
    3.41545e-01     9.42721e+02     4.97432e+02     5.99014e+02
    3.45625e-01     9.24298e+02     4.82556e+02     5.85607e+02
    3.49715e-01     9.13046e+02     4.75364e+02     5.76864e+02
    3.53817e-01     9.04219e+02     4.65785e+02     5.69095e+02
    3.57906e-01     8.99418e+02     4.60245e+02     5.63591e+02
    3.61975e-01     8.86436e+02     4.48708e+02     5.50944e+02
    3.66071e-01     8.69015e+02     4.36504e+02     5.40032e+02
    3.70189e-01     8.63892e+02     4.30174e+02     5.33753e+02
    3.74277e-01     8.58829e+02     4.21219e+02     5.22397e+02
    3.78356e-01     8.44768e+02     4.13526e+02     5.18446e+02
    3.82448e-01     8.43103e+02     4.09912e+02     5.11709e+02
    3.86535e-01     8.30029e+02     4.00729e+02     5.02312e+02
    3.90624e-01     8.27577e+02     3.95715e+02     4.97290e+02
    3.94706e-01     8.15744e+02     3.84622e+02     4.86787e+02
    3.98794e-01     8.12407e+02     3.81062e+02     4.82456e+02
    4.02896e-01     8.00078e+02     3.73645e+02     4.74089e+02
    4.06986e-01     7.96014e+02     3.69407e+02     4.70079e+02
    4.11069e-01     7.90247e+02     3.63977e+02     4.63535e+02
    4.15170e-01     7.78868e+02     3.52463e+02     4.53335e+02
    4.19263e-01     7.73783e+02     3.50764e+02     4.52400e+02
    4.23353e-01     7.65842e+02     3.43577e+02     4.45136e+02
    4.27447e-01     7.61473e+02     3.37671e+02     4.40232e+02
    4.31534e-01     7.54610e+02     3.32698e+02     4.32676e+02
    4.35624e-01     7.52529e+02     3.30710e+02     4.31166e+02
    4.39718e-01     7.41180e+02     3.21744e+02     4.21182e+02
    4.43804e-01     7.38276e+02     3.16767e+02     4.17406e+02
    4.47892e-01     7.31305e+02     3.11702e+02     4.12739e+02
    4.51977e-01     7.27051e+02     3.08233e+02     4.10583e+02
    4.56067e-01     7.20976e+02     3.02104e+02     4.01701e+02
    4.60165e-01     7.16983e+02     2.99708e+02     3.99736e+02
    4.64260e-01     7.12574e+02     2.95533e+02     3.96283e+02
    4.68355e-01     7.08400e+02     2.91251e+02     3.90836e+02
    4.72450e-01     7.01257e+02     2.84371e+02     3.84883e+02
    4.76540e-01     6.95847e+02     2.82382e+02     3.82751e+02
    4.80633e-01     6.94570e+02     2.79079e+02     3.76788e+02
    4.84718e-01     6.93734e+02     2.75265e+02     3.74438e+02
    4.88794e-01     6.84733e+02     2.70967e+02     3.68390e+02
    4.92888e-01     6.78836e+02     2.66050e+02     3.64050e+02
    4.96984e-01     6.72941e+02     2.62144e+02     3.61068e+02
    5.01073e-01     6.71440e+02     2.58135e+02     3.56613e+02
    5.05169e-01     6.64787e+02     2.53271e+02     3.52037e+02
    5.09268e-01     6.63565e+02     2.52381e+02     3.49235e+02
    5.13369e-01     6.61907e+02     2.49430e+02     3.46350e+02
    5.17441e-01     6.56800e+02     2.46711e+02     3.43038e+02
    5.21516e-01     6.51126e+02     2.42422e+02     3.39435e+02
    5.25611e-01     6.49691e+02     2.40833e+02     3.37988e+02
    5.29706e-01     6.46222e+02     2.37198e+02     3.34071e+02
    5.33801e-01     6.41301e+02     2.32755e+02     3.29035e+02
    5.37888e-01     6.36574e+02     2.29887e+02     3.25893e+02
    5.41985e-01     6.34006e+02     2.26603e+02     3.23777e+02
    5.46091e-01     6.29649e+02     2.23491e+02     3.21026e+02
    5.50174e-01     6.28116e+02     2.21787e+02     3.18247e+02
    5.54252e-01     6.24802e+02     2.18470e+02     3.15376e+02
    5.58346e-01     6.22414e+02     2.17174e+02     3.13156e+02
    5.62439e-01     6.19651e+02     2.14240e+02     3.10139e+02
    5.66527e-01     6.16352e+02     2.11044e+02     3.06973e+02
    5.70616e-01     6.13011e+02     2.08455e+02     3.02688e+02
    5.74707e-01     6.11793e+02     2.08345e+02     3.02121e+02
    5.78798e-01     6.06035e+02     2.04162e+02     2.98374e+02
    5.82883e-01     6.05694e+02     2.01797e+02     2.96282e+02
    5.86977e-01     6.00587e+02     1.98904e+02     2.92287e+02
    5.91070e-01     5.98240e+02     1.97347e+02     2.91307e+02
    5.95166e-01     5.96402e+02     1.94109e+02     2.88370e+02
    5.99260e-01     5.92024e+02     1.91536e+02     2.84875e+02
    6.03349e-01     5.90288e+02     1.89941e+02     2.83807e+02
    6.07445e-01     5.84894e+02     1.86615e+02     2.80014e+02
    6.11543e-01     5.83179e+02     1.84740e+02     2.79037e+02
    6.15623e-01     5.84115e+02     1.83492e+02     2.76844e+02
    6.19704e-01     5.79567e+02     1.80937e+02     2.73800e+02
    6.23792e-01     5.77673e+02     1.79177e+02     2.72373e+02
    6.27891e-01     5.76369e+02     1.78889e+02     2.70953e+02
    6.31991e-01     5.74767e+02     1.76791e+02     2.66958e+02
    6.36073e-01     5.70945e+02     1.74202e+02     2.65317e+02
    6.40158e-01     5.68813e+02     1.72813e+02     2.64319e+02
    6.44244e-01     5.66320e+02     1.69617e+02     2.61162e+02
    6.48338e-01     5.65324e+02     1.68461e+02     2.59206e+02
    6.52432e-01     5.61908e+02     1.66023e+02     2.56965e+02
    6.56514e-01     5.55974e+02     1.64066e+02     2.54747e+02
    6.60609e-01     5.57442e+02     1.62846e+02     2.53300e+02
    6.64712e-01     5.55889e+02     1.61783e+02     2.50934e+02
    6.68801e-01     5.52588e+02     1.58943e+02     2.49730e+02
    6.72890e-01     5.52356e+02     1.58192e+02     2.48340e+02
    6.76984e-01     5.48720e+02     1.56266e+02     2.45959e+02
    6.81074e-01     5.48074e+02     1.55193e+02     2.43984e+02
    6.85160e-01     5.43145e+02     1.53380e+02     2.43347e+02
    6.89246e-01     5.44534e+02     1.51611e+02     2.41357e+02
    6.93336e-01     5.40682e+02     1.50903e+02     2.39350e+02
    6.97434e-01     5.40348e+02     1.48643e+02     2.37182e+02
    7.01528e-01     5.37178e+02     1.46631e+02     2.36184e+02
    7.05618e-01     5.37531e+02     1.46078e+02     2.34454e+02
    7.09708e-01     5.33657e+02     1.43997e+02     2.32349e+02
    7.13796e-01     5.32711e+02     1.42573e+02     2.30786e+02
    7.17892e-01     5.30027e+02     1.41826e+02     2.29980e+02
    7.21982e-01     5.29444e+02     1.41736e+02     2.28808e+02
    7.26059e-01     5.26582e+02     1.38580e+02     2.25830e+02
    7.30145e-01     5.25560e+02     1.38310e+02     2.25211e+02
    7.34240e-01     5.22858e+02     1.36915e+02     2.23778e+02
    7.38340e-01     5.23951e+02     1.35601e+02     2.21886e+02
    7.42427e-01     5.18634e+02     1.33062e+02     2.19554e+02
    7.46511e-01     5.18513e+02     1.32428e+02     2.18911e+02
    7.50614e-01     5.17031e+02     1.32091e+02     2.18154e+02
    7.54706e-01     5.14321e+02     1.29813e+02     2.15985e+02
    7.58795e-01     5.15695e+02     1.28857e+02     2.14616e+02
    7.62888e-01     5.10738e+02     1.27776e+02     2.13694e+02
    7.66986e-01     5.11335e+02     1.27646e+02     2.11794e+02
    7.71073e-01     5.09375e+02     1.25729e+02     2.10666e+02
    7.75153e-01     5.06751e+02     1.24785e+02     2.08521e+02
    7.79241e-01     5.05674e+02     1.22627e+02     2.07410e+02
    7.83335e-01     5.05944e+02     1.23034e+02     2.06496e+02
    7.87426e-01     5.03181e+02     1.21697e+02     2.04997e+02
    7.91513e-01     5.01354e+02     1.19953e+02     2.03877e+02
    7.95606e-01     5.01935e+02     1.19492e+02     2.02927e+02
    7.99702e-01     4.99910e+02     1.18423e+02     2.01211e+02
    8.03798e-01     4.97918e+02     1.16596e+02     1.99788e+02
    8.07879e-01     4.95803e+02     1.15730e+02     1.98709e+02
    8.11963e-01     4.96682e+02     1.15950e+02     1.98301e+02
    8.16059e-01     4.93604e+02     1.13360e+02     1.96041e+02
    8.20152e-01     4.90564e+02     1.13618e+02     1.95818e+02
    8.24242e-01     4.89299e+02     1.12005e+02     1.94306e+02
    8.28331e-01     4.89380e+02     1.10627e+02     1.92286e+02
    8.32425e-01     4.88796e+02     1.09820e+02     1.91333e+02
    8.36516e-01     4.87080e+02     1.09086e+02     1.89916e+02
    8.40610e-01     4.87102e+02     1.08289e+02     1.88622e+02
    8.44704e-01     4.83721e+02     1.07776e+02     1.87993e+02
    8.48790e-01     4.83011e+02     1.06854e+02     1.86662e+02
    8.52876e-01     4.83012e+02     1.06550e+02     1.86191e+02
    8.56967e-01     4.82140e+02     1.04640e+02     1.84586e+02
    8.61059e-01     4.79286e+02     1.04115e+02     1.84664e+02
    8.65147e-01     4.77222e+02     1.02813e+02     1.82948e+02
    8.69235e-01     4.77733e+02     1.02890e+02     1.81709e+02
    8.73334e-01     4.77059e+02     1.01786e+02     1.80663e+02
    8.77429e-01     4.76244e+02     1.00850e+02     1.80296e+02
    8.81512e-01     4.74355e+02     9.99775e+01     1.78732e+02
    8.85601e-01     4.73140e+02     9.96008e+01     1.77987e+02
    8.89691e-01     4.71994e+02     9.90787e+01     1.76538e+02
    8.93784e-01     4.71111e+02     9.78578e+01     1.75838e+02
    8.97875e-01     4.69561e+02     9.67715e+01     1.74710e+02
    9.01960e-01     4.67752e+02     9.66686e+01     1.74001e+02
    9.06054e-01     4.68312e+02     9.58317e+01     1.73183e+02
    9.10146e-01     4.66128e+02     9.44144e+01     1.71823e+02
    9.14237e-01     4.63635e+02     9.41514e+01     1.70907e+02
    9.18331e-01     4.64450e+02     9.30408e+01     1.69542e+02
    9.22421e-01     4.62644e+02     9.26205e+01     1.69219e+02
    9.26509e-01     4.62438e+02     9.16953e+01     1.67900e+02
    9.30598e-01     4.60969e+02     9.16938e+01     1.66958e+02
    9.34692e-01     4.60221e+02     9.08408e+01     1.66048e+02
    9.38787e-01     4.59096e+02     8.99485e+01     1.65579e+02
    9.42873e-01     4.56860e+02     8.89831e+01     1.64736e+02
    9.46961e-01     4.57452e+02     8.87370e+01     1.63382e+02
    9.51054e-01     4.56204e+02     8.79417e+01     1.62847e+02
    9.55150e-01     4.54224e+02     8.68706e+01     1.61351e+02
    9.59240e-01     4.53660e+02     8.67243e+01     1.60691e+02
    9.63327e-01     4.53893e+02     8.64887e+01     1.60189e+02
    9.67420e-01     4.53340e+02     8.53929e+01     1.58878e+02
    9.71506e-01     4.50050e+02     8.47128e+01     1.58356e+02
    9.75588e-01     4.50617e+02     8.46483e+01     1.57714e+02
    9.79678e-01     4.49256e+02     8.36307e+01     1.56478e+02
    9.83773e-01     4.48020e+02     8.32815e+01     1.56226e+02
    9.87866e-01     4.46746e+02     8.28792e+01     1.55062e+02
    9.91960e-01     4.45447e+02     8.18741e+01     1.53942e+02
    9.96055e-01     4.44587e+02     8.12469e+01     1.52933e+02
    1.00015e+00     4.44067e+02     8.09192e+01     1.52703e+02
    1.00424e+00     4.42891e+02     7.98629e+01     1.51466e+02
    1.00832e+00     4.42852e+02     7.97430e+01     1.51003e+02
    1.01242e+00     4.40591e+02     7.88552e+01     1.50054e+02
    1.01651e+00     4.40012e+02     7.85968e+01     1.49157e+02
    1.02059e+00     4.40269e+02     7.82174e+01     1.48578e+02
    1.02468e+00     4.37713e+02     7.72099e+01     1.47792e+02
    1.02878e+00     4.36916e+02     7.66415e+01     1.47414e+02
    1.03287e+00     4.36794e+02     7.58137e+01     1.46106e+02
    1.03695e+00     4.34233e+02     7.51710e+01     1.45509e+02
    1.04105e+00     4.33344e+02     7.46948e+01     1.44813e+02
    1.04515e+00     4.33991e+02     7.46139e+01     1.44205e+02
    1.04923e+00     4.32949e+02     7.41202e+01     1.43735e+02
    1.05332e+00     4.32137e+02     7.37491e+01     1.42829e+02
    1.05741e+00     4.30288e+02     7.30310e+01     1.42125e+02
    1.06150e+00     4.30786e+02     7.27265e+01     1.41402e+02
    1.06559e+00     4.29225e+02     7.24077e+01     1.40499e+02
    1.06968e+00     4.28952e+02     7.21127e+01     1.40186e+02
    1.07377e+00     4.27883e+02     7.12163e+01     1.39173e+02
    1.07786e+00     4.27571e+02     7.07924e+01     1.38382e+02
    1.08195e+00     4.27364e+02     7.08131e+01     1.37687e+02
    1.08605e+00     4.25529e+02     7.04395e+01     1.37031e+02
    1.09014e+00     4.25135e+02     6.99833e+01     1.36431e+02
    1.09422e+00     4.24284e+02     6.88927e+01     1.35774e+02
    1.09832e+00     4.22039e+02     6.81613e+01     1.34827e+02
    1.10242e+00     4.21690e+02     6.80818e+01     1.34317e+02
    1.10650e+00     4.21029e+02     6.73473e+01     1.33500e+02
    1.11059e+00     4.20971e+02     6.70745e+01     1.32964e+02
    1.11468e+00     4.20836e+02     6.68834e+01     1.32332e+02
    1.11878e+00     4.19491e+02     6.63326e+01     1.31916e+02
    1.12287e+00     4.19386e+02     6.60711e+01     1.30983e+02
    1.12695e+00     4.17419e+02     6.52585e+01     1.30364e+02
    1.13105e+00     4.16635e+02     6.50180e+01     1.29829e+02
    1.13514e+00     4.16206e+02     6.47255e+01     1.29264e+02
    1.13922e+00     4.15173e+02     6.42911e+01     1.28456e+02
    1.14331e+00     4.14693e+02     6.43626e+01     1.28117e+02
    1.14741e+00     4.13402e+02     6.33406e+01     1.27076e+02
    1.15150e+00     4.13254e+02     6.32823e+01     1.26331e+02
    1.15559e+00     4.11673e+02     6.26035e+01     1.26294e+02
    1.15968e+00     4.11542e+02     6.25985e+01     1.25843e+02
    1.16377e+00     4.10175e+02     6.19529e+01     1.25048e+02
    1.16786e+00     4.09638e+02     6.14277e+01     1.24190e+02
    1.17195e+00     4.08593e+02     6.10992e+01     1.23769e+02
    1.17604e+00     4.08125e+02     6.06310e+01     1.23123e+02
    1.18013e+00     4.08216e+02     6.04825e+01     1.22471e+02
    1.18422e+00     4.06024e+02     6.01663e+01     1.21569e+02
    1.18831e+00     4.06115e+02     5.97579e+01     1.21263e+02
    1.19240e+00     4.05623e+02     5.92548e+01     1.20894e+02
    1.19649e+00     4.04964e+02     5.91027e+01     1.20490e+02
    1.20059e+00     4.04698e+02     5.88912e+01     1.19862e+02
    1.20468e+00     4.04484e+02     5.86905e+01     1.18893e+02
    1.20877e+00     4.02853e+02     5.85040e+01     1.18782e+02
    1.21286e+00     4.00586e+02     5.71091e+01     1.17803e+02
    1.21695e+00     4.01152e+02     5.75022e+01     1.17237e+02
    1.22104e+00     4.01049e+02     5.69294e+01     1.17074e+02
    1.22513e+00     3.99013e+02     5.65853e+01     1.16094e+02
    1.22922e+00     3.99363e+02     5.64026e+01     1.15876e+02
    1.23330e+00     3.98646e+02     5.60477e+01     1.14953e+02
    1.23740e+00     3.97368e+02     5.54763e+01     1.14246e+02
    1.24149e+00     3.96957e+02     5.53629e+01     1.14270e+02
    1.24558e+00     3.96232e+02     5.48325e+01     1.12941e+02
    1.24967e+00     3.95319e+02     5.47977e+01     1.12975e+02
    1.25376e+00     3.94615e+02     5.45384e+01     1.12471e+02
    1.25785e+00     3.94298e+02     5.38552e+01     1.11873e+02
    1.26194e+00     3.94061e+02     5.36572e+01     1.11406e+02
    1.26603e+00     3.93603e+02     5.37408e+01     1.10810e+02
    1.27012e+00     3.91482e+02     5.31388e+01     1.10218e+02
    1.27422e+00     3.91317e+02     5.28247e+01     1.09670e+02
    1.27831e+00     3.89734e+02     5.20091e+01     1.09110e+02
    1.28240e+00     3.90030e+02     5.21715e+01     1.08675e+02
    1.28649e+00     3.88873e+02     5.19204e+01     1.08212e+02
    1.29058e+00     3.88934e+02     5.15514e+01     1.07478e+02
    1.29467e+00     3.87916e+02     5.13768e+01     1.07172e+02
    1.29876e+00     3.87114e+02     5.08996e+01     1.06663e+02
    1.30285e+00     3.86668e+02     5.09756e+01     1.06346e+02
    1.30694e+00     3.85785e+02     5.06289e+01     1.05704e+02
    1.31103e+00     3.84832e+02     5.02554e+01     1.05262e+02
    1.31512e+00     3.84445e+02     4.99186e+01     1.04691e+02
    1.31921e+00     3.83966e+02     4.96257e+01     1.04331e+02
    1.32331e+00     3.83452e+02     4.92482e+01     1.03795e+02
    1.32739e+00     3.82828e+02     4.93719e+01     1.03247e+02
    1.33148e+00     3.81374e+02     4.90257e+01     1.02904e+02
    1.33558e+00     3.80832e+02     4.84685e+01     1.02370e+02
    1.33967e+00     3.81068e+02     4.81834e+01     1.01754e+02
    1.34376e+00     3.80078e+02     4.76960e+01     1.00984e+02
    1.34785e+00     3.78955e+02     4.75377e+01     1.00690e+02
    1.35195e+00     3.78820e+02     4.77471e+01     1.00465e+02
    1.35603e+00     3.76911e+02     4.70272e+01     9.99307e+01
    1.36011e+00     3.78083e+02     4.73315e+01     9.95816e+01
    1.36421e+00     3.76392e+02     4.68784e+01     9.92674e+01
    1.36830e+00     3.75936e+02     4.64127e+01     9.87497e+01
    1.37239e+00     3.75577e+02     4.65913e+01     9.80737e+01
    1.37648e+00     3.75854e+02     4.62221e+01     9.76427e+01
    1.38057e+00     3.74908e+02     4.57524e+01     9.71796e+01
    1.38466e+00     3.74386e+02     4.56151e+01     9.68921e+01
    1.38875e+00     3.73566e+02     4.53104e+01     9.62653e+01
    1.39285e+00     3.72513e+02     4.52889e+01     9.60484e+01
    1.39694e+00     3.71526e+02     4.47561e+01     9.54393e+01
    1.40102e+00     3.71155e+02     4.47553e+01     9.50874e+01
    1.40512e+00     3.70113e+02     4.46914e+01     9.44593e+01
    1.40921e+00     3.69959e+02     4.41743e+01     9.39418e+01
    1.41330e+00     3.69433e+02     4.40818e+01     9.36206e+01
    1.41739e+00     3.69409e+02     4.38962e+01     9.32412e+01
    1.42148e+00     3.68420e+02     4.34767e+01     9.28606e+01
    1.42557e+00     3.67453e+02     4.35228e+01     9.25309e+01
    1.42966e+00     3.67130e+02     4.31425e+01     9.21262e+01
    1.43375e+00     3.66286e+02     4.28684e+01     9.16043e+01
    1.43784e+00     3.65299e+02     4.24222e+01     9.12438e+01
    1.44193e+00     3.65235e+02     4.25148e+01     9.07478e+01
    1.44602e+00     3.64196e+02     4.22988e+01     9.02419e+01
    1.45011e+00     3.63476e+02     4.19855e+01     8.98608e+01
    1.45420e+00     3.63059e+02     4.18600e+01     8.94950e+01
    1.45830e+00     3.62737e+02     4.18726e+01     8.92760e+01
    1.46239e+00     3.61875e+02     4.13998e+01     8.86375e+01
    1.46648e+00     3.61664e+02     4.11679e+01     8.83003e+01
    1.47056e+00     3.60665e+02     4.10441e+01     8.79358e+01
    1.47465e+00     3.60875e+02     4.05640e+01     8.73873e+01
    1.47874e+00     3.59723e+02     4.06616e+01     8.70885e+01
    1.48283e+00     3.59059e+02     4.04965e+01     8.66599e+01
    1.48693e+00     3.58235e+02     4.01547e+01     8.61624e+01
    1.49102e+00     3.57359e+02     3.99787e+01     8.59132e+01
    1.49511e+00     3.57760e+02     3.99424e+01     8.54994e+01
    1.49920e+00     3.56375e+02     3.95272e+01     8.51560e+01
    1.50329e+00     3.55528e+02     3.94374e+01     8.47593e+01
    1.50738e+00     3.54937e+02     3.90179e+01     8.42945e+01
    1.51148e+00     3.55302e+02     3.88676e+01     8.40350e+01
    1.51557e+00     3.54826e+02     3.88729e+01     8.35478e+01
    1.51965e+00     3.53839e+02     3.84736e+01     8.31903e+01
    1.52374e+00     3.53050e+02     3.84284e+01     8.26444e+01
    1.52784e+00     3.52666e+02     3.83400e+01     8.23647e+01
    1.53193e+00     3.51234e+02     3.78305e+01     8.19628e+01
    1.53602e+00     3.51012e+02     3.78913e+01     8.16400e+01
    1.54011e+00     3.51166e+02     3.76524e+01     8.13166e+01
    1.54420e+00     3.50267e+02     3.75773e+01     8.09602e+01
    1.54829e+00     3.49985e+02     3.73139e+01     8.05799e+01
    1.55238e+00     3.48692e+02     3.70899e+01     8.01522e+01
    1.55647e+00     3.47838e+02     3.70690e+01     7.96020e+01
    1.56056e+00     3.47528e+02     3.69279e+01     7.95286e+01
    1.56465e+00     3.47087e+02     3.64444e+01     7.89407e+01
    1.56874e+00     3.46213e+02     3.66307e+01     7.86974e+01
    1.57283e+00     3.46242e+02     3.62661e+01     7.83316e+01
    1.57693e+00     3.44964e+02     3.58619e+01     7.79636e+01
    1.58102e+00     3.44690e+02     3.60815e+01     7.77885e+01
    1.58510e+00     3.44025e+02     3.58768e+01     7.74606e+01
    1.58919e+00     3.43876e+02     3.56386e+01     7.68852e+01
    1.59329e+00     3.42731e+02     3.54997e+01     7.67382e+01
    1.59738e+00     3.42600e+02     3.54946e+01     7.62340e+01
    1.60147e+00     3.42443e+02     3.53190e+01     7.59188e+01
    1.60556e+00     3.41828e+02     3.50815e+01     7.55048e+01
    1.60965e+00     3.40878e+02     3.48198e+01     7.51680e+01
    1.61374e+00     3.40884e+02     3.45652e+01     7.47665e+01
    1.61783e+00     3.39315e+02     3.46313e+01     7.45422e+01
    1.62192e+00     3.39045e+02     3.42561e+01     7.42014e+01
    1.62601e+00     3.38509e+02     3.42096e+01     7.38535e+01
    1.63010e+00     3.38260e+02     3.40899e+01     7.35515e+01
    1.63419e+00     3.37658e+02     3.38721e+01     7.31453e+01
    1.63828e+00     3.36852e+02     3.40100e+01     7.28307e+01
    1.64238e+00     3.36018e+02     3.36005e+01     7.24586e+01
    1.64647e+00     3.35644e+02     3.33604e+01     7.22114e+01
    1.65055e+00     3.35209e+02     3.32936e+01     7.17998e+01
    1.65465e+00     3.34412e+02     3.31005e+01     7.14464e+01
    1.65874e+00     3.33899e+02     3.29301e+01     7.11472e+01
    1.66283e+00     3.33503e+02     3.29145e+01     7.08330e+01
    1.66691e+00     3.33655e+02     3.26028e+01     7.04428e+01
    1.67101e+00     3.32406e+02     3.24331e+01     7.01914e+01
    1.67510e+00     3.31638e+02     3.25590e+01     7.00255e+01
    1.67919e+00     3.31152e+02     3.23087e+01     6.95586e+01
    1.68328e+00     3.30298e+02     3.20120e+01     6.92197e+01
    1.68737e+00     3.30608e+02     3.19940e+01     6.88110e+01
    1.69146e+00     3.29575e+02     3.18570e+01     6.86094e+01
    1.69555e+00     3.28918e+02     3.16397e+01     6.81467e+01
    1.69964e+00     3.28434e+02     3.14583e+01     6.80271e+01
    1.70373e+00     3.27609e+02     3.13703e+01     6.76118e+01
    1.70782e+00     3.27229e+02     3.12804e+01     6.73345e+01
    1.71191e+00     3.26708e+02     3.10997e+01     6.69788e+01
    1.71600e+00     3.26084e+02     3.12420e+01     6.67983e+01
    1.72009e+00     3.25472e+02     3.06467e+01     6.64530e+01
    1.72418e+00     3.24911e+02     3.08092e+01     6.61579e+01
    1.72828e+00     3.24640e+02     3.05866e+01     6.59106e+01
    1.73237e+00     3.23387e+02     3.04271e+01     6.54609e+01
    1.73646e+00     3.23510e+02     3.04236e+01     6.52474e+01
    1.74055e+00     3.23166e+02     3.02577e+01     6.49448e+01
    1.74464e+00     3.22294e+02     3.00154e+01     6.45562e+01
    1.74874e+00     3.21607e+02     2.99439e+01     6.42815e+01
    1.75282e+00     3.21691e+02     2.99121e+01     6.38857e+01
    1.75691e+00     3.21333e+02     2.97696e+01     6.37234e+01
    1.76100e+00     3.20273e+02     2.97297e+01     6.33603e+01
    1.76509e+00     3.20058e+02     2.95580e+01     6.31273e+01
    1.76918e+00     3.19175e+02     2.92933e+01     6.28264e+01
    1.77327e+00     3.18405e+02     2.92725e+01     6.26075e+01
    1.77737e+00     3.18379e+02     2.90398e+01     6.22827e+01
    1.78146e+00     3.17302e+02     2.88454e+01     6.18878e+01
    1.78554e+00     3.17030e+02     2.89556e+01     6.15677e+01
    1.78964e+00     3.16253e+02     2.85867e+01     6.13578e+01
    1.79373e+00     3.16021e+02     2.86963e+01     6.10978e+01
    1.79782e+00     3.16085e+02     2.86702e+01     6.08870e+01
    1.80191e+00     3.14983e+02     2.84451e+01     6.05860e+01
    1.80600e+00     3.14496e+02     2.81625e+01     6.02207e+01
    1.81009e+00     3.13505e+02     2.79066e+01     5.99419e+01
    1.81418e+00     3.13000e+02     2.81023e+01     5.96888e+01
    1.81827e+00     3.12893e+02     2.77707e+01     5.94028e+01
    1.82236e+00     3.12415e+02     2.78811e+01     5.91858e+01
    1.82645e+00     3.11297e+02     2.75916e+01     5.88111e+01
    1.83054e+00     3.10946e+02     2.75055e+01     5.85854e+01
    1.83463e+00     3.10778e+02     2.74512e+01     5.83109e+01
    1.83872e+00     3.10165e+02     2.73061e+01     5.81327e+01
    1.84281e+00     3.09364e+02     2.71628e+01     5.78012e+01
    1.84691e+00     3.09156e+02     2.72002e+01     5.74583e+01
    1.85100e+00     3.08263e+02     2.69888e+01     5.72072e+01
    1.85509e+00     3.07478e+02     2.68505e+01     5.70365e+01
    1.85918e+00     3.07389e+02     2.68386e+01     5.67962e+01
    1.86327e+00     3.06539e+02     2.66815e+01     5.65464e+01
    1.86736e+00     3.06253e+02     2.64828e+01     5.61295e+01
    1.87145e+00     3.05731e+02     2.64188e+01     5.60438e+01
    1.87554e+00     3.05685e+02     2.63890e+01     5.57425e+01
    1.87963e+00     3.05185e+02     2.63551e+01     5.55720e+01
    1.88372e+00     3.04112e+02     2.60525e+01     5.52309e+01
    1.88781e+00     3.03839e+02     2.59555e+01     5.49944e+01
    1.89190e+00     3.03046e+02     2.60820e+01     5.47193e+01
    1.89599e+00     3.02395e+02     2.58724e+01     5.44654e+01
    1.90008e+00     3.02262e+02     2.57071e+01     5.41727e+01
    1.90417e+00     3.01615e+02     2.56975e+01     5.39553e+01
    1.90827e+00     3.00989e+02     2.55018e+01     5.36274e+01
    1.91236e+00     3.00637e+02     2.54010e+01     5.34451e+01
    1.91645e+00     3.00680e+02     2.53948e+01     5.31665e+01
    1.92054e+00     2.99746e+02     2.52553e+01     5.29489e+01
    1.92463e+00     2.99179e+02     2.50388e+01     5.26440e+01
    1.92872e+00     2.98317e+02     2.49189e+01     5.24518e+01
    1.93281e+00     2.98218e+02     2.50053e+01     5.21264e+01
    1.93690e+00     2.97495e+02     2.48247e+01     5.20282e+01
    1.94099e+00     2.96872e+02     2.48280e+01     5.17508e+01
    1.94508e+00     2.96018e+02     2.46714e+01     5.15195e+01
    1.94917e+00     2.95894e+02     2.46057e+01     5.12091e+01
    1.95326e+00     2.95375e+02     2.45088e+01     5.10176e+01
    1.95735e+00     2.95115e+02     2.43013e+01     5.07211e+01
    1.96144e+00     2.94419e+02     2.43486e+01     5.05819e+01
    1.96553e+00     2.93222e+02     2.41090e+01     5.03398e+01
    1.96962e+00     2.93124e+02     2.42079e+01     5.00038e+01
    1.97371e+00     2.92740e+02     2.39485e+01     4.98218e+01
    1.97781e+00     2.92157e+02     2.39631e+01     4.96373e+01
    1.98190e+00     2.91800e+02     2.37120e+01     4.93712e+01
    1.98599e+00     2.91532e+02     2.36146e+01     4.91145e+01
    1.99008e+00     2.90622e+02     2.36128e+01     4.89560e+01
    1.99417e+00     2.90601e+02     2.36056e+01     4.86144e+01
    1.99826e+00     2.89631e+02     2.34028e+01     4.84244e+01
    2.00235e+00     2.89313e+02     2.32709e+01     4.81852e+01
    2.00644e+00     2.88515e+02     2.31833e+01     4.79588e+01
    2.01053e+00     2.87873e+02     2.31622e+01     4.77033e+01
    2.01462e+00     2.87829e+02     2.32229e+01     4.75350e+01
    2.01871e+00     2.87215e+02     2.31663e+01     4.73297e+01
    2.02280e+00     2.86555e+02     2.28679e+01     4.70937e+01
    2.02689e+00     2.85896e+02     2.27689e+01     4.69086e+01
    2.03098e+00     2.86027e+02     2.28460e+01     4.66571e+01
    2.03507e+00     2.84896e+02     2.27678e+01     4.64696e+01
    2.03917e+00     2.84311e+02     2.26676e+01     4.62623e+01
    2.04325e+00     2.84082e+02     2.26281e+01     4.60128e+01
    2.04735e+00     2.83567e+02     2.24505e+01     4.57705e+01
    2.05143e+00     2.83146e+02     2.24184e+01     4.56118e+01
    2.05552e+00     2.82494e+02     2.22676e+01     4.53691e+01
    2.05962e+00     2.82609e+02     2.22866e+01     4.51598e+01
    2.06371e+00     2.81636e+02     2.20548e+01     4.49291e+01
    2.06780e+00     2.81017e+02     2.20964e+01     4.47094e+01
    2.07189e+00     2.80348e+02     2.20122e+01     4.45707e+01
    2.07598e+00     2.80011e+02     2.19558e+01     4.42964e+01
    2.08007e+00     2.79604e+02     2.18195e+01     4.41257e+01
    2.08416e+00     2.79361e+02     2.16866e+01     4.38796e+01
    2.08825e+00     2.78434e+02     2.15851e+01     4.36785e+01
    2.09234e+00     2.78169e+02     2.16421e+01     4.34782e+01
    2.09644e+00     2.77446e+02     2.13649e+01     4.33017e+01
    2.10053e+00     2.77249e+02     2.12578e+01     4.30312e+01
    2.10461e+00     2.76480e+02     2.13032e+01     4.28561e+01
    2.10870e+00     2.75797e+02     2.12560e+01     4.26715e+01
    2.11280e+00     2.75718e+02     2.11740e+01     4.25120e+01
    2.11688e+00     2.74837e+02     2.10218e+01     4.22270e+01
    2.12098e+00     2.74492e+02     2.10295e+01     4.20729e+01
    2.12507e+00     2.74089e+02     2.08923e+01     4.18907e+01
    2.12916e+00     2.73343e+02     2.06596e+01     4.16338e+01
    2.13325e+00     2.72800e+02     2.08294e+01     4.15071e+01
    2.13734e+00     2.72346e+02     2.07042e+01     4.12609e+01
    2.14143e+00     2.72299e+02     2.06658e+01     4.10303e+01
    2.14552e+00     2.71555e+02     2.05480e+01     4.09642e+01
    2.14961e+00     2.70969e+02     2.04012e+01     4.06690e+01
    2.15370e+00     2.70249e+02     2.03281e+01     4.05190e+01
    2.15779e+00     2.70358e+02     2.03118e+01     4.03414e+01
    2.16188e+00     2.69534e+02     2.02727e+01     4.01660e+01
    2.16597e+00     2.69197e+02     2.02881e+01     3.99580e+01
    2.17006e+00     2.69092e+02     2.00895e+01     3.97754e+01
    2.17416e+00     2.68284e+02     2.00152e+01     3.95528e+01
    2.17825e+00     2.67714e+02     1.99623e+01     3.93659e+01
    2.18234e+00     2.67123e+02     1.98628e+01     3.92619e+01
    2.18643e+00     2.66611e+02     1.97771e+01     3.89830e+01
    2.19052e+00     2.66135e+02     1.97735e+01     3.88698e+01
    2.19461e+00     2.65733e+02     1.97155e+01     3.86505e+01
    2.19870e+00     2.65103e+02     1.96392e+01     3.84577e+01
    2.20279e+00     2.64535e+02     1.95834e+01     3.82840e+01
    2.20688e+00     2.63896e+02     1.93860e+01     3.80430e+01
    2.21097e+00     2.63805e+02     1.93942e+01     3.79358e+01
    2.21506e+00     2.63175e+02     1.93554e+01     3.77339e+01
    2.21915e+00     2.62869e+02     1.92563e+01     3.75176e+01
    2.22324e+00     2.62286e+02     1.91985e+01     3.73460e+01
    2.22733e+00     2.61767e+02     1.91463e+01     3.72062e+01
    2.23142e+00     2.61426e+02     1.90480e+01     3.69829e+01
    2.23552e+00     2.60869e+02     1.90415e+01     3.68095e+01
    2.23961e+00     2.60093e+02     1.89092e+01     3.66866e+01
    2.24369e+00     2.59917e+02     1.88334e+01     3.65283e+01
    2.24779e+00     2.59886e+02     1.88077e+01     3.62986e+01
    2.25188e+00     2.58841e+02     1.87264e+01     3.60928e+01
    2.25597e+00     2.58469e+02     1.86402e+01     3.59435e+01
    2.26006e+00     2.58319e+02     1.85588e+01     3.57801e+01
    2.26415e+00     2.57737e+02     1.86032e+01     3.56231e+01
    2.26824e+00     2.56849e+02     1.84497e+01     3.54018e+01
    2.27233e+00     2.56871e+02     1.83831e+01     3.52636e+01
    2.27642e+00     2.56296e+02     1.84084e+01     3.51093e+01
    2.28051e+00     2.55382e+02     1.83139e+01     3.49410e+01
    2.28460e+00     2.55397e+02     1.82094e+01     3.47810e+01
    2.28869e+00     2.54524e+02     1.81617e+01     3.46204e+01
    2.29278e+00     2.53787e+02     1.80731e+01     3.44420e+01
    2.29687e+00     2.53388e+02     1.80068e+01     3.42720e+01
    2.30096e+00     2.52881e+02     1.80068e+01     3.41067e+01
    2.30506e+00     2.52704e+02     1.78652e+01     3.39486e+01
    2.30915e+00     2.51906e+02     1.78035e+01     3.37765e+01
    2.31324e+00     2.51775e+02     1.78186e+01     3.36353e+01
    2.31733e+00     2.51389e+02     1.77394e+01     3.34682e+01
    2.32142e+00     2.50924e+02     1.76484e+01     3.32856e+01
    2.32551e+00     2.50137e+02     1.75638e+01     3.31382e+01
    2.32960e+00     2.49757e+02     1.75767e+01     3.29977e+01
    2.33369e+00     2.49280e+02     1.74169e+01     3.28054e+01
    2.33778e+00     2.48678e+02     1.74075e+01     3.26492e+01
    2.34187e+00     2.48292e+02     1.73586e+01     3.24909e+01
    2.34596e+00     2.48261e+02     1.72858e+01     3.23315e+01
    2.35005e+00     2.47504e+02     1.72110e+01     3.21870e+01
    2.35414e+00     2.46653e+02     1.71735e+01     3.20311e+01
    2.35823e+00     2.46679e+02     1.71402e+01     3.18702e+01
    2.36232e+00     2.46261e+02     1.71451e+01     3.17852e+01
    2.36641e+00     2.45417e+02     1.69791e+01     3.15709e+01
    2.37051e+00     2.45058e+02     1.69308e+01     3.13997e+01
    2.37460e+00     2.44616e+02     1.69205e+01     3.12531e+01
    2.37869e+00     2.44271e+02     1.67891e+01     3.11217e+01
    2.38278e+00     2.43523e+02     1.68548e+01     3.09899e+01
    2.38687e+00     2.43017e+02     1.67606e+01     3.07842e+01
    2.39096e+00     2.42499e+02     1.66385e+01     3.06642e+01
    2.39505e+00     2.42110e+02     1.66549e+01     3.05201e+01
    2.39914e+00     2.41702e+02     1.65865e+01     3.03466e+01
    2.40323e+00     2.41218e+02     1.65341e+01     3.02097e+01
    2.40732e+00     2.40859e+02     1.64523e+01     3.00857e+01
    2.41141e+00     2.40124e+02     1.63652e+01     2.99026e+01
    2.41550e+00     2.39898e+02     1.63279e+01     2.98061e+01
    2.41959e+00     2.39643e+02     1.62757e+01     2.96569e+01
    2.42368e+00     2.39025e+02     1.62727e+01     2.94788e+01
    2.42777e+00     2.38706e+02     1.62001e+01     2.93504e+01
    2.43187e+00     2.37810e+02     1.61612e+01     2.92120e+01
    2.43596e+00     2.37362e+02     1.61236e+01     2.90552e+01
    2.44004e+00     2.37028e+02     1.60327e+01     2.89200e+01
    2.44414e+00     2.36525e+02     1.59715e+01     2.88006e+01
    2.44823e+00     2.36557e+02     1.60278e+01     2.86015e+01
    2.45232e+00     2.35852e+02     1.58398e+01     2.85128e+01
    2.45640e+00     2.35086e+02     1.57963e+01     2.83658e+01
    2.46050e+00     2.34682e+02     1.57739e+01     2.82336e+01
    2.46459e+00     2.34546e+02     1.57135e+01     2.80827e+01
    2.46868e+00     2.33995e+02     1.56300e+01     2.79169e+01
    2.47277e+00     2.33490e+02     1.55385e+01     2.77818e+01
    2.47686e+00     2.32959e+02     1.56478e+01     2.76898e+01
    2.48095e+00     2.32471e+02     1.55317e+01     2.75364e+01
    2.48504e+00     2.32098e+02     1.54713e+01     2.74227e+01
    2.48913e+00     2.31727e+02     1.53747e+01     2.72679e+01
    2.49322e+00     2.31283e+02     1.53768e+01     2.71225e+01
    2.49731e+00     2.30614e+02     1.53329e+01     2.70172e+01
    2.50141e+00     2.30456e+02     1.53126e+01     2.68904e+01
    2.50550e+00     2.29587e+02     1.52361e+01     2.67272e+01
    2.50959e+00     2.29343e+02     1.51386e+01     2.65785e+01
    2.51368e+00     2.28657e+02     1.50535e+01     2.64891e+01
    2.51777e+00     2.28639e+02     1.51397e+01     2.63747e+01
    2.52186e+00     2.27830e+02     1.49735e+01     2.61747e+01
    2.52595e+00     2.27430e+02     1.49985e+01     2.60928e+01
    2.53004e+00     2.26859e+02     1.48600e+01     2.59575e+01
    2.53413e+00     2.26781e+02     1.48678e+01     2.58464e+01
    2.53822e+00     2.26221e+02     1.47794e+01     2.56907e+01
    2.54231e+00     2.25457e+02     1.47376e+01     2.55986e+01
    2.54640e+00     2.25445e+02     1.47327e+01     2.54600e+01
    2.55049e+00     2.24887e+02     1.46704e+01     2.53320e+01
    2.55458e+00     2.24439e+02     1.45696e+01     2.51704e+01
    2.55867e+00     2.23904e+02     1.45607e+01     2.50840e+01
    2.56276e+00     2.23481e+02     1.45479e+01     2.49595e+01
    2.56685e+00     2.23164e+02     1.44478e+01     2.48275e+01
    2.57095e+00     2.22735e+02     1.44796e+01     2.47456e+01
    2.57504e+00     2.22085e+02     1.43860e+01     2.45745e+01
    2.57913e+00     2.21732e+02     1.42965e+01     2.44334e+01
    2.58322e+00     2.21172e+02     1.42605e+01     2.43475e+01
    2.58731e+00     2.21012e+02     1.43006e+01     2.42595e+01
    2.59140e+00     2.20486e+02     1.41772e+01     2.41008e+01
    2.59549e+00     2.20013e+02     1.41341e+01     2.39784e+01
    2.59958e+00     2.19377e+02     1.41208e+01     2.39069e+01
    2.60367e+00     2.19057e+02     1.40220e+01     2.37599e+01
    2.60776e+00     2.18615e+02     1.40733e+01     2.36529e+01
    2.61185e+00     2.18298e+02     1.40023e+01     2.35580e+01
    2.61594e+00     2.17791e+02     1.39139e+01     2.34121e+01
    2.62003e+00     2.17359e+02     1.38619e+01     2.32947e+01
    2.62412e+00     2.16791e+02     1.38259e+01     2.31950e+01
    2.62821e+00     2.16231e+02     1.38526e+01     2.30889e+01
    2.63230e+00     2.16046e+02     1.37458e+01     2.29630e+01
    2.63640e+00     2.15708e+02     1.37044e+01     2.28441e+01
    2.64049e+00     2.15047e+02     1.36977e+01     2.27405e+01
    2.64457e+00     2.14338e+02     1.35970e+01     2.25983e+01
    2.64867e+00     2.14471e+02     1.36254e+01     2.24900e+01
    2.65276e+00     2.13781e+02     1.35077e+01     2.23689e+01
    2.65685e+00     2.13519e+02     1.35561e+01     2.22988e+01
    2.66094e+00     2.12819e+02     1.34396e+01     2.21682e+01
    2.66503e+00     2.12472e+02     1.34246e+01     2.20429e+01
    2.66912e+00     2.12147e+02     1.33473e+01     2.19507e+01
    2.67321e+00     2.11576e+02     1.33064e+01     2.18131e+01
    2.67730e+00     2.11174e+02     1.32785e+01     2.17287e+01
    2.68139e+00     2.10553e+02     1.31935e+01     2.16328e+01
    2.68548e+00     2.10347e+02     1.31907e+01     2.15005e+01
    2.68957e+00     2.09763e+02     1.31280e+01     2.14139e+01
    2.69366e+00     2.09265e+02     1.30632e+01     2.13003e+01
    2.69776e+00     2.09070e+02     1.30798e+01     2.11868e+01
    2.70185e+00     2.08748e+02     1.30680e+01     2.10873e+01
    2.70594e+00     2.08266e+02     1.29446e+01     2.09794e+01
    2.71003e+00     2.07715e+02     1.29354e+01     2.08718e+01
    2.71412e+00     2.07175e+02     1.28860e+01     2.07631e+01
    2.71821e+00     2.06926e+02     1.28659e+01     2.06679e+01
    2.72230e+00     2.06497e+02     1.27993e+01     2.05795e+01
    2.72639e+00     2.05907e+02     1.27734e+01     2.04588e+01
    2.73048e+00     2.05713e+02     1.27339e+01     2.03483e+01
    2.73457e+00     2.05164e+02     1.26671e+01     2.02633e+01
    2.73866e+00     2.04660e+02     1.25983e+01     2.01379e+01
    2.74275e+00     2.04370e+02     1.26354e+01     2.00641e+01
    2.74684e+00     2.03934e+02     1.25535e+01     1.99726e+01
    2.75093e+00     2.03388e+02     1.25360e+01     1.98488e+01
    2.75502e+00     2.03251e+02     1.24944e+01     1.97660e+01
    2.75911e+00     2.02635e+02     1.24643e+01     1.96712e+01
    2.76320e+00     2.02144e+02     1.24205e+01     1.95642e+01
    2.76730e+00     2.01835e+02     1.23764e+01     1.94744e+01
    2.77139e+00     2.01360e+02     1.23212e+01     1.93782e+01
    2.77548e+00     2.00895e+02     1.23081e+01     1.92815e+01
    2.77957e+00     2.00341e+02     1.22463e+01     1.91762e+01
    2.78366e+00     1.99961e+02     1.22582e+01     1.90838e+01
    2.78775e+00     1.99682e+02     1.20984e+01     1.89784e+01
    2.79184e+00     1.99216e+02     1.21527e+01     1.88776e+01
    2.79593e+00     1.98765e+02     1.20944e+01     1.87923e+01
    2.80002e+00     1.98551e+02     1.20668e+01     1.86909e+01
    2.80411e+00     1.97967e+02     1.20595e+01     1.85917e+01
    2.80820e+00     1.97628e+02     1.19668e+01     1.85166e+01
    2.81229e+00     1.97050e+02     1.19787e+01     1.84187e+01
    2.81638e+00     1.96575e+02     1.18922e+01     1.83250e+01
    2.82047e+00     1.96400e+02     1.19394e+01     1.82373e+01
    2.82457e+00     1.95832e+02     1.18409e+01     1.81394e+01
    2.82866e+00     1.95489e+02     1.17997e+01     1.80348e+01
    2.83275e+00     1.95062e+02     1.17736e+01     1.79629e+01
    2.83684e+00     1.94622e+02     1.17050e+01     1.78723e+01
    2.84093e+00     1.94333e+02     1.16683e+01     1.77908e+01
    2.84502e+00     1.93790e+02     1.16429e+01     1.76988e+01
    2.84911e+00     1.93341e+02     1.16021e+01     1.75957e+01
    2.85320e+00     1.93205e+02     1.15658e+01     1.75125e+01
    2.85729e+00     1.92527e+02     1.15591e+01     1.74262e+01
    2.86138e+00     1.92367e+02     1.15189e+01     1.73153e+01
    2.86547e+00     1.91600e+02     1.14445e+01     1.72365e+01
    2.86956e+00     1.91553e+02     1.14390e+01     1.71457e+01
    2.87365e+00     1.91000e+02     1.14141e+01     1.70699e+01
    2.87774e+00     1.90621e+02     1.13962e+01     1.69849e+01
    2.88183e+00     1.90198e+02     1.13168e+01     1.68933e+01
    2.88592e+00     1.89825e+02     1.13275e+01     1.68130e+01
    2.89001e+00     1.89395e+02     1.12471e+01     1.67245e+01
    2.89410e+00     1.88898e+02     1.11933e+01     1.66434e+01
    2.89820e+00     1.88640e+02     1.11573e+01     1.65442e+01
    2.90229e+00     1.88308e+02     1.11887e+01     1.64810e+01
    2.90638e+00     1.87924e+02     1.11327e+01     1.63852e+01
    2.91047e+00     1.87374e+02     1.10987e+01     1.63018e+01
    2.91456e+00     1.87160e+02     1.10568e+01     1.62194e+01
    2.91865e+00     1.86635e+02     1.10338e+01     1.61361e+01
    2.92274e+00     1.86224e+02     1.10020e+01     1.60683e+01
    2.92683e+00     1.85791e+02     1.09334e+01     1.59769e+01
    2.93092e+00     1.85457e+02     1.09391e+01     1.59052e+01
    2.93501e+00     1.85162e+02     1.08782e+01     1.58193e+01
    2.93910e+00     1.84570e+02     1.08377e+01     1.57401e+01
    2.94319e+00     1.84278e+02     1.08122e+01     1.56678e+01
    2.94728e+00     1.83731e+02     1.07952e+01     1.55884e+01
    2.95137e+00     1.83226e+02     1.07214e+01     1.54941e+01
    2.95546e+00     1.83086e+02     1.07011e+01     1.54162e+01
    2.95955e+00     1.82564e+02     1.06470e+01     1.53319e+01
    2.96364e+00     1.82243e+02     1.06430e+01     1.52623e+01
    2.96774e+00     1.81925e+02     1.05952e+01     1.51814e+01
    2.97183e+00     1.81473e+02     1.05622e+01     1.51103e+01
    2.97592e+00     1.81138e+02     1.05551e+01     1.50287e+01
    2.98001e+00     1.80411e+02     1.05028e+01     1.49620e+01
    2.98410e+00     1.80287e+02     1.04639e+01     1.48711e+01
    2.98819e+00     1.80046e+02     1.04421e+01     1.48059e+01
    2.99228e+00     1.79503e+02     1.04308e+01     1.47120e+01
    2.99637e+00     1.79224e+02     1.03555e+01     1.46494e+01
    3.00046e+00     1.78867e+02     1.03031e+01     1.45554e+01
    3.00455e+00     1.78336e+02     1.03029e+01     1.45049e+01
    3.00864e+00     1.78155e+02     1.02938e+01     1.44147e+01
    3.01273e+00     1.77762e+02     1.02551e+01     1.43444e+01
    3.01682e+00     1.77312e+02     1.01777e+01     1.42575e+01
    3.02091e+00     1.76895e+02     1.02070e+01     1.42104e+01
    3.02500e+00     1.76278e+02     1.01415e+01     1.41350e+01
    3.02910e+00     1.76046e+02     1.00995e+01     1.40595e+01
    3.03319e+00     1.75576e+02     1.00802e+01     1.39951e+01
    3.03728e+00     1.75243e+02     1.00387e+01     1.39087e+01
    3.04137e+00     1.74897e+02     1.00174e+01     1.38426e+01
    3.04546e+00     1.74623e+02     9.98151e+00     1.37876e+01
    3.04955e+00     1.74183e+02     9.94839e+00     1.37006e+01
    3.05364e+00     1.73840e+02     9.92317e+00     1.36262e+01
    3.05773e+00     1.73531e+02     9.92497e+00     1.35650e+01
    3.06182e+00     1.73040e+02     9.84234e+00     1.34755e+01
    3.06591e+00     1.72498e+02     9.84317e+00     1.34328e+01
    3.07000e+00     1.72278e+02     9.78585e+00     1.33598e+01
    3.07409e+00     1.71922e+02     9.79715e+00     1.33018e+01
    3.07818e+00     1.71598e+02     9.77932e+00     1.32169e+01
    3.08227e+00     1.71038e+02     9.69340e+00     1.31619e+01
    3.08636e+00     1.70702e+02     9.69439e+00     1.30981e+01
    3.09045e+00     1.70535e+02     9.63302e+00     1.30313e+01
    3.09454e+00     1.69970e+02     9.62947e+00     1.29624e+01
    3.09863e+00     1.69728e+02     9.60572e+00     1.28877e+01
    3.10272e+00     1.69297e+02     9.54150e+00     1.28128e+01
    3.10682e+00     1.68990e+02     9.53274e+00     1.27567e+01
    3.11091e+00     1.68542e+02     9.51835e+00     1.27095e+01
    3.11500e+00     1.68277e+02     9.45376e+00     1.26296e+01
    3.11909e+00     1.67895e+02     9.44601e+00     1.25636e+01
    3.12318e+00     1.67418e+02     9.40262e+00     1.25065e+01
    3.12727e+00     1.67017e+02     9.38281e+00     1.24342e+01
    3.13136e+00     1.66716e+02     9.36825e+00     1.23633e+01
    3.13545e+00     1.66444e+02     9.33924e+00     1.23104e+01
    3.13954e+00     1.65957e+02     9.27389e+00     1.22465e+01
    3.14363e+00     1.65573e+02     9.26355e+00     1.21879e+01
    3.14772e+00     1.65258e+02     9.21705e+00     1.21244e+01
    3.15181e+00     1.64906e+02     9.22530e+00     1.20592e+01
    3.15590e+00     1.64568e+02     9.21915e+00     1.20030e+01
    3.16000e+00     1.64524e+02     9.21704e+00     1.19420e+01
    3.16409e+00     1.63886e+02     9.12891e+00     1.18822e+01
    3.16818e+00     1.63428e+02     9.09661e+00     1.18139e+01
    3.17227e+00     1.63107e+02     9.06303e+00     1.17533e+01
    3.17636e+00     1.62806e+02     9.03073e+00     1.16935e+01
    3.18045e+00     1.62413e+02     9.05003e+00     1.16307e+01
    3.18454e+00     1.62063e+02     9.03606e+00     1.15775e+01
    3.18863e+00     1.61763e+02     8.96338e+00     1.15164e+01
    3.19272e+00     1.61348e+02     8.94287e+00     1.14574e+01
    3.19681e+00     1.60951e+02     8.92964e+00     1.14041e+01
    3.20090e+00     1.60683e+02     8.89675e+00     1.13432e+01
    3.20499e+00     1.60327e+02     8.86665e+00     1.12809e+01
    3.20908e+00     1.60154e+02     8.81886e+00     1.12189e+01
    3.21317e+00     1.59681e+02     8.82406e+00     1.11656e+01
    3.21726e+00     1.59352e+02     8.76818e+00     1.10995e+01
    3.22135e+00     1.59052e+02     8.78546e+00     1.10523e+01
    3.22545e+00     1.58664e+02     8.70675e+00     1.10022e+01
    3.22954e+00     1.58383e+02     8.69771e+00     1.09416e+01
    3.23363e+00     1.57732e+02     8.68558e+00     1.08783e+01
    3.23772e+00     1.57788e+02     8.64321e+00     1.08272e+01
    3.24181e+00     1.57228e+02     8.61049e+00     1.07674e+01
    3.24590e+00     1.56692e+02     8.58520e+00     1.07153e+01
    3.24999e+00     1.56533e+02     8.56320e+00     1.06663e+01
    3.25408e+00     1.56073e+02     8.53422e+00     1.05976e+01
    3.25817e+00     1.55796e+02     8.54124e+00     1.05546e+01
    3.26226e+00     1.55321e+02     8.47364e+00     1.04938e+01
    3.26635e+00     1.54999e+02     8.44852e+00     1.04358e+01
    3.27044e+00     1.54894e+02     8.44520e+00     1.03910e+01
    3.27453e+00     1.54575e+02     8.42177e+00     1.03298e+01
    3.27862e+00     1.54129e+02     8.40377e+00     1.02747e+01
    3.28271e+00     1.53812e+02     8.37591e+00     1.02264e+01
    3.28681e+00     1.53471e+02     8.32294e+00     1.01840e+01
    3.29090e+00     1.53102e+02     8.33355e+00     1.01304e+01
    3.29499e+00     1.52701e+02     8.23903e+00     1.00708e+01
    3.29908e+00     1.52490e+02     8.29806e+00     1.00237e+01
    3.30317e+00     1.52089e+02     8.23213e+00     9.96552e+00
    3.30725e+00     1.51679e+02     8.17352e+00     9.91945e+00
    3.31135e+00     1.51523e+02     8.17949e+00     9.86936e+00
    3.31544e+00     1.51074e+02     8.16333e+00     9.81625e+00
    3.31953e+00     1.50740e+02     8.10685e+00     9.75634e+00
    3.32362e+00     1.50315e+02     8.09135e+00     9.71927e+00
    3.32771e+00     1.50156e+02     8.11131e+00     9.67585e+00
    3.33180e+00     1.49675e+02     8.05287e+00     9.62013e+00
    3.33589e+00     1.49334e+02     8.04956e+00     9.57136e+00
    3.33998e+00     1.49120e+02     7.99371e+00     9.51173e+00
    3.34407e+00     1.48698e+02     7.99324e+00     9.47550e+00
    3.34816e+00     1.48466e+02     7.94195e+00     9.42465e+00
    3.35226e+00     1.48206e+02     7.95218e+00     9.37406e+00
    3.35634e+00     1.47884e+02     7.90590e+00     9.31213e+00
    3.36043e+00     1.47559e+02     7.90419e+00     9.27365e+00
    3.36453e+00     1.47137e+02     7.86575e+00     9.23338e+00
    3.36862e+00     1.46903e+02     7.85900e+00     9.18650e+00
    3.37271e+00     1.46453e+02     7.80415e+00     9.13472e+00
    3.37680e+00     1.46194e+02     7.81441e+00     9.10006e+00
    3.38089e+00     1.45973e+02     7.79059e+00     9.04732e+00
    3.38498e+00     1.45548e+02     7.75779e+00     8.99644e+00
    3.38907e+00     1.45374e+02     7.74342e+00     8.95494e+00
    3.39316e+00     1.44899e+02     7.69550e+00     8.90273e+00
    3.39725e+00     1.44573e+02     7.67190e+00     8.85652e+00
    3.40134e+00     1.44309e+02     7.66584e+00     8.81265e+00
    3.40543e+00     1.44072e+02     7.63939e+00     8.76166e+00
    3.40952e+00     1.43743e+02     7.59704e+00     8.71873e+00
    3.41362e+00     1.43385e+02     7.59774e+00     8.68117e+00
    3.41770e+00     1.43024e+02     7.56113e+00     8.62883e+00
    3.42179e+00     1.42702e+02     7.53160e+00     8.58880e+00
    3.42588e+00     1.42310e+02     7.51128e+00     8.54851e+00
    3.42997e+00     1.42251e+02     7.49534e+00     8.50011e+00
    3.43406e+00     1.41714e+02     7.48062e+00     8.45925e+00
    3.43816e+00     1.41320e+02     7.45753e+00     8.41929e+00
    3.44225e+00     1.41077e+02     7.41347e+00     8.36713e+00
    3.44634e+00     1.40991e+02     7.42244e+00     8.32726e+00
    3.45043e+00     1.40527e+02     7.38844e+00     8.28174e+00
    3.45452e+00     1.40271e+02     7.36687e+00     8.24262e+00
    3.45861e+00     1.39886e+02     7.33647e+00     8.20258e+00
    3.46270e+00     1.39673e+02     7.33098e+00     8.15523e+00
    3.46679e+00     1.39227e+02     7.29008e+00     8.11722e+00
    3.47088e+00     1.39108e+02     7.25856e+00     8.07801e+00
    3.47497e+00     1.38608e+02     7.24968e+00     8.03532e+00
    3.47906e+00     1.38402e+02     7.20930e+00     7.99257e+00
    3.48315e+00     1.38102e+02     7.21831e+00     7.95370e+00
    3.48725e+00     1.37839e+02     7.17315e+00     7.90560e+00
    3.49134e+00     1.37448e+02     7.16964e+00     7.87847e+00
    3.49543e+00     1.37107e+02     7.14937e+00     7.84067e+00
    3.49952e+00     1.36958e+02     7.13486e+00     7.79614e+00
    3.50361e+00     1.36623e+02     7.09727e+00     7.75837e+00
    3.50770e+00     1.36199e+02     7.06458e+00     7.71366e+00
    3.51179e+00     1.36099e+02     7.05968e+00     7.68612e+00
    3.51588e+00     1.35743e+02     7.03184e+00     7.63888e+00
    3.51997e+00     1.35255e+02     7.00005e+00     7.59569e+00
    3.52406e+00     1.35170e+02     7.00639e+00     7.55506e+00
    3.52815e+00     1.34862e+02     6.97374e+00     7.51890e+00
    3.53224e+00     1.34519e+02     6.97073e+00     7.47995e+00
    3.53633e+00     1.34324e+02     6.93503e+00     7.44386e+00
    3.54042e+00     1.33917e+02     6.91542e+00     7.40692e+00
    3.54451e+00     1.33639e+02     6.89168e+00     7.36692e+00
    3.54860e+00     1.33294e+02     6.86317e+00     7.33264e+00
    3.55270e+00     1.33106e+02     6.85736e+00     7.29625e+00
    3.55679e+00     1.32796e+02     6.82383e+00     7.25921e+00
    3.56088e+00     1.32476e+02     6.81312e+00     7.21977e+00
    3.56497e+00     1.32232e+02     6.79203e+00     7.18431e+00
    3.56906e+00     1.31926e+02     6.77104e+00     7.14774e+00
    3.57315e+00     1.31587e+02     6.75625e+00     7.11240e+00
    3.57724e+00     1.31403e+02     6.74988e+00     7.08225e+00
    3.58133e+00     1.31052e+02     6.69916e+00     7.04049e+00
    3.58542e+00     1.30752e+02     6.69285e+00     7.00894e+00
    3.58951e+00     1.30342e+02     6.66702e+00     6.97121e+00
    3.59360e+00     1.30301e+02     6.66360e+00     6.93560e+00
    3.59769e+00     1.29896e+02     6.62970e+00     6.89821e+00
    3.60178e+00     1.29680e+02     6.61116e+00     6.86574e+00
    3.60587e+00     1.29386e+02     6.58765e+00     6.83147e+00
    3.60996e+00     1.29058e+02     6.57772e+00     6.79889e+00
    3.61405e+00     1.28901e+02     6.56714e+00     6.76170e+00
    3.61814e+00     1.28542e+02     6.53205e+00     6.72939e+00
    3.62224e+00     1.28286e+02     6.50917e+00     6.69049e+00
    3.62633e+00     1.28024e+02     6.48837e+00     6.65613e+00
    3.63042e+00     1.27642e+02     6.46461e+00     6.63302e+00
    3.63451e+00     1.27452e+02     6.45964e+00     6.60018e+00
    3.63860e+00     1.27199e+02     6.43724e+00     6.55915e+00
    3.64269e+00     1.26998e+02     6.43514e+00     6.52895e+00
    3.64678e+00     1.26623e+02     6.40501e+00     6.49465e+00
    3.65087e+00     1.26402e+02     6.39016e+00     6.46509e+00
    3.65496e+00     1.26042e+02     6.34816e+00     6.42820e+00
    3.65905e+00     1.25781e+02     6.34118e+00     6.39547e+00
    3.66314e+00     1.25660e+02     6.33236e+00     6.36981e+00
    3.66723e+00     1.25269e+02     6.32465e+00     6.33182e+00
    3.67132e+00     1.24991e+02     6.29130e+00     6.30061e+00
    3.67541e+00     1.24754e+02     6.28114e+00     6.27088e+00
    3.67950e+00     1.24551e+02     6.25022e+00     6.24439e+00
    3.68359e+00     1.24221e+02     6.24135e+00     6.20992e+00
    3.68769e+00     1.23966e+02     6.23167e+00     6.17987e+00
    3.69177e+00     1.23683e+02     6.20578e+00     6.15020e+00
    3.69587e+00     1.23355e+02     6.18523e+00     6.11554e+00
    3.69996e+00     1.23071e+02     6.16276e+00     6.08348e+00
    3.70405e+00     1.22883e+02     6.14370e+00     6.06036e+00
    3.70814e+00     1.22594e+02     6.11769e+00     6.03052e+00
    3.71223e+00     1.22481e+02     6.12924e+00     6.00224e+00
    3.71632e+00     1.22176e+02     6.10832e+00     5.97076e+00
    3.72041e+00     1.21909e+02     6.09062e+00     5.94373e+00
    3.72450e+00     1.21553e+02     6.04883e+00     5.90636e+00
    3.72859e+00     1.21401e+02     6.05088e+00     5.88182e+00
    3.73268e+00     1.21125e+02     6.03499e+00     5.85223e+00
    3.73677e+00     1.20857e+02     6.01473e+00     5.82493e+00
    3.74086e+00     1.20540e+02     5.99670e+00     5.79506e+00
    3.74495e+00     1.20217e+02     5.97281e+00     5.76686e+00
    3.74905e+00     1.20165e+02     5.96768e+00     5.74049e+00
    3.75313e+00     1.19806e+02     5.93326e+00     5.70670e+00
    3.75722e+00     1.19542e+02     5.91889e+00     5.68735e+00
    3.76131e+00     1.19395e+02     5.92061e+00     5.65497e+00
    3.76541e+00     1.19088e+02     5.89536e+00     5.63162e+00
    3.76950e+00     1.18868e+02     5.86762e+00     5.60192e+00
    3.77359e+00     1.18559e+02     5.85635e+00     5.57564e+00
    3.77768e+00     1.18365e+02     5.84706e+00     5.54767e+00
    3.78177e+00     1.18145e+02     5.82521e+00     5.52328e+00
    3.78586e+00     1.17813e+02     5.78692e+00     5.49513e+00
    3.78995e+00     1.17557e+02     5.78999e+00     5.46648e+00
    3.79404e+00     1.17403e+02     5.78199e+00     5.44119e+00
    3.79813e+00     1.17066e+02     5.76234e+00     5.41547e+00
    3.80222e+00     1.16939e+02     5.75360e+00     5.38869e+00
    3.80632e+00     1.16630e+02     5.72922e+00     5.36197e+00
    3.81040e+00     1.16348e+02     5.70461e+00     5.33684e+00
    3.81449e+00     1.16113e+02     5.68883e+00     5.31271e+00
    3.81859e+00     1.15947e+02     5.67330e+00     5.28299e+00
    3.82268e+00     1.15712e+02     5.67169e+00     5.26091e+00
    3.82677e+00     1.15399e+02     5.64437e+00     5.23519e+00
    3.83086e+00     1.15236e+02     5.63017e+00     5.20939e+00
    3.83495e+00     1.14977e+02     5.61746e+00     5.18746e+00
    3.83904e+00     1.14668e+02     5.60453e+00     5.16203e+00
    3.84313e+00     1.14483e+02     5.57301e+00     5.13530e+00
    3.84722e+00     1.14263e+02     5.57360e+00     5.11359e+00
    3.85131e+00     1.14136e+02     5.56047e+00     5.08677e+00
    3.85540e+00     1.13876e+02     5.54361e+00     5.06522e+00
    3.85949e+00     1.13592e+02     5.53556e+00     5.04019e+00
    3.86358e+00     1.13346e+02     5.50771e+00     5.01462e+00
    3.86768e+00     1.13090e+02     5.49662e+00     4.99309e+00
    3.87177e+00     1.12952e+02     5.48318e+00     4.96756e+00
    3.87585e+00     1.12732e+02     5.47544e+00     4.94690e+00
    3.87994e+00     1.12478e+02     5.45817e+00     4.92587e+00
    3.88403e+00     1.12195e+02     5.43964e+00     4.89928e+00
    3.88813e+00     1.12038e+02     5.42765e+00     4.87748e+00
    3.89222e+00     1.11717e+02     5.42082e+00     4.85389e+00
    3.89631e+00     1.11432e+02     5.37753e+00     4.82875e+00
    3.90040e+00     1.11313e+02     5.37920e+00     4.80817e+00
    3.90449e+00     1.11059e+02     5.35969e+00     4.78770e+00
    3.90858e+00     1.10873e+02     5.34434e+00     4.76562e+00
    3.91267e+00     1.10664e+02     5.33280e+00     4.74020e+00
    3.91676e+00     1.10381e+02     5.32230e+00     4.72449e+00
    3.92085e+00     1.10234e+02     5.29998e+00     4.69627e+00
    3.92494e+00     1.09915e+02     5.28944e+00     4.67939e+00
    3.92903e+00     1.09743e+02     5.27526e+00     4.65573e+00
    3.93312e+00     1.09535e+02     5.25562e+00     4.63407e+00
    3.93721e+00     1.09356e+02     5.24365e+00     4.61194e+00
    3.94130e+00     1.09067e+02     5.23867e+00     4.59138e+00
    3.94539e+00     1.08945e+02     5.22489e+00     4.57025e+00
    3.94949e+00     1.08584e+02     5.19907e+00     4.54893e+00
    3.95358e+00     1.08496e+02     5.18000e+00     4.52884e+00
    3.95767e+00     1.08256e+02     5.17661e+00     4.50898e+00
    3.96176e+00     1.08035e+02     5.16018e+00     4.48973e+00
    3.96585e+00     1.07817e+02     5.15285e+00     4.46839e+00
    3.96994e+00     1.07584e+02     5.14869e+00     4.44926e+00
    3.97403e+00     1.07402e+02     5.11983e+00     4.42917e+00
    3.97812e+00     1.07181e+02     5.11109e+00     4.41021e+00
    3.98221e+00     1.06951e+02     5.10067e+00     4.38788e+00
    3.98630e+00     1.06771e+02     5.08458e+00     4.37212e+00
    3.99039e+00     1.06572e+02     5.06505e+00     4.35144e+00
    3.99448e+00     1.06269e+02     5.04551e+00     4.33030e+00
    3.99857e+00     1.06135e+02     5.05430e+00     4.31371e+00
    4.00266e+00     1.05968e+02     5.02781e+00     4.29144e+00
    4.00675e+00     1.05698e+02     5.01294e+00     4.27533e+00
    4.01085e+00     1.05466e+02     5.00707e+00     4.25437e+00
    4.01494e+00     1.05377e+02     4.99427e+00     4.23942e+00
    4.01902e+00     1.05256e+02     4.99075e+00     4.22038e+00
    4.02312e+00     1.04948e+02     4.96257e+00     4.20100e+00
    4.02721e+00     1.04791e+02     4.95359e+00     4.18006e+00
    4.03130e+00     1.04553e+02     4.94621e+00     4.16427e+00
    4.03539e+00     1.04356e+02     4.92817e+00     4.14290e+00
    4.03948e+00     1.04248e+02     4.91738e+00     4.12923e+00
    4.04357e+00     1.03952e+02     4.89649e+00     4.10890e+00
    4.04766e+00     1.03900e+02     4.89965e+00     4.09323e+00
    4.05175e+00     1.03630e+02     4.88760e+00     4.07462e+00
    4.05584e+00     1.03402e+02     4.87059e+00     4.05649e+00
    4.05993e+00     1.03223e+02     4.85794e+00     4.04056e+00
    4.06402e+00     1.03067e+02     4.84986e+00     4.02467e+00
    4.06811e+00     1.02786e+02     4.83050e+00     4.00565e+00
    4.07220e+00     1.02618e+02     4.82045e+00     3.98950e+00
    4.07630e+00     1.02364e+02     4.81308e+00     3.97465e+00
    4.08038e+00     1.02249e+02     4.79849e+00     3.95706e+00
    4.08447e+00     1.02022e+02     4.78429e+00     3.94127e+00
    4.08857e+00     1.01878e+02     4.78228e+00     3.92630e+00
    4.09266e+00     1.01741e+02     4.76587e+00     3.90869e+00
    4.09675e+00     1.01477e+02     4.73969e+00     3.88970e+00
    4.10084e+00     1.01348e+02     4.74390e+00     3.87724e+00
    4.10493e+00     1.01122e+02     4.72126e+00     3.85971e+00
    4.10902e+00     1.00986e+02     4.72614e+00     3.84156e+00
    4.11311e+00     1.00797e+02     4.70757e+00     3.82713e+00
    4.11720e+00     1.00669e+02     4.69186e+00     3.81351e+00
    4.12129e+00     1.00451e+02     4.69148e+00     3.79594e+00
    4.12538e+00     1.00138e+02     4.66373e+00     3.77961e+00
    4.12947e+00     9.99795e+01     4.65973e+00     3.76448e+00
    4.13356e+00     9.98464e+01     4.64607e+00     3.75129e+00
    4.13765e+00     9.97545e+01     4.65146e+00     3.73636e+00
    4.14175e+00     9.95454e+01     4.63874e+00     3.72185e+00
    4.14584e+00     9.93230e+01     4.61351e+00     3.70811e+00
    4.14993e+00     9.91129e+01     4.60542e+00     3.69357e+00
    4.15402e+00     9.89738e+01     4.58953e+00     3.67903e+00
    4.15811e+00     9.89056e+01     4.59384e+00     3.66490e+00
    4.16220e+00     9.86601e+01     4.57079e+00     3.64897e+00
    4.16629e+00     9.85245e+01     4.55338e+00     3.63421e+00
    4.17038e+00     9.83381e+01     4.56228e+00     3.62419e+00
    4.17447e+00     9.80715e+01     4.54385e+00     3.60667e+00
    4.17856e+00     9.79338e+01     4.52896e+00     3.59339e+00
    4.18265e+00     9.78047e+01     4.52202e+00     3.57667e+00
    4.18674e+00     9.76124e+01     4.51526e+00     3.56664e+00
