# Real space auto- and cross-spectra.
# z=3.000, 13.000<lgM<13.500
#      k[h/Mpc]            P_hh            P_hm            P_mm
    0.00000e+00     0.00000e+00     0.00000e+00     0.00000e+00
    5.79404e-03     3.92495e+05     2.24742e+04     2.05795e+03
    1.04717e-02     2.99278e+05     1.96209e+04     2.60555e+03
    1.42665e-02     3.46034e+05     1.82336e+04     2.04402e+03
    1.81228e-02     3.88036e+05     2.44713e+04     2.85781e+03
    2.24845e-02     3.60006e+05     2.10587e+04     2.46412e+03
    2.64508e-02     3.02414e+05     1.71565e+04     2.17324e+03
    3.04474e-02     2.71832e+05     1.47985e+04     2.09850e+03
    3.47320e-02     2.92171e+05     1.36993e+04     1.70781e+03
    3.88308e-02     2.73329e+05     1.27895e+04     1.65041e+03
    4.28140e-02     2.45437e+05     1.06428e+04     1.36046e+03
    4.68856e-02     2.66045e+05     1.06964e+04     1.29858e+03
    5.09858e-02     2.71608e+05     1.06308e+04     1.31714e+03
    5.51458e-02     2.53904e+05     9.67874e+03     1.19082e+03
    5.92243e-02     2.42899e+05     8.76238e+03     1.12119e+03
    6.32864e-02     2.53853e+05     8.67263e+03     1.04007e+03
    6.73674e-02     2.47643e+05     7.98437e+03     9.93796e+02
    7.14960e-02     2.38885e+05     7.60790e+03     9.44377e+02
    7.55894e-02     2.38442e+05     7.91968e+03     9.29284e+02
    7.96660e-02     2.30367e+05     6.50571e+03     8.12565e+02
    8.38183e-02     2.22710e+05     6.33160e+03     7.57482e+02
    8.78941e-02     2.18472e+05     5.55807e+03     6.82374e+02
    9.19238e-02     2.17526e+05     5.43190e+03     6.53080e+02
    9.60446e-02     2.11678e+05     5.05012e+03     6.10851e+02
    1.00128e-01     2.10811e+05     4.37543e+03     5.46321e+02
    1.04209e-01     2.04590e+05     4.17149e+03     5.15235e+02
    1.08333e-01     2.08094e+05     4.14305e+03     5.07846e+02
    1.12448e-01     2.08617e+05     4.12946e+03     4.85358e+02
    1.16521e-01     2.09463e+05     3.88898e+03     4.66360e+02
    1.20596e-01     2.09049e+05     3.82097e+03     4.48480e+02
    1.24665e-01     1.98901e+05     3.40830e+03     4.29768e+02
    1.28771e-01     2.04400e+05     3.48009e+03     4.15157e+02
    1.32874e-01     1.97950e+05     3.33824e+03     3.92632e+02
    1.36975e-01     2.01015e+05     3.45010e+03     3.91962e+02
    1.41075e-01     1.99022e+05     3.15444e+03     3.71678e+02
    1.45172e-01     1.99141e+05     2.99005e+03     3.40889e+02
    1.49268e-01     1.94918e+05     2.83707e+03     3.26519e+02
    1.53330e-01     1.93668e+05     2.56551e+03     3.08542e+02
    1.57416e-01     1.93742e+05     2.59506e+03     2.87481e+02
    1.61514e-01     1.92343e+05     2.41287e+03     2.73497e+02
    1.65592e-01     1.92553e+05     2.36363e+03     2.63930e+02
    1.69693e-01     1.86531e+05     2.18075e+03     2.51362e+02
    1.73803e-01     1.88388e+05     2.17075e+03     2.43343e+02
    1.77905e-01     1.87422e+05     2.15692e+03     2.37828e+02
    1.82001e-01     1.88039e+05     2.11340e+03     2.32162e+02
    1.86092e-01     1.85009e+05     1.96293e+03     2.25166e+02
    1.90161e-01     1.85832e+05     1.99229e+03     2.18427e+02
    1.94237e-01     1.85598e+05     1.91521e+03     2.12380e+02
    1.98334e-01     1.84247e+05     1.87256e+03     2.06763e+02
    2.02427e-01     1.85154e+05     1.83861e+03     1.99743e+02
    2.06523e-01     1.82665e+05     1.72321e+03     1.89966e+02
    2.10626e-01     1.80605e+05     1.67801e+03     1.82237e+02
    2.14724e-01     1.80384e+05     1.65976e+03     1.76451e+02
    2.18827e-01     1.80203e+05     1.57311e+03     1.68539e+02
    2.22903e-01     1.79375e+05     1.53893e+03     1.60399e+02
    2.26990e-01     1.78989e+05     1.48439e+03     1.57343e+02
    2.31084e-01     1.77638e+05     1.41113e+03     1.50149e+02
    2.35153e-01     1.79220e+05     1.40282e+03     1.45771e+02
    2.39244e-01     1.75839e+05     1.38469e+03     1.43716e+02
    2.43338e-01     1.79046e+05     1.40728e+03     1.41251e+02
    2.47445e-01     1.79315e+05     1.34543e+03     1.36998e+02
    2.51539e-01     1.78031e+05     1.37374e+03     1.34866e+02
    2.55609e-01     1.74895e+05     1.28234e+03     1.30210e+02
    2.59718e-01     1.75605e+05     1.26789e+03     1.28159e+02
    2.63814e-01     1.76685e+05     1.27546e+03     1.24027e+02
    2.67904e-01     1.74765e+05     1.23403e+03     1.21248e+02
    2.71993e-01     1.75035e+05     1.23348e+03     1.16971e+02
    2.76068e-01     1.74541e+05     1.14700e+03     1.12144e+02
    2.80171e-01     1.73374e+05     1.11341e+03     1.08518e+02
    2.84268e-01     1.73804e+05     1.07158e+03     1.05709e+02
    2.88346e-01     1.73787e+05     1.07927e+03     1.03913e+02
    2.92426e-01     1.72582e+05     1.05756e+03     9.98608e+01
    2.96514e-01     1.73240e+05     1.03502e+03     9.73979e+01
    3.00627e-01     1.72624e+05     1.01450e+03     9.52088e+01
    3.04729e-01     1.70834e+05     1.02069e+03     9.37682e+01
    3.08821e-01     1.69850e+05     9.50126e+02     9.12926e+01
    3.12919e-01     1.71017e+05     9.55199e+02     8.88952e+01
    3.16999e-01     1.69967e+05     9.30721e+02     8.76807e+01
    3.21078e-01     1.70967e+05     9.34296e+02     8.63562e+01
    3.25167e-01     1.69349e+05     9.17898e+02     8.43225e+01
    3.29247e-01     1.68820e+05     9.01094e+02     8.16012e+01
    3.33333e-01     1.68693e+05     8.85351e+02     8.00783e+01
    3.37443e-01     1.68421e+05     9.05761e+02     7.89037e+01
    3.41545e-01     1.69436e+05     8.63754e+02     7.62966e+01
    3.45625e-01     1.70223e+05     8.60447e+02     7.49606e+01
    3.49715e-01     1.67980e+05     8.15421e+02     7.29763e+01
    3.53817e-01     1.69014e+05     8.34928e+02     7.13719e+01
    3.57906e-01     1.66514e+05     8.05692e+02     6.96102e+01
    3.61975e-01     1.69485e+05     8.07276e+02     6.83329e+01
    3.66071e-01     1.66443e+05     7.95485e+02     6.71185e+01
    3.70189e-01     1.66920e+05     7.58835e+02     6.58332e+01
    3.74277e-01     1.67126e+05     7.62292e+02     6.46130e+01
    3.78356e-01     1.66648e+05     7.49437e+02     6.34515e+01
    3.82448e-01     1.66003e+05     7.07960e+02     6.20063e+01
    3.86535e-01     1.66612e+05     7.16459e+02     6.05510e+01
    3.90624e-01     1.65820e+05     7.29465e+02     6.02393e+01
    3.94706e-01     1.65355e+05     7.14383e+02     5.81339e+01
    3.98794e-01     1.64646e+05     7.04963e+02     5.77687e+01
    4.02896e-01     1.66195e+05     6.86474e+02     5.60171e+01
    4.06986e-01     1.64560e+05     6.85350e+02     5.54305e+01
    4.11069e-01     1.64398e+05     6.78361e+02     5.48257e+01
    4.15170e-01     1.64392e+05     6.53704e+02     5.30608e+01
    4.19263e-01     1.63861e+05     6.61212e+02     5.23601e+01
    4.23353e-01     1.63908e+05     6.58248e+02     5.11974e+01
    4.27447e-01     1.63090e+05     6.30820e+02     5.00390e+01
    4.31534e-01     1.62740e+05     6.25261e+02     4.95311e+01
    4.35624e-01     1.63306e+05     6.32125e+02     4.86585e+01
    4.39718e-01     1.62451e+05     6.13026e+02     4.77829e+01
    4.43804e-01     1.63507e+05     6.24759e+02     4.73024e+01
    4.47892e-01     1.62331e+05     5.95407e+02     4.62011e+01
    4.51977e-01     1.61831e+05     5.85183e+02     4.51856e+01
    4.56067e-01     1.62723e+05     5.91994e+02     4.45781e+01
    4.60165e-01     1.62250e+05     5.86651e+02     4.39041e+01
    4.64260e-01     1.60824e+05     5.77224e+02     4.32613e+01
    4.68355e-01     1.61511e+05     5.64981e+02     4.25978e+01
    4.72450e-01     1.61045e+05     5.71117e+02     4.19469e+01
    4.76540e-01     1.60410e+05     5.49359e+02     4.10810e+01
    4.80633e-01     1.60037e+05     5.45248e+02     4.03602e+01
    4.84718e-01     1.61786e+05     5.48365e+02     3.97344e+01
    4.88794e-01     1.60196e+05     5.34608e+02     3.91989e+01
    4.92888e-01     1.59740e+05     5.33158e+02     3.84329e+01
    4.96984e-01     1.59486e+05     5.26216e+02     3.78865e+01
    5.01073e-01     1.60009e+05     5.20067e+02     3.72933e+01
    5.05169e-01     1.58897e+05     5.17331e+02     3.67559e+01
    5.09268e-01     1.60686e+05     5.17460e+02     3.64124e+01
    5.13369e-01     1.58414e+05     4.99134e+02     3.55872e+01
    5.17441e-01     1.59732e+05     5.02255e+02     3.51588e+01
    5.21516e-01     1.58863e+05     4.94199e+02     3.47124e+01
    5.25611e-01     1.59297e+05     4.93584e+02     3.44147e+01
    5.29706e-01     1.58707e+05     5.00016e+02     3.39261e+01
    5.33801e-01     1.57901e+05     4.81844e+02     3.32127e+01
    5.37888e-01     1.57541e+05     4.82420e+02     3.28137e+01
    5.41985e-01     1.57614e+05     4.76834e+02     3.24284e+01
    5.46091e-01     1.57685e+05     4.69512e+02     3.18204e+01
    5.50174e-01     1.56807e+05     4.66660e+02     3.13571e+01
    5.54252e-01     1.56930e+05     4.55951e+02     3.09801e+01
    5.58346e-01     1.57449e+05     4.60558e+02     3.04816e+01
    5.62439e-01     1.55943e+05     4.48245e+02     3.00315e+01
    5.66527e-01     1.57173e+05     4.47310e+02     2.96458e+01
    5.70616e-01     1.55851e+05     4.41669e+02     2.94800e+01
    5.74707e-01     1.56300e+05     4.40975e+02     2.90447e+01
    5.78798e-01     1.55804e+05     4.32012e+02     2.84496e+01
    5.82883e-01     1.56379e+05     4.40272e+02     2.82042e+01
    5.86977e-01     1.55650e+05     4.29963e+02     2.78301e+01
    5.91070e-01     1.55859e+05     4.25482e+02     2.74147e+01
    5.95166e-01     1.54681e+05     4.24076e+02     2.72674e+01
    5.99260e-01     1.54922e+05     4.13220e+02     2.66840e+01
    6.03349e-01     1.55316e+05     4.18074e+02     2.64924e+01
    6.07445e-01     1.54974e+05     4.13296e+02     2.61284e+01
    6.11543e-01     1.54706e+05     4.12657e+02     2.57616e+01
    6.15623e-01     1.53779e+05     4.03446e+02     2.54275e+01
    6.19704e-01     1.54290e+05     4.02928e+02     2.50604e+01
    6.23792e-01     1.53877e+05     4.05746e+02     2.48467e+01
    6.27891e-01     1.54156e+05     3.93535e+02     2.45097e+01
    6.31991e-01     1.53170e+05     3.89980e+02     2.42558e+01
    6.36073e-01     1.52882e+05     3.94103e+02     2.39862e+01
    6.40158e-01     1.52484e+05     3.88839e+02     2.36119e+01
    6.44244e-01     1.53167e+05     3.77354e+02     2.33800e+01
    6.48338e-01     1.52411e+05     3.79441e+02     2.31061e+01
    6.52432e-01     1.53762e+05     3.73417e+02     2.28152e+01
    6.56514e-01     1.53310e+05     3.80826e+02     2.25615e+01
    6.60609e-01     1.52464e+05     3.76605e+02     2.22831e+01
    6.64712e-01     1.52189e+05     3.74970e+02     2.21104e+01
    6.68801e-01     1.52090e+05     3.66744e+02     2.16851e+01
    6.72890e-01     1.52186e+05     3.59538e+02     2.14883e+01
    6.76984e-01     1.51863e+05     3.67867e+02     2.12597e+01
    6.81074e-01     1.51836e+05     3.58799e+02     2.10962e+01
    6.85160e-01     1.51449e+05     3.57077e+02     2.08453e+01
    6.89246e-01     1.51766e+05     3.61023e+02     2.05529e+01
    6.93336e-01     1.51626e+05     3.54587e+02     2.03536e+01
    6.97434e-01     1.51176e+05     3.46629e+02     2.00131e+01
    7.01528e-01     1.50994e+05     3.50330e+02     1.98750e+01
    7.05618e-01     1.50665e+05     3.45298e+02     1.97068e+01
    7.09708e-01     1.50174e+05     3.37435e+02     1.94604e+01
    7.13796e-01     1.50865e+05     3.41734e+02     1.92907e+01
    7.17892e-01     1.50095e+05     3.31311e+02     1.90467e+01
    7.21982e-01     1.50414e+05     3.36747e+02     1.89078e+01
    7.26059e-01     1.49735e+05     3.33009e+02     1.86746e+01
    7.30145e-01     1.49609e+05     3.30082e+02     1.84541e+01
    7.34240e-01     1.49717e+05     3.30913e+02     1.82134e+01
    7.38340e-01     1.49259e+05     3.26821e+02     1.80723e+01
    7.42427e-01     1.49562e+05     3.24146e+02     1.77995e+01
    7.46511e-01     1.48840e+05     3.19068e+02     1.76745e+01
    7.50614e-01     1.48702e+05     3.21693e+02     1.75300e+01
    7.54706e-01     1.48405e+05     3.21840e+02     1.73617e+01
    7.58795e-01     1.49024e+05     3.19629e+02     1.71733e+01
    7.62888e-01     1.48262e+05     3.13907e+02     1.70966e+01
    7.66986e-01     1.48366e+05     3.14417e+02     1.68066e+01
    7.71073e-01     1.48641e+05     3.14067e+02     1.66734e+01
    7.75153e-01     1.48011e+05     3.13429e+02     1.65296e+01
    7.79241e-01     1.48027e+05     3.07897e+02     1.63610e+01
    7.83335e-01     1.47117e+05     3.08551e+02     1.61524e+01
    7.87426e-01     1.47828e+05     3.06775e+02     1.60984e+01
    7.91513e-01     1.47494e+05     3.06935e+02     1.58423e+01
    7.95606e-01     1.47445e+05     3.00391e+02     1.56756e+01
    7.99702e-01     1.47710e+05     3.01290e+02     1.55500e+01
    8.03798e-01     1.47442e+05     2.97655e+02     1.53769e+01
    8.07879e-01     1.47354e+05     3.02312e+02     1.52793e+01
    8.11963e-01     1.46652e+05     2.96190e+02     1.51247e+01
    8.16059e-01     1.46239e+05     2.94164e+02     1.49934e+01
    8.20152e-01     1.46468e+05     2.91294e+02     1.47962e+01
    8.24242e-01     1.46067e+05     2.92636e+02     1.47108e+01
    8.28331e-01     1.46050e+05     2.87339e+02     1.45835e+01
    8.32425e-01     1.46021e+05     2.89234e+02     1.44477e+01
    8.36516e-01     1.45704e+05     2.83125e+02     1.42332e+01
    8.40610e-01     1.46080e+05     2.85286e+02     1.41706e+01
    8.44704e-01     1.46177e+05     2.83789e+02     1.40109e+01
    8.48790e-01     1.45180e+05     2.80755e+02     1.38826e+01
    8.52876e-01     1.45258e+05     2.83221e+02     1.38435e+01
    8.56967e-01     1.44947e+05     2.78826e+02     1.36525e+01
    8.61059e-01     1.44859e+05     2.74093e+02     1.35314e+01
    8.65147e-01     1.45119e+05     2.78976e+02     1.34146e+01
    8.69235e-01     1.44955e+05     2.77353e+02     1.32928e+01
    8.73334e-01     1.44386e+05     2.69148e+02     1.31543e+01
    8.77429e-01     1.44695e+05     2.71898e+02     1.31176e+01
    8.81512e-01     1.43992e+05     2.69611e+02     1.29232e+01
    8.85601e-01     1.44615e+05     2.72840e+02     1.29163e+01
    8.89691e-01     1.43643e+05     2.65635e+02     1.27340e+01
    8.93784e-01     1.44124e+05     2.69477e+02     1.26430e+01
    8.97875e-01     1.44065e+05     2.64536e+02     1.24959e+01
    9.01960e-01     1.43609e+05     2.60677e+02     1.23727e+01
    9.06054e-01     1.43046e+05     2.58324e+02     1.22826e+01
    9.10146e-01     1.43071e+05     2.59882e+02     1.21783e+01
    9.14237e-01     1.43254e+05     2.60940e+02     1.20961e+01
    9.18331e-01     1.43116e+05     2.57507e+02     1.19880e+01
    9.22421e-01     1.43240e+05     2.58665e+02     1.18468e+01
    9.26509e-01     1.42564e+05     2.56396e+02     1.18180e+01
    9.30598e-01     1.42178e+05     2.51048e+02     1.17470e+01
    9.34692e-01     1.42168e+05     2.54708e+02     1.15816e+01
    9.38787e-01     1.42257e+05     2.53080e+02     1.15124e+01
    9.42873e-01     1.42045e+05     2.54128e+02     1.14226e+01
    9.46961e-01     1.41731e+05     2.47927e+02     1.13557e+01
    9.51054e-01     1.42124e+05     2.51569e+02     1.12214e+01
    9.55150e-01     1.41508e+05     2.46653e+02     1.11280e+01
    9.59240e-01     1.41546e+05     2.49593e+02     1.10603e+01
    9.63327e-01     1.41242e+05     2.46920e+02     1.09614e+01
    9.67420e-01     1.41064e+05     2.41419e+02     1.08848e+01
    9.71506e-01     1.41189e+05     2.42464e+02     1.07948e+01
    9.75588e-01     1.41006e+05     2.42572e+02     1.06934e+01
    9.79678e-01     1.41136e+05     2.38618e+02     1.05970e+01
    9.83773e-01     1.40832e+05     2.39384e+02     1.05412e+01
    9.87866e-01     1.40611e+05     2.40634e+02     1.04571e+01
    9.91960e-01     1.40450e+05     2.37799e+02     1.03345e+01
    9.96055e-01     1.40482e+05     2.37355e+02     1.03189e+01
    1.00015e+00     1.39859e+05     2.33564e+02     1.01906e+01
    1.00424e+00     1.40101e+05     2.35941e+02     1.01457e+01
    1.00832e+00     1.39861e+05     2.34858e+02     1.00507e+01
    1.01242e+00     1.39722e+05     2.33326e+02     9.97961e+00
    1.01651e+00     1.39178e+05     2.31273e+02     9.88490e+00
    1.02059e+00     1.39602e+05     2.31468e+02     9.82533e+00
    1.02468e+00     1.38834e+05     2.26970e+02     9.76212e+00
    1.02878e+00     1.39119e+05     2.29093e+02     9.65964e+00
    1.03287e+00     1.39081e+05     2.26387e+02     9.59226e+00
    1.03695e+00     1.38336e+05     2.27308e+02     9.51002e+00
    1.04105e+00     1.38583e+05     2.25675e+02     9.43910e+00
    1.04515e+00     1.38234e+05     2.24331e+02     9.38439e+00
    1.04923e+00     1.38068e+05     2.23572e+02     9.31854e+00
    1.05332e+00     1.38104e+05     2.21025e+02     9.26149e+00
    1.05741e+00     1.38214e+05     2.22027e+02     9.18443e+00
    1.06150e+00     1.37708e+05     2.21575e+02     9.12517e+00
    1.06559e+00     1.37606e+05     2.19126e+02     9.05281e+00
    1.06968e+00     1.37461e+05     2.19271e+02     8.97564e+00
    1.07377e+00     1.37719e+05     2.18624e+02     8.91802e+00
    1.07786e+00     1.37136e+05     2.18121e+02     8.85238e+00
    1.08195e+00     1.37077e+05     2.15347e+02     8.77997e+00
    1.08605e+00     1.37036e+05     2.15763e+02     8.73335e+00
    1.09014e+00     1.36971e+05     2.15323e+02     8.66705e+00
    1.09422e+00     1.36977e+05     2.14945e+02     8.62092e+00
    1.09832e+00     1.36831e+05     2.12114e+02     8.52034e+00
    1.10242e+00     1.36548e+05     2.11549e+02     8.47651e+00
    1.10650e+00     1.35977e+05     2.08659e+02     8.41608e+00
    1.11059e+00     1.36261e+05     2.11233e+02     8.36709e+00
    1.11468e+00     1.36126e+05     2.09089e+02     8.29786e+00
    1.11878e+00     1.35728e+05     2.08537e+02     8.25709e+00
    1.12287e+00     1.36061e+05     2.08024e+02     8.18591e+00
    1.12695e+00     1.35826e+05     2.08662e+02     8.14584e+00
    1.13105e+00     1.35656e+05     2.06519e+02     8.10197e+00
    1.13514e+00     1.35367e+05     2.05310e+02     8.01601e+00
    1.13922e+00     1.34808e+05     2.03614e+02     7.96177e+00
    1.14331e+00     1.35060e+05     2.04399e+02     7.91671e+00
    1.14741e+00     1.34877e+05     2.02095e+02     7.86513e+00
    1.15150e+00     1.34813e+05     2.03617e+02     7.81992e+00
    1.15559e+00     1.34662e+05     2.02404e+02     7.77518e+00
    1.15968e+00     1.34577e+05     2.00767e+02     7.71269e+00
    1.16377e+00     1.34063e+05     2.00114e+02     7.67456e+00
    1.16786e+00     1.34066e+05     1.98657e+02     7.59296e+00
    1.17195e+00     1.34190e+05     1.98573e+02     7.54397e+00
    1.17604e+00     1.34024e+05     1.98405e+02     7.51003e+00
    1.18013e+00     1.33838e+05     1.97947e+02     7.46457e+00
    1.18422e+00     1.33407e+05     1.97579e+02     7.42477e+00
    1.18831e+00     1.33363e+05     1.95649e+02     7.35914e+00
    1.19240e+00     1.33610e+05     1.95553e+02     7.31550e+00
    1.19649e+00     1.33282e+05     1.94873e+02     7.25366e+00
    1.20059e+00     1.33164e+05     1.92458e+02     7.21289e+00
    1.20468e+00     1.33016e+05     1.93142e+02     7.16244e+00
    1.20877e+00     1.32765e+05     1.92906e+02     7.11912e+00
    1.21286e+00     1.32435e+05     1.90602e+02     7.05848e+00
    1.21695e+00     1.32387e+05     1.92013e+02     7.03340e+00
    1.22104e+00     1.32366e+05     1.90571e+02     6.98960e+00
    1.22513e+00     1.32034e+05     1.89147e+02     6.94963e+00
    1.22922e+00     1.31805e+05     1.88228e+02     6.88067e+00
    1.23330e+00     1.31711e+05     1.88959e+02     6.84650e+00
    1.23740e+00     1.31583e+05     1.87452e+02     6.81550e+00
    1.24149e+00     1.31202e+05     1.85722e+02     6.75837e+00
    1.24558e+00     1.31303e+05     1.85173e+02     6.72428e+00
    1.24967e+00     1.31265e+05     1.84869e+02     6.68871e+00
    1.25376e+00     1.31131e+05     1.86210e+02     6.64340e+00
    1.25785e+00     1.31052e+05     1.84145e+02     6.59358e+00
    1.26194e+00     1.30376e+05     1.82212e+02     6.55457e+00
    1.26603e+00     1.30671e+05     1.81484e+02     6.51506e+00
    1.27012e+00     1.30665e+05     1.83671e+02     6.48547e+00
    1.27422e+00     1.30014e+05     1.79777e+02     6.41260e+00
    1.27831e+00     1.30132e+05     1.79803e+02     6.39761e+00
    1.28240e+00     1.29850e+05     1.80360e+02     6.35192e+00
    1.28649e+00     1.29591e+05     1.81191e+02     6.33368e+00
    1.29058e+00     1.29758e+05     1.79220e+02     6.28089e+00
    1.29467e+00     1.29631e+05     1.78653e+02     6.22956e+00
    1.29876e+00     1.29742e+05     1.79223e+02     6.19526e+00
    1.30285e+00     1.28984e+05     1.76518e+02     6.15858e+00
    1.30694e+00     1.29227e+05     1.75932e+02     6.13642e+00
    1.31103e+00     1.29189e+05     1.76380e+02     6.08735e+00
    1.31512e+00     1.29131e+05     1.76166e+02     6.06941e+00
    1.31921e+00     1.28748e+05     1.74499e+02     6.00935e+00
    1.32331e+00     1.28682e+05     1.72624e+02     5.96936e+00
    1.32739e+00     1.28158e+05     1.72861e+02     5.93567e+00
    1.33148e+00     1.28603e+05     1.73402e+02     5.91092e+00
    1.33558e+00     1.28449e+05     1.74243e+02     5.87156e+00
    1.33967e+00     1.28434e+05     1.72491e+02     5.83790e+00
    1.34376e+00     1.27823e+05     1.70972e+02     5.79370e+00
    1.34785e+00     1.27709e+05     1.70664e+02     5.76531e+00
    1.35195e+00     1.27404e+05     1.70133e+02     5.74523e+00
    1.35603e+00     1.27492e+05     1.70747e+02     5.69875e+00
    1.36011e+00     1.27197e+05     1.68663e+02     5.66723e+00
    1.36421e+00     1.27187e+05     1.68813e+02     5.64709e+00
    1.36830e+00     1.27182e+05     1.68328e+02     5.59497e+00
    1.37239e+00     1.26599e+05     1.66426e+02     5.57192e+00
    1.37648e+00     1.26881e+05     1.67443e+02     5.54090e+00
    1.38057e+00     1.26478e+05     1.66280e+02     5.50566e+00
    1.38466e+00     1.26172e+05     1.65200e+02     5.46574e+00
    1.38875e+00     1.26058e+05     1.64915e+02     5.43622e+00
    1.39285e+00     1.25912e+05     1.64033e+02     5.41686e+00
    1.39694e+00     1.25837e+05     1.64085e+02     5.38807e+00
    1.40102e+00     1.25975e+05     1.65884e+02     5.34915e+00
    1.40512e+00     1.25474e+05     1.62313e+02     5.32265e+00
    1.40921e+00     1.25581e+05     1.62145e+02     5.28778e+00
    1.41330e+00     1.25232e+05     1.61977e+02     5.24961e+00
    1.41739e+00     1.25026e+05     1.61399e+02     5.23424e+00
    1.42148e+00     1.25001e+05     1.61726e+02     5.20701e+00
    1.42557e+00     1.24970e+05     1.60349e+02     5.16733e+00
    1.42966e+00     1.24688e+05     1.60806e+02     5.14220e+00
    1.43375e+00     1.24593e+05     1.59477e+02     5.10312e+00
    1.43784e+00     1.24333e+05     1.58026e+02     5.07710e+00
    1.44193e+00     1.24479e+05     1.58742e+02     5.05376e+00
    1.44602e+00     1.23946e+05     1.56803e+02     5.02338e+00
    1.45011e+00     1.24274e+05     1.58011e+02     4.99214e+00
    1.45420e+00     1.24052e+05     1.57975e+02     4.96976e+00
    1.45830e+00     1.23739e+05     1.55905e+02     4.94433e+00
    1.46239e+00     1.23675e+05     1.56286e+02     4.91861e+00
    1.46648e+00     1.23499e+05     1.55869e+02     4.87894e+00
    1.47056e+00     1.23292e+05     1.54369e+02     4.86036e+00
    1.47465e+00     1.23027e+05     1.53425e+02     4.83050e+00
    1.47874e+00     1.23041e+05     1.52806e+02     4.79384e+00
    1.48283e+00     1.22757e+05     1.54041e+02     4.78036e+00
    1.48693e+00     1.22705e+05     1.53453e+02     4.76058e+00
    1.49102e+00     1.22355e+05     1.52395e+02     4.72144e+00
    1.49511e+00     1.22388e+05     1.51336e+02     4.70685e+00
    1.49920e+00     1.22349e+05     1.51957e+02     4.67447e+00
    1.50329e+00     1.22278e+05     1.52461e+02     4.65787e+00
    1.50738e+00     1.21597e+05     1.50304e+02     4.62513e+00
    1.51148e+00     1.21901e+05     1.49186e+02     4.60394e+00
    1.51557e+00     1.21616e+05     1.50601e+02     4.58128e+00
    1.51965e+00     1.21485e+05     1.49427e+02     4.55369e+00
    1.52374e+00     1.21092e+05     1.48790e+02     4.53363e+00
    1.52784e+00     1.21283e+05     1.48022e+02     4.49259e+00
    1.53193e+00     1.20963e+05     1.48225e+02     4.47414e+00
    1.53602e+00     1.20874e+05     1.47261e+02     4.45011e+00
    1.54011e+00     1.20688e+05     1.46281e+02     4.42492e+00
    1.54420e+00     1.20556e+05     1.46088e+02     4.39922e+00
    1.54829e+00     1.20252e+05     1.45966e+02     4.38096e+00
    1.55238e+00     1.20195e+05     1.45811e+02     4.35866e+00
    1.55647e+00     1.20030e+05     1.44581e+02     4.33230e+00
    1.56056e+00     1.19825e+05     1.44402e+02     4.31501e+00
    1.56465e+00     1.19524e+05     1.43501e+02     4.28078e+00
    1.56874e+00     1.19361e+05     1.43175e+02     4.26693e+00
    1.57283e+00     1.19421e+05     1.43259e+02     4.24096e+00
    1.57693e+00     1.19198e+05     1.41684e+02     4.21731e+00
    1.58102e+00     1.19319e+05     1.41759e+02     4.19819e+00
    1.58510e+00     1.19017e+05     1.42246e+02     4.17272e+00
    1.58919e+00     1.18695e+05     1.40819e+02     4.15791e+00
    1.59329e+00     1.18720e+05     1.40936e+02     4.13514e+00
    1.59738e+00     1.18421e+05     1.40792e+02     4.11160e+00
    1.60147e+00     1.18610e+05     1.41226e+02     4.08792e+00
    1.60556e+00     1.18108e+05     1.39730e+02     4.07106e+00
    1.60965e+00     1.18006e+05     1.38839e+02     4.04690e+00
    1.61374e+00     1.18081e+05     1.39016e+02     4.03245e+00
    1.61783e+00     1.17678e+05     1.38808e+02     4.00268e+00
    1.62192e+00     1.17596e+05     1.38492e+02     3.99628e+00
    1.62601e+00     1.17517e+05     1.37264e+02     3.97255e+00
    1.63010e+00     1.17324e+05     1.37017e+02     3.93472e+00
    1.63419e+00     1.17381e+05     1.37654e+02     3.92651e+00
    1.63828e+00     1.17154e+05     1.36701e+02     3.91109e+00
    1.64238e+00     1.16790e+05     1.36033e+02     3.88470e+00
    1.64647e+00     1.16444e+05     1.35265e+02     3.86863e+00
    1.65055e+00     1.16511e+05     1.35176e+02     3.84180e+00
    1.65465e+00     1.16544e+05     1.34820e+02     3.81947e+00
    1.65874e+00     1.16062e+05     1.33973e+02     3.80312e+00
    1.66283e+00     1.16019e+05     1.33881e+02     3.79253e+00
    1.66691e+00     1.16004e+05     1.34341e+02     3.76634e+00
    1.67101e+00     1.15953e+05     1.33690e+02     3.74596e+00
    1.67510e+00     1.15579e+05     1.33256e+02     3.73165e+00
    1.67919e+00     1.15630e+05     1.32820e+02     3.70359e+00
    1.68328e+00     1.15425e+05     1.31703e+02     3.69238e+00
    1.68737e+00     1.15211e+05     1.31526e+02     3.67457e+00
    1.69146e+00     1.15125e+05     1.31985e+02     3.65069e+00
    1.69555e+00     1.14756e+05     1.30609e+02     3.64367e+00
    1.69964e+00     1.14844e+05     1.31281e+02     3.61885e+00
    1.70373e+00     1.14645e+05     1.30002e+02     3.59457e+00
    1.70782e+00     1.14598e+05     1.29870e+02     3.57873e+00
    1.71191e+00     1.14236e+05     1.29219e+02     3.56763e+00
    1.71600e+00     1.14198e+05     1.29091e+02     3.54745e+00
    1.72009e+00     1.14093e+05     1.28223e+02     3.52439e+00
    1.72418e+00     1.13800e+05     1.28347e+02     3.51209e+00
    1.72828e+00     1.13545e+05     1.27606e+02     3.49853e+00
    1.73237e+00     1.13574e+05     1.27479e+02     3.48029e+00
    1.73646e+00     1.13390e+05     1.27645e+02     3.45945e+00
    1.74055e+00     1.13197e+05     1.26706e+02     3.43896e+00
    1.74464e+00     1.13048e+05     1.26336e+02     3.42326e+00
    1.74874e+00     1.12896e+05     1.25533e+02     3.40430e+00
    1.75282e+00     1.12875e+05     1.26186e+02     3.39145e+00
    1.75691e+00     1.12538e+05     1.25615e+02     3.37450e+00
    1.76100e+00     1.12487e+05     1.24607e+02     3.35592e+00
    1.76509e+00     1.12446e+05     1.24856e+02     3.34630e+00
    1.76918e+00     1.12107e+05     1.23504e+02     3.32283e+00
    1.77327e+00     1.12009e+05     1.22942e+02     3.30826e+00
    1.77737e+00     1.11784e+05     1.23144e+02     3.28953e+00
    1.78146e+00     1.11688e+05     1.22997e+02     3.27396e+00
    1.78554e+00     1.11736e+05     1.22179e+02     3.26455e+00
    1.78964e+00     1.11288e+05     1.22793e+02     3.24717e+00
    1.79373e+00     1.11202e+05     1.21572e+02     3.22702e+00
    1.79782e+00     1.11161e+05     1.21965e+02     3.21609e+00
    1.80191e+00     1.10990e+05     1.21120e+02     3.19625e+00
    1.80600e+00     1.10835e+05     1.20386e+02     3.18183e+00
    1.81009e+00     1.10613e+05     1.20089e+02     3.16467e+00
    1.81418e+00     1.10501e+05     1.20040e+02     3.14690e+00
    1.81827e+00     1.10456e+05     1.19463e+02     3.13560e+00
    1.82236e+00     1.10189e+05     1.19398e+02     3.11937e+00
    1.82645e+00     1.09932e+05     1.19130e+02     3.10920e+00
    1.83054e+00     1.09934e+05     1.18621e+02     3.09125e+00
    1.83463e+00     1.09570e+05     1.17756e+02     3.07573e+00
    1.83872e+00     1.09693e+05     1.18926e+02     3.06407e+00
    1.84281e+00     1.09247e+05     1.17099e+02     3.04420e+00
    1.84691e+00     1.09257e+05     1.17911e+02     3.03281e+00
    1.85100e+00     1.09258e+05     1.16609e+02     3.01408e+00
    1.85509e+00     1.08942e+05     1.16136e+02     3.00079e+00
    1.85918e+00     1.08554e+05     1.16218e+02     2.98454e+00
    1.86327e+00     1.08661e+05     1.16540e+02     2.97687e+00
    1.86736e+00     1.08633e+05     1.15899e+02     2.96302e+00
    1.87145e+00     1.08321e+05     1.15621e+02     2.94614e+00
    1.87554e+00     1.08273e+05     1.14575e+02     2.93280e+00
    1.87963e+00     1.07923e+05     1.14806e+02     2.91998e+00
    1.88372e+00     1.07810e+05     1.14453e+02     2.90126e+00
    1.88781e+00     1.07594e+05     1.14197e+02     2.89091e+00
    1.89190e+00     1.07511e+05     1.14101e+02     2.87771e+00
    1.89599e+00     1.07592e+05     1.12931e+02     2.86258e+00
    1.90008e+00     1.07156e+05     1.13042e+02     2.85292e+00
    1.90417e+00     1.07176e+05     1.12704e+02     2.83526e+00
    1.90827e+00     1.06985e+05     1.12572e+02     2.81931e+00
    1.91236e+00     1.06562e+05     1.12051e+02     2.80814e+00
    1.91645e+00     1.06599e+05     1.12054e+02     2.79584e+00
    1.92054e+00     1.06396e+05     1.11405e+02     2.78059e+00
    1.92463e+00     1.06200e+05     1.11296e+02     2.76798e+00
    1.92872e+00     1.06073e+05     1.10770e+02     2.75503e+00
    1.93281e+00     1.05876e+05     1.10169e+02     2.74097e+00
    1.93690e+00     1.05799e+05     1.09651e+02     2.72854e+00
    1.94099e+00     1.05617e+05     1.09761e+02     2.71859e+00
    1.94508e+00     1.05538e+05     1.09605e+02     2.70528e+00
    1.94917e+00     1.05358e+05     1.09297e+02     2.69470e+00
    1.95326e+00     1.05150e+05     1.08307e+02     2.67912e+00
    1.95735e+00     1.05096e+05     1.08398e+02     2.66612e+00
    1.96144e+00     1.04932e+05     1.08116e+02     2.65443e+00
    1.96553e+00     1.04699e+05     1.08017e+02     2.63718e+00
    1.96962e+00     1.04707e+05     1.07704e+02     2.62836e+00
    1.97371e+00     1.04457e+05     1.06877e+02     2.61622e+00
    1.97781e+00     1.04307e+05     1.07547e+02     2.60623e+00
    1.98190e+00     1.04317e+05     1.06484e+02     2.59308e+00
    1.98599e+00     1.03869e+05     1.06559e+02     2.57948e+00
    1.99008e+00     1.03647e+05     1.05866e+02     2.56828e+00
    1.99417e+00     1.03578e+05     1.05594e+02     2.55690e+00
    1.99826e+00     1.03530e+05     1.05959e+02     2.54227e+00
    2.00235e+00     1.03340e+05     1.04340e+02     2.53627e+00
    2.00644e+00     1.03092e+05     1.05256e+02     2.52492e+00
    2.01053e+00     1.03052e+05     1.04123e+02     2.50697e+00
    2.01462e+00     1.02971e+05     1.04390e+02     2.49954e+00
    2.01871e+00     1.02670e+05     1.03933e+02     2.48394e+00
    2.02280e+00     1.02567e+05     1.03857e+02     2.48033e+00
    2.02689e+00     1.02262e+05     1.03109e+02     2.46769e+00
    2.03098e+00     1.02308e+05     1.03517e+02     2.45500e+00
    2.03507e+00     1.02066e+05     1.02437e+02     2.44344e+00
    2.03917e+00     1.02007e+05     1.02562e+02     2.43263e+00
    2.04325e+00     1.01768e+05     1.02589e+02     2.42204e+00
    2.04735e+00     1.01496e+05     1.01754e+02     2.41084e+00
    2.05143e+00     1.01432e+05     1.01176e+02     2.39732e+00
    2.05552e+00     1.01229e+05     1.01038e+02     2.38353e+00
    2.05962e+00     1.01068e+05     1.00385e+02     2.37409e+00
    2.06371e+00     1.00909e+05     1.00108e+02     2.36355e+00
    2.06780e+00     1.00812e+05     1.00149e+02     2.35326e+00
    2.07189e+00     1.00619e+05     1.00132e+02     2.34620e+00
    2.07598e+00     1.00510e+05     9.96354e+01     2.33427e+00
    2.08007e+00     1.00274e+05     9.88562e+01     2.31946e+00
    2.08416e+00     1.00092e+05     9.91510e+01     2.30981e+00
    2.08825e+00     9.99351e+04     9.82827e+01     2.29946e+00
    2.09234e+00     9.98889e+04     9.85107e+01     2.28973e+00
    2.09644e+00     9.96924e+04     9.80294e+01     2.28213e+00
    2.10053e+00     9.95763e+04     9.78996e+01     2.26768e+00
    2.10461e+00     9.92999e+04     9.77466e+01     2.25977e+00
    2.10870e+00     9.93057e+04     9.76509e+01     2.25085e+00
    2.11280e+00     9.89874e+04     9.72917e+01     2.23668e+00
    2.11688e+00     9.89160e+04     9.69411e+01     2.22968e+00
    2.12098e+00     9.87436e+04     9.65295e+01     2.21977e+00
    2.12507e+00     9.86282e+04     9.63292e+01     2.21049e+00
    2.12916e+00     9.83438e+04     9.58989e+01     2.19840e+00
    2.13325e+00     9.82776e+04     9.54336e+01     2.18830e+00
    2.13734e+00     9.81681e+04     9.54965e+01     2.18327e+00
    2.14143e+00     9.80363e+04     9.50721e+01     2.17069e+00
    2.14552e+00     9.78237e+04     9.41095e+01     2.15706e+00
    2.14961e+00     9.76479e+04     9.44617e+01     2.14968e+00
    2.15370e+00     9.75743e+04     9.44887e+01     2.13981e+00
    2.15779e+00     9.73117e+04     9.39779e+01     2.13190e+00
    2.16188e+00     9.73076e+04     9.36929e+01     2.11890e+00
    2.16597e+00     9.69829e+04     9.32528e+01     2.11118e+00
    2.17006e+00     9.69004e+04     9.28884e+01     2.10203e+00
    2.17416e+00     9.67302e+04     9.28911e+01     2.09171e+00
    2.17825e+00     9.65837e+04     9.23384e+01     2.08479e+00
    2.18234e+00     9.64830e+04     9.25644e+01     2.07345e+00
    2.18643e+00     9.62434e+04     9.22507e+01     2.06478e+00
    2.19052e+00     9.60154e+04     9.15246e+01     2.05641e+00
    2.19461e+00     9.58928e+04     9.15632e+01     2.04534e+00
    2.19870e+00     9.58042e+04     9.13913e+01     2.03640e+00
    2.20279e+00     9.57100e+04     9.10686e+01     2.02886e+00
    2.20688e+00     9.55381e+04     9.11284e+01     2.02199e+00
    2.21097e+00     9.53173e+04     9.06874e+01     2.01051e+00
    2.21506e+00     9.52043e+04     9.03827e+01     2.00213e+00
    2.21915e+00     9.50152e+04     8.97958e+01     1.99302e+00
    2.22324e+00     9.48428e+04     8.97875e+01     1.98640e+00
    2.22733e+00     9.46691e+04     8.97527e+01     1.97834e+00
    2.23142e+00     9.44125e+04     8.85561e+01     1.96246e+00
    2.23552e+00     9.43386e+04     8.93567e+01     1.95898e+00
    2.23961e+00     9.42929e+04     8.87586e+01     1.94661e+00
    2.24369e+00     9.41099e+04     8.84541e+01     1.94078e+00
    2.24779e+00     9.38343e+04     8.77619e+01     1.93014e+00
    2.25188e+00     9.36999e+04     8.75593e+01     1.92231e+00
    2.25597e+00     9.36609e+04     8.77401e+01     1.91504e+00
    2.26006e+00     9.33704e+04     8.70610e+01     1.90383e+00
    2.26415e+00     9.32801e+04     8.73470e+01     1.90033e+00
    2.26824e+00     9.30780e+04     8.70439e+01     1.88858e+00
    2.27233e+00     9.28728e+04     8.62462e+01     1.87689e+00
    2.27642e+00     9.28049e+04     8.65545e+01     1.87181e+00
    2.28051e+00     9.26109e+04     8.59117e+01     1.86512e+00
    2.28460e+00     9.26399e+04     8.59174e+01     1.85348e+00
    2.28869e+00     9.23525e+04     8.55868e+01     1.84850e+00
    2.29278e+00     9.22050e+04     8.54509e+01     1.83631e+00
    2.29687e+00     9.20226e+04     8.52829e+01     1.83234e+00
    2.30096e+00     9.17954e+04     8.46583e+01     1.82193e+00
    2.30506e+00     9.16972e+04     8.44719e+01     1.81440e+00
    2.30915e+00     9.14432e+04     8.39067e+01     1.80646e+00
    2.31324e+00     9.13495e+04     8.42789e+01     1.79884e+00
    2.31733e+00     9.12417e+04     8.38575e+01     1.79176e+00
    2.32142e+00     9.10321e+04     8.35793e+01     1.78274e+00
    2.32551e+00     9.08501e+04     8.33044e+01     1.77539e+00
    2.32960e+00     9.07455e+04     8.31953e+01     1.76874e+00
    2.33369e+00     9.06761e+04     8.31171e+01     1.76048e+00
    2.33778e+00     9.05418e+04     8.26402e+01     1.75117e+00
    2.34187e+00     9.02695e+04     8.21769e+01     1.74574e+00
    2.34596e+00     9.00156e+04     8.20961e+01     1.73769e+00
    2.35005e+00     9.00453e+04     8.19130e+01     1.73018e+00
    2.35414e+00     8.97423e+04     8.14776e+01     1.72042e+00
    2.35823e+00     8.95764e+04     8.10597e+01     1.71192e+00
    2.36232e+00     8.95141e+04     8.10000e+01     1.70445e+00
    2.36641e+00     8.92714e+04     8.09383e+01     1.69796e+00
    2.37051e+00     8.92139e+04     8.06973e+01     1.68902e+00
    2.37460e+00     8.91007e+04     8.02801e+01     1.68477e+00
    2.37869e+00     8.87671e+04     7.99621e+01     1.67555e+00
    2.38278e+00     8.86792e+04     7.98025e+01     1.66952e+00
    2.38687e+00     8.86181e+04     7.99783e+01     1.66138e+00
    2.39096e+00     8.84126e+04     7.92038e+01     1.65532e+00
    2.39505e+00     8.82756e+04     7.93194e+01     1.64736e+00
    2.39914e+00     8.80855e+04     7.87258e+01     1.63989e+00
    2.40323e+00     8.79063e+04     7.85363e+01     1.63171e+00
    2.40732e+00     8.78691e+04     7.87304e+01     1.62518e+00
    2.41141e+00     8.76495e+04     7.83542e+01     1.61823e+00
    2.41550e+00     8.74159e+04     7.78753e+01     1.61239e+00
    2.41959e+00     8.72450e+04     7.77643e+01     1.60442e+00
    2.42368e+00     8.70736e+04     7.73272e+01     1.59684e+00
    2.42777e+00     8.69317e+04     7.71894e+01     1.58959e+00
    2.43187e+00     8.68405e+04     7.70200e+01     1.58219e+00
    2.43596e+00     8.66485e+04     7.68728e+01     1.57664e+00
    2.44004e+00     8.65225e+04     7.67796e+01     1.57055e+00
    2.44414e+00     8.63233e+04     7.64270e+01     1.56357e+00
    2.44823e+00     8.62247e+04     7.63098e+01     1.55707e+00
    2.45232e+00     8.59837e+04     7.54378e+01     1.54840e+00
    2.45640e+00     8.60231e+04     7.53932e+01     1.54234e+00
    2.46050e+00     8.58519e+04     7.53009e+01     1.53670e+00
    2.46459e+00     8.55876e+04     7.50384e+01     1.52816e+00
    2.46868e+00     8.53208e+04     7.46598e+01     1.52300e+00
    2.47277e+00     8.52894e+04     7.45462e+01     1.51549e+00
    2.47686e+00     8.51783e+04     7.45260e+01     1.50956e+00
    2.48095e+00     8.49089e+04     7.40051e+01     1.50417e+00
    2.48504e+00     8.48454e+04     7.40239e+01     1.49571e+00
    2.48913e+00     8.47276e+04     7.40433e+01     1.49112e+00
    2.49322e+00     8.45324e+04     7.37257e+01     1.48339e+00
    2.49731e+00     8.42905e+04     7.30033e+01     1.47575e+00
    2.50141e+00     8.42227e+04     7.31075e+01     1.47226e+00
    2.50550e+00     8.40698e+04     7.28217e+01     1.46356e+00
    2.50959e+00     8.37745e+04     7.23587e+01     1.45895e+00
    2.51368e+00     8.37655e+04     7.24033e+01     1.45209e+00
    2.51777e+00     8.36652e+04     7.20209e+01     1.44429e+00
    2.52186e+00     8.34427e+04     7.20740e+01     1.43759e+00
    2.52595e+00     8.32676e+04     7.16835e+01     1.43411e+00
    2.53004e+00     8.31685e+04     7.16365e+01     1.42615e+00
    2.53413e+00     8.30473e+04     7.15283e+01     1.42122e+00
    2.53822e+00     8.27349e+04     7.08506e+01     1.41436e+00
    2.54231e+00     8.26828e+04     7.08427e+01     1.40768e+00
    2.54640e+00     8.25304e+04     7.08058e+01     1.40256e+00
    2.55049e+00     8.23858e+04     7.04839e+01     1.39733e+00
    2.55458e+00     8.22812e+04     7.02855e+01     1.39022e+00
    2.55867e+00     8.20504e+04     7.04082e+01     1.38563e+00
    2.56276e+00     8.18770e+04     6.96282e+01     1.37790e+00
    2.56685e+00     8.17000e+04     6.93591e+01     1.37287e+00
    2.57095e+00     8.17020e+04     6.95771e+01     1.36669e+00
    2.57504e+00     8.14191e+04     6.93639e+01     1.36043e+00
    2.57913e+00     8.12880e+04     6.87391e+01     1.35283e+00
    2.58322e+00     8.10992e+04     6.86858e+01     1.34831e+00
    2.58731e+00     8.09917e+04     6.85090e+01     1.34405e+00
    2.59140e+00     8.09139e+04     6.82122e+01     1.33630e+00
    2.59549e+00     8.06961e+04     6.80752e+01     1.33123e+00
    2.59958e+00     8.05512e+04     6.77420e+01     1.32492e+00
    2.60367e+00     8.02826e+04     6.74212e+01     1.31921e+00
    2.60776e+00     8.03106e+04     6.74461e+01     1.31338e+00
    2.61185e+00     8.00891e+04     6.72098e+01     1.31020e+00
    2.61594e+00     7.99219e+04     6.72599e+01     1.30396e+00
    2.62003e+00     7.98001e+04     6.69045e+01     1.29815e+00
    2.62412e+00     7.96141e+04     6.63520e+01     1.29035e+00
    2.62821e+00     7.95773e+04     6.66429e+01     1.28615e+00
    2.63230e+00     7.92475e+04     6.59083e+01     1.28098e+00
    2.63640e+00     7.92182e+04     6.58856e+01     1.27519e+00
    2.64049e+00     7.90335e+04     6.59960e+01     1.27109e+00
    2.64457e+00     7.88233e+04     6.55298e+01     1.26471e+00
    2.64867e+00     7.87326e+04     6.53516e+01     1.25891e+00
    2.65276e+00     7.85084e+04     6.50007e+01     1.25306e+00
    2.65685e+00     7.84363e+04     6.48791e+01     1.24881e+00
    2.66094e+00     7.82573e+04     6.45217e+01     1.24161e+00
    2.66503e+00     7.81998e+04     6.42620e+01     1.23768e+00
    2.66912e+00     7.79719e+04     6.44037e+01     1.23204e+00
    2.67321e+00     7.78249e+04     6.41960e+01     1.22752e+00
    2.67730e+00     7.76008e+04     6.38188e+01     1.22274e+00
    2.68139e+00     7.74400e+04     6.38572e+01     1.21638e+00
    2.68548e+00     7.74035e+04     6.34416e+01     1.21187e+00
    2.68957e+00     7.71952e+04     6.31296e+01     1.20618e+00
    2.69366e+00     7.70557e+04     6.29608e+01     1.20071e+00
    2.69776e+00     7.69052e+04     6.30525e+01     1.19636e+00
    2.70185e+00     7.67685e+04     6.28208e+01     1.19124e+00
    2.70594e+00     7.66006e+04     6.26353e+01     1.18538e+00
    2.71003e+00     7.65143e+04     6.23071e+01     1.18064e+00
    2.71412e+00     7.63043e+04     6.20897e+01     1.17542e+00
    2.71821e+00     7.62172e+04     6.18214e+01     1.17142e+00
    2.72230e+00     7.60182e+04     6.16215e+01     1.16559e+00
    2.72639e+00     7.58397e+04     6.14658e+01     1.16027e+00
    2.73048e+00     7.57862e+04     6.14123e+01     1.15587e+00
    2.73457e+00     7.55822e+04     6.13032e+01     1.15063e+00
    2.73866e+00     7.54293e+04     6.11247e+01     1.14612e+00
    2.74275e+00     7.53454e+04     6.09933e+01     1.14186e+00
    2.74684e+00     7.51399e+04     6.05396e+01     1.13631e+00
    2.75093e+00     7.50468e+04     6.01596e+01     1.12997e+00
    2.75502e+00     7.48210e+04     6.00901e+01     1.12743e+00
    2.75911e+00     7.46700e+04     5.98564e+01     1.12200e+00
    2.76320e+00     7.44621e+04     5.96773e+01     1.11752e+00
    2.76730e+00     7.44211e+04     5.96045e+01     1.11266e+00
    2.77139e+00     7.42508e+04     5.95308e+01     1.10784e+00
    2.77548e+00     7.41485e+04     5.91437e+01     1.10210e+00
    2.77957e+00     7.39920e+04     5.90863e+01     1.09657e+00
    2.78366e+00     7.37738e+04     5.87339e+01     1.09287e+00
    2.78775e+00     7.36830e+04     5.84751e+01     1.08781e+00
    2.79184e+00     7.34575e+04     5.83928e+01     1.08357e+00
    2.79593e+00     7.33782e+04     5.83241e+01     1.07887e+00
    2.80002e+00     7.32599e+04     5.79021e+01     1.07469e+00
    2.80411e+00     7.30975e+04     5.79590e+01     1.07051e+00
    2.80820e+00     7.28670e+04     5.76345e+01     1.06611e+00
    2.81229e+00     7.28344e+04     5.74871e+01     1.06121e+00
    2.81638e+00     7.26083e+04     5.72795e+01     1.05593e+00
    2.82047e+00     7.25400e+04     5.72746e+01     1.05146e+00
    2.82457e+00     7.23780e+04     5.72088e+01     1.04775e+00
    2.82866e+00     7.21848e+04     5.66778e+01     1.04311e+00
    2.83275e+00     7.21120e+04     5.66622e+01     1.03937e+00
    2.83684e+00     7.19441e+04     5.63685e+01     1.03437e+00
    2.84093e+00     7.17810e+04     5.65112e+01     1.03057e+00
    2.84502e+00     7.16112e+04     5.61065e+01     1.02496e+00
    2.84911e+00     7.14575e+04     5.56890e+01     1.02129e+00
    2.85320e+00     7.13822e+04     5.56988e+01     1.01640e+00
    2.85729e+00     7.12412e+04     5.55585e+01     1.01263e+00
    2.86138e+00     7.11226e+04     5.52516e+01     1.00846e+00
    2.86547e+00     7.09764e+04     5.51937e+01     1.00341e+00
    2.86956e+00     7.07393e+04     5.51537e+01     1.00047e+00
    2.87365e+00     7.05855e+04     5.47743e+01     9.95011e-01
    2.87774e+00     7.05190e+04     5.45032e+01     9.91017e-01
    2.88183e+00     7.04400e+04     5.45600e+01     9.86406e-01
    2.88592e+00     7.02448e+04     5.42099e+01     9.81961e-01
    2.89001e+00     7.00485e+04     5.43386e+01     9.79143e-01
    2.89410e+00     6.99021e+04     5.37785e+01     9.73859e-01
    2.89820e+00     6.97981e+04     5.35256e+01     9.70501e-01
    2.90229e+00     6.96182e+04     5.34673e+01     9.66254e-01
    2.90638e+00     6.94852e+04     5.32401e+01     9.62609e-01
    2.91047e+00     6.93988e+04     5.31903e+01     9.58532e-01
    2.91456e+00     6.92202e+04     5.28916e+01     9.53896e-01
    2.91865e+00     6.90969e+04     5.29640e+01     9.50869e-01
    2.92274e+00     6.89269e+04     5.28247e+01     9.46306e-01
    2.92683e+00     6.87953e+04     5.23742e+01     9.41738e-01
    2.93092e+00     6.86347e+04     5.23978e+01     9.38504e-01
    2.93501e+00     6.85508e+04     5.22486e+01     9.33647e-01
    2.93910e+00     6.84271e+04     5.21681e+01     9.30004e-01
    2.94319e+00     6.82313e+04     5.19553e+01     9.27013e-01
    2.94728e+00     6.80704e+04     5.16132e+01     9.23334e-01
    2.95137e+00     6.79760e+04     5.14811e+01     9.18969e-01
    2.95546e+00     6.78095e+04     5.12199e+01     9.14331e-01
    2.95955e+00     6.76950e+04     5.10642e+01     9.10449e-01
    2.96364e+00     6.75608e+04     5.11932e+01     9.07937e-01
    2.96774e+00     6.74149e+04     5.07492e+01     9.03430e-01
    2.97183e+00     6.72582e+04     5.05840e+01     8.99123e-01
    2.97592e+00     6.71573e+04     5.06532e+01     8.94774e-01
    2.98001e+00     6.69464e+04     5.02468e+01     8.91415e-01
    2.98410e+00     6.68965e+04     5.02502e+01     8.88212e-01
    2.98819e+00     6.67403e+04     4.99396e+01     8.83856e-01
    2.99228e+00     6.66220e+04     4.99554e+01     8.81001e-01
    2.99637e+00     6.64205e+04     4.97552e+01     8.76973e-01
    3.00046e+00     6.62466e+04     4.94468e+01     8.72701e-01
    3.00455e+00     6.61984e+04     4.94271e+01     8.70175e-01
    3.00864e+00     6.61172e+04     4.91001e+01     8.65274e-01
    3.01273e+00     6.59811e+04     4.91863e+01     8.62813e-01
    3.01682e+00     6.57651e+04     4.89045e+01     8.58988e-01
    3.02091e+00     6.56243e+04     4.88707e+01     8.55566e-01
    3.02500e+00     6.55695e+04     4.85531e+01     8.51000e-01
    3.02910e+00     6.53841e+04     4.85949e+01     8.49074e-01
    3.03319e+00     6.52950e+04     4.82858e+01     8.44924e-01
    3.03728e+00     6.50256e+04     4.79264e+01     8.40033e-01
    3.04137e+00     6.49464e+04     4.78847e+01     8.36361e-01
    3.04546e+00     6.48813e+04     4.78421e+01     8.33166e-01
    3.04955e+00     6.46507e+04     4.75411e+01     8.30500e-01
    3.05364e+00     6.45566e+04     4.76247e+01     8.26991e-01
    3.05773e+00     6.44217e+04     4.73566e+01     8.23297e-01
    3.06182e+00     6.42958e+04     4.72268e+01     8.19468e-01
    3.06591e+00     6.41920e+04     4.70065e+01     8.16430e-01
    3.07000e+00     6.40388e+04     4.69312e+01     8.13520e-01
    3.07409e+00     6.39092e+04     4.66465e+01     8.09887e-01
    3.07818e+00     6.37874e+04     4.65125e+01     8.06691e-01
    3.08227e+00     6.36219e+04     4.62410e+01     8.02181e-01
    3.08636e+00     6.34634e+04     4.62174e+01     7.99663e-01
    3.09045e+00     6.34217e+04     4.62028e+01     7.96731e-01
    3.09454e+00     6.32245e+04     4.59778e+01     7.92526e-01
    3.09863e+00     6.30808e+04     4.57195e+01     7.89125e-01
    3.10272e+00     6.29531e+04     4.55692e+01     7.85732e-01
    3.10682e+00     6.28354e+04     4.52591e+01     7.82724e-01
    3.11091e+00     6.27243e+04     4.53025e+01     7.79584e-01
    3.11500e+00     6.25575e+04     4.50675e+01     7.76276e-01
    3.11909e+00     6.24727e+04     4.50238e+01     7.72613e-01
    3.12318e+00     6.23542e+04     4.49145e+01     7.69879e-01
    3.12727e+00     6.22282e+04     4.45866e+01     7.65702e-01
    3.13136e+00     6.20335e+04     4.45961e+01     7.63962e-01
    3.13545e+00     6.19851e+04     4.43651e+01     7.59677e-01
    3.13954e+00     6.18230e+04     4.43235e+01     7.58101e-01
    3.14363e+00     6.16491e+04     4.41134e+01     7.54777e-01
    3.14772e+00     6.15366e+04     4.39064e+01     7.49944e-01
    3.15181e+00     6.14128e+04     4.38427e+01     7.47692e-01
    3.15590e+00     6.12724e+04     4.36475e+01     7.44915e-01
    3.16000e+00     6.11341e+04     4.35068e+01     7.40846e-01
    3.16409e+00     6.10214e+04     4.33075e+01     7.39213e-01
    3.16818e+00     6.08499e+04     4.31944e+01     7.35026e-01
    3.17227e+00     6.07867e+04     4.29440e+01     7.32729e-01
    3.17636e+00     6.06022e+04     4.29704e+01     7.29266e-01
    3.18045e+00     6.04693e+04     4.27368e+01     7.27005e-01
    3.18454e+00     6.04125e+04     4.26629e+01     7.22982e-01
    3.18863e+00     6.02564e+04     4.24347e+01     7.20217e-01
    3.19272e+00     6.00643e+04     4.24052e+01     7.17262e-01
    3.19681e+00     5.99786e+04     4.21374e+01     7.14230e-01
    3.20090e+00     5.99012e+04     4.20833e+01     7.11630e-01
    3.20499e+00     5.98161e+04     4.19699e+01     7.08862e-01
    3.20908e+00     5.96012e+04     4.16845e+01     7.05345e-01
    3.21317e+00     5.94796e+04     4.15245e+01     7.02391e-01
    3.21726e+00     5.93857e+04     4.14600e+01     7.00221e-01
    3.22135e+00     5.92230e+04     4.14759e+01     6.96628e-01
    3.22545e+00     5.90444e+04     4.12501e+01     6.93810e-01
    3.22954e+00     5.89659e+04     4.10145e+01     6.90910e-01
    3.23363e+00     5.88896e+04     4.10056e+01     6.88596e-01
    3.23772e+00     5.87212e+04     4.08068e+01     6.85430e-01
    3.24181e+00     5.86073e+04     4.05723e+01     6.82403e-01
    3.24590e+00     5.84608e+04     4.05425e+01     6.79608e-01
    3.24999e+00     5.83356e+04     4.03517e+01     6.76450e-01
    3.25408e+00     5.82208e+04     4.01583e+01     6.74252e-01
    3.25817e+00     5.81125e+04     4.01978e+01     6.71160e-01
    3.26226e+00     5.80211e+04     4.00394e+01     6.68832e-01
    3.26635e+00     5.78394e+04     3.99032e+01     6.66124e-01
    3.27044e+00     5.76894e+04     3.98455e+01     6.62846e-01
    3.27453e+00     5.75767e+04     3.96184e+01     6.59557e-01
    3.27862e+00     5.74293e+04     3.93835e+01     6.58042e-01
    3.28271e+00     5.73497e+04     3.92514e+01     6.54298e-01
    3.28681e+00     5.72484e+04     3.89669e+01     6.51591e-01
    3.29090e+00     5.71982e+04     3.91783e+01     6.49311e-01
    3.29499e+00     5.69907e+04     3.89158e+01     6.47052e-01
    3.29908e+00     5.69296e+04     3.87709e+01     6.43620e-01
    3.30317e+00     5.67600e+04     3.85453e+01     6.41026e-01
    3.30725e+00     5.66481e+04     3.85304e+01     6.38971e-01
    3.31135e+00     5.65215e+04     3.82508e+01     6.36192e-01
    3.31544e+00     5.63759e+04     3.82730e+01     6.33628e-01
    3.31953e+00     5.62518e+04     3.80584e+01     6.31121e-01
    3.32362e+00     5.61413e+04     3.79696e+01     6.28227e-01
    3.32771e+00     5.60514e+04     3.78503e+01     6.26040e-01
    3.33180e+00     5.58628e+04     3.76266e+01     6.22760e-01
    3.33589e+00     5.58200e+04     3.77280e+01     6.20217e-01
    3.33998e+00     5.56702e+04     3.75360e+01     6.17665e-01
    3.34407e+00     5.56169e+04     3.74131e+01     6.15727e-01
    3.34816e+00     5.54152e+04     3.71772e+01     6.12974e-01
    3.35226e+00     5.52992e+04     3.71115e+01     6.10663e-01
    3.35634e+00     5.51991e+04     3.70239e+01     6.07910e-01
    3.36043e+00     5.50989e+04     3.68076e+01     6.05379e-01
    3.36453e+00     5.49751e+04     3.68300e+01     6.03225e-01
    3.36862e+00     5.48428e+04     3.65767e+01     6.00864e-01
    3.37271e+00     5.47406e+04     3.65247e+01     5.98150e-01
    3.37680e+00     5.46124e+04     3.63891e+01     5.95515e-01
    3.38089e+00     5.45170e+04     3.62012e+01     5.93836e-01
    3.38498e+00     5.43722e+04     3.61351e+01     5.90832e-01
    3.38907e+00     5.43304e+04     3.60866e+01     5.88215e-01
    3.39316e+00     5.41604e+04     3.58464e+01     5.86129e-01
    3.39725e+00     5.40583e+04     3.58007e+01     5.84060e-01
    3.40134e+00     5.39578e+04     3.56347e+01     5.81457e-01
    3.40543e+00     5.38356e+04     3.55527e+01     5.78974e-01
    3.40952e+00     5.36649e+04     3.53785e+01     5.76339e-01
    3.41362e+00     5.35508e+04     3.52625e+01     5.74109e-01
    3.41770e+00     5.34389e+04     3.51577e+01     5.72138e-01
    3.42179e+00     5.33673e+04     3.50197e+01     5.69584e-01
    3.42588e+00     5.32072e+04     3.49411e+01     5.67173e-01
    3.42997e+00     5.31582e+04     3.47186e+01     5.65377e-01
    3.43406e+00     5.29747e+04     3.46529e+01     5.62997e-01
    3.43816e+00     5.29062e+04     3.45297e+01     5.60600e-01
    3.44225e+00     5.27784e+04     3.43526e+01     5.57970e-01
    3.44634e+00     5.27467e+04     3.43490e+01     5.56212e-01
    3.45043e+00     5.25850e+04     3.41400e+01     5.53753e-01
    3.45452e+00     5.24043e+04     3.40285e+01     5.51132e-01
    3.45861e+00     5.23227e+04     3.38719e+01     5.48957e-01
    3.46270e+00     5.22229e+04     3.37191e+01     5.46928e-01
    3.46679e+00     5.21260e+04     3.37754e+01     5.45046e-01
    3.47088e+00     5.20326e+04     3.36973e+01     5.42317e-01
    3.47497e+00     5.19627e+04     3.35585e+01     5.40303e-01
    3.47906e+00     5.17873e+04     3.34269e+01     5.38537e-01
    3.48315e+00     5.17383e+04     3.33088e+01     5.35902e-01
    3.48725e+00     5.15930e+04     3.32480e+01     5.33650e-01
    3.49134e+00     5.14477e+04     3.31019e+01     5.32177e-01
    3.49543e+00     5.13583e+04     3.28988e+01     5.30116e-01
    3.49952e+00     5.12574e+04     3.28327e+01     5.27791e-01
    3.50361e+00     5.11222e+04     3.27272e+01     5.25537e-01
    3.50770e+00     5.10249e+04     3.26173e+01     5.23559e-01
    3.51179e+00     5.09177e+04     3.24815e+01     5.21274e-01
    3.51588e+00     5.08280e+04     3.23272e+01     5.19196e-01
    3.51997e+00     5.06435e+04     3.22296e+01     5.17169e-01
    3.52406e+00     5.05731e+04     3.20484e+01     5.14910e-01
    3.52815e+00     5.04334e+04     3.21046e+01     5.12868e-01
    3.53224e+00     5.03460e+04     3.19742e+01     5.10490e-01
    3.53633e+00     5.02609e+04     3.19087e+01     5.08934e-01
    3.54042e+00     5.01428e+04     3.17703e+01     5.06675e-01
    3.54451e+00     5.00741e+04     3.17010e+01     5.04411e-01
    3.54860e+00     5.00044e+04     3.15071e+01     5.02879e-01
    3.55270e+00     4.98131e+04     3.14970e+01     5.00934e-01
    3.55679e+00     4.97652e+04     3.13529e+01     4.99107e-01
    3.56088e+00     4.96456e+04     3.11566e+01     4.96638e-01
    3.56497e+00     4.95101e+04     3.11019e+01     4.95261e-01
    3.56906e+00     4.94099e+04     3.09570e+01     4.93394e-01
    3.57315e+00     4.93411e+04     3.09159e+01     4.91204e-01
    3.57724e+00     4.92143e+04     3.06808e+01     4.89376e-01
    3.58133e+00     4.91011e+04     3.07445e+01     4.87721e-01
    3.58542e+00     4.90463e+04     3.06522e+01     4.85067e-01
    3.58951e+00     4.89176e+04     3.04292e+01     4.83641e-01
    3.59360e+00     4.87938e+04     3.03647e+01     4.81429e-01
    3.59769e+00     4.87009e+04     3.03074e+01     4.79809e-01
    3.60178e+00     4.86132e+04     3.01621e+01     4.77787e-01
    3.60587e+00     4.84856e+04     3.00529e+01     4.75680e-01
    3.60996e+00     4.83828e+04     3.00097e+01     4.73510e-01
    3.61405e+00     4.82793e+04     2.99288e+01     4.72402e-01
    3.61814e+00     4.81754e+04     2.98400e+01     4.70469e-01
    3.62224e+00     4.80931e+04     2.96975e+01     4.68302e-01
    3.62633e+00     4.79675e+04     2.96006e+01     4.66522e-01
    3.63042e+00     4.78928e+04     2.94576e+01     4.64852e-01
    3.63451e+00     4.77612e+04     2.93640e+01     4.63006e-01
    3.63860e+00     4.77097e+04     2.93046e+01     4.61107e-01
    3.64269e+00     4.75968e+04     2.90955e+01     4.59237e-01
    3.64678e+00     4.74821e+04     2.90677e+01     4.58022e-01
    3.65087e+00     4.74067e+04     2.90724e+01     4.55751e-01
    3.65496e+00     4.72356e+04     2.88323e+01     4.54211e-01
    3.65905e+00     4.71779e+04     2.87539e+01     4.52359e-01
    3.66314e+00     4.70755e+04     2.87202e+01     4.50603e-01
    3.66723e+00     4.69632e+04     2.85833e+01     4.48738e-01
    3.67132e+00     4.68733e+04     2.85041e+01     4.47207e-01
    3.67541e+00     4.67596e+04     2.83132e+01     4.44998e-01
    3.67950e+00     4.66553e+04     2.83131e+01     4.43601e-01
    3.68359e+00     4.66013e+04     2.81491e+01     4.41980e-01
    3.68769e+00     4.65010e+04     2.81377e+01     4.40712e-01
    3.69177e+00     4.64375e+04     2.80257e+01     4.38439e-01
    3.69587e+00     4.63083e+04     2.79583e+01     4.37117e-01
    3.69996e+00     4.62007e+04     2.77793e+01     4.35200e-01
    3.70405e+00     4.61012e+04     2.77410e+01     4.33524e-01
    3.70814e+00     4.60157e+04     2.76850e+01     4.31986e-01
    3.71223e+00     4.59188e+04     2.76766e+01     4.30531e-01
    3.71632e+00     4.58013e+04     2.74509e+01     4.28749e-01
    3.72041e+00     4.57480e+04     2.74056e+01     4.27159e-01
    3.72450e+00     4.56459e+04     2.72546e+01     4.25219e-01
    3.72859e+00     4.55059e+04     2.72103e+01     4.23771e-01
    3.73268e+00     4.54631e+04     2.70953e+01     4.21895e-01
    3.73677e+00     4.53471e+04     2.69834e+01     4.20606e-01
    3.74086e+00     4.52397e+04     2.69129e+01     4.19282e-01
    3.74495e+00     4.51682e+04     2.68216e+01     4.17445e-01
    3.74905e+00     4.50398e+04     2.67586e+01     4.15745e-01
    3.75313e+00     4.49607e+04     2.66327e+01     4.14015e-01
    3.75722e+00     4.48181e+04     2.65737e+01     4.12659e-01
    3.76131e+00     4.47937e+04     2.65051e+01     4.11239e-01
    3.76541e+00     4.47115e+04     2.64529e+01     4.09640e-01
    3.76950e+00     4.45748e+04     2.63436e+01     4.07965e-01
    3.77359e+00     4.45339e+04     2.62484e+01     4.06642e-01
    3.77768e+00     4.44094e+04     2.61711e+01     4.05365e-01
    3.78177e+00     4.43023e+04     2.59844e+01     4.03736e-01
    3.78586e+00     4.42304e+04     2.59376e+01     4.02147e-01
    3.78995e+00     4.41626e+04     2.58903e+01     4.00571e-01
    3.79404e+00     4.40514e+04     2.58088e+01     3.99111e-01
    3.79813e+00     4.39767e+04     2.57038e+01     3.97800e-01
    3.80222e+00     4.39087e+04     2.56602e+01     3.96483e-01
    3.80632e+00     4.37774e+04     2.55186e+01     3.94812e-01
    3.81040e+00     4.36620e+04     2.54025e+01     3.93253e-01
    3.81449e+00     4.36012e+04     2.53091e+01     3.91868e-01
    3.81859e+00     4.35085e+04     2.52992e+01     3.90246e-01
    3.82268e+00     4.34309e+04     2.52342e+01     3.88890e-01
    3.82677e+00     4.33764e+04     2.51928e+01     3.87700e-01
    3.83086e+00     4.32277e+04     2.50877e+01     3.86235e-01
    3.83495e+00     4.31503e+04     2.49821e+01     3.84897e-01
    3.83904e+00     4.30717e+04     2.49437e+01     3.83430e-01
    3.84313e+00     4.29718e+04     2.48464e+01     3.82068e-01
    3.84722e+00     4.29226e+04     2.47735e+01     3.80531e-01
    3.85131e+00     4.27797e+04     2.45675e+01     3.78970e-01
    3.85540e+00     4.27287e+04     2.45868e+01     3.77808e-01
    3.85949e+00     4.26546e+04     2.44284e+01     3.76107e-01
    3.86358e+00     4.25506e+04     2.43606e+01     3.74787e-01
    3.86768e+00     4.24450e+04     2.43478e+01     3.73731e-01
    3.87177e+00     4.23876e+04     2.41806e+01     3.72067e-01
    3.87585e+00     4.23245e+04     2.41374e+01     3.70981e-01
    3.87994e+00     4.22362e+04     2.41431e+01     3.69727e-01
    3.88403e+00     4.21397e+04     2.40987e+01     3.68631e-01
    3.88813e+00     4.20445e+04     2.39108e+01     3.67037e-01
    3.89222e+00     4.19697e+04     2.38624e+01     3.65570e-01
    3.89631e+00     4.19028e+04     2.38180e+01     3.64677e-01
    3.90040e+00     4.18446e+04     2.36777e+01     3.63042e-01
    3.90449e+00     4.17554e+04     2.36870e+01     3.61884e-01
    3.90858e+00     4.16604e+04     2.35650e+01     3.60540e-01
    3.91267e+00     4.15319e+04     2.34296e+01     3.59316e-01
    3.91676e+00     4.15212e+04     2.35017e+01     3.58129e-01
    3.92085e+00     4.13769e+04     2.32960e+01     3.56595e-01
    3.92494e+00     4.13050e+04     2.32024e+01     3.55366e-01
    3.92903e+00     4.12398e+04     2.32226e+01     3.54193e-01
    3.93312e+00     4.11903e+04     2.31732e+01     3.53184e-01
    3.93721e+00     4.10697e+04     2.30683e+01     3.51686e-01
    3.94130e+00     4.10190e+04     2.30494e+01     3.50702e-01
    3.94539e+00     4.09219e+04     2.29012e+01     3.49579e-01
    3.94949e+00     4.08386e+04     2.28514e+01     3.48337e-01
    3.95358e+00     4.07628e+04     2.28549e+01     3.46903e-01
    3.95767e+00     4.07018e+04     2.27086e+01     3.45692e-01
    3.96176e+00     4.06113e+04     2.27315e+01     3.44686e-01
    3.96585e+00     4.05323e+04     2.26019e+01     3.43597e-01
    3.96994e+00     4.04479e+04     2.25454e+01     3.41924e-01
    3.97403e+00     4.03677e+04     2.23814e+01     3.40890e-01
    3.97812e+00     4.02790e+04     2.23547e+01     3.40089e-01
    3.98221e+00     4.02093e+04     2.22608e+01     3.38918e-01
    3.98630e+00     4.01425e+04     2.22331e+01     3.37756e-01
    3.99039e+00     4.00830e+04     2.21763e+01     3.36395e-01
    3.99448e+00     4.00035e+04     2.20952e+01     3.35291e-01
    3.99857e+00     3.99147e+04     2.20619e+01     3.34244e-01
    4.00266e+00     3.98477e+04     2.20358e+01     3.33140e-01
    4.00675e+00     3.97779e+04     2.18752e+01     3.31925e-01
    4.01085e+00     3.96774e+04     2.18451e+01     3.30488e-01
    4.01494e+00     3.96140e+04     2.17998e+01     3.29818e-01
    4.01902e+00     3.95437e+04     2.17405e+01     3.28816e-01
    4.02312e+00     3.94431e+04     2.16346e+01     3.27571e-01
    4.02721e+00     3.93895e+04     2.15905e+01     3.26665e-01
    4.03130e+00     3.92887e+04     2.14935e+01     3.25465e-01
    4.03539e+00     3.92333e+04     2.14625e+01     3.24261e-01
    4.03948e+00     3.91728e+04     2.13909e+01     3.23091e-01
    4.04357e+00     3.90984e+04     2.13055e+01     3.22180e-01
    4.04766e+00     3.90270e+04     2.12554e+01     3.21284e-01
    4.05175e+00     3.89393e+04     2.12015e+01     3.20003e-01
    4.05584e+00     3.88659e+04     2.11040e+01     3.18972e-01
    4.05993e+00     3.88031e+04     2.10850e+01     3.18114e-01
    4.06402e+00     3.87332e+04     2.10422e+01     3.17324e-01
    4.06811e+00     3.86632e+04     2.09042e+01     3.15932e-01
    4.07220e+00     3.85769e+04     2.08512e+01     3.15022e-01
    4.07630e+00     3.85236e+04     2.08210e+01     3.14046e-01
    4.08038e+00     3.84477e+04     2.07494e+01     3.13029e-01
    4.08447e+00     3.83684e+04     2.06863e+01     3.11965e-01
    4.08857e+00     3.83109e+04     2.06446e+01     3.11028e-01
    4.09266e+00     3.82432e+04     2.05296e+01     3.09893e-01
    4.09675e+00     3.81451e+04     2.04709e+01     3.08902e-01
    4.10084e+00     3.80797e+04     2.04659e+01     3.08006e-01
    4.10493e+00     3.80233e+04     2.03769e+01     3.06835e-01
    4.10902e+00     3.79802e+04     2.03908e+01     3.06145e-01
    4.11311e+00     3.78880e+04     2.02339e+01     3.04993e-01
    4.11720e+00     3.78381e+04     2.02245e+01     3.04288e-01
    4.12129e+00     3.77591e+04     2.01859e+01     3.03370e-01
    4.12538e+00     3.76748e+04     2.00807e+01     3.02408e-01
    4.12947e+00     3.76002e+04     2.00133e+01     3.01433e-01
    4.13356e+00     3.75513e+04     2.00187e+01     3.00478e-01
    4.13765e+00     3.74988e+04     1.98808e+01     2.99832e-01
    4.14175e+00     3.74223e+04     1.98194e+01     2.98653e-01
    4.14584e+00     3.73537e+04     1.97792e+01     2.97897e-01
    4.14993e+00     3.72816e+04     1.97619e+01     2.97059e-01
    4.15402e+00     3.72201e+04     1.97088e+01     2.96121e-01
    4.15811e+00     3.71196e+04     1.96113e+01     2.94993e-01
    4.16220e+00     3.71091e+04     1.96176e+01     2.94152e-01
    4.16629e+00     3.70400e+04     1.95592e+01     2.93442e-01
    4.17038e+00     3.69433e+04     1.94979e+01     2.92210e-01
    4.17447e+00     3.68780e+04     1.93950e+01     2.91514e-01
    4.17856e+00     3.68520e+04     1.94558e+01     2.90789e-01
    4.18265e+00     3.67636e+04     1.93347e+01     2.90017e-01
    4.18674e+00     3.66967e+04     1.93081e+01     2.88908e-01
