# Real space auto- and cross-spectra.
# z=3.000, 12.500<lgM<13.000
#      k[h/Mpc]            P_hh            P_hm            P_mm
    0.00000e+00     0.00000e+00     0.00000e+00     0.00000e+00
    5.79404e-03     6.87100e+04     1.16936e+04     2.29339e+03
    1.04717e-02     7.91727e+04     1.16402e+04     2.05766e+03
    1.42665e-02     7.78151e+04     1.24366e+04     2.33676e+03
    1.81228e-02     8.22538e+04     1.29373e+04     2.42593e+03
    2.24845e-02     8.46530e+04     1.32904e+04     2.45196e+03
    2.64508e-02     6.92732e+04     1.13226e+04     2.17972e+03
    3.04474e-02     7.81664e+04     1.22482e+04     2.29742e+03
    3.47320e-02     6.57815e+04     9.70336e+03     1.78122e+03
    3.88308e-02     5.62303e+04     8.20188e+03     1.51164e+03
    4.28140e-02     5.33745e+04     7.54397e+03     1.41681e+03
    4.68856e-02     4.95945e+04     6.87785e+03     1.27960e+03
    5.09858e-02     4.75325e+04     6.52730e+03     1.21367e+03
    5.51458e-02     4.60145e+04     6.34560e+03     1.18548e+03
    5.92243e-02     4.54902e+04     6.17874e+03     1.14739e+03
    6.32864e-02     4.49740e+04     5.85970e+03     1.08117e+03
    6.73674e-02     4.23812e+04     5.60162e+03     1.02863e+03
    7.14960e-02     3.95121e+04     5.01818e+03     9.23057e+02
    7.55894e-02     4.04476e+04     5.04201e+03     9.13347e+02
    7.96660e-02     3.60450e+04     4.41823e+03     8.14359e+02
    8.38183e-02     3.55596e+04     4.30223e+03     7.84867e+02
    8.78941e-02     3.32066e+04     3.77411e+03     6.84408e+02
    9.19238e-02     3.27875e+04     3.66085e+03     6.57780e+02
    9.60446e-02     2.98850e+04     3.22265e+03     5.90440e+02
    1.00128e-01     2.92563e+04     3.09163e+03     5.52823e+02
    1.04209e-01     2.82109e+04     2.90546e+03     5.29653e+02
    1.08333e-01     2.75133e+04     2.75722e+03     4.98803e+02
    1.12448e-01     2.73245e+04     2.67819e+03     4.74673e+02
    1.16521e-01     2.56435e+04     2.47656e+03     4.50663e+02
    1.20596e-01     2.55178e+04     2.47106e+03     4.46771e+02
    1.24665e-01     2.52720e+04     2.41514e+03     4.39769e+02
    1.28771e-01     2.51268e+04     2.34131e+03     4.14249e+02
    1.32874e-01     2.47359e+04     2.27707e+03     4.13264e+02
    1.36975e-01     2.48836e+04     2.24864e+03     3.95424e+02
    1.41075e-01     2.40123e+04     2.06951e+03     3.64092e+02
    1.45172e-01     2.33027e+04     2.01103e+03     3.49862e+02
    1.49268e-01     2.24838e+04     1.90635e+03     3.34969e+02
    1.53330e-01     2.23847e+04     1.78582e+03     3.09186e+02
    1.57416e-01     2.13396e+04     1.63775e+03     2.87825e+02
    1.61514e-01     2.12448e+04     1.61249e+03     2.75678e+02
    1.65592e-01     2.04491e+04     1.55151e+03     2.65284e+02
    1.69693e-01     2.04193e+04     1.47769e+03     2.51675e+02
    1.73803e-01     2.01746e+04     1.44089e+03     2.44833e+02
    1.77905e-01     1.96063e+04     1.37131e+03     2.35292e+02
    1.82001e-01     1.94028e+04     1.34252e+03     2.30338e+02
    1.86092e-01     1.92561e+04     1.31189e+03     2.24151e+02
    1.90161e-01     1.91136e+04     1.29738e+03     2.23375e+02
    1.94237e-01     1.89351e+04     1.23620e+03     2.10074e+02
    1.98334e-01     1.86915e+04     1.22277e+03     2.06159e+02
    2.02427e-01     1.81519e+04     1.16512e+03     1.96714e+02
    2.06523e-01     1.82601e+04     1.14043e+03     1.91334e+02
    2.10626e-01     1.78913e+04     1.09000e+03     1.83139e+02
    2.14724e-01     1.79620e+04     1.08443e+03     1.77477e+02
    2.18827e-01     1.74030e+04     1.03458e+03     1.70970e+02
    2.22903e-01     1.72776e+04     9.95125e+02     1.63009e+02
    2.26990e-01     1.71259e+04     9.66116e+02     1.57918e+02
    2.31084e-01     1.67002e+04     9.22950e+02     1.51067e+02
    2.35153e-01     1.66169e+04     8.96484e+02     1.45731e+02
    2.39244e-01     1.65068e+04     8.90952e+02     1.43805e+02
    2.43338e-01     1.66407e+04     8.80737e+02     1.40517e+02
    2.47445e-01     1.62507e+04     8.49972e+02     1.36873e+02
    2.51539e-01     1.61391e+04     8.28516e+02     1.32979e+02
    2.55609e-01     1.60655e+04     8.18335e+02     1.30532e+02
    2.59718e-01     1.60243e+04     8.00510e+02     1.27616e+02
    2.63814e-01     1.58675e+04     7.80217e+02     1.23474e+02
    2.67904e-01     1.56472e+04     7.55642e+02     1.19527e+02
    2.71993e-01     1.54624e+04     7.41344e+02     1.17026e+02
    2.76068e-01     1.54027e+04     7.12698e+02     1.12496e+02
    2.80171e-01     1.52760e+04     6.98852e+02     1.09230e+02
    2.84268e-01     1.52497e+04     6.80434e+02     1.05735e+02
    2.88346e-01     1.50911e+04     6.67738e+02     1.03493e+02
    2.92426e-01     1.48210e+04     6.50804e+02     1.00814e+02
    2.96514e-01     1.48071e+04     6.38434e+02     9.80125e+01
    3.00627e-01     1.48282e+04     6.34051e+02     9.61050e+01
    3.04729e-01     1.46353e+04     6.12514e+02     9.31818e+01
    3.08821e-01     1.46310e+04     6.01874e+02     9.16018e+01
    3.12919e-01     1.44898e+04     5.92747e+02     9.02750e+01
    3.16999e-01     1.43727e+04     5.85057e+02     8.81601e+01
    3.21078e-01     1.42695e+04     5.74336e+02     8.66494e+01
    3.25167e-01     1.43767e+04     5.63348e+02     8.38615e+01
    3.29247e-01     1.43270e+04     5.58992e+02     8.23614e+01
    3.33333e-01     1.41522e+04     5.41195e+02     8.03303e+01
    3.37443e-01     1.40300e+04     5.26011e+02     7.85244e+01
    3.41545e-01     1.40198e+04     5.24168e+02     7.69725e+01
    3.45625e-01     1.39614e+04     5.15372e+02     7.52431e+01
    3.49715e-01     1.39327e+04     5.03499e+02     7.33837e+01
    3.53817e-01     1.36754e+04     4.86999e+02     7.06548e+01
    3.57906e-01     1.36075e+04     4.78487e+02     6.96975e+01
    3.61975e-01     1.36409e+04     4.77275e+02     6.87382e+01
    3.66071e-01     1.34934e+04     4.65733e+02     6.71128e+01
    3.70189e-01     1.34209e+04     4.55733e+02     6.54658e+01
    3.74277e-01     1.34259e+04     4.50277e+02     6.42756e+01
    3.78356e-01     1.34312e+04     4.43742e+02     6.32265e+01
    3.82448e-01     1.31993e+04     4.36006e+02     6.19980e+01
    3.86535e-01     1.31532e+04     4.28213e+02     6.06033e+01
    3.90624e-01     1.31616e+04     4.23086e+02     5.96146e+01
    3.94706e-01     1.30842e+04     4.16626e+02     5.83598e+01
    3.98794e-01     1.30865e+04     4.12258e+02     5.74441e+01
    4.02896e-01     1.30350e+04     4.09410e+02     5.67117e+01
    4.06986e-01     1.28617e+04     3.92711e+02     5.49177e+01
    4.11069e-01     1.29876e+04     3.92695e+02     5.40700e+01
    4.15170e-01     1.28023e+04     3.86795e+02     5.33902e+01
    4.19263e-01     1.28115e+04     3.82140e+02     5.21933e+01
    4.23353e-01     1.27671e+04     3.76025e+02     5.12788e+01
    4.27447e-01     1.26236e+04     3.68272e+02     5.01049e+01
    4.31534e-01     1.26959e+04     3.65557e+02     4.94869e+01
    4.35624e-01     1.25358e+04     3.57217e+02     4.85301e+01
    4.39718e-01     1.25962e+04     3.55851e+02     4.77559e+01
    4.43804e-01     1.26019e+04     3.53644e+02     4.68453e+01
    4.47892e-01     1.24400e+04     3.43451e+02     4.59177e+01
    4.51977e-01     1.23623e+04     3.41166e+02     4.54858e+01
    4.56067e-01     1.24287e+04     3.37133e+02     4.44250e+01
    4.60165e-01     1.23652e+04     3.34500e+02     4.41454e+01
    4.64260e-01     1.23237e+04     3.26885e+02     4.30432e+01
    4.68355e-01     1.23156e+04     3.26370e+02     4.26308e+01
    4.72450e-01     1.22490e+04     3.23488e+02     4.19121e+01
    4.76540e-01     1.21396e+04     3.12681e+02     4.10382e+01
    4.80633e-01     1.21396e+04     3.09855e+02     4.02746e+01
    4.84718e-01     1.20944e+04     3.09766e+02     3.97897e+01
    4.88794e-01     1.21050e+04     3.02743e+02     3.93416e+01
    4.92888e-01     1.20713e+04     3.00994e+02     3.84090e+01
    4.96984e-01     1.19666e+04     2.97661e+02     3.80861e+01
    5.01073e-01     1.20248e+04     2.96953e+02     3.74337e+01
    5.05169e-01     1.19839e+04     2.92217e+02     3.70627e+01
    5.09268e-01     1.19430e+04     2.88228e+02     3.64068e+01
    5.13369e-01     1.18695e+04     2.81532e+02     3.55995e+01
    5.17441e-01     1.18384e+04     2.78448e+02     3.52618e+01
    5.21516e-01     1.18091e+04     2.78392e+02     3.49041e+01
    5.25611e-01     1.17837e+04     2.71237e+02     3.40955e+01
    5.29706e-01     1.17748e+04     2.70540e+02     3.37580e+01
    5.33801e-01     1.16885e+04     2.67473e+02     3.30719e+01
    5.37888e-01     1.16910e+04     2.66120e+02     3.29918e+01
    5.41985e-01     1.16236e+04     2.61095e+02     3.24513e+01
    5.46091e-01     1.15569e+04     2.56871e+02     3.17077e+01
    5.50174e-01     1.15844e+04     2.57148e+02     3.14341e+01
    5.54252e-01     1.15630e+04     2.56132e+02     3.11253e+01
    5.58346e-01     1.15023e+04     2.49230e+02     3.04213e+01
    5.62439e-01     1.14706e+04     2.49743e+02     3.02328e+01
    5.66527e-01     1.14593e+04     2.47442e+02     2.96828e+01
    5.70616e-01     1.14464e+04     2.44089e+02     2.93281e+01
    5.74707e-01     1.14091e+04     2.42018e+02     2.89501e+01
    5.78798e-01     1.13780e+04     2.39099e+02     2.85601e+01
    5.82883e-01     1.13522e+04     2.35514e+02     2.81744e+01
    5.86977e-01     1.13402e+04     2.33774e+02     2.77093e+01
    5.91070e-01     1.12947e+04     2.28689e+02     2.72658e+01
    5.95166e-01     1.13270e+04     2.32691e+02     2.71670e+01
    5.99260e-01     1.12169e+04     2.26844e+02     2.67512e+01
    6.03349e-01     1.12104e+04     2.25653e+02     2.64255e+01
    6.07445e-01     1.12317e+04     2.25242e+02     2.60680e+01
    6.11543e-01     1.12182e+04     2.23421e+02     2.57379e+01
    6.15623e-01     1.11315e+04     2.20042e+02     2.54494e+01
    6.19704e-01     1.11131e+04     2.16266e+02     2.50505e+01
    6.23792e-01     1.10558e+04     2.15358e+02     2.48805e+01
    6.27891e-01     1.10669e+04     2.13062e+02     2.45388e+01
    6.31991e-01     1.10256e+04     2.11346e+02     2.41568e+01
    6.36073e-01     1.10172e+04     2.08504e+02     2.38467e+01
    6.40158e-01     1.09900e+04     2.07278e+02     2.36320e+01
    6.44244e-01     1.10175e+04     2.06447e+02     2.33465e+01
    6.48338e-01     1.09359e+04     2.05643e+02     2.31579e+01
    6.52432e-01     1.09441e+04     2.03064e+02     2.27550e+01
    6.56514e-01     1.09124e+04     2.00710e+02     2.25816e+01
    6.60609e-01     1.08800e+04     1.98016e+02     2.22153e+01
    6.64712e-01     1.08930e+04     1.99308e+02     2.20276e+01
    6.68801e-01     1.08779e+04     1.97069e+02     2.17302e+01
    6.72890e-01     1.08121e+04     1.93758e+02     2.14277e+01
    6.76984e-01     1.07998e+04     1.91883e+02     2.12949e+01
    6.81074e-01     1.07713e+04     1.90191e+02     2.10164e+01
    6.85160e-01     1.07739e+04     1.89856e+02     2.07741e+01
    6.89246e-01     1.07308e+04     1.88200e+02     2.05911e+01
    6.93336e-01     1.06968e+04     1.87159e+02     2.03713e+01
    6.97434e-01     1.07307e+04     1.86090e+02     2.00970e+01
    7.01528e-01     1.06888e+04     1.84684e+02     1.99529e+01
    7.05618e-01     1.06825e+04     1.83551e+02     1.97862e+01
    7.09708e-01     1.06040e+04     1.80125e+02     1.94148e+01
    7.13796e-01     1.06135e+04     1.79855e+02     1.93148e+01
    7.17892e-01     1.06055e+04     1.76845e+02     1.90526e+01
    7.21982e-01     1.06032e+04     1.77673e+02     1.88795e+01
    7.26059e-01     1.05968e+04     1.76093e+02     1.86590e+01
    7.30145e-01     1.05018e+04     1.73387e+02     1.84184e+01
    7.34240e-01     1.05109e+04     1.73715e+02     1.82898e+01
    7.38340e-01     1.04991e+04     1.71930e+02     1.80835e+01
    7.42427e-01     1.04703e+04     1.70328e+02     1.79442e+01
    7.46511e-01     1.04966e+04     1.69641e+02     1.77211e+01
    7.50614e-01     1.04507e+04     1.67618e+02     1.75492e+01
    7.54706e-01     1.04193e+04     1.67350e+02     1.73670e+01
    7.58795e-01     1.04022e+04     1.65717e+02     1.71950e+01
    7.62888e-01     1.03704e+04     1.64175e+02     1.70130e+01
    7.66986e-01     1.03858e+04     1.63562e+02     1.68440e+01
    7.71073e-01     1.03752e+04     1.62561e+02     1.66616e+01
    7.75153e-01     1.02911e+04     1.60086e+02     1.65119e+01
    7.79241e-01     1.03361e+04     1.59370e+02     1.63090e+01
    7.83335e-01     1.02673e+04     1.58543e+02     1.62064e+01
    7.87426e-01     1.02917e+04     1.58196e+02     1.60822e+01
    7.91513e-01     1.02639e+04     1.56383e+02     1.58640e+01
    7.95606e-01     1.02524e+04     1.56408e+02     1.57136e+01
    7.99702e-01     1.02216e+04     1.55390e+02     1.55996e+01
    8.03798e-01     1.02098e+04     1.53831e+02     1.54356e+01
    8.07879e-01     1.01746e+04     1.51724e+02     1.52524e+01
    8.11963e-01     1.02074e+04     1.52012e+02     1.51121e+01
    8.16059e-01     1.01930e+04     1.50267e+02     1.49676e+01
    8.20152e-01     1.01602e+04     1.48990e+02     1.47829e+01
    8.24242e-01     1.01375e+04     1.48513e+02     1.47002e+01
    8.28331e-01     1.01520e+04     1.48885e+02     1.45655e+01
    8.32425e-01     1.01198e+04     1.46890e+02     1.44378e+01
    8.36516e-01     1.01003e+04     1.45766e+02     1.42766e+01
    8.40610e-01     1.00538e+04     1.44327e+02     1.41440e+01
    8.44704e-01     1.00317e+04     1.43695e+02     1.40175e+01
    8.48790e-01     1.00226e+04     1.42850e+02     1.39133e+01
    8.52876e-01     1.00305e+04     1.42556e+02     1.37973e+01
    8.56967e-01     9.97346e+03     1.40287e+02     1.36810e+01
    8.61059e-01     1.00142e+04     1.41485e+02     1.36055e+01
    8.65147e-01     9.96638e+03     1.39500e+02     1.34291e+01
    8.69235e-01     9.95444e+03     1.38555e+02     1.33367e+01
    8.73334e-01     9.93798e+03     1.38837e+02     1.32108e+01
    8.77429e-01     9.93134e+03     1.38024e+02     1.31003e+01
    8.81512e-01     9.91464e+03     1.36509e+02     1.30147e+01
    8.85601e-01     9.88078e+03     1.35144e+02     1.28662e+01
    8.89691e-01     9.87735e+03     1.34076e+02     1.27448e+01
    8.93784e-01     9.84671e+03     1.33745e+02     1.26408e+01
    8.97875e-01     9.83337e+03     1.33206e+02     1.25002e+01
    9.01960e-01     9.80470e+03     1.31309e+02     1.23885e+01
    9.06054e-01     9.81042e+03     1.30948e+02     1.23091e+01
    9.10146e-01     9.76510e+03     1.30302e+02     1.22055e+01
    9.14237e-01     9.79695e+03     1.30019e+02     1.20936e+01
    9.18331e-01     9.72443e+03     1.28018e+02     1.20136e+01
    9.22421e-01     9.74031e+03     1.28853e+02     1.18977e+01
    9.26509e-01     9.74403e+03     1.27381e+02     1.18138e+01
    9.30598e-01     9.74838e+03     1.26680e+02     1.16809e+01
    9.34692e-01     9.70418e+03     1.26395e+02     1.16231e+01
    9.38787e-01     9.67178e+03     1.25283e+02     1.14899e+01
    9.42873e-01     9.66697e+03     1.23816e+02     1.13936e+01
    9.46961e-01     9.65686e+03     1.23765e+02     1.13231e+01
    9.51054e-01     9.64756e+03     1.22859e+02     1.11910e+01
    9.55150e-01     9.63957e+03     1.22848e+02     1.11380e+01
    9.59240e-01     9.61808e+03     1.22521e+02     1.10611e+01
    9.63327e-01     9.61810e+03     1.21824e+02     1.09831e+01
    9.67420e-01     9.58389e+03     1.20528e+02     1.08473e+01
    9.71506e-01     9.58487e+03     1.19489e+02     1.07790e+01
    9.75588e-01     9.58089e+03     1.19560e+02     1.06957e+01
    9.79678e-01     9.55471e+03     1.18714e+02     1.06257e+01
    9.83773e-01     9.53515e+03     1.17697e+02     1.05346e+01
    9.87866e-01     9.51495e+03     1.17156e+02     1.04441e+01
    9.91960e-01     9.49348e+03     1.16288e+02     1.03818e+01
    9.96055e-01     9.51680e+03     1.16709e+02     1.02815e+01
    1.00015e+00     9.45549e+03     1.15021e+02     1.02001e+01
    1.00424e+00     9.45944e+03     1.14595e+02     1.01352e+01
    1.00832e+00     9.45660e+03     1.13911e+02     1.00280e+01
    1.01242e+00     9.44890e+03     1.13996e+02     9.96590e+00
    1.01651e+00     9.40242e+03     1.12894e+02     9.89185e+00
    1.02059e+00     9.42348e+03     1.13070e+02     9.85347e+00
    1.02468e+00     9.41370e+03     1.11774e+02     9.73640e+00
    1.02878e+00     9.37433e+03     1.11449e+02     9.69683e+00
    1.03287e+00     9.35392e+03     1.10475e+02     9.58846e+00
    1.03695e+00     9.34563e+03     1.10160e+02     9.55761e+00
    1.04105e+00     9.34974e+03     1.10252e+02     9.46787e+00
    1.04515e+00     9.32616e+03     1.09656e+02     9.39294e+00
    1.04923e+00     9.31316e+03     1.09157e+02     9.34303e+00
    1.05332e+00     9.32134e+03     1.08210e+02     9.23368e+00
    1.05741e+00     9.28861e+03     1.07675e+02     9.18475e+00
    1.06150e+00     9.27470e+03     1.07268e+02     9.13317e+00
    1.06559e+00     9.28436e+03     1.07353e+02     9.07087e+00
    1.06968e+00     9.24328e+03     1.06510e+02     9.01983e+00
    1.07377e+00     9.21710e+03     1.05792e+02     8.93358e+00
    1.07786e+00     9.22356e+03     1.04886e+02     8.84364e+00
    1.08195e+00     9.20610e+03     1.04639e+02     8.78036e+00
    1.08605e+00     9.19473e+03     1.04645e+02     8.76433e+00
    1.09014e+00     9.19117e+03     1.03606e+02     8.65879e+00
    1.09422e+00     9.18087e+03     1.03106e+02     8.61973e+00
    1.09832e+00     9.16987e+03     1.02692e+02     8.56590e+00
    1.10242e+00     9.15108e+03     1.02343e+02     8.48313e+00
    1.10650e+00     9.11499e+03     1.01260e+02     8.41047e+00
    1.11059e+00     9.12290e+03     1.01308e+02     8.36014e+00
    1.11468e+00     9.10326e+03     1.00937e+02     8.30077e+00
    1.11878e+00     9.10737e+03     1.01037e+02     8.26698e+00
    1.12287e+00     9.06619e+03     1.00238e+02     8.21464e+00
    1.12695e+00     9.07761e+03     9.94963e+01     8.14994e+00
    1.13105e+00     9.05387e+03     9.90797e+01     8.09058e+00
    1.13514e+00     9.03361e+03     9.80637e+01     7.99599e+00
    1.13922e+00     9.02444e+03     9.79498e+01     7.96258e+00
    1.14331e+00     9.02257e+03     9.75803e+01     7.92043e+00
    1.14741e+00     9.00994e+03     9.75336e+01     7.86443e+00
    1.15150e+00     9.02089e+03     9.71055e+01     7.80305e+00
    1.15559e+00     8.95662e+03     9.60484e+01     7.74516e+00
    1.15968e+00     8.96725e+03     9.63379e+01     7.72452e+00
    1.16377e+00     8.96156e+03     9.54968e+01     7.66602e+00
    1.16786e+00     8.91500e+03     9.44827e+01     7.62098e+00
    1.17195e+00     8.94136e+03     9.43772e+01     7.55404e+00
    1.17604e+00     8.93824e+03     9.42828e+01     7.51727e+00
    1.18013e+00     8.90366e+03     9.39624e+01     7.46381e+00
    1.18422e+00     8.90734e+03     9.31511e+01     7.39609e+00
    1.18831e+00     8.88175e+03     9.29213e+01     7.37194e+00
    1.19240e+00     8.86598e+03     9.25501e+01     7.30031e+00
    1.19649e+00     8.87319e+03     9.25505e+01     7.26530e+00
    1.20059e+00     8.82573e+03     9.15470e+01     7.21663e+00
    1.20468e+00     8.80306e+03     9.12580e+01     7.17256e+00
    1.20877e+00     8.83122e+03     9.11008e+01     7.12107e+00
    1.21286e+00     8.80333e+03     9.09054e+01     7.09114e+00
    1.21695e+00     8.79956e+03     9.01615e+01     7.04019e+00
    1.22104e+00     8.76808e+03     8.95238e+01     6.98079e+00
    1.22513e+00     8.76155e+03     8.91840e+01     6.93385e+00
    1.22922e+00     8.76183e+03     8.94008e+01     6.90373e+00
    1.23330e+00     8.73814e+03     8.87053e+01     6.86208e+00
    1.23740e+00     8.72839e+03     8.85528e+01     6.81300e+00
    1.24149e+00     8.73664e+03     8.78013e+01     6.75270e+00
    1.24558e+00     8.70276e+03     8.74105e+01     6.72190e+00
    1.24967e+00     8.67316e+03     8.71749e+01     6.70228e+00
    1.25376e+00     8.68658e+03     8.67697e+01     6.64017e+00
    1.25785e+00     8.68017e+03     8.64575e+01     6.58109e+00
    1.26194e+00     8.64374e+03     8.58453e+01     6.54878e+00
    1.26603e+00     8.64963e+03     8.56678e+01     6.51202e+00
    1.27012e+00     8.61738e+03     8.56005e+01     6.47680e+00
    1.27422e+00     8.63211e+03     8.55104e+01     6.45240e+00
    1.27831e+00     8.61780e+03     8.46670e+01     6.39334e+00
    1.28240e+00     8.60322e+03     8.44868e+01     6.36067e+00
    1.28649e+00     8.59112e+03     8.41187e+01     6.31711e+00
    1.29058e+00     8.57176e+03     8.35607e+01     6.28161e+00
    1.29467e+00     8.56203e+03     8.33533e+01     6.24677e+00
    1.29876e+00     8.56180e+03     8.32222e+01     6.20775e+00
    1.30285e+00     8.53777e+03     8.23259e+01     6.16023e+00
    1.30694e+00     8.53080e+03     8.22109e+01     6.12422e+00
    1.31103e+00     8.49086e+03     8.15621e+01     6.07012e+00
    1.31512e+00     8.50886e+03     8.17619e+01     6.05849e+00
    1.31921e+00     8.49178e+03     8.14566e+01     6.01524e+00
    1.32331e+00     8.46303e+03     8.09579e+01     5.97353e+00
    1.32739e+00     8.46885e+03     8.04431e+01     5.94064e+00
    1.33148e+00     8.45916e+03     8.07647e+01     5.91519e+00
    1.33558e+00     8.43673e+03     7.99828e+01     5.88252e+00
    1.33967e+00     8.44008e+03     8.02630e+01     5.84337e+00
    1.34376e+00     8.41078e+03     7.95719e+01     5.79410e+00
    1.34785e+00     8.40013e+03     7.92256e+01     5.77390e+00
    1.35195e+00     8.38839e+03     7.89405e+01     5.73874e+00
    1.35603e+00     8.38054e+03     7.84464e+01     5.69827e+00
    1.36011e+00     8.37808e+03     7.81611e+01     5.66884e+00
    1.36421e+00     8.35809e+03     7.78795e+01     5.63040e+00
    1.36830e+00     8.35006e+03     7.76913e+01     5.60311e+00
    1.37239e+00     8.33798e+03     7.73356e+01     5.56602e+00
    1.37648e+00     8.32280e+03     7.68654e+01     5.54687e+00
    1.38057e+00     8.32107e+03     7.65221e+01     5.49952e+00
    1.38466e+00     8.30428e+03     7.62891e+01     5.46771e+00
    1.38875e+00     8.27430e+03     7.62323e+01     5.44176e+00
    1.39285e+00     8.29441e+03     7.64618e+01     5.42209e+00
    1.39694e+00     8.26324e+03     7.55711e+01     5.37584e+00
    1.40102e+00     8.26232e+03     7.54634e+01     5.34855e+00
    1.40512e+00     8.23832e+03     7.49949e+01     5.31630e+00
    1.40921e+00     8.22834e+03     7.45814e+01     5.28611e+00
    1.41330e+00     8.23710e+03     7.46490e+01     5.26313e+00
    1.41739e+00     8.20258e+03     7.43623e+01     5.22872e+00
    1.42148e+00     8.18841e+03     7.38348e+01     5.18819e+00
    1.42557e+00     8.18856e+03     7.36992e+01     5.18024e+00
    1.42966e+00     8.17403e+03     7.33387e+01     5.12621e+00
    1.43375e+00     8.14282e+03     7.27441e+01     5.11578e+00
    1.43784e+00     8.16004e+03     7.29805e+01     5.07479e+00
    1.44193e+00     8.13555e+03     7.24710e+01     5.05784e+00
    1.44602e+00     8.13951e+03     7.25464e+01     5.02394e+00
    1.45011e+00     8.12983e+03     7.25478e+01     5.00581e+00
    1.45420e+00     8.10248e+03     7.19103e+01     4.96814e+00
    1.45830e+00     8.09455e+03     7.17143e+01     4.94361e+00
    1.46239e+00     8.07657e+03     7.09520e+01     4.91290e+00
    1.46648e+00     8.07753e+03     7.10502e+01     4.88192e+00
    1.47056e+00     8.05189e+03     7.06846e+01     4.85805e+00
    1.47465e+00     8.02880e+03     7.02774e+01     4.83082e+00
    1.47874e+00     8.02879e+03     6.98062e+01     4.80356e+00
    1.48283e+00     8.02110e+03     6.97882e+01     4.77220e+00
    1.48693e+00     8.02203e+03     6.99802e+01     4.76035e+00
    1.49102e+00     7.98985e+03     6.93592e+01     4.72211e+00
    1.49511e+00     7.99876e+03     6.94381e+01     4.70908e+00
    1.49920e+00     7.96793e+03     6.90853e+01     4.68038e+00
    1.50329e+00     7.94411e+03     6.81977e+01     4.63987e+00
    1.50738e+00     7.94642e+03     6.83742e+01     4.63274e+00
    1.51148e+00     7.94998e+03     6.83017e+01     4.59535e+00
    1.51557e+00     7.91667e+03     6.80463e+01     4.58342e+00
    1.51965e+00     7.92241e+03     6.77811e+01     4.54232e+00
    1.52374e+00     7.90131e+03     6.78072e+01     4.53323e+00
    1.52784e+00     7.88741e+03     6.73858e+01     4.50848e+00
    1.53193e+00     7.88434e+03     6.70152e+01     4.46582e+00
    1.53602e+00     7.86678e+03     6.66324e+01     4.44346e+00
    1.54011e+00     7.86734e+03     6.67108e+01     4.43160e+00
    1.54420e+00     7.85590e+03     6.61883e+01     4.40171e+00
    1.54829e+00     7.83180e+03     6.59529e+01     4.37741e+00
    1.55238e+00     7.83461e+03     6.59153e+01     4.35153e+00
    1.55647e+00     7.83039e+03     6.58160e+01     4.32979e+00
    1.56056e+00     7.80072e+03     6.52965e+01     4.31069e+00
    1.56465e+00     7.79071e+03     6.52672e+01     4.29101e+00
    1.56874e+00     7.79095e+03     6.50675e+01     4.27372e+00
    1.57283e+00     7.78456e+03     6.48000e+01     4.24477e+00
    1.57693e+00     7.76421e+03     6.46695e+01     4.22293e+00
    1.58102e+00     7.73615e+03     6.43290e+01     4.20002e+00
    1.58510e+00     7.74922e+03     6.41892e+01     4.18172e+00
    1.58919e+00     7.71834e+03     6.37078e+01     4.15095e+00
    1.59329e+00     7.72099e+03     6.37575e+01     4.13013e+00
    1.59738e+00     7.69653e+03     6.35383e+01     4.11367e+00
    1.60147e+00     7.68767e+03     6.31586e+01     4.08290e+00
    1.60556e+00     7.68960e+03     6.32611e+01     4.07787e+00
    1.60965e+00     7.66462e+03     6.26921e+01     4.04258e+00
    1.61374e+00     7.65044e+03     6.25410e+01     4.03426e+00
    1.61783e+00     7.64668e+03     6.23388e+01     4.00255e+00
    1.62192e+00     7.64799e+03     6.23886e+01     3.98768e+00
    1.62601e+00     7.61840e+03     6.20162e+01     3.96890e+00
    1.63010e+00     7.60632e+03     6.17542e+01     3.94660e+00
    1.63419e+00     7.61498e+03     6.16351e+01     3.92642e+00
    1.63828e+00     7.58645e+03     6.15732e+01     3.91105e+00
    1.64238e+00     7.58919e+03     6.09599e+01     3.87991e+00
    1.64647e+00     7.55609e+03     6.07787e+01     3.86473e+00
    1.65055e+00     7.55830e+03     6.05396e+01     3.84419e+00
    1.65465e+00     7.53978e+03     6.04847e+01     3.82509e+00
    1.65874e+00     7.53158e+03     6.02825e+01     3.80570e+00
    1.66283e+00     7.52104e+03     6.00255e+01     3.78669e+00
    1.66691e+00     7.51439e+03     5.98057e+01     3.76833e+00
    1.67101e+00     7.50701e+03     5.99252e+01     3.75089e+00
    1.67510e+00     7.49100e+03     5.95835e+01     3.72762e+00
    1.67919e+00     7.47852e+03     5.95610e+01     3.71555e+00
    1.68328e+00     7.46587e+03     5.90221e+01     3.68847e+00
    1.68737e+00     7.45652e+03     5.91182e+01     3.67773e+00
    1.69146e+00     7.44500e+03     5.87090e+01     3.65349e+00
    1.69555e+00     7.44090e+03     5.85631e+01     3.63663e+00
    1.69964e+00     7.41885e+03     5.82696e+01     3.61750e+00
    1.70373e+00     7.39818e+03     5.81435e+01     3.59997e+00
    1.70782e+00     7.40028e+03     5.78744e+01     3.58220e+00
    1.71191e+00     7.38835e+03     5.77330e+01     3.56355e+00
    1.71600e+00     7.37102e+03     5.74240e+01     3.54367e+00
    1.72009e+00     7.37123e+03     5.73714e+01     3.52902e+00
    1.72418e+00     7.35472e+03     5.69490e+01     3.50409e+00
    1.72828e+00     7.34260e+03     5.69696e+01     3.49987e+00
    1.73237e+00     7.34280e+03     5.68350e+01     3.47770e+00
    1.73646e+00     7.32421e+03     5.65566e+01     3.45886e+00
    1.74055e+00     7.30156e+03     5.65401e+01     3.44357e+00
    1.74464e+00     7.30356e+03     5.64025e+01     3.42563e+00
    1.74874e+00     7.28206e+03     5.61530e+01     3.41042e+00
    1.75282e+00     7.27361e+03     5.58658e+01     3.39053e+00
    1.75691e+00     7.26796e+03     5.56643e+01     3.36692e+00
    1.76100e+00     7.25732e+03     5.56657e+01     3.35969e+00
    1.76509e+00     7.25057e+03     5.54388e+01     3.33874e+00
    1.76918e+00     7.22861e+03     5.50648e+01     3.32089e+00
    1.77327e+00     7.22666e+03     5.51467e+01     3.31091e+00
    1.77737e+00     7.21548e+03     5.49575e+01     3.30084e+00
    1.78146e+00     7.19406e+03     5.45516e+01     3.27806e+00
    1.78554e+00     7.18738e+03     5.46168e+01     3.25763e+00
    1.78964e+00     7.17674e+03     5.42633e+01     3.24701e+00
    1.79373e+00     7.16883e+03     5.40911e+01     3.22649e+00
    1.79782e+00     7.15183e+03     5.40051e+01     3.21497e+00
    1.80191e+00     7.13384e+03     5.36405e+01     3.19402e+00
    1.80600e+00     7.12713e+03     5.35067e+01     3.18233e+00
    1.81009e+00     7.12427e+03     5.34563e+01     3.16827e+00
    1.81418e+00     7.11570e+03     5.31869e+01     3.15301e+00
    1.81827e+00     7.09138e+03     5.30793e+01     3.13605e+00
    1.82236e+00     7.08133e+03     5.30298e+01     3.12341e+00
    1.82645e+00     7.06690e+03     5.26900e+01     3.10694e+00
    1.83054e+00     7.06203e+03     5.25823e+01     3.08618e+00
    1.83463e+00     7.05186e+03     5.22970e+01     3.07257e+00
    1.83872e+00     7.04299e+03     5.21799e+01     3.05847e+00
    1.84281e+00     7.02785e+03     5.21223e+01     3.04762e+00
    1.84691e+00     7.02759e+03     5.20090e+01     3.03687e+00
    1.85100e+00     7.00553e+03     5.18353e+01     3.02005e+00
    1.85509e+00     6.99999e+03     5.16159e+01     3.00763e+00
    1.85918e+00     6.99413e+03     5.14299e+01     2.98755e+00
    1.86327e+00     6.97581e+03     5.12455e+01     2.97143e+00
    1.86736e+00     6.96893e+03     5.10802e+01     2.95890e+00
    1.87145e+00     6.95656e+03     5.09407e+01     2.94260e+00
    1.87554e+00     6.93746e+03     5.05588e+01     2.93066e+00
    1.87963e+00     6.93202e+03     5.06280e+01     2.91992e+00
    1.88372e+00     6.91340e+03     5.05568e+01     2.90317e+00
    1.88781e+00     6.91061e+03     5.01876e+01     2.88890e+00
    1.89190e+00     6.89745e+03     4.99840e+01     2.87235e+00
    1.89599e+00     6.89049e+03     5.00070e+01     2.86277e+00
    1.90008e+00     6.87668e+03     4.98234e+01     2.84775e+00
    1.90417e+00     6.86907e+03     4.96446e+01     2.83485e+00
    1.90827e+00     6.86663e+03     4.95769e+01     2.82473e+00
    1.91236e+00     6.85358e+03     4.92077e+01     2.80381e+00
    1.91645e+00     6.83262e+03     4.91360e+01     2.79302e+00
    1.92054e+00     6.83327e+03     4.90318e+01     2.78583e+00
    1.92463e+00     6.81346e+03     4.89169e+01     2.77244e+00
    1.92872e+00     6.80681e+03     4.87610e+01     2.75746e+00
    1.93281e+00     6.80056e+03     4.85521e+01     2.74380e+00
    1.93690e+00     6.78013e+03     4.82781e+01     2.72698e+00
    1.94099e+00     6.76132e+03     4.83183e+01     2.72306e+00
    1.94508e+00     6.75703e+03     4.80399e+01     2.70087e+00
    1.94917e+00     6.75911e+03     4.79841e+01     2.69271e+00
    1.95326e+00     6.73269e+03     4.79338e+01     2.68269e+00
    1.95735e+00     6.73400e+03     4.76910e+01     2.66706e+00
    1.96144e+00     6.71145e+03     4.75045e+01     2.65571e+00
    1.96553e+00     6.70236e+03     4.73256e+01     2.64406e+00
    1.96962e+00     6.69470e+03     4.72715e+01     2.63003e+00
    1.97371e+00     6.68057e+03     4.68676e+01     2.61560e+00
    1.97781e+00     6.66631e+03     4.69614e+01     2.60972e+00
    1.98190e+00     6.65827e+03     4.67669e+01     2.59371e+00
    1.98599e+00     6.64850e+03     4.66378e+01     2.58035e+00
    1.99008e+00     6.64460e+03     4.65395e+01     2.57028e+00
    1.99417e+00     6.63167e+03     4.63431e+01     2.55775e+00
    1.99826e+00     6.62087e+03     4.62286e+01     2.54655e+00
    2.00235e+00     6.60753e+03     4.60701e+01     2.53282e+00
    2.00644e+00     6.59553e+03     4.58787e+01     2.52136e+00
    2.01053e+00     6.58418e+03     4.58541e+01     2.50791e+00
    2.01462e+00     6.57142e+03     4.56156e+01     2.50106e+00
    2.01871e+00     6.55572e+03     4.54400e+01     2.49011e+00
    2.02280e+00     6.55066e+03     4.53955e+01     2.47566e+00
    2.02689e+00     6.54910e+03     4.53112e+01     2.46606e+00
    2.03098e+00     6.53805e+03     4.50947e+01     2.45036e+00
    2.03507e+00     6.51730e+03     4.49609e+01     2.44362e+00
    2.03917e+00     6.49973e+03     4.46829e+01     2.42712e+00
    2.04325e+00     6.49420e+03     4.46056e+01     2.41653e+00
    2.04735e+00     6.49496e+03     4.46577e+01     2.41070e+00
    2.05143e+00     6.46871e+03     4.43020e+01     2.39647e+00
    2.05552e+00     6.46468e+03     4.42684e+01     2.38749e+00
    2.05962e+00     6.46234e+03     4.42041e+01     2.37566e+00
    2.06371e+00     6.44675e+03     4.41536e+01     2.36859e+00
    2.06780e+00     6.43266e+03     4.37617e+01     2.35282e+00
    2.07189e+00     6.42737e+03     4.38336e+01     2.34588e+00
    2.07598e+00     6.41463e+03     4.34902e+01     2.33236e+00
    2.08007e+00     6.39536e+03     4.33437e+01     2.31781e+00
    2.08416e+00     6.39223e+03     4.32286e+01     2.30884e+00
    2.08825e+00     6.37430e+03     4.30524e+01     2.29964e+00
    2.09234e+00     6.36748e+03     4.30569e+01     2.28713e+00
    2.09644e+00     6.35205e+03     4.27212e+01     2.28004e+00
    2.10053e+00     6.34248e+03     4.27886e+01     2.26845e+00
    2.10461e+00     6.33799e+03     4.27240e+01     2.26208e+00
    2.10870e+00     6.33025e+03     4.25465e+01     2.25052e+00
    2.11280e+00     6.32490e+03     4.23798e+01     2.23926e+00
    2.11688e+00     6.29889e+03     4.21854e+01     2.23021e+00
    2.12098e+00     6.29387e+03     4.19896e+01     2.21445e+00
    2.12507e+00     6.27772e+03     4.19394e+01     2.20733e+00
    2.12916e+00     6.27137e+03     4.18530e+01     2.19953e+00
    2.13325e+00     6.26642e+03     4.17305e+01     2.18802e+00
    2.13734e+00     6.24372e+03     4.15895e+01     2.17931e+00
    2.14143e+00     6.23882e+03     4.14606e+01     2.16953e+00
    2.14552e+00     6.23210e+03     4.13677e+01     2.15916e+00
    2.14961e+00     6.22063e+03     4.12965e+01     2.14758e+00
    2.15370e+00     6.21207e+03     4.10798e+01     2.13767e+00
    2.15779e+00     6.19866e+03     4.09647e+01     2.13387e+00
    2.16188e+00     6.18137e+03     4.08709e+01     2.12072e+00
    2.16597e+00     6.16945e+03     4.07358e+01     2.11128e+00
    2.17006e+00     6.16240e+03     4.06511e+01     2.10334e+00
    2.17416e+00     6.15829e+03     4.05102e+01     2.09329e+00
    2.17825e+00     6.14383e+03     4.02662e+01     2.08037e+00
    2.18234e+00     6.12568e+03     4.02011e+01     2.07296e+00
    2.18643e+00     6.12211e+03     4.00746e+01     2.06404e+00
    2.19052e+00     6.11199e+03     4.00321e+01     2.05506e+00
    2.19461e+00     6.09969e+03     3.98729e+01     2.04703e+00
    2.19870e+00     6.08614e+03     3.97041e+01     2.03645e+00
    2.20279e+00     6.07738e+03     3.95924e+01     2.02858e+00
    2.20688e+00     6.07161e+03     3.95381e+01     2.02118e+00
    2.21097e+00     6.05991e+03     3.94795e+01     2.01200e+00
    2.21506e+00     6.04199e+03     3.93484e+01     2.00286e+00
    2.21915e+00     6.02828e+03     3.90716e+01     1.99360e+00
    2.22324e+00     6.02621e+03     3.90808e+01     1.98532e+00
    2.22733e+00     6.01537e+03     3.88718e+01     1.97564e+00
    2.23142e+00     6.00967e+03     3.87315e+01     1.96436e+00
    2.23552e+00     5.98655e+03     3.85507e+01     1.95600e+00
    2.23961e+00     5.98246e+03     3.85626e+01     1.94846e+00
    2.24369e+00     5.97403e+03     3.84210e+01     1.93861e+00
    2.24779e+00     5.95872e+03     3.83966e+01     1.93123e+00
    2.25188e+00     5.95660e+03     3.82616e+01     1.92373e+00
    2.25597e+00     5.94080e+03     3.81818e+01     1.91536e+00
    2.26006e+00     5.93470e+03     3.79430e+01     1.90472e+00
    2.26415e+00     5.91459e+03     3.78106e+01     1.89739e+00
    2.26824e+00     5.91960e+03     3.77963e+01     1.88762e+00
    2.27233e+00     5.89476e+03     3.76398e+01     1.88248e+00
    2.27642e+00     5.89012e+03     3.75241e+01     1.87016e+00
    2.28051e+00     5.87393e+03     3.73902e+01     1.86368e+00
    2.28460e+00     5.86455e+03     3.72726e+01     1.85412e+00
    2.28869e+00     5.85584e+03     3.70752e+01     1.84763e+00
    2.29278e+00     5.84827e+03     3.70085e+01     1.83850e+00
    2.29687e+00     5.83569e+03     3.69367e+01     1.83008e+00
    2.30096e+00     5.82838e+03     3.69067e+01     1.82274e+00
    2.30506e+00     5.81655e+03     3.66795e+01     1.81255e+00
    2.30915e+00     5.80468e+03     3.65628e+01     1.80746e+00
    2.31324e+00     5.79337e+03     3.64733e+01     1.79711e+00
    2.31733e+00     5.78903e+03     3.63895e+01     1.79157e+00
    2.32142e+00     5.77140e+03     3.62429e+01     1.78138e+00
    2.32551e+00     5.76141e+03     3.61565e+01     1.77569e+00
    2.32960e+00     5.76008e+03     3.61356e+01     1.76799e+00
    2.33369e+00     5.74268e+03     3.59924e+01     1.75805e+00
    2.33778e+00     5.72672e+03     3.57948e+01     1.75078e+00
    2.34187e+00     5.72121e+03     3.57282e+01     1.74470e+00
    2.34596e+00     5.70913e+03     3.55779e+01     1.73652e+00
    2.35005e+00     5.70319e+03     3.55370e+01     1.72798e+00
    2.35414e+00     5.69404e+03     3.53932e+01     1.72074e+00
    2.35823e+00     5.68126e+03     3.53233e+01     1.71308e+00
    2.36232e+00     5.66952e+03     3.51571e+01     1.70458e+00
    2.36641e+00     5.65151e+03     3.50159e+01     1.69833e+00
    2.37051e+00     5.65309e+03     3.48741e+01     1.69028e+00
    2.37460e+00     5.63398e+03     3.48377e+01     1.68176e+00
    2.37869e+00     5.62715e+03     3.48111e+01     1.67665e+00
    2.38278e+00     5.62233e+03     3.47566e+01     1.67146e+00
    2.38687e+00     5.61688e+03     3.46116e+01     1.66127e+00
    2.39096e+00     5.60036e+03     3.43956e+01     1.65445e+00
    2.39505e+00     5.59491e+03     3.44076e+01     1.64741e+00
    2.39914e+00     5.57915e+03     3.42234e+01     1.63977e+00
    2.40323e+00     5.56471e+03     3.41652e+01     1.63221e+00
    2.40732e+00     5.55416e+03     3.40741e+01     1.62760e+00
    2.41141e+00     5.54779e+03     3.40040e+01     1.62017e+00
    2.41550e+00     5.53696e+03     3.38018e+01     1.61167e+00
    2.41959e+00     5.52583e+03     3.37612e+01     1.60398e+00
    2.42368e+00     5.50788e+03     3.36158e+01     1.59817e+00
    2.42777e+00     5.50625e+03     3.34720e+01     1.59007e+00
    2.43187e+00     5.49342e+03     3.33808e+01     1.58426e+00
    2.43596e+00     5.48198e+03     3.33665e+01     1.57661e+00
    2.44004e+00     5.47756e+03     3.33409e+01     1.57041e+00
    2.44414e+00     5.47200e+03     3.31043e+01     1.56189e+00
    2.44823e+00     5.45437e+03     3.29266e+01     1.55564e+00
    2.45232e+00     5.44581e+03     3.28678e+01     1.54800e+00
    2.45640e+00     5.43245e+03     3.28287e+01     1.54102e+00
    2.46050e+00     5.43010e+03     3.26551e+01     1.53404e+00
    2.46459e+00     5.41518e+03     3.26175e+01     1.53124e+00
    2.46868e+00     5.40106e+03     3.25281e+01     1.52232e+00
    2.47277e+00     5.38963e+03     3.23580e+01     1.51582e+00
    2.47686e+00     5.38599e+03     3.23483e+01     1.50899e+00
    2.48095e+00     5.37457e+03     3.21993e+01     1.50337e+00
    2.48504e+00     5.36350e+03     3.21122e+01     1.49504e+00
    2.48913e+00     5.35905e+03     3.20800e+01     1.49146e+00
    2.49322e+00     5.34016e+03     3.18866e+01     1.48297e+00
    2.49731e+00     5.32923e+03     3.17716e+01     1.47851e+00
    2.50141e+00     5.31720e+03     3.17268e+01     1.47131e+00
    2.50550e+00     5.31651e+03     3.16101e+01     1.46461e+00
    2.50959e+00     5.31090e+03     3.15862e+01     1.45785e+00
    2.51368e+00     5.29472e+03     3.14151e+01     1.45136e+00
    2.51777e+00     5.28514e+03     3.13435e+01     1.44456e+00
    2.52186e+00     5.27654e+03     3.13312e+01     1.43986e+00
    2.52595e+00     5.27065e+03     3.12311e+01     1.43351e+00
    2.53004e+00     5.25410e+03     3.10065e+01     1.42640e+00
    2.53413e+00     5.24214e+03     3.09935e+01     1.42168e+00
    2.53822e+00     5.23469e+03     3.09108e+01     1.41667e+00
    2.54231e+00     5.22426e+03     3.07173e+01     1.40661e+00
    2.54640e+00     5.21434e+03     3.06734e+01     1.40213e+00
    2.55049e+00     5.20265e+03     3.05994e+01     1.39622e+00
    2.55458e+00     5.18916e+03     3.04521e+01     1.38861e+00
    2.55867e+00     5.17838e+03     3.03395e+01     1.38353e+00
    2.56276e+00     5.17698e+03     3.03457e+01     1.37994e+00
    2.56685e+00     5.16666e+03     3.02761e+01     1.37284e+00
    2.57095e+00     5.15672e+03     3.01814e+01     1.36592e+00
    2.57504e+00     5.13936e+03     3.00123e+01     1.36002e+00
    2.57913e+00     5.13108e+03     2.99153e+01     1.35420e+00
    2.58322e+00     5.12376e+03     2.98614e+01     1.34969e+00
    2.58731e+00     5.11327e+03     2.97278e+01     1.34158e+00
    2.59140e+00     5.10037e+03     2.96802e+01     1.33812e+00
    2.59549e+00     5.09679e+03     2.96229e+01     1.33117e+00
    2.59958e+00     5.08427e+03     2.95616e+01     1.32900e+00
    2.60367e+00     5.07845e+03     2.94791e+01     1.32082e+00
    2.60776e+00     5.06747e+03     2.93485e+01     1.31671e+00
    2.61185e+00     5.05349e+03     2.91777e+01     1.30970e+00
    2.61594e+00     5.04269e+03     2.91399e+01     1.30331e+00
    2.62003e+00     5.03299e+03     2.90571e+01     1.29803e+00
    2.62412e+00     5.02152e+03     2.89545e+01     1.29082e+00
    2.62821e+00     5.00986e+03     2.88583e+01     1.28704e+00
    2.63230e+00     5.00189e+03     2.87394e+01     1.28197e+00
    2.63640e+00     4.99626e+03     2.86779e+01     1.27640e+00
    2.64049e+00     4.98838e+03     2.86542e+01     1.27080e+00
    2.64457e+00     4.97475e+03     2.85420e+01     1.26473e+00
    2.64867e+00     4.96707e+03     2.84522e+01     1.25901e+00
    2.65276e+00     4.95632e+03     2.83797e+01     1.25430e+00
    2.65685e+00     4.94455e+03     2.82829e+01     1.24716e+00
    2.66094e+00     4.94107e+03     2.82137e+01     1.24359e+00
    2.66503e+00     4.93020e+03     2.80876e+01     1.23751e+00
    2.66912e+00     4.92429e+03     2.80098e+01     1.23292e+00
    2.67321e+00     4.90667e+03     2.79434e+01     1.22750e+00
    2.67730e+00     4.89479e+03     2.77514e+01     1.22031e+00
    2.68139e+00     4.89029e+03     2.76759e+01     1.21574e+00
    2.68548e+00     4.88569e+03     2.76634e+01     1.21109e+00
    2.68957e+00     4.86347e+03     2.74609e+01     1.20622e+00
    2.69366e+00     4.85784e+03     2.74479e+01     1.20017e+00
    2.69776e+00     4.85160e+03     2.74010e+01     1.19701e+00
    2.70185e+00     4.83683e+03     2.73296e+01     1.19097e+00
    2.70594e+00     4.83225e+03     2.72288e+01     1.18684e+00
    2.71003e+00     4.81480e+03     2.70990e+01     1.18010e+00
    2.71412e+00     4.80696e+03     2.70529e+01     1.17630e+00
    2.71821e+00     4.80481e+03     2.69527e+01     1.16983e+00
    2.72230e+00     4.79213e+03     2.68507e+01     1.16565e+00
    2.72639e+00     4.78153e+03     2.68043e+01     1.16132e+00
    2.73048e+00     4.77503e+03     2.67460e+01     1.15596e+00
    2.73457e+00     4.76314e+03     2.66293e+01     1.15056e+00
    2.73866e+00     4.75632e+03     2.65580e+01     1.14504e+00
    2.74275e+00     4.74644e+03     2.64838e+01     1.14054e+00
    2.74684e+00     4.73872e+03     2.64617e+01     1.13738e+00
    2.75093e+00     4.72802e+03     2.63625e+01     1.13162e+00
    2.75502e+00     4.71441e+03     2.61927e+01     1.12640e+00
    2.75911e+00     4.70637e+03     2.61419e+01     1.12197e+00
    2.76320e+00     4.69619e+03     2.60968e+01     1.11678e+00
    2.76730e+00     4.68911e+03     2.59485e+01     1.11163e+00
    2.77139e+00     4.68216e+03     2.59380e+01     1.10756e+00
    2.77548e+00     4.67228e+03     2.58677e+01     1.10263e+00
    2.77957e+00     4.66174e+03     2.57700e+01     1.09761e+00
    2.78366e+00     4.65352e+03     2.56868e+01     1.09320e+00
    2.78775e+00     4.64024e+03     2.55962e+01     1.08809e+00
    2.79184e+00     4.63301e+03     2.55186e+01     1.08351e+00
    2.79593e+00     4.62237e+03     2.54074e+01     1.07912e+00
    2.80002e+00     4.60770e+03     2.53409e+01     1.07582e+00
    2.80411e+00     4.60693e+03     2.53103e+01     1.07055e+00
    2.80820e+00     4.59460e+03     2.52235e+01     1.06586e+00
    2.81229e+00     4.58809e+03     2.51596e+01     1.06103e+00
    2.81638e+00     4.57552e+03     2.50425e+01     1.05643e+00
    2.82047e+00     4.56784e+03     2.49391e+01     1.05206e+00
    2.82457e+00     4.55565e+03     2.49204e+01     1.04776e+00
    2.82866e+00     4.54686e+03     2.47614e+01     1.04255e+00
    2.83275e+00     4.54015e+03     2.47309e+01     1.03816e+00
    2.83684e+00     4.52614e+03     2.47371e+01     1.03547e+00
    2.84093e+00     4.52041e+03     2.46010e+01     1.03104e+00
    2.84502e+00     4.51234e+03     2.45472e+01     1.02618e+00
    2.84911e+00     4.50290e+03     2.44584e+01     1.02163e+00
    2.85320e+00     4.49163e+03     2.43476e+01     1.01646e+00
    2.85729e+00     4.48274e+03     2.42914e+01     1.01312e+00
    2.86138e+00     4.47037e+03     2.42360e+01     1.00886e+00
    2.86547e+00     4.46541e+03     2.41158e+01     1.00351e+00
    2.86956e+00     4.45738e+03     2.40793e+01     1.00026e+00
    2.87365e+00     4.44487e+03     2.39909e+01     9.96862e-01
    2.87774e+00     4.43822e+03     2.39442e+01     9.92096e-01
    2.88183e+00     4.42245e+03     2.38296e+01     9.87823e-01
    2.88592e+00     4.41571e+03     2.37812e+01     9.82563e-01
    2.89001e+00     4.41015e+03     2.36935e+01     9.79023e-01
    2.89410e+00     4.39577e+03     2.36316e+01     9.74803e-01
    2.89820e+00     4.38652e+03     2.34972e+01     9.69790e-01
    2.90229e+00     4.38508e+03     2.34646e+01     9.65673e-01
    2.90638e+00     4.37233e+03     2.34438e+01     9.62965e-01
    2.91047e+00     4.36480e+03     2.33264e+01     9.57726e-01
    2.91456e+00     4.35511e+03     2.32810e+01     9.54832e-01
    2.91865e+00     4.35206e+03     2.32226e+01     9.50761e-01
    2.92274e+00     4.33545e+03     2.30986e+01     9.46144e-01
    2.92683e+00     4.33573e+03     2.30740e+01     9.42984e-01
    2.93092e+00     4.32367e+03     2.29654e+01     9.38638e-01
    2.93501e+00     4.31152e+03     2.28956e+01     9.34463e-01
    2.93910e+00     4.29887e+03     2.27777e+01     9.30192e-01
    2.94319e+00     4.29480e+03     2.27451e+01     9.26966e-01
    2.94728e+00     4.28177e+03     2.26718e+01     9.21961e-01
    2.95137e+00     4.27678e+03     2.26153e+01     9.18382e-01
    2.95546e+00     4.26742e+03     2.25682e+01     9.15052e-01
    2.95955e+00     4.25909e+03     2.24522e+01     9.10356e-01
    2.96364e+00     4.24832e+03     2.24119e+01     9.07551e-01
    2.96774e+00     4.24083e+03     2.23172e+01     9.03120e-01
    2.97183e+00     4.23239e+03     2.23058e+01     8.99952e-01
    2.97592e+00     4.22080e+03     2.22154e+01     8.96281e-01
    2.98001e+00     4.21241e+03     2.20847e+01     8.91959e-01
    2.98410e+00     4.20491e+03     2.20778e+01     8.88032e-01
    2.98819e+00     4.19936e+03     2.20102e+01     8.84955e-01
    2.99228e+00     4.18878e+03     2.19492e+01     8.80514e-01
    2.99637e+00     4.18136e+03     2.18600e+01     8.76293e-01
    3.00046e+00     4.16931e+03     2.17596e+01     8.72924e-01
    3.00455e+00     4.16399e+03     2.17285e+01     8.70730e-01
    3.00864e+00     4.15373e+03     2.16325e+01     8.65309e-01
    3.01273e+00     4.14112e+03     2.15652e+01     8.62484e-01
    3.01682e+00     4.13624e+03     2.15143e+01     8.58677e-01
    3.02091e+00     4.13022e+03     2.14649e+01     8.55274e-01
    3.02500e+00     4.11882e+03     2.13743e+01     8.51446e-01
    3.02910e+00     4.10930e+03     2.12903e+01     8.47631e-01
    3.03319e+00     4.10038e+03     2.12623e+01     8.44488e-01
    3.03728e+00     4.09035e+03     2.11499e+01     8.40347e-01
    3.04137e+00     4.08605e+03     2.11447e+01     8.38683e-01
    3.04546e+00     4.07401e+03     2.10515e+01     8.34508e-01
    3.04955e+00     4.06746e+03     2.10027e+01     8.30462e-01
    3.05364e+00     4.05664e+03     2.09363e+01     8.26855e-01
    3.05773e+00     4.05127e+03     2.08439e+01     8.23831e-01
    3.06182e+00     4.04486e+03     2.07694e+01     8.19698e-01
    3.06591e+00     4.03545e+03     2.07139e+01     8.16382e-01
    3.07000e+00     4.02244e+03     2.06347e+01     8.12636e-01
    3.07409e+00     4.01520e+03     2.05881e+01     8.09567e-01
    3.07818e+00     4.00860e+03     2.05274e+01     8.06585e-01
    3.08227e+00     3.99778e+03     2.04565e+01     8.02731e-01
    3.08636e+00     3.99420e+03     2.04200e+01     8.00261e-01
    3.09045e+00     3.98187e+03     2.03599e+01     7.96338e-01
    3.09454e+00     3.97037e+03     2.02518e+01     7.92312e-01
    3.09863e+00     3.96605e+03     2.02118e+01     7.89744e-01
    3.10272e+00     3.95634e+03     2.01347e+01     7.86880e-01
    3.10682e+00     3.94951e+03     2.00901e+01     7.82976e-01
    3.11091e+00     3.93517e+03     1.99882e+01     7.79488e-01
    3.11500e+00     3.93175e+03     1.99723e+01     7.76160e-01
    3.11909e+00     3.92375e+03     1.99132e+01     7.73101e-01
    3.12318e+00     3.91694e+03     1.98627e+01     7.70698e-01
    3.12727e+00     3.90754e+03     1.97727e+01     7.67363e-01
    3.13136e+00     3.89674e+03     1.96959e+01     7.63954e-01
    3.13545e+00     3.89024e+03     1.96244e+01     7.60203e-01
    3.13954e+00     3.88301e+03     1.95960e+01     7.57510e-01
    3.14363e+00     3.87413e+03     1.95336e+01     7.54294e-01
    3.14772e+00     3.86993e+03     1.94979e+01     7.51424e-01
    3.15181e+00     3.85963e+03     1.94264e+01     7.47757e-01
    3.15590e+00     3.84755e+03     1.93109e+01     7.44186e-01
    3.16000e+00     3.84056e+03     1.92924e+01     7.42571e-01
    3.16409e+00     3.83010e+03     1.92047e+01     7.39066e-01
    3.16818e+00     3.82585e+03     1.91910e+01     7.35386e-01
    3.17227e+00     3.81425e+03     1.90815e+01     7.32242e-01
    3.17636e+00     3.80985e+03     1.90405e+01     7.29427e-01
    3.18045e+00     3.79965e+03     1.89804e+01     7.25683e-01
    3.18454e+00     3.78823e+03     1.89009e+01     7.23460e-01
    3.18863e+00     3.78423e+03     1.88673e+01     7.20647e-01
    3.19272e+00     3.77548e+03     1.87950e+01     7.17770e-01
    3.19681e+00     3.76693e+03     1.87295e+01     7.14641e-01
    3.20090e+00     3.75773e+03     1.86458e+01     7.11240e-01
    3.20499e+00     3.74977e+03     1.86130e+01     7.08452e-01
    3.20908e+00     3.74222e+03     1.85526e+01     7.05153e-01
    3.21317e+00     3.73717e+03     1.84850e+01     7.02435e-01
    3.21726e+00     3.72647e+03     1.84304e+01     6.99725e-01
    3.22135e+00     3.72102e+03     1.83535e+01     6.96595e-01
    3.22545e+00     3.71066e+03     1.83358e+01     6.94235e-01
    3.22954e+00     3.70390e+03     1.82945e+01     6.91089e-01
    3.23363e+00     3.69830e+03     1.82576e+01     6.88725e-01
    3.23772e+00     3.68563e+03     1.81356e+01     6.84593e-01
    3.24181e+00     3.68123e+03     1.80804e+01     6.82479e-01
    3.24590e+00     3.67339e+03     1.80744e+01     6.79626e-01
    3.24999e+00     3.66727e+03     1.80211e+01     6.76863e-01
    3.25408e+00     3.65470e+03     1.79329e+01     6.73941e-01
    3.25817e+00     3.64801e+03     1.78928e+01     6.71520e-01
    3.26226e+00     3.64054e+03     1.78504e+01     6.68632e-01
    3.26635e+00     3.63570e+03     1.77910e+01     6.65950e-01
    3.27044e+00     3.62759e+03     1.77280e+01     6.63544e-01
    3.27453e+00     3.61569e+03     1.76314e+01     6.60681e-01
    3.27862e+00     3.60995e+03     1.76046e+01     6.57771e-01
    3.28271e+00     3.60340e+03     1.75221e+01     6.54798e-01
    3.28681e+00     3.59675e+03     1.75187e+01     6.52487e-01
    3.29090e+00     3.58681e+03     1.74540e+01     6.49821e-01
    3.29499e+00     3.57680e+03     1.73613e+01     6.46649e-01
    3.29908e+00     3.57325e+03     1.73401e+01     6.44356e-01
    3.30317e+00     3.56421e+03     1.72606e+01     6.41573e-01
    3.30725e+00     3.55512e+03     1.72198e+01     6.39028e-01
    3.31135e+00     3.54964e+03     1.71524e+01     6.36208e-01
    3.31544e+00     3.54122e+03     1.71184e+01     6.33801e-01
    3.31953e+00     3.53460e+03     1.70931e+01     6.31483e-01
    3.32362e+00     3.52730e+03     1.70114e+01     6.28165e-01
    3.32771e+00     3.51948e+03     1.69507e+01     6.26128e-01
    3.33180e+00     3.51376e+03     1.68986e+01     6.23447e-01
    3.33589e+00     3.50438e+03     1.68669e+01     6.21046e-01
    3.33998e+00     3.49766e+03     1.67776e+01     6.17712e-01
    3.34407e+00     3.48760e+03     1.67408e+01     6.15799e-01
    3.34816e+00     3.48383e+03     1.66968e+01     6.13122e-01
    3.35226e+00     3.47435e+03     1.66709e+01     6.10888e-01
    3.35634e+00     3.46737e+03     1.65813e+01     6.07966e-01
    3.36043e+00     3.45796e+03     1.64999e+01     6.05477e-01
    3.36453e+00     3.45241e+03     1.65020e+01     6.03574e-01
    3.36862e+00     3.44322e+03     1.64206e+01     6.00646e-01
    3.37271e+00     3.43729e+03     1.63789e+01     5.98311e-01
    3.37680e+00     3.43105e+03     1.63470e+01     5.96065e-01
    3.38089e+00     3.42186e+03     1.62736e+01     5.93260e-01
    3.38498e+00     3.41436e+03     1.62089e+01     5.90932e-01
    3.38907e+00     3.40787e+03     1.62054e+01     5.88873e-01
    3.39316e+00     3.40175e+03     1.61095e+01     5.86178e-01
    3.39725e+00     3.39177e+03     1.60859e+01     5.84128e-01
    3.40134e+00     3.38674e+03     1.60363e+01     5.81914e-01
    3.40543e+00     3.37740e+03     1.59675e+01     5.79150e-01
    3.40952e+00     3.37071e+03     1.59139e+01     5.76688e-01
    3.41362e+00     3.36365e+03     1.58829e+01     5.74734e-01
    3.41770e+00     3.35692e+03     1.58105e+01     5.72038e-01
    3.42179e+00     3.35258e+03     1.57856e+01     5.70097e-01
    3.42588e+00     3.34296e+03     1.57397e+01     5.67441e-01
    3.42997e+00     3.33251e+03     1.56636e+01     5.65355e-01
    3.43406e+00     3.32931e+03     1.56311e+01     5.62270e-01
    3.43816e+00     3.32074e+03     1.56032e+01     5.61181e-01
    3.44225e+00     3.31462e+03     1.55141e+01     5.58270e-01
    3.44634e+00     3.30821e+03     1.54783e+01     5.56105e-01
    3.45043e+00     3.29827e+03     1.54528e+01     5.53967e-01
    3.45452e+00     3.29213e+03     1.53870e+01     5.51859e-01
    3.45861e+00     3.28517e+03     1.53469e+01     5.50123e-01
    3.46270e+00     3.27913e+03     1.53040e+01     5.46908e-01
    3.46679e+00     3.27115e+03     1.52267e+01     5.44336e-01
    3.47088e+00     3.26488e+03     1.52165e+01     5.43245e-01
    3.47497e+00     3.26148e+03     1.51749e+01     5.40618e-01
    3.47906e+00     3.24906e+03     1.51103e+01     5.38924e-01
    3.48315e+00     3.24459e+03     1.50707e+01     5.36563e-01
    3.48725e+00     3.23576e+03     1.50061e+01     5.34382e-01
    3.49134e+00     3.23056e+03     1.49642e+01     5.31985e-01
    3.49543e+00     3.22535e+03     1.49396e+01     5.29931e-01
    3.49952e+00     3.22088e+03     1.48927e+01     5.27563e-01
    3.50361e+00     3.21072e+03     1.48438e+01     5.25772e-01
    3.50770e+00     3.20006e+03     1.47684e+01     5.23804e-01
    3.51179e+00     3.19632e+03     1.47477e+01     5.21721e-01
    3.51588e+00     3.18943e+03     1.46966e+01     5.19528e-01
    3.51997e+00     3.18439e+03     1.46557e+01     5.17086e-01
    3.52406e+00     3.17490e+03     1.45945e+01     5.15185e-01
    3.52815e+00     3.16864e+03     1.45391e+01     5.13102e-01
    3.53224e+00     3.16329e+03     1.45252e+01     5.10970e-01
    3.53633e+00     3.15471e+03     1.44873e+01     5.09087e-01
    3.54042e+00     3.14934e+03     1.44219e+01     5.07359e-01
    3.54451e+00     3.14265e+03     1.43803e+01     5.05339e-01
    3.54860e+00     3.13523e+03     1.43304e+01     5.03401e-01
    3.55270e+00     3.12492e+03     1.42598e+01     5.01329e-01
    3.55679e+00     3.12646e+03     1.42624e+01     4.99523e-01
    3.56088e+00     3.11466e+03     1.41964e+01     4.97135e-01
    3.56497e+00     3.10709e+03     1.41555e+01     4.95391e-01
    3.56906e+00     3.10310e+03     1.41273e+01     4.93176e-01
    3.57315e+00     3.09675e+03     1.40886e+01     4.91678e-01
    3.57724e+00     3.09052e+03     1.40411e+01     4.89371e-01
    3.58133e+00     3.08422e+03     1.39896e+01     4.87514e-01
    3.58542e+00     3.07812e+03     1.39467e+01     4.85342e-01
    3.58951e+00     3.07087e+03     1.39117e+01     4.84062e-01
    3.59360e+00     3.06351e+03     1.38727e+01     4.82100e-01
    3.59769e+00     3.05764e+03     1.38344e+01     4.79923e-01
    3.60178e+00     3.05145e+03     1.37600e+01     4.77595e-01
    3.60587e+00     3.04299e+03     1.37254e+01     4.75702e-01
    3.60996e+00     3.03612e+03     1.36913e+01     4.74193e-01
    3.61405e+00     3.03178e+03     1.36635e+01     4.72600e-01
    3.61814e+00     3.02338e+03     1.35833e+01     4.70440e-01
    3.62224e+00     3.01766e+03     1.35430e+01     4.68364e-01
    3.62633e+00     3.01138e+03     1.35304e+01     4.66807e-01
    3.63042e+00     3.00795e+03     1.34896e+01     4.65103e-01
    3.63451e+00     2.99805e+03     1.34161e+01     4.62969e-01
    3.63860e+00     2.99438e+03     1.33986e+01     4.61134e-01
    3.64269e+00     2.98668e+03     1.33496e+01     4.59778e-01
    3.64678e+00     2.98041e+03     1.33067e+01     4.57776e-01
    3.65087e+00     2.97430e+03     1.32941e+01     4.56172e-01
    3.65496e+00     2.97078e+03     1.32589e+01     4.54336e-01
    3.65905e+00     2.96291e+03     1.31990e+01     4.52321e-01
    3.66314e+00     2.95750e+03     1.31630e+01     4.50803e-01
    3.66723e+00     2.95086e+03     1.31267e+01     4.49003e-01
    3.67132e+00     2.94696e+03     1.30888e+01     4.47647e-01
    3.67541e+00     2.93751e+03     1.30419e+01     4.45366e-01
    3.67950e+00     2.93159e+03     1.30007e+01     4.43955e-01
    3.68359e+00     2.92365e+03     1.29610e+01     4.42223e-01
    3.68769e+00     2.91951e+03     1.29259e+01     4.40284e-01
    3.69177e+00     2.91389e+03     1.28861e+01     4.38899e-01
    3.69587e+00     2.90876e+03     1.28777e+01     4.37258e-01
    3.69996e+00     2.90304e+03     1.27975e+01     4.35614e-01
    3.70405e+00     2.89586e+03     1.27472e+01     4.33567e-01
    3.70814e+00     2.89237e+03     1.27353e+01     4.31776e-01
    3.71223e+00     2.88430e+03     1.26947e+01     4.30115e-01
    3.71632e+00     2.87599e+03     1.26589e+01     4.28800e-01
    3.72041e+00     2.87082e+03     1.26147e+01     4.26959e-01
    3.72450e+00     2.86331e+03     1.25560e+01     4.25324e-01
    3.72859e+00     2.86040e+03     1.25351e+01     4.23748e-01
    3.73268e+00     2.85505e+03     1.25103e+01     4.22497e-01
    3.73677e+00     2.84828e+03     1.24612e+01     4.20627e-01
    3.74086e+00     2.84365e+03     1.24431e+01     4.18970e-01
    3.74495e+00     2.83480e+03     1.23840e+01     4.17373e-01
    3.74905e+00     2.82801e+03     1.23466e+01     4.15680e-01
    3.75313e+00     2.82427e+03     1.23201e+01     4.14408e-01
    3.75722e+00     2.81810e+03     1.22861e+01     4.12838e-01
    3.76131e+00     2.81318e+03     1.22465e+01     4.11252e-01
    3.76541e+00     2.80884e+03     1.22159e+01     4.09650e-01
    3.76950e+00     2.80139e+03     1.21873e+01     4.08416e-01
    3.77359e+00     2.79613e+03     1.21443e+01     4.06798e-01
    3.77768e+00     2.79015e+03     1.21050e+01     4.05022e-01
    3.78177e+00     2.78459e+03     1.20682e+01     4.03714e-01
    3.78586e+00     2.77844e+03     1.20481e+01     4.02223e-01
    3.78995e+00     2.77202e+03     1.19965e+01     4.00655e-01
    3.79404e+00     2.76702e+03     1.19599e+01     3.99180e-01
    3.79813e+00     2.75962e+03     1.19265e+01     3.97830e-01
    3.80222e+00     2.75472e+03     1.18775e+01     3.96134e-01
    3.80632e+00     2.74894e+03     1.18360e+01     3.94606e-01
    3.81040e+00     2.74647e+03     1.18311e+01     3.93355e-01
    3.81449e+00     2.73991e+03     1.18095e+01     3.92094e-01
    3.81859e+00     2.73305e+03     1.17460e+01     3.90521e-01
    3.82268e+00     2.72578e+03     1.17189e+01     3.89115e-01
    3.82677e+00     2.72250e+03     1.16670e+01     3.87536e-01
    3.83086e+00     2.71822e+03     1.16568e+01     3.85936e-01
    3.83495e+00     2.71049e+03     1.16051e+01     3.84632e-01
    3.83904e+00     2.70803e+03     1.15874e+01     3.83554e-01
    3.84313e+00     2.69920e+03     1.15386e+01     3.82141e-01
    3.84722e+00     2.69272e+03     1.15075e+01     3.80667e-01
    3.85131e+00     2.69000e+03     1.14850e+01     3.79061e-01
    3.85540e+00     2.68520e+03     1.14613e+01     3.77987e-01
    3.85949e+00     2.67997e+03     1.14169e+01     3.76387e-01
    3.86358e+00     2.67396e+03     1.13846e+01     3.74923e-01
    3.86768e+00     2.67087e+03     1.13747e+01     3.73893e-01
    3.87177e+00     2.66480e+03     1.13179e+01     3.72377e-01
    3.87585e+00     2.65864e+03     1.12867e+01     3.70979e-01
    3.87994e+00     2.65345e+03     1.12478e+01     3.69695e-01
    3.88403e+00     2.64703e+03     1.12235e+01     3.68227e-01
    3.88813e+00     2.64237e+03     1.11925e+01     3.66943e-01
    3.89222e+00     2.63679e+03     1.11666e+01     3.65745e-01
    3.89631e+00     2.63007e+03     1.11214e+01     3.64393e-01
    3.90040e+00     2.62683e+03     1.11054e+01     3.63056e-01
    3.90449e+00     2.62244e+03     1.10648e+01     3.61766e-01
    3.90858e+00     2.61736e+03     1.10435e+01     3.60640e-01
    3.91267e+00     2.61170e+03     1.10128e+01     3.59285e-01
    3.91676e+00     2.60759e+03     1.09756e+01     3.57955e-01
    3.92085e+00     2.60135e+03     1.09340e+01     3.56597e-01
    3.92494e+00     2.59523e+03     1.08993e+01     3.55374e-01
    3.92903e+00     2.59186e+03     1.08946e+01     3.54488e-01
    3.93312e+00     2.58858e+03     1.08695e+01     3.52924e-01
    3.93721e+00     2.58101e+03     1.08316e+01     3.51984e-01
    3.94130e+00     2.57751e+03     1.07993e+01     3.50633e-01
    3.94539e+00     2.57197e+03     1.07654e+01     3.49277e-01
    3.94949e+00     2.56566e+03     1.07210e+01     3.48188e-01
    3.95358e+00     2.56267e+03     1.07004e+01     3.46857e-01
    3.95767e+00     2.55637e+03     1.06814e+01     3.45920e-01
    3.96176e+00     2.55128e+03     1.06553e+01     3.44585e-01
    3.96585e+00     2.54665e+03     1.06238e+01     3.43441e-01
    3.96994e+00     2.54250e+03     1.05869e+01     3.42277e-01
    3.97403e+00     2.53728e+03     1.05620e+01     3.41055e-01
    3.97812e+00     2.53137e+03     1.05201e+01     3.39838e-01
    3.98221e+00     2.52646e+03     1.05006e+01     3.38718e-01
    3.98630e+00     2.52344e+03     1.04810e+01     3.37811e-01
    3.99039e+00     2.51945e+03     1.04338e+01     3.36467e-01
    3.99448e+00     2.51288e+03     1.04199e+01     3.35490e-01
    3.99857e+00     2.50741e+03     1.03877e+01     3.34170e-01
    4.00266e+00     2.50387e+03     1.03818e+01     3.33269e-01
    4.00675e+00     2.49934e+03     1.03319e+01     3.32035e-01
    4.01085e+00     2.49397e+03     1.03110e+01     3.30789e-01
    4.01494e+00     2.49003e+03     1.02757e+01     3.29482e-01
    4.01902e+00     2.48554e+03     1.02625e+01     3.28701e-01
    4.02312e+00     2.47832e+03     1.02195e+01     3.27636e-01
    4.02721e+00     2.47593e+03     1.01972e+01     3.26518e-01
    4.03130e+00     2.47013e+03     1.01703e+01     3.25462e-01
    4.03539e+00     2.46590e+03     1.01443e+01     3.24547e-01
    4.03948e+00     2.46260e+03     1.01177e+01     3.23141e-01
    4.04357e+00     2.45741e+03     1.01000e+01     3.22472e-01
    4.04766e+00     2.45234e+03     1.00678e+01     3.21329e-01
    4.05175e+00     2.44709e+03     1.00424e+01     3.20234e-01
    4.05584e+00     2.44339e+03     1.00161e+01     3.19202e-01
    4.05993e+00     2.43904e+03     9.98580e+00     3.18110e-01
    4.06402e+00     2.43540e+03     9.95979e+00     3.16786e-01
    4.06811e+00     2.42914e+03     9.92193e+00     3.15799e-01
    4.07220e+00     2.42584e+03     9.91862e+00     3.15163e-01
    4.07630e+00     2.42080e+03     9.87740e+00     3.14060e-01
    4.08038e+00     2.41943e+03     9.87198e+00     3.13114e-01
    4.08447e+00     2.41321e+03     9.83332e+00     3.11948e-01
    4.08857e+00     2.40940e+03     9.81820e+00     3.10931e-01
    4.09266e+00     2.40224e+03     9.77003e+00     3.09885e-01
    4.09675e+00     2.40122e+03     9.77121e+00     3.08932e-01
    4.10084e+00     2.39584e+03     9.73205e+00     3.07929e-01
    4.10493e+00     2.39260e+03     9.72367e+00     3.07106e-01
    4.10902e+00     2.38563e+03     9.66904e+00     3.06200e-01
    4.11311e+00     2.38433e+03     9.67501e+00     3.05386e-01
    4.11720e+00     2.37838e+03     9.63720e+00     3.04384e-01
    4.12129e+00     2.37276e+03     9.60367e+00     3.03274e-01
    4.12538e+00     2.36950e+03     9.59613e+00     3.02578e-01
    4.12947e+00     2.36629e+03     9.55609e+00     3.01238e-01
    4.13356e+00     2.36015e+03     9.53818e+00     3.00577e-01
    4.13765e+00     2.35579e+03     9.49997e+00     2.99590e-01
    4.14175e+00     2.35420e+03     9.51072e+00     2.98801e-01
    4.14584e+00     2.34765e+03     9.46494e+00     2.97782e-01
    4.14993e+00     2.34714e+03     9.44830e+00     2.96823e-01
    4.15402e+00     2.33977e+03     9.42783e+00     2.96073e-01
    4.15811e+00     2.33729e+03     9.40304e+00     2.95177e-01
    4.16220e+00     2.33327e+03     9.39299e+00     2.94475e-01
    4.16629e+00     2.32817e+03     9.35139e+00     2.93330e-01
    4.17038e+00     2.32445e+03     9.34268e+00     2.92585e-01
    4.17447e+00     2.31955e+03     9.30238e+00     2.91560e-01
    4.17856e+00     2.31654e+03     9.27924e+00     2.90619e-01
    4.18265e+00     2.31250e+03     9.25904e+00     2.89967e-01
    4.18674e+00     2.31045e+03     9.25672e+00     2.89166e-01
