# Real space auto- and cross-spectra.
# z=2.000, 13.000<lgM<13.500
#      k[h/Mpc]            P_hh            P_hm            P_mm
    0.00000e+00     0.00000e+00     0.00000e+00     0.00000e+00
    5.79404e-03     6.92515e+04     9.81412e+03     2.04738e+03
    1.04717e-02     8.46599e+04     1.51490e+04     3.39968e+03
    1.42665e-02     1.21862e+05     2.21200e+04     4.72495e+03
    1.81228e-02     1.03716e+05     1.90415e+04     4.20233e+03
    2.24845e-02     9.68682e+04     1.76015e+04     3.83785e+03
    2.64508e-02     1.01374e+05     1.76827e+04     3.79423e+03
    3.04474e-02     9.13046e+04     1.57185e+04     3.39946e+03
    3.47320e-02     8.14046e+04     1.39547e+04     3.09703e+03
    3.88308e-02     7.63539e+04     1.25935e+04     2.71749e+03
    4.28140e-02     7.04188e+04     1.14142e+04     2.45904e+03
    4.68856e-02     7.19498e+04     1.14753e+04     2.45189e+03
    5.09858e-02     6.91349e+04     1.06720e+04     2.27146e+03
    5.51458e-02     5.85099e+04     8.64498e+03     1.89149e+03
    5.92243e-02     6.30326e+04     9.60454e+03     2.06044e+03
    6.32864e-02     5.94665e+04     8.78283e+03     1.85764e+03
    6.73674e-02     5.63093e+04     8.23102e+03     1.76570e+03
    7.14960e-02     5.44887e+04     7.63248e+03     1.61958e+03
    7.55894e-02     5.56908e+04     7.56128e+03     1.58059e+03
    7.96660e-02     5.15630e+04     6.95476e+03     1.47501e+03
    8.38183e-02     4.84099e+04     6.31871e+03     1.34423e+03
    8.78941e-02     4.53119e+04     5.70841e+03     1.21362e+03
    9.19238e-02     4.42130e+04     5.50529e+03     1.17263e+03
    9.60446e-02     4.27349e+04     5.15093e+03     1.08862e+03
    1.00128e-01     4.08352e+04     4.67081e+03     9.79904e+02
    1.04209e-01     3.94109e+04     4.36343e+03     9.00989e+02
    1.08333e-01     3.85402e+04     4.12573e+03     8.47121e+02
    1.12448e-01     3.88069e+04     4.14763e+03     8.45755e+02
    1.16521e-01     3.67829e+04     3.87235e+03     8.02087e+02
    1.20596e-01     3.69783e+04     3.80395e+03     7.74847e+02
    1.24665e-01     3.62946e+04     3.66894e+03     7.46534e+02
    1.28771e-01     3.58863e+04     3.59269e+03     7.35013e+02
    1.32874e-01     3.50419e+04     3.49521e+03     7.13254e+02
    1.36975e-01     3.45767e+04     3.34939e+03     6.84041e+02
    1.41075e-01     3.36035e+04     3.12082e+03     6.32361e+02
    1.45172e-01     3.32373e+04     3.06996e+03     6.13200e+02
    1.49268e-01     3.28552e+04     2.89352e+03     5.67074e+02
    1.53330e-01     3.16838e+04     2.70928e+03     5.44502e+02
    1.57416e-01     3.13185e+04     2.63928e+03     5.22010e+02
    1.61514e-01     3.04163e+04     2.48343e+03     4.89653e+02
    1.65592e-01     2.94283e+04     2.31518e+03     4.61763e+02
    1.69693e-01     2.90836e+04     2.26770e+03     4.40185e+02
    1.73803e-01     2.92185e+04     2.20136e+03     4.30805e+02
    1.77905e-01     2.86947e+04     2.20199e+03     4.23282e+02
    1.82001e-01     2.83816e+04     2.10934e+03     4.12518e+02
    1.86092e-01     2.82837e+04     2.08282e+03     4.00631e+02
    1.90161e-01     2.82530e+04     2.03552e+03     3.86876e+02
    1.94237e-01     2.78081e+04     1.99919e+03     3.83558e+02
    1.98334e-01     2.74754e+04     1.92833e+03     3.65382e+02
    2.02427e-01     2.73070e+04     1.88095e+03     3.54135e+02
    2.06523e-01     2.69372e+04     1.83056e+03     3.43815e+02
    2.10626e-01     2.68343e+04     1.75810e+03     3.24461e+02
    2.14724e-01     2.64004e+04     1.69060e+03     3.13499e+02
    2.18827e-01     2.58436e+04     1.62576e+03     3.02514e+02
    2.22903e-01     2.61074e+04     1.57981e+03     2.88306e+02
    2.26990e-01     2.54263e+04     1.55284e+03     2.84197e+02
    2.31084e-01     2.53451e+04     1.50867e+03     2.73713e+02
    2.35153e-01     2.51363e+04     1.48157e+03     2.66299e+02
    2.39244e-01     2.48563e+04     1.43480e+03     2.59583e+02
    2.43338e-01     2.45384e+04     1.39199e+03     2.52523e+02
    2.47445e-01     2.46025e+04     1.38489e+03     2.45646e+02
    2.51539e-01     2.46044e+04     1.35570e+03     2.41989e+02
    2.55609e-01     2.40855e+04     1.31563e+03     2.34415e+02
    2.59718e-01     2.40750e+04     1.28457e+03     2.27527e+02
    2.63814e-01     2.39850e+04     1.25232e+03     2.20831e+02
    2.67904e-01     2.38244e+04     1.23958e+03     2.16895e+02
    2.71993e-01     2.39320e+04     1.22664e+03     2.13336e+02
    2.76068e-01     2.34004e+04     1.18137e+03     2.04992e+02
    2.80171e-01     2.35423e+04     1.16414e+03     1.97880e+02
    2.84268e-01     2.30668e+04     1.11657e+03     1.91840e+02
    2.88346e-01     2.29240e+04     1.10594e+03     1.89665e+02
    2.92426e-01     2.29543e+04     1.09360e+03     1.84460e+02
    2.96514e-01     2.25056e+04     1.05155e+03     1.79599e+02
    3.00627e-01     2.27218e+04     1.03593e+03     1.74915e+02
    3.04729e-01     2.27025e+04     1.02329e+03     1.71968e+02
    3.08821e-01     2.23658e+04     1.01063e+03     1.67541e+02
    3.12919e-01     2.23710e+04     9.96245e+02     1.65739e+02
    3.16999e-01     2.21734e+04     9.85141e+02     1.62019e+02
    3.21078e-01     2.20041e+04     9.55781e+02     1.57904e+02
    3.25167e-01     2.20244e+04     9.34635e+02     1.53562e+02
    3.29247e-01     2.17912e+04     9.16862e+02     1.50762e+02
    3.33333e-01     2.19494e+04     9.16380e+02     1.47984e+02
    3.37443e-01     2.16589e+04     8.90611e+02     1.44500e+02
    3.41545e-01     2.17203e+04     8.69287e+02     1.40466e+02
    3.45625e-01     2.17772e+04     8.70717e+02     1.38952e+02
    3.49715e-01     2.14458e+04     8.44034e+02     1.35109e+02
    3.53817e-01     2.12809e+04     8.31581e+02     1.32586e+02
    3.57906e-01     2.14640e+04     8.28743e+02     1.29688e+02
    3.61975e-01     2.12508e+04     8.26742e+02     1.28500e+02
    3.66071e-01     2.11606e+04     8.02121e+02     1.24699e+02
    3.70189e-01     2.10547e+04     7.92598e+02     1.23027e+02
    3.74277e-01     2.09884e+04     7.78301e+02     1.20369e+02
    3.78356e-01     2.10480e+04     7.71334e+02     1.17860e+02
    3.82448e-01     2.08798e+04     7.54254e+02     1.16241e+02
    3.86535e-01     2.08221e+04     7.48624e+02     1.13872e+02
    3.90624e-01     2.09168e+04     7.42866e+02     1.12338e+02
    3.94706e-01     2.06778e+04     7.28231e+02     1.09809e+02
    3.98794e-01     2.05210e+04     7.12117e+02     1.08507e+02
    4.02896e-01     2.04519e+04     7.05734e+02     1.05830e+02
    4.06986e-01     2.04694e+04     7.00652e+02     1.04080e+02
    4.11069e-01     2.04517e+04     6.92059e+02     1.01816e+02
    4.15170e-01     2.04568e+04     6.84953e+02     1.00424e+02
    4.19263e-01     2.02332e+04     6.73222e+02     9.87899e+01
    4.23353e-01     2.01266e+04     6.64798e+02     9.74548e+01
    4.27447e-01     1.99927e+04     6.55211e+02     9.60752e+01
    4.31534e-01     2.00818e+04     6.42602e+02     9.34240e+01
    4.35624e-01     1.98188e+04     6.34028e+02     9.28902e+01
    4.39718e-01     1.99958e+04     6.33118e+02     9.11089e+01
    4.43804e-01     1.98408e+04     6.21566e+02     8.89557e+01
    4.47892e-01     1.97749e+04     6.14922e+02     8.81058e+01
    4.51977e-01     1.97728e+04     6.10282e+02     8.68180e+01
    4.56067e-01     1.96207e+04     5.99800e+02     8.54902e+01
    4.60165e-01     1.97342e+04     6.03088e+02     8.42876e+01
    4.64260e-01     1.97081e+04     5.88214e+02     8.26398e+01
    4.68355e-01     1.95362e+04     5.82826e+02     8.16514e+01
    4.72450e-01     1.94551e+04     5.73116e+02     8.03174e+01
    4.76540e-01     1.94263e+04     5.70175e+02     7.91739e+01
    4.80633e-01     1.94267e+04     5.63730e+02     7.77783e+01
    4.84718e-01     1.93237e+04     5.57339e+02     7.71556e+01
    4.88794e-01     1.92901e+04     5.52677e+02     7.61313e+01
    4.92888e-01     1.91653e+04     5.44974e+02     7.48375e+01
    4.96984e-01     1.93399e+04     5.46092e+02     7.35322e+01
    5.01073e-01     1.90775e+04     5.34964e+02     7.28542e+01
    5.05169e-01     1.91539e+04     5.26931e+02     7.14713e+01
    5.09268e-01     1.91048e+04     5.23381e+02     7.06459e+01
    5.13369e-01     1.90450e+04     5.17982e+02     6.94106e+01
    5.17441e-01     1.90312e+04     5.17856e+02     6.90172e+01
    5.21516e-01     1.90202e+04     5.13375e+02     6.82255e+01
    5.25611e-01     1.89095e+04     5.04442e+02     6.66427e+01
    5.29706e-01     1.88811e+04     4.98492e+02     6.60361e+01
    5.33801e-01     1.87632e+04     4.94778e+02     6.51342e+01
    5.37888e-01     1.88086e+04     4.92380e+02     6.45684e+01
    5.41985e-01     1.86411e+04     4.85441e+02     6.34000e+01
    5.46091e-01     1.86967e+04     4.82678e+02     6.26694e+01
    5.50174e-01     1.86768e+04     4.81045e+02     6.21802e+01
    5.54252e-01     1.86993e+04     4.75049e+02     6.10478e+01
    5.58346e-01     1.86711e+04     4.70021e+02     6.06436e+01
    5.62439e-01     1.86300e+04     4.70321e+02     5.96453e+01
    5.66527e-01     1.85822e+04     4.63618e+02     5.88849e+01
    5.70616e-01     1.85404e+04     4.60375e+02     5.83580e+01
    5.74707e-01     1.85108e+04     4.58481e+02     5.78526e+01
    5.78798e-01     1.84282e+04     4.48384e+02     5.67102e+01
    5.82883e-01     1.84122e+04     4.47330e+02     5.60769e+01
    5.86977e-01     1.83145e+04     4.42832e+02     5.55378e+01
    5.91070e-01     1.82800e+04     4.38954e+02     5.48471e+01
    5.95166e-01     1.83458e+04     4.39408e+02     5.42701e+01
    5.99260e-01     1.82939e+04     4.34554e+02     5.35195e+01
    6.03349e-01     1.81750e+04     4.28475e+02     5.29075e+01
    6.07445e-01     1.81352e+04     4.23610e+02     5.20021e+01
    6.11543e-01     1.81240e+04     4.19409e+02     5.14917e+01
    6.15623e-01     1.81319e+04     4.20521e+02     5.11875e+01
    6.19704e-01     1.81022e+04     4.16617e+02     5.05668e+01
    6.23792e-01     1.80022e+04     4.10105e+02     4.99068e+01
    6.27891e-01     1.79667e+04     4.08248e+02     4.94023e+01
    6.31991e-01     1.79378e+04     4.07052e+02     4.88217e+01
    6.36073e-01     1.79450e+04     4.02187e+02     4.82921e+01
    6.40158e-01     1.79425e+04     3.99658e+02     4.76863e+01
    6.44244e-01     1.78813e+04     3.97684e+02     4.71750e+01
    6.48338e-01     1.78518e+04     3.91190e+02     4.66739e+01
    6.52432e-01     1.78492e+04     3.94418e+02     4.65393e+01
    6.56514e-01     1.78141e+04     3.89401e+02     4.57631e+01
    6.60609e-01     1.77009e+04     3.84896e+02     4.52429e+01
    6.64712e-01     1.77863e+04     3.81596e+02     4.46540e+01
    6.68801e-01     1.77754e+04     3.83725e+02     4.43853e+01
    6.72890e-01     1.77338e+04     3.81288e+02     4.40435e+01
    6.76984e-01     1.76539e+04     3.75215e+02     4.33049e+01
    6.81074e-01     1.76147e+04     3.74367e+02     4.31878e+01
    6.85160e-01     1.75644e+04     3.71147e+02     4.27847e+01
    6.89246e-01     1.76107e+04     3.72444e+02     4.23598e+01
    6.93336e-01     1.75416e+04     3.65303e+02     4.17066e+01
    6.97434e-01     1.74993e+04     3.63626e+02     4.13853e+01
    7.01528e-01     1.74767e+04     3.61661e+02     4.09890e+01
    7.05618e-01     1.74727e+04     3.58227e+02     4.04901e+01
    7.09708e-01     1.74052e+04     3.56754e+02     4.01850e+01
    7.13796e-01     1.74318e+04     3.55260e+02     3.97082e+01
    7.17892e-01     1.74404e+04     3.54473e+02     3.94664e+01
    7.21982e-01     1.73258e+04     3.49725e+02     3.91036e+01
    7.26059e-01     1.73538e+04     3.48820e+02     3.86502e+01
    7.30145e-01     1.73410e+04     3.47200e+02     3.83478e+01
    7.34240e-01     1.73360e+04     3.45353e+02     3.80668e+01
    7.38340e-01     1.72165e+04     3.39068e+02     3.76009e+01
    7.42427e-01     1.71766e+04     3.40080e+02     3.72904e+01
    7.46511e-01     1.72609e+04     3.41770e+02     3.71143e+01
    7.50614e-01     1.71900e+04     3.35993e+02     3.65328e+01
    7.54706e-01     1.71554e+04     3.33001e+02     3.61880e+01
    7.58795e-01     1.71743e+04     3.32598e+02     3.59994e+01
    7.62888e-01     1.71428e+04     3.30410e+02     3.56979e+01
    7.66986e-01     1.71146e+04     3.29477e+02     3.53115e+01
    7.71073e-01     1.70293e+04     3.26343e+02     3.49835e+01
    7.75153e-01     1.69683e+04     3.24504e+02     3.47076e+01
    7.79241e-01     1.70445e+04     3.22257e+02     3.43066e+01
    7.83335e-01     1.69986e+04     3.20097e+02     3.39854e+01
    7.87426e-01     1.69431e+04     3.18538e+02     3.38286e+01
    7.91513e-01     1.69508e+04     3.16047e+02     3.33880e+01
    7.95606e-01     1.68858e+04     3.13455e+02     3.32003e+01
    7.99702e-01     1.68895e+04     3.14007e+02     3.28876e+01
    8.03798e-01     1.68498e+04     3.14372e+02     3.27498e+01
    8.07879e-01     1.68502e+04     3.09457e+02     3.23539e+01
    8.11963e-01     1.68259e+04     3.07666e+02     3.20879e+01
    8.16059e-01     1.67920e+04     3.06778e+02     3.17800e+01
    8.20152e-01     1.68203e+04     3.05512e+02     3.15449e+01
    8.24242e-01     1.67659e+04     3.02420e+02     3.12616e+01
    8.28331e-01     1.67342e+04     3.02856e+02     3.09658e+01
    8.32425e-01     1.66948e+04     2.99732e+02     3.07289e+01
    8.36516e-01     1.66921e+04     2.99272e+02     3.05155e+01
    8.40610e-01     1.66728e+04     2.96933e+02     3.02420e+01
    8.44704e-01     1.66452e+04     2.96191e+02     3.00949e+01
    8.48790e-01     1.66149e+04     2.94626e+02     2.98145e+01
    8.52876e-01     1.66170e+04     2.91471e+02     2.94782e+01
    8.56967e-01     1.66528e+04     2.91896e+02     2.92923e+01
    8.61059e-01     1.65740e+04     2.90924e+02     2.90502e+01
    8.65147e-01     1.64793e+04     2.86600e+02     2.87609e+01
    8.69235e-01     1.65249e+04     2.87835e+02     2.86167e+01
    8.73334e-01     1.64651e+04     2.83965e+02     2.83479e+01
    8.77429e-01     1.64939e+04     2.85612e+02     2.82755e+01
    8.81512e-01     1.64562e+04     2.84028e+02     2.79996e+01
    8.85601e-01     1.63688e+04     2.80133e+02     2.77518e+01
    8.89691e-01     1.64218e+04     2.80840e+02     2.74932e+01
    8.93784e-01     1.64089e+04     2.79431e+02     2.73161e+01
    8.97875e-01     1.63679e+04     2.76274e+02     2.71295e+01
    9.01960e-01     1.63142e+04     2.75216e+02     2.69182e+01
    9.06054e-01     1.63706e+04     2.73455e+02     2.66192e+01
    9.10146e-01     1.63104e+04     2.73523e+02     2.65381e+01
    9.14237e-01     1.62839e+04     2.72244e+02     2.63278e+01
    9.18331e-01     1.62703e+04     2.71123e+02     2.61852e+01
    9.22421e-01     1.62305e+04     2.69679e+02     2.59064e+01
    9.26509e-01     1.62136e+04     2.68702e+02     2.57005e+01
    9.30598e-01     1.61676e+04     2.67151e+02     2.55853e+01
    9.34692e-01     1.61653e+04     2.64729e+02     2.53811e+01
    9.38787e-01     1.61192e+04     2.63136e+02     2.51834e+01
    9.42873e-01     1.60793e+04     2.62161e+02     2.49766e+01
    9.46961e-01     1.60620e+04     2.59905e+02     2.47526e+01
    9.51054e-01     1.60933e+04     2.60751e+02     2.46289e+01
    9.55150e-01     1.60306e+04     2.59426e+02     2.44449e+01
    9.59240e-01     1.60178e+04     2.58720e+02     2.42675e+01
    9.63327e-01     1.60632e+04     2.57756e+02     2.41072e+01
    9.67420e-01     1.60140e+04     2.56842e+02     2.39506e+01
    9.71506e-01     1.59887e+04     2.56207e+02     2.38104e+01
    9.75588e-01     1.59111e+04     2.52876e+02     2.35662e+01
    9.79678e-01     1.59327e+04     2.53747e+02     2.35092e+01
    9.83773e-01     1.59279e+04     2.52705e+02     2.33127e+01
    9.87866e-01     1.59318e+04     2.52209e+02     2.31692e+01
    9.91960e-01     1.59210e+04     2.50423e+02     2.29484e+01
    9.96055e-01     1.58818e+04     2.50442e+02     2.29312e+01
    1.00015e+00     1.58096e+04     2.47721e+02     2.26477e+01
    1.00424e+00     1.58246e+04     2.46910e+02     2.25232e+01
    1.00832e+00     1.58147e+04     2.45924e+02     2.24344e+01
    1.01242e+00     1.58011e+04     2.45128e+02     2.22590e+01
    1.01651e+00     1.57810e+04     2.43872e+02     2.21511e+01
    1.02059e+00     1.57469e+04     2.42671e+02     2.18858e+01
    1.02468e+00     1.57293e+04     2.41211e+02     2.17123e+01
    1.02878e+00     1.57348e+04     2.41672e+02     2.16273e+01
    1.03287e+00     1.56888e+04     2.38541e+02     2.14251e+01
    1.03695e+00     1.56273e+04     2.38719e+02     2.13212e+01
    1.04105e+00     1.56512e+04     2.37626e+02     2.11922e+01
    1.04515e+00     1.56031e+04     2.37286e+02     2.11096e+01
    1.04923e+00     1.55738e+04     2.34831e+02     2.09475e+01
    1.05332e+00     1.55655e+04     2.35573e+02     2.08427e+01
    1.05741e+00     1.55566e+04     2.33728e+02     2.06296e+01
    1.06150e+00     1.55723e+04     2.33776e+02     2.05536e+01
    1.06559e+00     1.55484e+04     2.32742e+02     2.03975e+01
    1.06968e+00     1.55459e+04     2.32103e+02     2.03141e+01
    1.07377e+00     1.54906e+04     2.30662e+02     2.01509e+01
    1.07786e+00     1.54693e+04     2.29373e+02     1.99874e+01
    1.08195e+00     1.54457e+04     2.28930e+02     1.98436e+01
    1.08605e+00     1.54723e+04     2.27885e+02     1.97362e+01
    1.09014e+00     1.54194e+04     2.27017e+02     1.96793e+01
    1.09422e+00     1.53651e+04     2.26601e+02     1.95620e+01
    1.09832e+00     1.53937e+04     2.25023e+02     1.94126e+01
    1.10242e+00     1.54005e+04     2.24965e+02     1.92654e+01
    1.10650e+00     1.53498e+04     2.23185e+02     1.91920e+01
    1.11059e+00     1.53350e+04     2.21385e+02     1.89670e+01
    1.11468e+00     1.52730e+04     2.20912e+02     1.89014e+01
    1.11878e+00     1.52489e+04     2.21147e+02     1.88049e+01
    1.12287e+00     1.52888e+04     2.20305e+02     1.87149e+01
    1.12695e+00     1.52527e+04     2.19755e+02     1.85808e+01
    1.13105e+00     1.52595e+04     2.19443e+02     1.84967e+01
    1.13514e+00     1.52634e+04     2.18821e+02     1.83720e+01
    1.13922e+00     1.52094e+04     2.17077e+02     1.82561e+01
    1.14331e+00     1.51751e+04     2.16875e+02     1.81795e+01
    1.14741e+00     1.51365e+04     2.15095e+02     1.80514e+01
    1.15150e+00     1.51091e+04     2.14248e+02     1.79431e+01
    1.15559e+00     1.51506e+04     2.14052e+02     1.78037e+01
    1.15968e+00     1.51121e+04     2.14122e+02     1.77604e+01
    1.16377e+00     1.51438e+04     2.12654e+02     1.76186e+01
    1.16786e+00     1.50676e+04     2.10870e+02     1.74901e+01
    1.17195e+00     1.50280e+04     2.09710e+02     1.73912e+01
    1.17604e+00     1.50211e+04     2.09659e+02     1.73139e+01
    1.18013e+00     1.50191e+04     2.09423e+02     1.72115e+01
    1.18422e+00     1.50107e+04     2.08202e+02     1.70828e+01
    1.18831e+00     1.50038e+04     2.07757e+02     1.70405e+01
    1.19240e+00     1.49508e+04     2.07481e+02     1.69472e+01
    1.19649e+00     1.49143e+04     2.05640e+02     1.68219e+01
    1.20059e+00     1.49184e+04     2.04982e+02     1.67144e+01
    1.20468e+00     1.49219e+04     2.04535e+02     1.66255e+01
    1.20877e+00     1.49282e+04     2.04642e+02     1.65476e+01
    1.21286e+00     1.48950e+04     2.03859e+02     1.64638e+01
    1.21695e+00     1.48620e+04     2.03234e+02     1.63496e+01
    1.22104e+00     1.48551e+04     2.02264e+02     1.61861e+01
    1.22513e+00     1.48454e+04     2.01468e+02     1.61456e+01
    1.22922e+00     1.48346e+04     2.01217e+02     1.60602e+01
    1.23330e+00     1.47662e+04     1.99064e+02     1.59405e+01
    1.23740e+00     1.47970e+04     1.98967e+02     1.58835e+01
    1.24149e+00     1.47756e+04     1.98443e+02     1.57595e+01
    1.24558e+00     1.47228e+04     1.97918e+02     1.57131e+01
    1.24967e+00     1.47481e+04     1.97106e+02     1.56232e+01
    1.25376e+00     1.46907e+04     1.96382e+02     1.55136e+01
    1.25785e+00     1.47149e+04     1.96183e+02     1.54487e+01
    1.26194e+00     1.46685e+04     1.95631e+02     1.53723e+01
    1.26603e+00     1.46781e+04     1.95532e+02     1.53084e+01
    1.27012e+00     1.46083e+04     1.93845e+02     1.51966e+01
    1.27422e+00     1.46247e+04     1.93439e+02     1.51167e+01
    1.27831e+00     1.46071e+04     1.92841e+02     1.50330e+01
    1.28240e+00     1.45831e+04     1.92196e+02     1.49693e+01
    1.28649e+00     1.45821e+04     1.91124e+02     1.48403e+01
    1.29058e+00     1.45664e+04     1.91420e+02     1.48041e+01
    1.29467e+00     1.45494e+04     1.90077e+02     1.46957e+01
    1.29876e+00     1.45238e+04     1.90276e+02     1.46712e+01
    1.30285e+00     1.45147e+04     1.88923e+02     1.45156e+01
    1.30694e+00     1.44592e+04     1.87553e+02     1.44451e+01
    1.31103e+00     1.44806e+04     1.87555e+02     1.44074e+01
    1.31512e+00     1.44644e+04     1.86997e+02     1.43365e+01
    1.31921e+00     1.44308e+04     1.86081e+02     1.42480e+01
    1.32331e+00     1.44096e+04     1.85681e+02     1.41748e+01
    1.32739e+00     1.43814e+04     1.85292e+02     1.40971e+01
    1.33148e+00     1.43776e+04     1.84382e+02     1.40271e+01
    1.33558e+00     1.43570e+04     1.84063e+02     1.39376e+01
    1.33967e+00     1.43543e+04     1.83744e+02     1.38793e+01
    1.34376e+00     1.43481e+04     1.84167e+02     1.38295e+01
    1.34785e+00     1.43084e+04     1.83152e+02     1.37642e+01
    1.35195e+00     1.43053e+04     1.82280e+02     1.36506e+01
    1.35603e+00     1.42928e+04     1.81578e+02     1.36031e+01
    1.36011e+00     1.42532e+04     1.81266e+02     1.35530e+01
    1.36421e+00     1.42078e+04     1.79565e+02     1.34251e+01
    1.36830e+00     1.42095e+04     1.79289e+02     1.33880e+01
    1.37239e+00     1.42037e+04     1.79328e+02     1.33553e+01
    1.37648e+00     1.41539e+04     1.77643e+02     1.32314e+01
    1.38057e+00     1.41432e+04     1.78083e+02     1.31891e+01
    1.38466e+00     1.41371e+04     1.76953e+02     1.31149e+01
    1.38875e+00     1.41276e+04     1.76558e+02     1.30241e+01
    1.39285e+00     1.40995e+04     1.76446e+02     1.29656e+01
    1.39694e+00     1.40950e+04     1.75201e+02     1.29089e+01
    1.40102e+00     1.40986e+04     1.75404e+02     1.28646e+01
    1.40512e+00     1.40705e+04     1.75192e+02     1.27981e+01
    1.40921e+00     1.40156e+04     1.74051e+02     1.27086e+01
    1.41330e+00     1.40473e+04     1.74070e+02     1.26775e+01
    1.41739e+00     1.39955e+04     1.72445e+02     1.25858e+01
    1.42148e+00     1.39689e+04     1.72320e+02     1.25411e+01
    1.42557e+00     1.39936e+04     1.72651e+02     1.24909e+01
    1.42966e+00     1.39651e+04     1.71411e+02     1.24027e+01
    1.43375e+00     1.39376e+04     1.71252e+02     1.23757e+01
    1.43784e+00     1.39198e+04     1.70087e+02     1.22537e+01
    1.44193e+00     1.38987e+04     1.69436e+02     1.21966e+01
    1.44602e+00     1.38789e+04     1.69131e+02     1.21579e+01
    1.45011e+00     1.38955e+04     1.69093e+02     1.21018e+01
    1.45420e+00     1.38824e+04     1.68936e+02     1.20446e+01
    1.45830e+00     1.37871e+04     1.67553e+02     1.19705e+01
    1.46239e+00     1.38170e+04     1.67783e+02     1.19497e+01
    1.46648e+00     1.38026e+04     1.67024e+02     1.18711e+01
    1.47056e+00     1.38153e+04     1.66719e+02     1.18097e+01
    1.47465e+00     1.37913e+04     1.65856e+02     1.17528e+01
    1.47874e+00     1.37662e+04     1.65416e+02     1.16812e+01
    1.48283e+00     1.37412e+04     1.65040e+02     1.16382e+01
    1.48693e+00     1.37374e+04     1.64188e+02     1.15686e+01
    1.49102e+00     1.36951e+04     1.64256e+02     1.15402e+01
    1.49511e+00     1.36752e+04     1.62705e+02     1.14501e+01
    1.49920e+00     1.36401e+04     1.62923e+02     1.14190e+01
    1.50329e+00     1.36151e+04     1.61755e+02     1.13466e+01
    1.50738e+00     1.36204e+04     1.61960e+02     1.12958e+01
    1.51148e+00     1.35993e+04     1.60995e+02     1.12517e+01
    1.51557e+00     1.36120e+04     1.61142e+02     1.11846e+01
    1.51965e+00     1.35753e+04     1.60067e+02     1.11296e+01
    1.52374e+00     1.35363e+04     1.60319e+02     1.11056e+01
    1.52784e+00     1.35436e+04     1.59448e+02     1.10392e+01
    1.53193e+00     1.35091e+04     1.58805e+02     1.09799e+01
    1.53602e+00     1.34895e+04     1.58515e+02     1.09124e+01
    1.54011e+00     1.34982e+04     1.58147e+02     1.08746e+01
    1.54420e+00     1.34677e+04     1.57677e+02     1.08305e+01
    1.54829e+00     1.34687e+04     1.57188e+02     1.07752e+01
    1.55238e+00     1.34532e+04     1.56819e+02     1.07263e+01
    1.55647e+00     1.34398e+04     1.56235e+02     1.06616e+01
    1.56056e+00     1.33852e+04     1.55960e+02     1.06212e+01
    1.56465e+00     1.33979e+04     1.55687e+02     1.05849e+01
    1.56874e+00     1.33808e+04     1.55251e+02     1.05119e+01
    1.57283e+00     1.33439e+04     1.54173e+02     1.04580e+01
    1.57693e+00     1.33315e+04     1.53880e+02     1.04213e+01
    1.58102e+00     1.33146e+04     1.53947e+02     1.03974e+01
    1.58510e+00     1.33067e+04     1.53023e+02     1.03311e+01
    1.58919e+00     1.32830e+04     1.52919e+02     1.02878e+01
    1.59329e+00     1.32555e+04     1.52012e+02     1.02307e+01
    1.59738e+00     1.32366e+04     1.51731e+02     1.01600e+01
    1.60147e+00     1.32135e+04     1.51232e+02     1.01252e+01
    1.60556e+00     1.32309e+04     1.51411e+02     1.01024e+01
    1.60965e+00     1.31868e+04     1.50899e+02     1.00559e+01
    1.61374e+00     1.31727e+04     1.50107e+02     9.98137e+00
    1.61783e+00     1.31654e+04     1.49693e+02     9.93510e+00
    1.62192e+00     1.31421e+04     1.49599e+02     9.91595e+00
    1.62601e+00     1.31319e+04     1.48834e+02     9.85795e+00
    1.63010e+00     1.30919e+04     1.48458e+02     9.81469e+00
    1.63419e+00     1.31013e+04     1.48279e+02     9.76956e+00
    1.63828e+00     1.30925e+04     1.47532e+02     9.71947e+00
    1.64238e+00     1.30665e+04     1.47447e+02     9.66124e+00
    1.64647e+00     1.30701e+04     1.47032e+02     9.62822e+00
    1.65055e+00     1.30197e+04     1.46276e+02     9.59445e+00
    1.65465e+00     1.30122e+04     1.45875e+02     9.55296e+00
    1.65874e+00     1.29984e+04     1.45567e+02     9.50176e+00
    1.66283e+00     1.29706e+04     1.44723e+02     9.46516e+00
    1.66691e+00     1.29509e+04     1.44548e+02     9.42432e+00
    1.67101e+00     1.29288e+04     1.44090e+02     9.38156e+00
    1.67510e+00     1.29280e+04     1.44098e+02     9.33142e+00
    1.67919e+00     1.28964e+04     1.43256e+02     9.29413e+00
    1.68328e+00     1.28873e+04     1.42952e+02     9.24911e+00
    1.68737e+00     1.28498e+04     1.42073e+02     9.18779e+00
    1.69146e+00     1.28536e+04     1.42046e+02     9.16042e+00
    1.69555e+00     1.28201e+04     1.41846e+02     9.11394e+00
    1.69964e+00     1.28304e+04     1.41584e+02     9.07471e+00
    1.70373e+00     1.28183e+04     1.41341e+02     9.03915e+00
    1.70782e+00     1.27853e+04     1.40418e+02     9.00433e+00
    1.71191e+00     1.27692e+04     1.40515e+02     8.96805e+00
    1.71600e+00     1.27485e+04     1.39859e+02     8.91492e+00
    1.72009e+00     1.27321e+04     1.40057e+02     8.89863e+00
    1.72418e+00     1.27298e+04     1.39278e+02     8.85176e+00
    1.72828e+00     1.27199e+04     1.38856e+02     8.80653e+00
    1.73237e+00     1.27206e+04     1.38428e+02     8.75723e+00
    1.73646e+00     1.26510e+04     1.37590e+02     8.70874e+00
    1.74055e+00     1.26416e+04     1.37028e+02     8.67944e+00
    1.74464e+00     1.26277e+04     1.37426e+02     8.65468e+00
    1.74874e+00     1.25990e+04     1.36461e+02     8.61604e+00
    1.75282e+00     1.25964e+04     1.36395e+02     8.56903e+00
    1.75691e+00     1.25646e+04     1.35984e+02     8.53442e+00
    1.76100e+00     1.25639e+04     1.35477e+02     8.48891e+00
    1.76509e+00     1.25634e+04     1.35305e+02     8.45634e+00
    1.76918e+00     1.25199e+04     1.34494e+02     8.41860e+00
    1.77327e+00     1.25246e+04     1.34636e+02     8.37919e+00
    1.77737e+00     1.25140e+04     1.34531e+02     8.34294e+00
    1.78146e+00     1.24611e+04     1.33654e+02     8.30271e+00
    1.78554e+00     1.24476e+04     1.33494e+02     8.26943e+00
    1.78964e+00     1.24551e+04     1.33367e+02     8.22858e+00
    1.79373e+00     1.24496e+04     1.32713e+02     8.20369e+00
    1.79782e+00     1.24000e+04     1.32295e+02     8.16394e+00
    1.80191e+00     1.23836e+04     1.31468e+02     8.11935e+00
    1.80600e+00     1.23859e+04     1.31638e+02     8.09177e+00
    1.81009e+00     1.23415e+04     1.30575e+02     8.05958e+00
    1.81418e+00     1.23253e+04     1.30814e+02     8.02144e+00
    1.81827e+00     1.23122e+04     1.30168e+02     7.98758e+00
    1.82236e+00     1.22982e+04     1.30151e+02     7.94975e+00
    1.82645e+00     1.23018e+04     1.29821e+02     7.91190e+00
    1.83054e+00     1.22736e+04     1.29340e+02     7.88637e+00
    1.83463e+00     1.22629e+04     1.29005e+02     7.84789e+00
    1.83872e+00     1.22504e+04     1.28849e+02     7.81759e+00
    1.84281e+00     1.22298e+04     1.28354e+02     7.77251e+00
    1.84691e+00     1.21873e+04     1.27529e+02     7.73126e+00
    1.85100e+00     1.21890e+04     1.27472e+02     7.71660e+00
    1.85509e+00     1.21605e+04     1.27147e+02     7.67207e+00
    1.85918e+00     1.21527e+04     1.26771e+02     7.64384e+00
    1.86327e+00     1.21265e+04     1.26470e+02     7.61530e+00
    1.86736e+00     1.21144e+04     1.25991e+02     7.57796e+00
    1.87145e+00     1.20921e+04     1.25520e+02     7.54546e+00
    1.87554e+00     1.20755e+04     1.25517e+02     7.51729e+00
    1.87963e+00     1.20537e+04     1.24960e+02     7.47324e+00
    1.88372e+00     1.20370e+04     1.24526e+02     7.44657e+00
    1.88781e+00     1.20412e+04     1.24827e+02     7.44131e+00
    1.89190e+00     1.20141e+04     1.23959e+02     7.39212e+00
    1.89599e+00     1.19904e+04     1.23838e+02     7.35880e+00
    1.90008e+00     1.19856e+04     1.23493e+02     7.32939e+00
    1.90417e+00     1.19443e+04     1.22838e+02     7.29318e+00
    1.90827e+00     1.19368e+04     1.22490e+02     7.25624e+00
    1.91236e+00     1.19277e+04     1.22489e+02     7.23536e+00
    1.91645e+00     1.19031e+04     1.21656e+02     7.19850e+00
    1.92054e+00     1.18857e+04     1.21961e+02     7.18099e+00
    1.92463e+00     1.18902e+04     1.21521e+02     7.13668e+00
    1.92872e+00     1.18759e+04     1.21222e+02     7.10122e+00
    1.93281e+00     1.18351e+04     1.20501e+02     7.07828e+00
    1.93690e+00     1.18306e+04     1.20266e+02     7.05420e+00
    1.94099e+00     1.17857e+04     1.19687e+02     7.01395e+00
    1.94508e+00     1.17893e+04     1.19679e+02     6.97755e+00
    1.94917e+00     1.17611e+04     1.19245e+02     6.95981e+00
    1.95326e+00     1.17371e+04     1.18965e+02     6.92108e+00
    1.95735e+00     1.17265e+04     1.18563e+02     6.89392e+00
    1.96144e+00     1.17187e+04     1.18307e+02     6.86333e+00
    1.96553e+00     1.17041e+04     1.18042e+02     6.83092e+00
    1.96962e+00     1.16928e+04     1.17517e+02     6.80020e+00
    1.97371e+00     1.16784e+04     1.17476e+02     6.78091e+00
    1.97781e+00     1.16422e+04     1.16693e+02     6.74383e+00
    1.98190e+00     1.16071e+04     1.16277e+02     6.71378e+00
    1.98599e+00     1.16052e+04     1.16006e+02     6.68760e+00
    1.99008e+00     1.15944e+04     1.15996e+02     6.67158e+00
    1.99417e+00     1.15915e+04     1.15637e+02     6.63882e+00
    1.99826e+00     1.15510e+04     1.15152e+02     6.60844e+00
    2.00235e+00     1.15401e+04     1.14740e+02     6.58133e+00
    2.00644e+00     1.15169e+04     1.14484e+02     6.54798e+00
    2.01053e+00     1.15148e+04     1.14478e+02     6.52373e+00
    2.01462e+00     1.14952e+04     1.14219e+02     6.50459e+00
    2.01871e+00     1.14929e+04     1.13916e+02     6.46457e+00
    2.02280e+00     1.14424e+04     1.13221e+02     6.44066e+00
    2.02689e+00     1.14379e+04     1.13168e+02     6.42064e+00
    2.03098e+00     1.14134e+04     1.12844e+02     6.38417e+00
    2.03507e+00     1.13896e+04     1.12202e+02     6.35832e+00
    2.03917e+00     1.13725e+04     1.12053e+02     6.33441e+00
    2.04325e+00     1.13699e+04     1.11756e+02     6.30942e+00
    2.04735e+00     1.13607e+04     1.11526e+02     6.27812e+00
    2.05143e+00     1.13168e+04     1.11160e+02     6.25425e+00
    2.05552e+00     1.13251e+04     1.11215e+02     6.23155e+00
    2.05962e+00     1.12874e+04     1.10409e+02     6.20085e+00
    2.06371e+00     1.12589e+04     1.10210e+02     6.18092e+00
    2.06780e+00     1.12645e+04     1.10134e+02     6.15232e+00
    2.07189e+00     1.12506e+04     1.09618e+02     6.11940e+00
    2.07598e+00     1.12204e+04     1.09107e+02     6.08945e+00
    2.08007e+00     1.12046e+04     1.08900e+02     6.07101e+00
    2.08416e+00     1.11850e+04     1.08679e+02     6.04734e+00
    2.08825e+00     1.11725e+04     1.08390e+02     6.02598e+00
    2.09234e+00     1.11502e+04     1.08024e+02     5.99623e+00
    2.09644e+00     1.11318e+04     1.07758e+02     5.96637e+00
    2.10053e+00     1.11087e+04     1.07112e+02     5.93752e+00
    2.10461e+00     1.10976e+04     1.07133e+02     5.92648e+00
    2.10870e+00     1.10976e+04     1.06884e+02     5.89502e+00
    2.11280e+00     1.10632e+04     1.06487e+02     5.87202e+00
    2.11688e+00     1.10475e+04     1.06093e+02     5.83996e+00
    2.12098e+00     1.10283e+04     1.05760e+02     5.81601e+00
    2.12507e+00     1.10183e+04     1.05607e+02     5.80021e+00
    2.12916e+00     1.10150e+04     1.05746e+02     5.77910e+00
    2.13325e+00     1.09833e+04     1.05353e+02     5.75117e+00
    2.13734e+00     1.09666e+04     1.04934e+02     5.71915e+00
    2.14143e+00     1.09516e+04     1.04304e+02     5.69451e+00
    2.14552e+00     1.09279e+04     1.04266e+02     5.68415e+00
    2.14961e+00     1.09167e+04     1.03673e+02     5.65729e+00
    2.15370e+00     1.08882e+04     1.03598e+02     5.63309e+00
    2.15779e+00     1.08860e+04     1.03362e+02     5.61047e+00
    2.16188e+00     1.08532e+04     1.03068e+02     5.58109e+00
    2.16597e+00     1.08471e+04     1.02813e+02     5.55667e+00
    2.17006e+00     1.08253e+04     1.02594e+02     5.54347e+00
    2.17416e+00     1.08171e+04     1.02350e+02     5.51454e+00
    2.17825e+00     1.07871e+04     1.01827e+02     5.49597e+00
    2.18234e+00     1.07531e+04     1.01506e+02     5.47031e+00
    2.18643e+00     1.07635e+04     1.01364e+02     5.44809e+00
    2.19052e+00     1.07337e+04     1.00842e+02     5.42441e+00
    2.19461e+00     1.07246e+04     1.00790e+02     5.40376e+00
    2.19870e+00     1.07017e+04     1.00527e+02     5.38103e+00
    2.20279e+00     1.06732e+04     9.96757e+01     5.34819e+00
    2.20688e+00     1.06523e+04     9.96585e+01     5.33260e+00
    2.21097e+00     1.06684e+04     9.97883e+01     5.31717e+00
    2.21506e+00     1.06325e+04     9.88993e+01     5.28440e+00
    2.21915e+00     1.05970e+04     9.85991e+01     5.26206e+00
    2.22324e+00     1.05959e+04     9.85910e+01     5.23781e+00
    2.22733e+00     1.05757e+04     9.84945e+01     5.22509e+00
    2.23142e+00     1.05543e+04     9.79074e+01     5.20185e+00
    2.23552e+00     1.05391e+04     9.77145e+01     5.17376e+00
    2.23961e+00     1.05243e+04     9.74916e+01     5.15541e+00
    2.24369e+00     1.05106e+04     9.74912e+01     5.13656e+00
    2.24779e+00     1.05029e+04     9.72051e+01     5.12216e+00
    2.25188e+00     1.04733e+04     9.66727e+01     5.09676e+00
    2.25597e+00     1.04459e+04     9.63273e+01     5.07598e+00
    2.26006e+00     1.04274e+04     9.60710e+01     5.05105e+00
    2.26415e+00     1.04072e+04     9.58622e+01     5.03107e+00
    2.26824e+00     1.04074e+04     9.54800e+01     5.01206e+00
    2.27233e+00     1.03801e+04     9.52245e+01     4.99076e+00
    2.27642e+00     1.03687e+04     9.50181e+01     4.97329e+00
    2.28051e+00     1.03452e+04     9.48439e+01     4.95235e+00
    2.28460e+00     1.03298e+04     9.44620e+01     4.92227e+00
    2.28869e+00     1.03158e+04     9.41327e+01     4.90658e+00
    2.29278e+00     1.03110e+04     9.39052e+01     4.89045e+00
    2.29687e+00     1.02810e+04     9.36283e+01     4.86506e+00
    2.30096e+00     1.02758e+04     9.33586e+01     4.85019e+00
    2.30506e+00     1.02529e+04     9.30265e+01     4.82573e+00
    2.30915e+00     1.02090e+04     9.27643e+01     4.81018e+00
    2.31324e+00     1.02134e+04     9.26537e+01     4.78673e+00
    2.31733e+00     1.02027e+04     9.24713e+01     4.77005e+00
    2.32142e+00     1.01865e+04     9.21538e+01     4.74739e+00
    2.32551e+00     1.01673e+04     9.17381e+01     4.73143e+00
    2.32960e+00     1.01455e+04     9.14715e+01     4.69922e+00
    2.33369e+00     1.01331e+04     9.14033e+01     4.69374e+00
    2.33778e+00     1.01199e+04     9.11637e+01     4.67331e+00
    2.34187e+00     1.00913e+04     9.06585e+01     4.64635e+00
    2.34596e+00     1.00710e+04     9.03531e+01     4.62967e+00
    2.35005e+00     1.00576e+04     9.01415e+01     4.60762e+00
    2.35414e+00     1.00331e+04     8.98039e+01     4.58806e+00
    2.35823e+00     1.00266e+04     8.97038e+01     4.57134e+00
    2.36232e+00     1.00072e+04     8.92996e+01     4.55440e+00
    2.36641e+00     9.99301e+03     8.92317e+01     4.53573e+00
    2.37051e+00     9.96173e+03     8.87797e+01     4.51328e+00
    2.37460e+00     9.94128e+03     8.84382e+01     4.49411e+00
    2.37869e+00     9.94017e+03     8.83120e+01     4.47693e+00
    2.38278e+00     9.93348e+03     8.81481e+01     4.46411e+00
    2.38687e+00     9.90237e+03     8.78533e+01     4.44448e+00
    2.39096e+00     9.89073e+03     8.76278e+01     4.42397e+00
    2.39505e+00     9.86529e+03     8.74054e+01     4.40311e+00
    2.39914e+00     9.85327e+03     8.69767e+01     4.38697e+00
    2.40323e+00     9.83221e+03     8.67162e+01     4.35978e+00
    2.40732e+00     9.81497e+03     8.64528e+01     4.34684e+00
    2.41141e+00     9.80709e+03     8.63954e+01     4.33568e+00
    2.41550e+00     9.78986e+03     8.61863e+01     4.31645e+00
    2.41959e+00     9.76556e+03     8.56813e+01     4.29312e+00
    2.42368e+00     9.74429e+03     8.55367e+01     4.27650e+00
    2.42777e+00     9.72909e+03     8.53169e+01     4.26400e+00
    2.43187e+00     9.72001e+03     8.51021e+01     4.24299e+00
    2.43596e+00     9.69082e+03     8.47790e+01     4.22618e+00
    2.44004e+00     9.67156e+03     8.45028e+01     4.20644e+00
    2.44414e+00     9.66760e+03     8.42861e+01     4.19280e+00
    2.44823e+00     9.63491e+03     8.38742e+01     4.16980e+00
    2.45232e+00     9.62784e+03     8.39342e+01     4.15885e+00
    2.45640e+00     9.60728e+03     8.34285e+01     4.13863e+00
    2.46050e+00     9.60762e+03     8.34312e+01     4.12421e+00
    2.46459e+00     9.58406e+03     8.31300e+01     4.10870e+00
    2.46868e+00     9.55809e+03     8.26719e+01     4.08346e+00
    2.47277e+00     9.54127e+03     8.25699e+01     4.07328e+00
    2.47686e+00     9.52134e+03     8.22356e+01     4.05241e+00
    2.48095e+00     9.50173e+03     8.19018e+01     4.03978e+00
    2.48504e+00     9.49428e+03     8.20252e+01     4.02117e+00
    2.48913e+00     9.47226e+03     8.14709e+01     4.00286e+00
    2.49322e+00     9.44945e+03     8.11817e+01     3.98442e+00
    2.49731e+00     9.44503e+03     8.11629e+01     3.97143e+00
    2.50141e+00     9.43494e+03     8.09057e+01     3.95544e+00
    2.50550e+00     9.41171e+03     8.07244e+01     3.93824e+00
    2.50959e+00     9.39016e+03     8.03016e+01     3.92448e+00
    2.51368e+00     9.37555e+03     8.01711e+01     3.91204e+00
    2.51777e+00     9.35379e+03     7.97559e+01     3.88977e+00
    2.52186e+00     9.33930e+03     7.95836e+01     3.87064e+00
    2.52595e+00     9.33442e+03     7.94938e+01     3.85852e+00
    2.53004e+00     9.30066e+03     7.90792e+01     3.84237e+00
    2.53413e+00     9.29503e+03     7.89753e+01     3.82918e+00
    2.53822e+00     9.27154e+03     7.87000e+01     3.80883e+00
    2.54231e+00     9.25877e+03     7.84141e+01     3.79182e+00
    2.54640e+00     9.24031e+03     7.81727e+01     3.78047e+00
    2.55049e+00     9.22971e+03     7.81341e+01     3.76310e+00
    2.55458e+00     9.20174e+03     7.77798e+01     3.74814e+00
    2.55867e+00     9.18840e+03     7.74139e+01     3.73081e+00
    2.56276e+00     9.16330e+03     7.72072e+01     3.71857e+00
    2.56685e+00     9.14613e+03     7.68853e+01     3.70111e+00
    2.57095e+00     9.13809e+03     7.68372e+01     3.68495e+00
    2.57504e+00     9.11789e+03     7.66173e+01     3.67228e+00
    2.57913e+00     9.10799e+03     7.61667e+01     3.65585e+00
    2.58322e+00     9.08964e+03     7.60729e+01     3.63642e+00
    2.58731e+00     9.06568e+03     7.56618e+01     3.62145e+00
    2.59140e+00     9.04346e+03     7.54532e+01     3.60990e+00
    2.59549e+00     9.04207e+03     7.53204e+01     3.59182e+00
    2.59958e+00     9.02209e+03     7.51119e+01     3.57656e+00
    2.60367e+00     8.98890e+03     7.47371e+01     3.56277e+00
    2.60776e+00     8.98736e+03     7.46690e+01     3.55414e+00
    2.61185e+00     8.97339e+03     7.44972e+01     3.53683e+00
    2.61594e+00     8.94334e+03     7.41947e+01     3.52041e+00
    2.62003e+00     8.93148e+03     7.39111e+01     3.50447e+00
    2.62412e+00     8.92311e+03     7.38857e+01     3.49332e+00
    2.62821e+00     8.90768e+03     7.36614e+01     3.47817e+00
    2.63230e+00     8.88301e+03     7.31872e+01     3.46044e+00
    2.63640e+00     8.86968e+03     7.30800e+01     3.45122e+00
    2.64049e+00     8.85171e+03     7.28231e+01     3.43331e+00
    2.64457e+00     8.83050e+03     7.25486e+01     3.41788e+00
    2.64867e+00     8.81240e+03     7.23931e+01     3.40564e+00
    2.65276e+00     8.79474e+03     7.21348e+01     3.38941e+00
    2.65685e+00     8.78191e+03     7.20520e+01     3.37874e+00
    2.66094e+00     8.76422e+03     7.16490e+01     3.36173e+00
    2.66503e+00     8.75381e+03     7.15997e+01     3.35091e+00
    2.66912e+00     8.73090e+03     7.12783e+01     3.33578e+00
    2.67321e+00     8.71789e+03     7.11662e+01     3.32058e+00
    2.67730e+00     8.69207e+03     7.07697e+01     3.30789e+00
    2.68139e+00     8.68534e+03     7.06070e+01     3.29543e+00
    2.68548e+00     8.66442e+03     7.03761e+01     3.27787e+00
    2.68957e+00     8.65113e+03     7.01765e+01     3.26468e+00
    2.69366e+00     8.63207e+03     7.01273e+01     3.25761e+00
    2.69776e+00     8.62300e+03     6.98575e+01     3.24182e+00
    2.70185e+00     8.59564e+03     6.95121e+01     3.22451e+00
    2.70594e+00     8.58172e+03     6.93511e+01     3.21434e+00
    2.71003e+00     8.56781e+03     6.90853e+01     3.20047e+00
    2.71412e+00     8.56296e+03     6.91435e+01     3.19291e+00
    2.71821e+00     8.53632e+03     6.87757e+01     3.17583e+00
    2.72230e+00     8.52396e+03     6.84619e+01     3.15921e+00
    2.72639e+00     8.50235e+03     6.82282e+01     3.14585e+00
    2.73048e+00     8.48003e+03     6.80336e+01     3.13475e+00
    2.73457e+00     8.46071e+03     6.77136e+01     3.12195e+00
    2.73866e+00     8.45273e+03     6.76406e+01     3.11002e+00
    2.74275e+00     8.43354e+03     6.73816e+01     3.09550e+00
    2.74684e+00     8.42901e+03     6.72248e+01     3.08278e+00
    2.75093e+00     8.40836e+03     6.70261e+01     3.07231e+00
    2.75502e+00     8.38577e+03     6.66748e+01     3.05226e+00
    2.75911e+00     8.37286e+03     6.65585e+01     3.04549e+00
    2.76320e+00     8.35866e+03     6.62597e+01     3.02904e+00
    2.76730e+00     8.34081e+03     6.61339e+01     3.01959e+00
    2.77139e+00     8.31211e+03     6.58812e+01     3.00524e+00
    2.77548e+00     8.31621e+03     6.56998e+01     2.99319e+00
    2.77957e+00     8.28827e+03     6.55061e+01     2.98149e+00
    2.78366e+00     8.27073e+03     6.51986e+01     2.96792e+00
    2.78775e+00     8.25142e+03     6.51306e+01     2.95802e+00
    2.79184e+00     8.23454e+03     6.48970e+01     2.94855e+00
    2.79593e+00     8.22908e+03     6.46835e+01     2.93471e+00
    2.80002e+00     8.20142e+03     6.44035e+01     2.92055e+00
    2.80411e+00     8.19892e+03     6.43163e+01     2.90941e+00
    2.80820e+00     8.17854e+03     6.40131e+01     2.89493e+00
    2.81229e+00     8.16726e+03     6.38795e+01     2.88632e+00
    2.81638e+00     8.14392e+03     6.35965e+01     2.87130e+00
    2.82047e+00     8.13756e+03     6.35185e+01     2.86127e+00
    2.82457e+00     8.11718e+03     6.31986e+01     2.84765e+00
    2.82866e+00     8.09029e+03     6.30992e+01     2.83764e+00
    2.83275e+00     8.08207e+03     6.28906e+01     2.82500e+00
    2.83684e+00     8.06742e+03     6.26171e+01     2.81369e+00
    2.84093e+00     8.04979e+03     6.23866e+01     2.80094e+00
    2.84502e+00     8.03640e+03     6.21045e+01     2.78854e+00
    2.84911e+00     8.02222e+03     6.21167e+01     2.77943e+00
    2.85320e+00     7.99590e+03     6.17915e+01     2.76653e+00
    2.85729e+00     7.99221e+03     6.16313e+01     2.75511e+00
    2.86138e+00     7.97009e+03     6.13930e+01     2.74147e+00
    2.86547e+00     7.95151e+03     6.10641e+01     2.72933e+00
    2.86956e+00     7.94063e+03     6.09289e+01     2.71951e+00
    2.87365e+00     7.92569e+03     6.08466e+01     2.70934e+00
    2.87774e+00     7.90723e+03     6.06143e+01     2.69671e+00
    2.88183e+00     7.89147e+03     6.03849e+01     2.68585e+00
    2.88592e+00     7.87672e+03     6.02639e+01     2.67492e+00
    2.89001e+00     7.85896e+03     5.99793e+01     2.66356e+00
    2.89410e+00     7.83811e+03     5.97961e+01     2.65269e+00
    2.89820e+00     7.82795e+03     5.96307e+01     2.63981e+00
    2.90229e+00     7.80974e+03     5.94705e+01     2.62887e+00
    2.90638e+00     7.79433e+03     5.92193e+01     2.61814e+00
    2.91047e+00     7.78960e+03     5.92177e+01     2.61133e+00
    2.91456e+00     7.76996e+03     5.90137e+01     2.59846e+00
    2.91865e+00     7.75306e+03     5.86734e+01     2.58915e+00
    2.92274e+00     7.73104e+03     5.83885e+01     2.57504e+00
    2.92683e+00     7.72114e+03     5.82825e+01     2.56631e+00
    2.93092e+00     7.69055e+03     5.80376e+01     2.55481e+00
    2.93501e+00     7.67986e+03     5.78514e+01     2.54586e+00
    2.93910e+00     7.67547e+03     5.77152e+01     2.53341e+00
    2.94319e+00     7.65507e+03     5.75268e+01     2.52232e+00
    2.94728e+00     7.63684e+03     5.73294e+01     2.51071e+00
    2.95137e+00     7.62061e+03     5.71658e+01     2.50354e+00
    2.95546e+00     7.60646e+03     5.69625e+01     2.48996e+00
    2.95955e+00     7.59011e+03     5.68091e+01     2.48252e+00
    2.96364e+00     7.58110e+03     5.65879e+01     2.47017e+00
    2.96774e+00     7.56476e+03     5.64763e+01     2.46207e+00
    2.97183e+00     7.54645e+03     5.62133e+01     2.44919e+00
    2.97592e+00     7.53163e+03     5.60228e+01     2.44040e+00
    2.98001e+00     7.51321e+03     5.59119e+01     2.43214e+00
    2.98410e+00     7.49975e+03     5.56332e+01     2.41798e+00
    2.98819e+00     7.48844e+03     5.55285e+01     2.40861e+00
    2.99228e+00     7.46887e+03     5.52242e+01     2.39761e+00
    2.99637e+00     7.45690e+03     5.51222e+01     2.38869e+00
    3.00046e+00     7.44182e+03     5.49232e+01     2.37967e+00
    3.00455e+00     7.42492e+03     5.47674e+01     2.36919e+00
    3.00864e+00     7.41066e+03     5.46346e+01     2.35944e+00
    3.01273e+00     7.39232e+03     5.43490e+01     2.34854e+00
    3.01682e+00     7.37622e+03     5.42336e+01     2.33900e+00
    3.02091e+00     7.36182e+03     5.39504e+01     2.32873e+00
    3.02500e+00     7.35288e+03     5.39388e+01     2.32175e+00
    3.02910e+00     7.33145e+03     5.36692e+01     2.31032e+00
    3.03319e+00     7.31855e+03     5.34301e+01     2.29910e+00
    3.03728e+00     7.30595e+03     5.34053e+01     2.29424e+00
    3.04137e+00     7.29160e+03     5.31807e+01     2.28143e+00
    3.04546e+00     7.27929e+03     5.30133e+01     2.27369e+00
    3.04955e+00     7.25005e+03     5.27048e+01     2.26261e+00
    3.05364e+00     7.23934e+03     5.25965e+01     2.25381e+00
    3.05773e+00     7.22891e+03     5.24230e+01     2.24295e+00
    3.06182e+00     7.21185e+03     5.23345e+01     2.23547e+00
    3.06591e+00     7.19527e+03     5.20625e+01     2.22415e+00
    3.07000e+00     7.19100e+03     5.19635e+01     2.21716e+00
    3.07409e+00     7.16932e+03     5.17268e+01     2.20678e+00
    3.07818e+00     7.15287e+03     5.15238e+01     2.19833e+00
    3.08227e+00     7.14390e+03     5.15023e+01     2.18899e+00
    3.08636e+00     7.12284e+03     5.11990e+01     2.17932e+00
    3.09045e+00     7.10825e+03     5.10428e+01     2.17092e+00
    3.09454e+00     7.09413e+03     5.09686e+01     2.16204e+00
    3.09863e+00     7.08305e+03     5.07244e+01     2.15188e+00
    3.10272e+00     7.06493e+03     5.04979e+01     2.14148e+00
    3.10682e+00     7.05201e+03     5.03854e+01     2.13544e+00
    3.11091e+00     7.03052e+03     5.01157e+01     2.12357e+00
    3.11500e+00     7.01920e+03     5.00649e+01     2.11702e+00
    3.11909e+00     6.99902e+03     4.98776e+01     2.10751e+00
    3.12318e+00     6.99135e+03     4.96533e+01     2.09820e+00
    3.12727e+00     6.97661e+03     4.95467e+01     2.08993e+00
    3.13136e+00     6.96178e+03     4.93110e+01     2.08114e+00
    3.13545e+00     6.94631e+03     4.92198e+01     2.07245e+00
    3.13954e+00     6.93614e+03     4.90906e+01     2.06527e+00
    3.14363e+00     6.91608e+03     4.88150e+01     2.05542e+00
    3.14772e+00     6.90721e+03     4.86831e+01     2.04646e+00
    3.15181e+00     6.89687e+03     4.86113e+01     2.03968e+00
    3.15590e+00     6.86998e+03     4.83029e+01     2.03052e+00
    3.16000e+00     6.86285e+03     4.82758e+01     2.02399e+00
    3.16409e+00     6.85010e+03     4.80888e+01     2.01492e+00
    3.16818e+00     6.83059e+03     4.79172e+01     2.00678e+00
    3.17227e+00     6.81714e+03     4.77030e+01     1.99535e+00
    3.17636e+00     6.80753e+03     4.75868e+01     1.99011e+00
    3.18045e+00     6.78452e+03     4.73393e+01     1.97975e+00
    3.18454e+00     6.77278e+03     4.72644e+01     1.97218e+00
    3.18863e+00     6.76654e+03     4.71079e+01     1.96285e+00
    3.19272e+00     6.74851e+03     4.69760e+01     1.95660e+00
    3.19681e+00     6.73203e+03     4.67502e+01     1.94883e+00
    3.20090e+00     6.71500e+03     4.66041e+01     1.94016e+00
    3.20499e+00     6.70725e+03     4.64669e+01     1.92989e+00
    3.20908e+00     6.69151e+03     4.63661e+01     1.92414e+00
    3.21317e+00     6.67679e+03     4.60672e+01     1.91519e+00
    3.21726e+00     6.66032e+03     4.59172e+01     1.90711e+00
    3.22135e+00     6.65504e+03     4.58641e+01     1.89898e+00
    3.22545e+00     6.63910e+03     4.57232e+01     1.89271e+00
    3.22954e+00     6.62320e+03     4.55393e+01     1.88369e+00
    3.23363e+00     6.61367e+03     4.54379e+01     1.87558e+00
    3.23772e+00     6.60138e+03     4.52305e+01     1.86770e+00
    3.24181e+00     6.58042e+03     4.50625e+01     1.85970e+00
    3.24590e+00     6.56670e+03     4.48450e+01     1.85148e+00
    3.24999e+00     6.55142e+03     4.47522e+01     1.84563e+00
    3.25408e+00     6.53888e+03     4.45513e+01     1.83682e+00
    3.25817e+00     6.52757e+03     4.44441e+01     1.82989e+00
    3.26226e+00     6.50630e+03     4.42682e+01     1.82087e+00
    3.26635e+00     6.49397e+03     4.40599e+01     1.81250e+00
    3.27044e+00     6.48394e+03     4.39990e+01     1.80715e+00
    3.27453e+00     6.47586e+03     4.39017e+01     1.79897e+00
    3.27862e+00     6.45241e+03     4.36232e+01     1.79142e+00
    3.28271e+00     6.44332e+03     4.34862e+01     1.78353e+00
    3.28681e+00     6.43115e+03     4.33879e+01     1.77638e+00
    3.29090e+00     6.41455e+03     4.31847e+01     1.76994e+00
    3.29499e+00     6.39856e+03     4.30439e+01     1.76171e+00
    3.29908e+00     6.38925e+03     4.29430e+01     1.75581e+00
    3.30317e+00     6.37480e+03     4.27832e+01     1.74811e+00
    3.30725e+00     6.35781e+03     4.26404e+01     1.74179e+00
    3.31135e+00     6.34815e+03     4.24743e+01     1.73290e+00
    3.31544e+00     6.33807e+03     4.23795e+01     1.72684e+00
    3.31953e+00     6.31987e+03     4.21388e+01     1.71728e+00
    3.32362e+00     6.30741e+03     4.20748e+01     1.71040e+00
    3.32771e+00     6.29663e+03     4.18726e+01     1.70342e+00
    3.33180e+00     6.28353e+03     4.17830e+01     1.69746e+00
    3.33589e+00     6.26352e+03     4.15972e+01     1.69056e+00
    3.33998e+00     6.25615e+03     4.14646e+01     1.68343e+00
    3.34407e+00     6.24376e+03     4.13767e+01     1.67686e+00
    3.34816e+00     6.22261e+03     4.11608e+01     1.66876e+00
    3.35226e+00     6.21289e+03     4.10884e+01     1.66379e+00
    3.35634e+00     6.20423e+03     4.09486e+01     1.65609e+00
    3.36043e+00     6.18451e+03     4.07095e+01     1.64758e+00
    3.36453e+00     6.17766e+03     4.06537e+01     1.64206e+00
    3.36862e+00     6.16480e+03     4.04872e+01     1.63552e+00
    3.37271e+00     6.14319e+03     4.02435e+01     1.62876e+00
    3.37680e+00     6.13382e+03     4.01927e+01     1.62225e+00
    3.38089e+00     6.12464e+03     4.00469e+01     1.61401e+00
    3.38498e+00     6.10649e+03     3.98523e+01     1.60932e+00
    3.38907e+00     6.08895e+03     3.97420e+01     1.60163e+00
    3.39316e+00     6.08425e+03     3.96670e+01     1.59561e+00
    3.39725e+00     6.07019e+03     3.94953e+01     1.58799e+00
    3.40134e+00     6.05823e+03     3.93473e+01     1.58194e+00
    3.40543e+00     6.04756e+03     3.92731e+01     1.57527e+00
    3.40952e+00     6.02611e+03     3.90372e+01     1.56921e+00
    3.41362e+00     6.01864e+03     3.89222e+01     1.56210e+00
    3.41770e+00     6.00243e+03     3.87952e+01     1.55583e+00
    3.42179e+00     5.99312e+03     3.87294e+01     1.54977e+00
    3.42588e+00     5.97888e+03     3.85458e+01     1.54302e+00
    3.42997e+00     5.96679e+03     3.83885e+01     1.53663e+00
    3.43406e+00     5.95165e+03     3.83030e+01     1.53014e+00
    3.43816e+00     5.94071e+03     3.81593e+01     1.52528e+00
    3.44225e+00     5.92566e+03     3.79742e+01     1.51743e+00
    3.44634e+00     5.91851e+03     3.78567e+01     1.51183e+00
    3.45043e+00     5.90578e+03     3.77981e+01     1.50640e+00
    3.45452e+00     5.89171e+03     3.76105e+01     1.49987e+00
    3.45861e+00     5.88117e+03     3.74793e+01     1.49298e+00
    3.46270e+00     5.86642e+03     3.73776e+01     1.48796e+00
    3.46679e+00     5.86026e+03     3.72351e+01     1.48218e+00
    3.47088e+00     5.84026e+03     3.70714e+01     1.47551e+00
    3.47497e+00     5.82599e+03     3.69162e+01     1.47012e+00
    3.47906e+00     5.81992e+03     3.68570e+01     1.46411e+00
    3.48315e+00     5.80529e+03     3.67488e+01     1.45790e+00
    3.48725e+00     5.79114e+03     3.66238e+01     1.45208e+00
    3.49134e+00     5.78018e+03     3.65121e+01     1.44619e+00
    3.49543e+00     5.76453e+03     3.62950e+01     1.43867e+00
    3.49952e+00     5.75442e+03     3.62290e+01     1.43350e+00
    3.50361e+00     5.74086e+03     3.60694e+01     1.42756e+00
    3.50770e+00     5.73243e+03     3.59316e+01     1.42319e+00
    3.51179e+00     5.72126e+03     3.58582e+01     1.41617e+00
    3.51588e+00     5.70797e+03     3.57640e+01     1.41203e+00
    3.51997e+00     5.69811e+03     3.56476e+01     1.40503e+00
    3.52406e+00     5.68115e+03     3.54327e+01     1.40008e+00
    3.52815e+00     5.66965e+03     3.53358e+01     1.39390e+00
    3.53224e+00     5.65295e+03     3.52417e+01     1.38774e+00
    3.53633e+00     5.64815e+03     3.50808e+01     1.38321e+00
    3.54042e+00     5.63300e+03     3.49810e+01     1.37707e+00
    3.54451e+00     5.62387e+03     3.48699e+01     1.37160e+00
    3.54860e+00     5.61356e+03     3.47397e+01     1.36522e+00
    3.55270e+00     5.59907e+03     3.45850e+01     1.36042e+00
    3.55679e+00     5.58725e+03     3.45016e+01     1.35500e+00
    3.56088e+00     5.57730e+03     3.43958e+01     1.34956e+00
    3.56497e+00     5.56731e+03     3.43120e+01     1.34458e+00
    3.56906e+00     5.55074e+03     3.40943e+01     1.33837e+00
    3.57315e+00     5.53972e+03     3.40333e+01     1.33303e+00
    3.57724e+00     5.52676e+03     3.38956e+01     1.32682e+00
    3.58133e+00     5.51808e+03     3.37871e+01     1.32186e+00
    3.58542e+00     5.50357e+03     3.36406e+01     1.31630e+00
    3.58951e+00     5.49552e+03     3.35929e+01     1.31215e+00
    3.59360e+00     5.48471e+03     3.34267e+01     1.30634e+00
    3.59769e+00     5.47057e+03     3.33326e+01     1.30205e+00
    3.60178e+00     5.46061e+03     3.32254e+01     1.29608e+00
    3.60587e+00     5.44208e+03     3.30380e+01     1.29079e+00
    3.60996e+00     5.43244e+03     3.29862e+01     1.28552e+00
    3.61405e+00     5.42346e+03     3.28670e+01     1.28133e+00
    3.61814e+00     5.41722e+03     3.28080e+01     1.27635e+00
    3.62224e+00     5.40241e+03     3.26443e+01     1.27080e+00
    3.62633e+00     5.39435e+03     3.24775e+01     1.26592e+00
    3.63042e+00     5.37932e+03     3.24564e+01     1.26156e+00
    3.63451e+00     5.37091e+03     3.23237e+01     1.25511e+00
    3.63860e+00     5.35578e+03     3.22031e+01     1.25180e+00
    3.64269e+00     5.34301e+03     3.20549e+01     1.24539e+00
    3.64678e+00     5.33523e+03     3.19549e+01     1.24065e+00
    3.65087e+00     5.32248e+03     3.18283e+01     1.23511e+00
    3.65496e+00     5.31400e+03     3.17575e+01     1.22987e+00
    3.65905e+00     5.30383e+03     3.16346e+01     1.22567e+00
    3.66314e+00     5.29145e+03     3.15122e+01     1.22053e+00
    3.66723e+00     5.27919e+03     3.13870e+01     1.21612e+00
    3.67132e+00     5.26384e+03     3.12812e+01     1.21052e+00
    3.67541e+00     5.25847e+03     3.12247e+01     1.20679e+00
    3.67950e+00     5.24453e+03     3.11047e+01     1.20156e+00
    3.68359e+00     5.23221e+03     3.10132e+01     1.19812e+00
    3.68769e+00     5.21929e+03     3.08599e+01     1.19243e+00
    3.69177e+00     5.20877e+03     3.07358e+01     1.18819e+00
    3.69587e+00     5.20167e+03     3.06896e+01     1.18384e+00
    3.69996e+00     5.19142e+03     3.05500e+01     1.17746e+00
    3.70405e+00     5.18276e+03     3.04665e+01     1.17413e+00
    3.70814e+00     5.16436e+03     3.03425e+01     1.16922e+00
    3.71223e+00     5.15775e+03     3.02183e+01     1.16446e+00
    3.71632e+00     5.14580e+03     3.01343e+01     1.16095e+00
    3.72041e+00     5.13793e+03     3.00366e+01     1.15515e+00
    3.72450e+00     5.12603e+03     2.99581e+01     1.15132e+00
    3.72859e+00     5.11546e+03     2.98157e+01     1.14645e+00
    3.73268e+00     5.10451e+03     2.97250e+01     1.14228e+00
    3.73677e+00     5.09858e+03     2.97205e+01     1.13795e+00
    3.74086e+00     5.08533e+03     2.95618e+01     1.13349e+00
    3.74495e+00     5.07362e+03     2.94415e+01     1.12914e+00
    3.74905e+00     5.06243e+03     2.93257e+01     1.12428e+00
    3.75313e+00     5.05259e+03     2.92572e+01     1.12011e+00
    3.75722e+00     5.04304e+03     2.91246e+01     1.11608e+00
    3.76131e+00     5.03178e+03     2.90207e+01     1.11111e+00
    3.76541e+00     5.02720e+03     2.89687e+01     1.10772e+00
    3.76950e+00     5.01003e+03     2.88460e+01     1.10401e+00
    3.77359e+00     5.00117e+03     2.87411e+01     1.09934e+00
    3.77768e+00     4.98943e+03     2.86505e+01     1.09546e+00
    3.78177e+00     4.98320e+03     2.85771e+01     1.09139e+00
    3.78586e+00     4.97140e+03     2.84967e+01     1.08665e+00
    3.78995e+00     4.95756e+03     2.83396e+01     1.08198e+00
    3.79404e+00     4.95362e+03     2.82956e+01     1.07883e+00
    3.79813e+00     4.93612e+03     2.81411e+01     1.07404e+00
    3.80222e+00     4.92911e+03     2.80556e+01     1.06976e+00
    3.80632e+00     4.92293e+03     2.80249e+01     1.06651e+00
    3.81040e+00     4.91180e+03     2.78681e+01     1.06169e+00
    3.81449e+00     4.90356e+03     2.78270e+01     1.05803e+00
    3.81859e+00     4.88779e+03     2.76747e+01     1.05371e+00
    3.82268e+00     4.87934e+03     2.75697e+01     1.04926e+00
    3.82677e+00     4.87181e+03     2.75072e+01     1.04592e+00
    3.83086e+00     4.86215e+03     2.73932e+01     1.04276e+00
    3.83495e+00     4.85107e+03     2.73104e+01     1.03760e+00
    3.83904e+00     4.84064e+03     2.72388e+01     1.03481e+00
    3.84313e+00     4.83209e+03     2.71428e+01     1.03143e+00
    3.84722e+00     4.82103e+03     2.71031e+01     1.02736e+00
    3.85131e+00     4.81084e+03     2.69615e+01     1.02255e+00
    3.85540e+00     4.80233e+03     2.68776e+01     1.01837e+00
    3.85949e+00     4.78909e+03     2.67778e+01     1.01525e+00
    3.86358e+00     4.78408e+03     2.66736e+01     1.01133e+00
    3.86768e+00     4.77356e+03     2.66018e+01     1.00712e+00
    3.87177e+00     4.76414e+03     2.65114e+01     1.00426e+00
    3.87585e+00     4.75382e+03     2.64064e+01     1.00064e+00
    3.87994e+00     4.74470e+03     2.63585e+01     9.96709e-01
    3.88403e+00     4.73710e+03     2.62737e+01     9.93102e-01
    3.88813e+00     4.72613e+03     2.61852e+01     9.89086e-01
    3.89222e+00     4.71618e+03     2.60975e+01     9.86025e-01
    3.89631e+00     4.70847e+03     2.60299e+01     9.81874e-01
    3.90040e+00     4.69440e+03     2.58420e+01     9.78164e-01
    3.90449e+00     4.68901e+03     2.58453e+01     9.74905e-01
    3.90858e+00     4.67641e+03     2.56925e+01     9.70756e-01
    3.91267e+00     4.67277e+03     2.56582e+01     9.67508e-01
    3.91676e+00     4.66253e+03     2.56015e+01     9.64613e-01
    3.92085e+00     4.65230e+03     2.54910e+01     9.60568e-01
    3.92494e+00     4.64586e+03     2.54477e+01     9.56647e-01
    3.92903e+00     4.63324e+03     2.53167e+01     9.53598e-01
    3.93312e+00     4.62494e+03     2.52354e+01     9.50545e-01
    3.93721e+00     4.61611e+03     2.51603e+01     9.47198e-01
    3.94130e+00     4.60758e+03     2.50841e+01     9.43802e-01
    3.94539e+00     4.59744e+03     2.49934e+01     9.40529e-01
    3.94949e+00     4.58992e+03     2.49216e+01     9.36658e-01
    3.95358e+00     4.58123e+03     2.48354e+01     9.32501e-01
    3.95767e+00     4.57225e+03     2.47765e+01     9.29884e-01
    3.96176e+00     4.56556e+03     2.46763e+01     9.26841e-01
    3.96585e+00     4.55208e+03     2.45486e+01     9.22931e-01
    3.96994e+00     4.54516e+03     2.45249e+01     9.20756e-01
    3.97403e+00     4.53820e+03     2.44451e+01     9.16803e-01
    3.97812e+00     4.52417e+03     2.43523e+01     9.14026e-01
    3.98221e+00     4.52043e+03     2.43224e+01     9.11068e-01
    3.98630e+00     4.51376e+03     2.42038e+01     9.06680e-01
    3.99039e+00     4.50267e+03     2.41272e+01     9.04066e-01
    3.99448e+00     4.49517e+03     2.40438e+01     9.01112e-01
    3.99857e+00     4.48741e+03     2.39948e+01     8.98497e-01
    4.00266e+00     4.47935e+03     2.39348e+01     8.95437e-01
    4.00675e+00     4.46925e+03     2.38367e+01     8.91926e-01
    4.01085e+00     4.46106e+03     2.38006e+01     8.89365e-01
    4.01494e+00     4.45153e+03     2.36892e+01     8.85608e-01
    4.01902e+00     4.44445e+03     2.36060e+01     8.82410e-01
    4.02312e+00     4.43323e+03     2.35581e+01     8.80230e-01
    4.02721e+00     4.42929e+03     2.34758e+01     8.77455e-01
    4.03130e+00     4.41850e+03     2.34103e+01     8.73549e-01
    4.03539e+00     4.41291e+03     2.33331e+01     8.71110e-01
    4.03948e+00     4.40298e+03     2.32984e+01     8.68687e-01
    4.04357e+00     4.39498e+03     2.31610e+01     8.64446e-01
    4.04766e+00     4.38630e+03     2.31375e+01     8.62004e-01
    4.05175e+00     4.37449e+03     2.30043e+01     8.58659e-01
    4.05584e+00     4.37037e+03     2.29675e+01     8.56075e-01
    4.05993e+00     4.36029e+03     2.28868e+01     8.53407e-01
    4.06402e+00     4.35797e+03     2.28321e+01     8.50237e-01
    4.06811e+00     4.34611e+03     2.27558e+01     8.47120e-01
    4.07220e+00     4.33841e+03     2.26644e+01     8.44060e-01
    4.07630e+00     4.32877e+03     2.26136e+01     8.42233e-01
    4.08038e+00     4.32129e+03     2.25993e+01     8.40036e-01
    4.08447e+00     4.31363e+03     2.25263e+01     8.36698e-01
    4.08857e+00     4.30446e+03     2.24271e+01     8.34514e-01
    4.09266e+00     4.29723e+03     2.23593e+01     8.31150e-01
    4.09675e+00     4.29195e+03     2.23101e+01     8.28732e-01
    4.10084e+00     4.28270e+03     2.22292e+01     8.25966e-01
    4.10493e+00     4.27194e+03     2.21224e+01     8.22278e-01
    4.10902e+00     4.26442e+03     2.20662e+01     8.19961e-01
    4.11311e+00     4.25849e+03     2.20174e+01     8.18253e-01
    4.11720e+00     4.25065e+03     2.19474e+01     8.14817e-01
    4.12129e+00     4.24250e+03     2.18834e+01     8.11987e-01
    4.12538e+00     4.23890e+03     2.18416e+01     8.09927e-01
    4.12947e+00     4.22590e+03     2.17615e+01     8.06982e-01
    4.13356e+00     4.21996e+03     2.16961e+01     8.04611e-01
    4.13765e+00     4.21394e+03     2.16209e+01     8.01706e-01
    4.14175e+00     4.20717e+03     2.15721e+01     7.99454e-01
    4.14584e+00     4.19928e+03     2.15208e+01     7.97533e-01
    4.14993e+00     4.19488e+03     2.14690e+01     7.95106e-01
    4.15402e+00     4.18461e+03     2.13724e+01     7.92212e-01
    4.15811e+00     4.18236e+03     2.13531e+01     7.90224e-01
    4.16220e+00     4.16891e+03     2.12802e+01     7.87335e-01
    4.16629e+00     4.16077e+03     2.12004e+01     7.85006e-01
    4.17038e+00     4.15290e+03     2.11427e+01     7.82459e-01
    4.17447e+00     4.14792e+03     2.10919e+01     7.80515e-01
    4.17856e+00     4.14043e+03     2.10496e+01     7.77642e-01
    4.18265e+00     4.13271e+03     2.09336e+01     7.74908e-01
    4.18674e+00     4.12652e+03     2.08818e+01     7.72910e-01
