# Real space auto- and cross-spectra.
# z=0.500, 12.500<lgM<13.000
#      k[h/Mpc]            P_hh            P_hm            P_mm
    0.00000e+00     0.00000e+00     0.00000e+00     0.00000e+00
    5.79404e-03     2.30888e+04     1.70219e+04     1.35545e+04
    1.04717e-02     1.83879e+04     1.43889e+04     1.21890e+04
    1.42665e-02     2.39852e+04     1.75493e+04     1.38015e+04
    1.81228e-02     2.18878e+04     1.71209e+04     1.43315e+04
    2.24845e-02     2.21234e+04     1.71738e+04     1.44421e+04
    2.64508e-02     1.99214e+04     1.53650e+04     1.28678e+04
    3.04474e-02     2.11606e+04     1.63137e+04     1.35735e+04
    3.47320e-02     1.70500e+04     1.27385e+04     1.05206e+04
    3.88308e-02     1.42363e+04     1.06446e+04     8.96206e+03
    4.28140e-02     1.36821e+04     9.99319e+03     8.32837e+03
    4.68856e-02     1.22858e+04     8.94170e+03     7.45045e+03
    5.09858e-02     1.19362e+04     8.59232e+03     7.15017e+03
    5.51458e-02     1.17421e+04     8.39013e+03     6.92471e+03
    5.92243e-02     1.13894e+04     8.11621e+03     6.74347e+03
    6.32864e-02     1.07256e+04     7.62185e+03     6.33679e+03
    6.73674e-02     1.01910e+04     7.22093e+03     6.01321e+03
    7.14960e-02     9.19416e+03     6.46151e+03     5.42394e+03
    7.55894e-02     9.31991e+03     6.46919e+03     5.34126e+03
    7.96660e-02     8.30652e+03     5.71696e+03     4.77410e+03
    8.38183e-02     8.06451e+03     5.52323e+03     4.62683e+03
    8.78941e-02     7.21835e+03     4.79750e+03     4.00461e+03
    9.19238e-02     6.97138e+03     4.60157e+03     3.87751e+03
    9.60446e-02     6.44618e+03     4.16396e+03     3.48359e+03
    1.00128e-01     6.17056e+03     3.93727e+03     3.28037e+03
    1.04209e-01     5.97170e+03     3.80107e+03     3.18195e+03
    1.08333e-01     5.72313e+03     3.57916e+03     2.99468e+03
    1.12448e-01     5.41177e+03     3.37364e+03     2.84798e+03
    1.16521e-01     5.23956e+03     3.21216e+03     2.69107e+03
    1.20596e-01     5.24772e+03     3.20409e+03     2.67467e+03
    1.24665e-01     5.09912e+03     3.09974e+03     2.61397e+03
    1.28771e-01     4.89435e+03     2.94524e+03     2.49307e+03
    1.32874e-01     4.88919e+03     2.91154e+03     2.44233e+03
    1.36975e-01     4.63428e+03     2.75569e+03     2.35141e+03
    1.41075e-01     4.42551e+03     2.59039e+03     2.20629e+03
    1.45172e-01     4.32647e+03     2.48591e+03     2.11841e+03
    1.49268e-01     4.19506e+03     2.38930e+03     2.02980e+03
    1.53330e-01     3.97203e+03     2.22217e+03     1.90395e+03
    1.57416e-01     3.84035e+03     2.10978e+03     1.80773e+03
    1.61514e-01     3.69773e+03     2.01278e+03     1.73577e+03
    1.65592e-01     3.66606e+03     1.95504e+03     1.67916e+03
    1.69693e-01     3.47751e+03     1.84454e+03     1.60358e+03
    1.73803e-01     3.46237e+03     1.81584e+03     1.56726e+03
    1.77905e-01     3.33394e+03     1.72565e+03     1.49713e+03
    1.82001e-01     3.34133e+03     1.71362e+03     1.46967e+03
    1.86092e-01     3.22252e+03     1.63960e+03     1.42561e+03
    1.90161e-01     3.17188e+03     1.61434e+03     1.40800e+03
    1.94237e-01     3.12212e+03     1.55178e+03     1.34855e+03
    1.98334e-01     3.04286e+03     1.49878e+03     1.31055e+03
    2.02427e-01     3.00112e+03     1.44639e+03     1.26325e+03
    2.06523e-01     2.92985e+03     1.41486e+03     1.24155e+03
    2.10626e-01     2.88139e+03     1.35255e+03     1.19405e+03
    2.14724e-01     2.77306e+03     1.30355e+03     1.15825e+03
    2.18827e-01     2.76990e+03     1.27940e+03     1.13585e+03
    2.22903e-01     2.68064e+03     1.22205e+03     1.09239e+03
    2.26990e-01     2.66043e+03     1.20411e+03     1.07076e+03
    2.31084e-01     2.60078e+03     1.15804e+03     1.03146e+03
    2.35153e-01     2.55933e+03     1.12625e+03     1.00280e+03
    2.39244e-01     2.52117e+03     1.09507e+03     9.88862e+02
    2.43338e-01     2.49095e+03     1.07724e+03     9.65888e+02
    2.47445e-01     2.44068e+03     1.04495e+03     9.40159e+02
    2.51539e-01     2.41055e+03     1.01482e+03     9.21594e+02
    2.55609e-01     2.36003e+03     9.88548e+02     9.01081e+02
    2.59718e-01     2.39577e+03     9.82515e+02     8.86286e+02
    2.63814e-01     2.31556e+03     9.47440e+02     8.60290e+02
    2.67904e-01     2.25157e+03     9.06796e+02     8.29934e+02
    2.71993e-01     2.26493e+03     9.00595e+02     8.21840e+02
    2.76068e-01     2.22975e+03     8.85899e+02     8.06922e+02
    2.80171e-01     2.20134e+03     8.59801e+02     7.88823e+02
    2.84268e-01     2.15157e+03     8.26680e+02     7.62510e+02
    2.88346e-01     2.14950e+03     8.21716e+02     7.58177e+02
    2.92426e-01     2.11394e+03     7.92781e+02     7.32904e+02
    2.96514e-01     2.09474e+03     7.83292e+02     7.25192e+02
    3.00627e-01     2.06691e+03     7.60236e+02     7.12138e+02
    3.04729e-01     2.04922e+03     7.46892e+02     6.99450e+02
    3.08821e-01     2.02922e+03     7.40617e+02     6.92474e+02
    3.12919e-01     1.99922e+03     7.13274e+02     6.72571e+02
    3.16999e-01     1.98726e+03     7.03825e+02     6.60165e+02
    3.21078e-01     1.96867e+03     6.89473e+02     6.50243e+02
    3.25167e-01     1.95811e+03     6.73879e+02     6.37481e+02
    3.29247e-01     1.92429e+03     6.61730e+02     6.28064e+02
    3.33333e-01     1.91766e+03     6.48267e+02     6.14934e+02
    3.37443e-01     1.89274e+03     6.35664e+02     6.06691e+02
    3.41545e-01     1.88097e+03     6.23938e+02     5.96020e+02
    3.45625e-01     1.85577e+03     6.14670e+02     5.88588e+02
    3.49715e-01     1.84203e+03     6.01696e+02     5.78881e+02
    3.53817e-01     1.83456e+03     5.90249e+02     5.66614e+02
    3.57906e-01     1.82078e+03     5.78209e+02     5.57558e+02
    3.61975e-01     1.80953e+03     5.68971e+02     5.50118e+02
    3.66071e-01     1.79702e+03     5.62389e+02     5.39132e+02
    3.70189e-01     1.77549e+03     5.49876e+02     5.34343e+02
    3.74277e-01     1.76177e+03     5.37665e+02     5.24521e+02
    3.78356e-01     1.74109e+03     5.27320e+02     5.18244e+02
    3.82448e-01     1.74592e+03     5.26132e+02     5.11400e+02
    3.86535e-01     1.72582e+03     5.09266e+02     5.00907e+02
    3.90624e-01     1.71024e+03     4.99774e+02     4.93722e+02
    3.94706e-01     1.70851e+03     4.98830e+02     4.89461e+02
    3.98794e-01     1.69495e+03     4.89059e+02     4.85280e+02
    4.02896e-01     1.68686e+03     4.83627e+02     4.77111e+02
    4.06986e-01     1.66673e+03     4.69034e+02     4.68155e+02
    4.11069e-01     1.66258e+03     4.68038e+02     4.64989e+02
    4.15170e-01     1.64669e+03     4.56256e+02     4.55965e+02
    4.19263e-01     1.64147e+03     4.48522e+02     4.51306e+02
    4.23353e-01     1.63238e+03     4.44453e+02     4.44131e+02
    4.27447e-01     1.61230e+03     4.33718e+02     4.39008e+02
    4.31534e-01     1.60225e+03     4.27770e+02     4.33576e+02
    4.35624e-01     1.58541e+03     4.20157e+02     4.27753e+02
    4.39718e-01     1.59154e+03     4.13084e+02     4.21252e+02
    4.43804e-01     1.56777e+03     4.09700e+02     4.19768e+02
    4.47892e-01     1.56956e+03     4.04140e+02     4.12878e+02
    4.51977e-01     1.56721e+03     4.00033e+02     4.09848e+02
    4.56067e-01     1.55916e+03     3.96645e+02     4.05000e+02
    4.60165e-01     1.54623e+03     3.87404e+02     4.00937e+02
    4.64260e-01     1.52990e+03     3.81099e+02     3.95610e+02
    4.68355e-01     1.52410e+03     3.76461e+02     3.90009e+02
    4.72450e-01     1.51558e+03     3.70574e+02     3.86065e+02
    4.76540e-01     1.50984e+03     3.64656e+02     3.79789e+02
    4.80633e-01     1.50608e+03     3.61192e+02     3.75333e+02
    4.84718e-01     1.49424e+03     3.55127e+02     3.71788e+02
    4.88794e-01     1.49375e+03     3.51824e+02     3.68490e+02
    4.92888e-01     1.48855e+03     3.49138e+02     3.65993e+02
    4.96984e-01     1.48668e+03     3.46640e+02     3.62932e+02
    5.01073e-01     1.47592e+03     3.43629e+02     3.61180e+02
    5.05169e-01     1.46439e+03     3.33256e+02     3.53525e+02
    5.09268e-01     1.46900e+03     3.34294e+02     3.53299e+02
    5.13369e-01     1.45179e+03     3.25846e+02     3.47858e+02
    5.17441e-01     1.45515e+03     3.24679e+02     3.43893e+02
    5.21516e-01     1.43917e+03     3.19689e+02     3.42131e+02
    5.25611e-01     1.43636e+03     3.14161e+02     3.36439e+02
    5.29706e-01     1.43636e+03     3.14174e+02     3.34294e+02
    5.33801e-01     1.42907e+03     3.08439e+02     3.30789e+02
    5.37888e-01     1.42001e+03     3.05461e+02     3.27954e+02
    5.41985e-01     1.42183e+03     3.01538e+02     3.24852e+02
    5.46091e-01     1.40983e+03     2.96204e+02     3.19859e+02
    5.50174e-01     1.41187e+03     2.96284e+02     3.19265e+02
    5.54252e-01     1.40385e+03     2.90727e+02     3.15255e+02
    5.58346e-01     1.39972e+03     2.89391e+02     3.12541e+02
    5.62439e-01     1.39443e+03     2.84841e+02     3.08196e+02
    5.66527e-01     1.38919e+03     2.82811e+02     3.07788e+02
    5.70616e-01     1.39187e+03     2.78617e+02     3.03690e+02
    5.74707e-01     1.37735e+03     2.76107e+02     3.01968e+02
    5.78798e-01     1.37264e+03     2.73943e+02     2.99405e+02
    5.82883e-01     1.37359e+03     2.70660e+02     2.96079e+02
    5.86977e-01     1.36755e+03     2.66922e+02     2.93807e+02
    5.91070e-01     1.36346e+03     2.63693e+02     2.90542e+02
    5.95166e-01     1.35030e+03     2.60354e+02     2.88619e+02
    5.99260e-01     1.35323e+03     2.60110e+02     2.87845e+02
    6.03349e-01     1.34806e+03     2.56138e+02     2.84173e+02
    6.07445e-01     1.34086e+03     2.50793e+02     2.80919e+02
    6.11543e-01     1.33345e+03     2.49989e+02     2.78298e+02
    6.15623e-01     1.33617e+03     2.48862e+02     2.76849e+02
    6.19704e-01     1.32730e+03     2.45355e+02     2.74331e+02
    6.23792e-01     1.31371e+03     2.41248e+02     2.72343e+02
    6.27891e-01     1.32448e+03     2.41583e+02     2.70906e+02
    6.31991e-01     1.32057e+03     2.38651e+02     2.67787e+02
    6.36073e-01     1.31432e+03     2.35786e+02     2.66655e+02
    6.40158e-01     1.31338e+03     2.34179e+02     2.63286e+02
    6.44244e-01     1.30039e+03     2.30793e+02     2.62663e+02
    6.48338e-01     1.30676e+03     2.30160e+02     2.60586e+02
    6.52432e-01     1.29935e+03     2.29741e+02     2.58376e+02
    6.56514e-01     1.30147e+03     2.26456e+02     2.56852e+02
    6.60609e-01     1.29101e+03     2.23724e+02     2.54001e+02
    6.64712e-01     1.29070e+03     2.21095e+02     2.51467e+02
    6.68801e-01     1.28126e+03     2.18500e+02     2.49225e+02
    6.72890e-01     1.28104e+03     2.17174e+02     2.49110e+02
    6.76984e-01     1.27526e+03     2.14326e+02     2.46886e+02
    6.81074e-01     1.27643e+03     2.13761e+02     2.45101e+02
    6.85160e-01     1.27276e+03     2.12465e+02     2.42872e+02
    6.89246e-01     1.27176e+03     2.10327e+02     2.41294e+02
    6.93336e-01     1.26323e+03     2.09501e+02     2.40534e+02
    6.97434e-01     1.25875e+03     2.05276e+02     2.37370e+02
    7.01528e-01     1.26071e+03     2.03709e+02     2.36524e+02
    7.05618e-01     1.25227e+03     2.03104e+02     2.35158e+02
    7.09708e-01     1.25350e+03     2.01452e+02     2.33050e+02
    7.13796e-01     1.25187e+03     1.98354e+02     2.30723e+02
    7.17892e-01     1.24501e+03     1.97326e+02     2.29656e+02
    7.21982e-01     1.24438e+03     1.97528e+02     2.28065e+02
    7.26059e-01     1.23950e+03     1.94061e+02     2.26579e+02
    7.30145e-01     1.23868e+03     1.93948e+02     2.26131e+02
    7.34240e-01     1.23587e+03     1.91881e+02     2.24451e+02
    7.38340e-01     1.23257e+03     1.90536e+02     2.22519e+02
    7.42427e-01     1.23218e+03     1.88832e+02     2.21134e+02
    7.46511e-01     1.23103e+03     1.87249e+02     2.18754e+02
    7.50614e-01     1.22257e+03     1.85631e+02     2.17837e+02
    7.54706e-01     1.22247e+03     1.85086e+02     2.17076e+02
    7.58795e-01     1.21875e+03     1.81041e+02     2.14718e+02
    7.62888e-01     1.21505e+03     1.80954e+02     2.14158e+02
    7.66986e-01     1.20837e+03     1.77976e+02     2.11364e+02
    7.71073e-01     1.20986e+03     1.77446e+02     2.11193e+02
    7.75153e-01     1.20730e+03     1.77283e+02     2.09740e+02
    7.79241e-01     1.20469e+03     1.76042e+02     2.09450e+02
    7.83335e-01     1.21129e+03     1.75019e+02     2.06919e+02
    7.87426e-01     1.19978e+03     1.72681e+02     2.05655e+02
    7.91513e-01     1.19992e+03     1.71624e+02     2.04784e+02
    7.95606e-01     1.19139e+03     1.69218e+02     2.02816e+02
    7.99702e-01     1.19140e+03     1.67544e+02     2.01979e+02
    8.03798e-01     1.19268e+03     1.67124e+02     2.01183e+02
    8.07879e-01     1.18385e+03     1.64718e+02     1.99207e+02
    8.11963e-01     1.18474e+03     1.66518e+02     1.99126e+02
    8.16059e-01     1.18175e+03     1.63788e+02     1.97038e+02
    8.20152e-01     1.18109e+03     1.62322e+02     1.96055e+02
    8.24242e-01     1.17467e+03     1.60609e+02     1.93991e+02
    8.28331e-01     1.17386e+03     1.58992e+02     1.92909e+02
    8.32425e-01     1.17431e+03     1.58957e+02     1.92021e+02
    8.36516e-01     1.16798e+03     1.57721e+02     1.91090e+02
    8.40610e-01     1.16864e+03     1.56679e+02     1.89928e+02
    8.44704e-01     1.16631e+03     1.55615e+02     1.89452e+02
    8.48790e-01     1.16321e+03     1.54635e+02     1.87990e+02
    8.52876e-01     1.15749e+03     1.54552e+02     1.86987e+02
    8.56967e-01     1.16480e+03     1.54308e+02     1.86266e+02
    8.61059e-01     1.15682e+03     1.51865e+02     1.84991e+02
    8.65147e-01     1.15351e+03     1.50397e+02     1.83530e+02
    8.69235e-01     1.15393e+03     1.49846e+02     1.82244e+02
    8.73334e-01     1.15234e+03     1.48689e+02     1.81438e+02
    8.77429e-01     1.14775e+03     1.46996e+02     1.80074e+02
    8.81512e-01     1.14830e+03     1.46704e+02     1.79171e+02
    8.85601e-01     1.14525e+03     1.45562e+02     1.78669e+02
    8.89691e-01     1.14267e+03     1.44888e+02     1.76829e+02
    8.93784e-01     1.14171e+03     1.44503e+02     1.76392e+02
    8.97875e-01     1.13781e+03     1.43802e+02     1.75813e+02
    9.01960e-01     1.13600e+03     1.41518e+02     1.74134e+02
    9.06054e-01     1.13464e+03     1.42213e+02     1.73779e+02
    9.10146e-01     1.13347e+03     1.40006e+02     1.72697e+02
    9.14237e-01     1.13159e+03     1.40077e+02     1.71703e+02
    9.18331e-01     1.13146e+03     1.38906e+02     1.70709e+02
    9.22421e-01     1.12804e+03     1.37544e+02     1.69638e+02
    9.26509e-01     1.12623e+03     1.36681e+02     1.68386e+02
    9.30598e-01     1.12418e+03     1.36314e+02     1.68296e+02
    9.34692e-01     1.11869e+03     1.34954e+02     1.66703e+02
    9.38787e-01     1.11864e+03     1.34020e+02     1.65777e+02
    9.42873e-01     1.11584e+03     1.34151e+02     1.65247e+02
    9.46961e-01     1.11705e+03     1.33069e+02     1.64675e+02
    9.51054e-01     1.11366e+03     1.32142e+02     1.63325e+02
    9.55150e-01     1.11083e+03     1.30826e+02     1.62123e+02
    9.59240e-01     1.10840e+03     1.31225e+02     1.61160e+02
    9.63327e-01     1.10606e+03     1.29470e+02     1.60866e+02
    9.67420e-01     1.10396e+03     1.29591e+02     1.60466e+02
    9.71506e-01     1.10365e+03     1.28374e+02     1.58725e+02
    9.75588e-01     1.10055e+03     1.27506e+02     1.57923e+02
    9.79678e-01     1.09581e+03     1.25349e+02     1.57241e+02
    9.83773e-01     1.09713e+03     1.26722e+02     1.56761e+02
    9.87866e-01     1.09668e+03     1.25008e+02     1.55563e+02
    9.91960e-01     1.09446e+03     1.24397e+02     1.54772e+02
    9.96055e-01     1.09431e+03     1.23739e+02     1.53870e+02
    1.00015e+00     1.09277e+03     1.22548e+02     1.52874e+02
    1.00424e+00     1.08919e+03     1.22890e+02     1.52649e+02
    1.00832e+00     1.08802e+03     1.21760e+02     1.51684e+02
    1.01242e+00     1.08581e+03     1.21129e+02     1.50735e+02
    1.01651e+00     1.08426e+03     1.19959e+02     1.50344e+02
    1.02059e+00     1.08009e+03     1.19341e+02     1.49194e+02
    1.02468e+00     1.08008e+03     1.19051e+02     1.48024e+02
    1.02878e+00     1.07761e+03     1.18821e+02     1.47621e+02
    1.03287e+00     1.07476e+03     1.17329e+02     1.46432e+02
    1.03695e+00     1.07207e+03     1.17256e+02     1.46167e+02
    1.04105e+00     1.07648e+03     1.17016e+02     1.45506e+02
    1.04515e+00     1.06980e+03     1.15643e+02     1.44568e+02
    1.04923e+00     1.06703e+03     1.15339e+02     1.44137e+02
    1.05332e+00     1.06674e+03     1.15423e+02     1.43552e+02
    1.05741e+00     1.06491e+03     1.14382e+02     1.42489e+02
    1.06150e+00     1.06358e+03     1.13568e+02     1.41865e+02
    1.06559e+00     1.06425e+03     1.13168e+02     1.41137e+02
    1.06968e+00     1.06262e+03     1.12220e+02     1.40331e+02
    1.07377e+00     1.06004e+03     1.11721e+02     1.40171e+02
    1.07786e+00     1.05802e+03     1.10760e+02     1.38642e+02
    1.08195e+00     1.05496e+03     1.10698e+02     1.38231e+02
    1.08605e+00     1.05928e+03     1.11108e+02     1.37702e+02
    1.09014e+00     1.05255e+03     1.09918e+02     1.36969e+02
    1.09422e+00     1.05431e+03     1.08987e+02     1.35842e+02
    1.09832e+00     1.04866e+03     1.08277e+02     1.35420e+02
    1.10242e+00     1.04811e+03     1.07724e+02     1.35007e+02
    1.10650e+00     1.04720e+03     1.07048e+02     1.33705e+02
    1.11059e+00     1.04682e+03     1.07093e+02     1.33540e+02
    1.11468e+00     1.04406e+03     1.06453e+02     1.32985e+02
    1.11878e+00     1.03988e+03     1.05036e+02     1.32159e+02
    1.12287e+00     1.04147e+03     1.05685e+02     1.31895e+02
    1.12695e+00     1.03954e+03     1.05319e+02     1.30847e+02
    1.13105e+00     1.03774e+03     1.03994e+02     1.30410e+02
    1.13514e+00     1.03592e+03     1.04055e+02     1.29653e+02
    1.13922e+00     1.03551e+03     1.03346e+02     1.29047e+02
    1.14331e+00     1.03378e+03     1.03546e+02     1.28347e+02
    1.14741e+00     1.03324e+03     1.03270e+02     1.27753e+02
    1.15150e+00     1.02848e+03     1.02053e+02     1.27048e+02
    1.15559e+00     1.02788e+03     1.01046e+02     1.26432e+02
    1.15968e+00     1.02612e+03     1.00788e+02     1.26029e+02
    1.16377e+00     1.02226e+03     1.00221e+02     1.25467e+02
    1.16786e+00     1.02381e+03     9.94950e+01     1.24782e+02
    1.17195e+00     1.02045e+03     9.95160e+01     1.24232e+02
    1.17604e+00     1.02030e+03     9.89015e+01     1.22977e+02
    1.18013e+00     1.01706e+03     9.77638e+01     1.22926e+02
    1.18422e+00     1.01669e+03     9.83744e+01     1.22251e+02
    1.18831e+00     1.01548e+03     9.74732e+01     1.21854e+02
    1.19240e+00     1.01064e+03     9.68527e+01     1.20939e+02
    1.19649e+00     1.01297e+03     9.70598e+01     1.20387e+02
    1.20059e+00     1.01301e+03     9.63730e+01     1.19751e+02
    1.20468e+00     1.01055e+03     9.61264e+01     1.19675e+02
    1.20877e+00     1.00718e+03     9.59823e+01     1.18893e+02
    1.21286e+00     1.00711e+03     9.53400e+01     1.18270e+02
    1.21695e+00     1.00535e+03     9.45168e+01     1.17503e+02
    1.22104e+00     1.00090e+03     9.43403e+01     1.17366e+02
    1.22513e+00     1.00148e+03     9.37965e+01     1.16638e+02
    1.22922e+00     9.97165e+02     9.33624e+01     1.15968e+02
    1.23330e+00     9.99278e+02     9.35777e+01     1.15375e+02
    1.23740e+00     9.98428e+02     9.29891e+01     1.14940e+02
    1.24149e+00     9.98304e+02     9.23202e+01     1.14474e+02
    1.24558e+00     9.94964e+02     9.15416e+01     1.13655e+02
    1.24967e+00     9.93902e+02     9.22745e+01     1.13544e+02
    1.25376e+00     9.92736e+02     9.12384e+01     1.12543e+02
    1.25785e+00     9.89822e+02     9.10733e+01     1.12177e+02
    1.26194e+00     9.91765e+02     9.07294e+01     1.11664e+02
    1.26603e+00     9.87095e+02     9.05616e+01     1.11407e+02
    1.27012e+00     9.86337e+02     8.98811e+01     1.10524e+02
    1.27422e+00     9.84608e+02     8.93758e+01     1.10301e+02
    1.27831e+00     9.84991e+02     8.91692e+01     1.09799e+02
    1.28240e+00     9.80951e+02     8.89964e+01     1.09326e+02
    1.28649e+00     9.79612e+02     8.82527e+01     1.08642e+02
    1.29058e+00     9.80108e+02     8.72616e+01     1.07821e+02
    1.29467e+00     9.78016e+02     8.81126e+01     1.07649e+02
    1.29876e+00     9.74378e+02     8.74423e+01     1.07123e+02
    1.30285e+00     9.73316e+02     8.68235e+01     1.06360e+02
    1.30694e+00     9.70907e+02     8.64434e+01     1.06237e+02
    1.31103e+00     9.72048e+02     8.57770e+01     1.05751e+02
    1.31512e+00     9.70114e+02     8.59770e+01     1.05097e+02
    1.31921e+00     9.68615e+02     8.53115e+01     1.04604e+02
    1.32331e+00     9.68885e+02     8.52579e+01     1.04009e+02
    1.32739e+00     9.66076e+02     8.51741e+01     1.03683e+02
    1.33148e+00     9.65555e+02     8.44047e+01     1.03019e+02
    1.33558e+00     9.63989e+02     8.42497e+01     1.02681e+02
    1.33967e+00     9.63536e+02     8.42308e+01     1.02219e+02
    1.34376e+00     9.57611e+02     8.33595e+01     1.01828e+02
    1.34785e+00     9.58731e+02     8.30570e+01     1.01485e+02
    1.35195e+00     9.57065e+02     8.26255e+01     1.00607e+02
    1.35603e+00     9.54418e+02     8.25006e+01     1.00550e+02
    1.36011e+00     9.52576e+02     8.17929e+01     9.97661e+01
    1.36421e+00     9.52988e+02     8.20029e+01     9.92900e+01
    1.36830e+00     9.52629e+02     8.18030e+01     9.88097e+01
    1.37239e+00     9.50589e+02     8.16752e+01     9.84342e+01
    1.37648e+00     9.51092e+02     8.18942e+01     9.79750e+01
    1.38057e+00     9.47034e+02     8.06659e+01     9.76088e+01
    1.38466e+00     9.47641e+02     8.05663e+01     9.69041e+01
    1.38875e+00     9.46184e+02     8.02139e+01     9.68639e+01
    1.39285e+00     9.44977e+02     7.95592e+01     9.62367e+01
    1.39694e+00     9.42688e+02     7.98572e+01     9.58719e+01
    1.40102e+00     9.41611e+02     7.94248e+01     9.52345e+01
    1.40512e+00     9.39503e+02     7.88476e+01     9.48704e+01
    1.40921e+00     9.38835e+02     7.84961e+01     9.44445e+01
    1.41330e+00     9.37501e+02     7.81521e+01     9.40166e+01
    1.41739e+00     9.34952e+02     7.83228e+01     9.34914e+01
    1.42148e+00     9.35577e+02     7.81843e+01     9.31799e+01
    1.42557e+00     9.31836e+02     7.73791e+01     9.28960e+01
    1.42966e+00     9.31933e+02     7.72977e+01     9.21986e+01
    1.43375e+00     9.29214e+02     7.68042e+01     9.20112e+01
    1.43784e+00     9.31143e+02     7.71642e+01     9.15100e+01
    1.44193e+00     9.27525e+02     7.62692e+01     9.09296e+01
    1.44602e+00     9.26495e+02     7.63300e+01     9.05466e+01
    1.45011e+00     9.23370e+02     7.60901e+01     9.02409e+01
    1.45420e+00     9.23198e+02     7.56006e+01     8.95482e+01
    1.45830e+00     9.21904e+02     7.55700e+01     8.93966e+01
    1.46239e+00     9.21889e+02     7.54524e+01     8.89681e+01
    1.46648e+00     9.19843e+02     7.52387e+01     8.85725e+01
    1.47056e+00     9.18533e+02     7.49688e+01     8.80523e+01
    1.47465e+00     9.18670e+02     7.47336e+01     8.76721e+01
    1.47874e+00     9.15981e+02     7.44032e+01     8.73245e+01
    1.48283e+00     9.13644e+02     7.36704e+01     8.68776e+01
    1.48693e+00     9.15709e+02     7.39947e+01     8.63308e+01
    1.49102e+00     9.12747e+02     7.38263e+01     8.62525e+01
    1.49511e+00     9.10997e+02     7.33521e+01     8.57634e+01
    1.49920e+00     9.08087e+02     7.29963e+01     8.52778e+01
    1.50329e+00     9.08229e+02     7.26393e+01     8.50391e+01
    1.50738e+00     9.07324e+02     7.26641e+01     8.45382e+01
    1.51148e+00     9.03133e+02     7.20257e+01     8.41463e+01
    1.51557e+00     9.03936e+02     7.19318e+01     8.37611e+01
    1.51965e+00     9.02530e+02     7.21142e+01     8.34364e+01
    1.52374e+00     9.01482e+02     7.15353e+01     8.30275e+01
    1.52784e+00     8.99696e+02     7.11941e+01     8.26773e+01
    1.53193e+00     8.99708e+02     7.13599e+01     8.23369e+01
    1.53602e+00     8.98986e+02     7.12517e+01     8.17399e+01
    1.54011e+00     8.95138e+02     7.05867e+01     8.15349e+01
    1.54420e+00     8.94612e+02     6.97789e+01     8.09503e+01
    1.54829e+00     8.92259e+02     7.02526e+01     8.06161e+01
    1.55238e+00     8.92224e+02     6.98370e+01     8.04713e+01
    1.55647e+00     8.92277e+02     6.95314e+01     7.99294e+01
    1.56056e+00     8.91233e+02     6.98283e+01     7.97188e+01
    1.56465e+00     8.88606e+02     6.92027e+01     7.93180e+01
    1.56874e+00     8.86646e+02     6.89867e+01     7.88776e+01
    1.57283e+00     8.84655e+02     6.85555e+01     7.86373e+01
    1.57693e+00     8.86454e+02     6.89098e+01     7.81656e+01
    1.58102e+00     8.82628e+02     6.80586e+01     7.77339e+01
    1.58510e+00     8.83527e+02     6.79760e+01     7.74507e+01
    1.58919e+00     8.81943e+02     6.82950e+01     7.73385e+01
    1.59329e+00     8.79274e+02     6.76051e+01     7.67935e+01
    1.59738e+00     8.78110e+02     6.75261e+01     7.63758e+01
    1.60147e+00     8.75817e+02     6.73349e+01     7.60744e+01
    1.60556e+00     8.76252e+02     6.72109e+01     7.56954e+01
    1.60965e+00     8.75810e+02     6.70202e+01     7.53379e+01
    1.61374e+00     8.75043e+02     6.68147e+01     7.50428e+01
    1.61783e+00     8.72200e+02     6.64326e+01     7.48304e+01
    1.62192e+00     8.70883e+02     6.62971e+01     7.42843e+01
    1.62601e+00     8.68234e+02     6.60405e+01     7.39531e+01
    1.63010e+00     8.67612e+02     6.59636e+01     7.37009e+01
    1.63419e+00     8.68104e+02     6.57144e+01     7.34272e+01
    1.63828e+00     8.65488e+02     6.55071e+01     7.30863e+01
    1.64238e+00     8.63982e+02     6.52063e+01     7.26761e+01
    1.64647e+00     8.61162e+02     6.49588e+01     7.24448e+01
    1.65055e+00     8.60837e+02     6.46396e+01     7.19725e+01
    1.65465e+00     8.59293e+02     6.44592e+01     7.16649e+01
    1.65874e+00     8.58595e+02     6.44528e+01     7.12589e+01
    1.66283e+00     8.56927e+02     6.41338e+01     7.09988e+01
    1.66691e+00     8.56222e+02     6.40261e+01     7.06653e+01
    1.67101e+00     8.55279e+02     6.38501e+01     7.04061e+01
    1.67510e+00     8.53337e+02     6.35461e+01     7.01050e+01
    1.67919e+00     8.52754e+02     6.33733e+01     6.96362e+01
    1.68328e+00     8.52077e+02     6.31673e+01     6.94496e+01
    1.68737e+00     8.49913e+02     6.33188e+01     6.91431e+01
    1.69146e+00     8.47371e+02     6.27462e+01     6.87558e+01
    1.69555e+00     8.47918e+02     6.25156e+01     6.84725e+01
    1.69964e+00     8.47306e+02     6.25605e+01     6.81240e+01
    1.70373e+00     8.45188e+02     6.25495e+01     6.77633e+01
    1.70782e+00     8.44170e+02     6.22076e+01     6.74750e+01
    1.71191e+00     8.41958e+02     6.17563e+01     6.72137e+01
    1.71600e+00     8.40018e+02     6.18348e+01     6.68062e+01
    1.72009e+00     8.39438e+02     6.16121e+01     6.65747e+01
    1.72418e+00     8.38746e+02     6.12635e+01     6.61314e+01
    1.72828e+00     8.38028e+02     6.11577e+01     6.58980e+01
    1.73237e+00     8.36775e+02     6.11847e+01     6.56169e+01
    1.73646e+00     8.36683e+02     6.09913e+01     6.54615e+01
    1.74055e+00     8.33994e+02     6.07687e+01     6.50823e+01
    1.74464e+00     8.31998e+02     6.02998e+01     6.47964e+01
    1.74874e+00     8.30971e+02     6.03687e+01     6.45389e+01
    1.75282e+00     8.29843e+02     6.01522e+01     6.41149e+01
    1.75691e+00     8.29105e+02     6.01514e+01     6.39806e+01
    1.76100e+00     8.26291e+02     5.99526e+01     6.35270e+01
    1.76509e+00     8.25706e+02     5.96057e+01     6.32546e+01
    1.76918e+00     8.25480e+02     5.95913e+01     6.30918e+01
    1.77327e+00     8.24492e+02     5.95223e+01     6.27314e+01
    1.77737e+00     8.21895e+02     5.92518e+01     6.23945e+01
    1.78146e+00     8.21096e+02     5.86909e+01     6.21437e+01
    1.78554e+00     8.18266e+02     5.85243e+01     6.18293e+01
    1.78964e+00     8.18612e+02     5.87081e+01     6.14869e+01
    1.79373e+00     8.15958e+02     5.84318e+01     6.12869e+01
    1.79782e+00     8.15194e+02     5.82908e+01     6.10941e+01
    1.80191e+00     8.13565e+02     5.79832e+01     6.07615e+01
    1.80600e+00     8.13550e+02     5.77150e+01     6.04325e+01
    1.81009e+00     8.12618e+02     5.77094e+01     6.01964e+01
    1.81418e+00     8.10620e+02     5.75023e+01     5.98938e+01
    1.81827e+00     8.09306e+02     5.75488e+01     5.96772e+01
    1.82236e+00     8.09128e+02     5.74355e+01     5.92409e+01
    1.82645e+00     8.07178e+02     5.71691e+01     5.90445e+01
    1.83054e+00     8.05758e+02     5.69161e+01     5.87899e+01
    1.83463e+00     8.04569e+02     5.66681e+01     5.84238e+01
    1.83872e+00     8.03348e+02     5.68058e+01     5.83255e+01
    1.84281e+00     8.02142e+02     5.64382e+01     5.80001e+01
    1.84691e+00     8.00808e+02     5.63522e+01     5.77060e+01
    1.85100e+00     7.99980e+02     5.62991e+01     5.74150e+01
    1.85509e+00     7.98525e+02     5.61058e+01     5.72099e+01
    1.85918e+00     7.96717e+02     5.58519e+01     5.69502e+01
    1.86327e+00     7.95991e+02     5.55643e+01     5.65805e+01
    1.86736e+00     7.95242e+02     5.54269e+01     5.63690e+01
    1.87145e+00     7.93723e+02     5.53609e+01     5.61536e+01
    1.87554e+00     7.93265e+02     5.51742e+01     5.58069e+01
    1.87963e+00     7.90425e+02     5.50551e+01     5.56652e+01
    1.88372e+00     7.88848e+02     5.48025e+01     5.52615e+01
    1.88781e+00     7.88978e+02     5.47690e+01     5.50474e+01
    1.89190e+00     7.86656e+02     5.47157e+01     5.48224e+01
    1.89599e+00     7.84888e+02     5.44006e+01     5.45457e+01
    1.90008e+00     7.84374e+02     5.43351e+01     5.43423e+01
    1.90417e+00     7.83874e+02     5.43897e+01     5.40333e+01
    1.90827e+00     7.82553e+02     5.40853e+01     5.37621e+01
    1.91236e+00     7.81138e+02     5.37262e+01     5.35607e+01
    1.91645e+00     7.78875e+02     5.37002e+01     5.33728e+01
    1.92054e+00     7.78778e+02     5.35615e+01     5.29922e+01
    1.92463e+00     7.77675e+02     5.33210e+01     5.28201e+01
    1.92872e+00     7.75649e+02     5.31278e+01     5.25793e+01
    1.93281e+00     7.74528e+02     5.30551e+01     5.22759e+01
    1.93690e+00     7.72690e+02     5.28008e+01     5.20902e+01
    1.94099e+00     7.72289e+02     5.29093e+01     5.18339e+01
    1.94508e+00     7.71015e+02     5.27496e+01     5.16119e+01
    1.94917e+00     7.69894e+02     5.25545e+01     5.13193e+01
    1.95326e+00     7.69091e+02     5.23092e+01     5.11474e+01
    1.95735e+00     7.66717e+02     5.21536e+01     5.09075e+01
    1.96144e+00     7.65793e+02     5.18661e+01     5.06023e+01
    1.96553e+00     7.64353e+02     5.16659e+01     5.04393e+01
    1.96962e+00     7.62648e+02     5.18142e+01     5.01523e+01
    1.97371e+00     7.62508e+02     5.16433e+01     4.99181e+01
    1.97781e+00     7.60389e+02     5.14935e+01     4.96801e+01
    1.98190e+00     7.59966e+02     5.16107e+01     4.94833e+01
    1.98599e+00     7.58489e+02     5.13933e+01     4.92882e+01
    1.99008e+00     7.57934e+02     5.11142e+01     4.90957e+01
    1.99417e+00     7.55773e+02     5.08473e+01     4.87696e+01
    1.99826e+00     7.55112e+02     5.09975e+01     4.85842e+01
    2.00235e+00     7.53996e+02     5.07223e+01     4.82981e+01
    2.00644e+00     7.52177e+02     5.05397e+01     4.80932e+01
    2.01053e+00     7.51894e+02     5.05025e+01     4.79068e+01
    2.01462e+00     7.49870e+02     5.04292e+01     4.76416e+01
    2.01871e+00     7.49015e+02     5.03785e+01     4.74505e+01
    2.02280e+00     7.47079e+02     5.01052e+01     4.71535e+01
    2.02689e+00     7.46198e+02     4.97977e+01     4.70077e+01
    2.03098e+00     7.46172e+02     4.98448e+01     4.67551e+01
    2.03507e+00     7.43866e+02     4.94310e+01     4.65312e+01
    2.03917e+00     7.42420e+02     4.93634e+01     4.63594e+01
    2.04325e+00     7.41485e+02     4.93526e+01     4.61357e+01
    2.04735e+00     7.39999e+02     4.91081e+01     4.58155e+01
    2.05143e+00     7.39822e+02     4.89519e+01     4.56556e+01
    2.05552e+00     7.36628e+02     4.88747e+01     4.54402e+01
    2.05962e+00     7.36239e+02     4.88436e+01     4.52809e+01
    2.06371e+00     7.35617e+02     4.87518e+01     4.50537e+01
    2.06780e+00     7.34610e+02     4.86222e+01     4.47782e+01
    2.07189e+00     7.34568e+02     4.85474e+01     4.46225e+01
    2.07598e+00     7.30846e+02     4.81607e+01     4.43993e+01
    2.08007e+00     7.30827e+02     4.81772e+01     4.41398e+01
    2.08416e+00     7.30045e+02     4.81840e+01     4.39967e+01
    2.08825e+00     7.27932e+02     4.78878e+01     4.37450e+01
    2.09234e+00     7.27091e+02     4.77960e+01     4.36016e+01
    2.09644e+00     7.24945e+02     4.75704e+01     4.34063e+01
    2.10053e+00     7.24868e+02     4.74724e+01     4.30923e+01
    2.10461e+00     7.23232e+02     4.73170e+01     4.29536e+01
    2.10870e+00     7.22240e+02     4.71946e+01     4.27077e+01
    2.11280e+00     7.20999e+02     4.71696e+01     4.25030e+01
    2.11688e+00     7.19166e+02     4.68783e+01     4.23414e+01
    2.12098e+00     7.18887e+02     4.69481e+01     4.21661e+01
    2.12507e+00     7.17648e+02     4.68234e+01     4.19774e+01
    2.12916e+00     7.16089e+02     4.64569e+01     4.17067e+01
    2.13325e+00     7.14905e+02     4.65552e+01     4.15333e+01
    2.13734e+00     7.13549e+02     4.64774e+01     4.13956e+01
    2.14143e+00     7.12676e+02     4.62654e+01     4.11257e+01
    2.14552e+00     7.11637e+02     4.62349e+01     4.09468e+01
    2.14961e+00     7.10715e+02     4.59441e+01     4.07318e+01
    2.15370e+00     7.09181e+02     4.58630e+01     4.05773e+01
    2.15779e+00     7.06569e+02     4.57097e+01     4.04003e+01
    2.16188e+00     7.06935e+02     4.57064e+01     4.02454e+01
    2.16597e+00     7.05281e+02     4.56212e+01     4.00302e+01
    2.17006e+00     7.04282e+02     4.53545e+01     3.98464e+01
    2.17416e+00     7.01996e+02     4.52637e+01     3.96206e+01
    2.17825e+00     7.02319e+02     4.51732e+01     3.93931e+01
    2.18234e+00     7.00522e+02     4.52105e+01     3.92823e+01
    2.18643e+00     6.99867e+02     4.48594e+01     3.90669e+01
    2.19052e+00     6.97963e+02     4.48962e+01     3.88870e+01
    2.19461e+00     6.98017e+02     4.48164e+01     3.86572e+01
    2.19870e+00     6.95807e+02     4.45891e+01     3.84795e+01
    2.20279e+00     6.94739e+02     4.45203e+01     3.83126e+01
    2.20688e+00     6.93616e+02     4.42512e+01     3.81057e+01
    2.21097e+00     6.92207e+02     4.41145e+01     3.79302e+01
    2.21506e+00     6.91232e+02     4.43226e+01     3.77877e+01
    2.21915e+00     6.88502e+02     4.38277e+01     3.75814e+01
    2.22324e+00     6.88050e+02     4.37368e+01     3.74159e+01
    2.22733e+00     6.88074e+02     4.37389e+01     3.72383e+01
    2.23142e+00     6.86320e+02     4.35723e+01     3.70653e+01
    2.23552e+00     6.86370e+02     4.35139e+01     3.69106e+01
    2.23961e+00     6.84198e+02     4.33583e+01     3.66949e+01
    2.24369e+00     6.83744e+02     4.32992e+01     3.65587e+01
    2.24779e+00     6.81190e+02     4.32247e+01     3.63447e+01
    2.25188e+00     6.79725e+02     4.30293e+01     3.62488e+01
    2.25597e+00     6.79235e+02     4.28934e+01     3.60072e+01
    2.26006e+00     6.77536e+02     4.27661e+01     3.58094e+01
    2.26415e+00     6.76917e+02     4.27221e+01     3.56910e+01
    2.26824e+00     6.75467e+02     4.26583e+01     3.54816e+01
    2.27233e+00     6.74781e+02     4.24114e+01     3.53198e+01
    2.27642e+00     6.73419e+02     4.22678e+01     3.51600e+01
    2.28051e+00     6.72211e+02     4.22327e+01     3.49256e+01
    2.28460e+00     6.70892e+02     4.20100e+01     3.47881e+01
    2.28869e+00     6.69530e+02     4.20026e+01     3.46525e+01
    2.29278e+00     6.68795e+02     4.18006e+01     3.44964e+01
    2.29687e+00     6.68176e+02     4.19159e+01     3.43139e+01
    2.30096e+00     6.66483e+02     4.17400e+01     3.41463e+01
    2.30506e+00     6.63873e+02     4.14188e+01     3.39660e+01
    2.30915e+00     6.63849e+02     4.14494e+01     3.38291e+01
    2.31324e+00     6.63107e+02     4.14458e+01     3.36538e+01
    2.31733e+00     6.61756e+02     4.11171e+01     3.34773e+01
    2.32142e+00     6.59899e+02     4.10577e+01     3.32610e+01
    2.32551e+00     6.59980e+02     4.10922e+01     3.31913e+01
    2.32960e+00     6.57464e+02     4.08928e+01     3.30003e+01
    2.33369e+00     6.56917e+02     4.08400e+01     3.28278e+01
    2.33778e+00     6.55495e+02     4.05806e+01     3.27107e+01
    2.34187e+00     6.54431e+02     4.05618e+01     3.25553e+01
    2.34596e+00     6.53418e+02     4.02519e+01     3.23676e+01
    2.35005e+00     6.51439e+02     4.03192e+01     3.22201e+01
    2.35414e+00     6.50126e+02     4.02948e+01     3.20349e+01
    2.35823e+00     6.48683e+02     4.00209e+01     3.19125e+01
    2.36232e+00     6.49447e+02     4.01163e+01     3.17587e+01
    2.36641e+00     6.47463e+02     3.99812e+01     3.15976e+01
    2.37051e+00     6.46399e+02     3.97453e+01     3.14455e+01
    2.37460e+00     6.44626e+02     3.97288e+01     3.12751e+01
    2.37869e+00     6.44013e+02     3.96678e+01     3.11963e+01
    2.38278e+00     6.43401e+02     3.95357e+01     3.10164e+01
    2.38687e+00     6.42276e+02     3.94265e+01     3.08392e+01
    2.39096e+00     6.40167e+02     3.92666e+01     3.06861e+01
    2.39505e+00     6.40039e+02     3.92154e+01     3.05451e+01
    2.39914e+00     6.38192e+02     3.90911e+01     3.04010e+01
    2.40323e+00     6.37562e+02     3.89241e+01     3.02444e+01
    2.40732e+00     6.35943e+02     3.88770e+01     3.00901e+01
    2.41141e+00     6.34883e+02     3.88718e+01     3.00178e+01
    2.41550e+00     6.33743e+02     3.86911e+01     2.98145e+01
    2.41959e+00     6.33177e+02     3.87067e+01     2.96804e+01
    2.42368e+00     6.31700e+02     3.83798e+01     2.95061e+01
    2.42777e+00     6.30269e+02     3.83923e+01     2.94169e+01
    2.43187e+00     6.29522e+02     3.80799e+01     2.92349e+01
    2.43596e+00     6.28428e+02     3.82575e+01     2.91099e+01
    2.44004e+00     6.27207e+02     3.80064e+01     2.89578e+01
    2.44414e+00     6.25550e+02     3.79055e+01     2.88294e+01
    2.44823e+00     6.24475e+02     3.77319e+01     2.86361e+01
    2.45232e+00     6.23385e+02     3.77138e+01     2.85303e+01
    2.45640e+00     6.22395e+02     3.75852e+01     2.83985e+01
    2.46050e+00     6.20979e+02     3.75388e+01     2.82797e+01
    2.46459e+00     6.19629e+02     3.72622e+01     2.81220e+01
    2.46868e+00     6.18271e+02     3.72818e+01     2.79597e+01
    2.47277e+00     6.17367e+02     3.71892e+01     2.78298e+01
    2.47686e+00     6.16212e+02     3.71153e+01     2.77281e+01
    2.48095e+00     6.15404e+02     3.68954e+01     2.75599e+01
    2.48504e+00     6.14089e+02     3.68370e+01     2.74156e+01
    2.48913e+00     6.13715e+02     3.68966e+01     2.73242e+01
    2.49322e+00     6.12427e+02     3.67724e+01     2.71538e+01
    2.49731e+00     6.10405e+02     3.65460e+01     2.70453e+01
    2.50141e+00     6.09752e+02     3.63925e+01     2.68696e+01
    2.50550e+00     6.09193e+02     3.64640e+01     2.67650e+01
    2.50959e+00     6.07118e+02     3.62512e+01     2.66211e+01
    2.51368e+00     6.06100e+02     3.60920e+01     2.64970e+01
    2.51777e+00     6.05417e+02     3.60918e+01     2.63932e+01
    2.52186e+00     6.04364e+02     3.61283e+01     2.62425e+01
    2.52595e+00     6.02514e+02     3.58613e+01     2.61323e+01
    2.53004e+00     6.02281e+02     3.58227e+01     2.59809e+01
    2.53413e+00     6.01148e+02     3.57198e+01     2.58636e+01
    2.53822e+00     5.99225e+02     3.55889e+01     2.57297e+01
    2.54231e+00     5.97828e+02     3.55512e+01     2.56403e+01
    2.54640e+00     5.97291e+02     3.53504e+01     2.55104e+01
    2.55049e+00     5.95791e+02     3.52912e+01     2.53802e+01
    2.55458e+00     5.95173e+02     3.52091e+01     2.52404e+01
    2.55867e+00     5.93919e+02     3.51844e+01     2.51364e+01
    2.56276e+00     5.92810e+02     3.50170e+01     2.49890e+01
    2.56685e+00     5.92189e+02     3.49495e+01     2.48261e+01
    2.57095e+00     5.89902e+02     3.47760e+01     2.47588e+01
    2.57504e+00     5.89214e+02     3.46925e+01     2.46202e+01
    2.57913e+00     5.88667e+02     3.46821e+01     2.45048e+01
    2.58322e+00     5.87219e+02     3.46117e+01     2.43691e+01
    2.58731e+00     5.85912e+02     3.44626e+01     2.42471e+01
    2.59140e+00     5.84863e+02     3.42844e+01     2.41227e+01
    2.59549e+00     5.83451e+02     3.41755e+01     2.40012e+01
    2.59958e+00     5.82377e+02     3.40787e+01     2.38888e+01
    2.60367e+00     5.82774e+02     3.40817e+01     2.38007e+01
    2.60776e+00     5.81191e+02     3.39205e+01     2.36538e+01
    2.61185e+00     5.79223e+02     3.38279e+01     2.35528e+01
    2.61594e+00     5.78250e+02     3.37033e+01     2.33970e+01
    2.62003e+00     5.77573e+02     3.36291e+01     2.33122e+01
    2.62412e+00     5.75673e+02     3.35635e+01     2.31967e+01
    2.62821e+00     5.75319e+02     3.34935e+01     2.31021e+01
    2.63230e+00     5.74003e+02     3.32796e+01     2.29557e+01
    2.63640e+00     5.72794e+02     3.32880e+01     2.28482e+01
    2.64049e+00     5.72278e+02     3.31970e+01     2.27643e+01
    2.64457e+00     5.69854e+02     3.30338e+01     2.26246e+01
    2.64867e+00     5.70070e+02     3.30726e+01     2.24945e+01
    2.65276e+00     5.68591e+02     3.28528e+01     2.23833e+01
    2.65685e+00     5.67718e+02     3.27647e+01     2.22722e+01
    2.66094e+00     5.66383e+02     3.26760e+01     2.21687e+01
    2.66503e+00     5.65655e+02     3.27336e+01     2.20784e+01
    2.66912e+00     5.63584e+02     3.24608e+01     2.19670e+01
    2.67321e+00     5.63415e+02     3.24212e+01     2.18280e+01
    2.67730e+00     5.61719e+02     3.23449e+01     2.17509e+01
    2.68139e+00     5.60251e+02     3.21248e+01     2.16260e+01
    2.68548e+00     5.60632e+02     3.22040e+01     2.15141e+01
    2.68957e+00     5.58301e+02     3.20405e+01     2.14115e+01
    2.69366e+00     5.57257e+02     3.19280e+01     2.13013e+01
    2.69776e+00     5.56572e+02     3.18946e+01     2.11991e+01
    2.70185e+00     5.55679e+02     3.18882e+01     2.11021e+01
    2.70594e+00     5.54766e+02     3.17496e+01     2.09887e+01
    2.71003e+00     5.52876e+02     3.15288e+01     2.08826e+01
    2.71412e+00     5.52298e+02     3.15721e+01     2.07786e+01
    2.71821e+00     5.50857e+02     3.14659e+01     2.06775e+01
    2.72230e+00     5.50593e+02     3.13163e+01     2.05604e+01
    2.72639e+00     5.48716e+02     3.12235e+01     2.04814e+01
    2.73048e+00     5.48095e+02     3.11881e+01     2.03677e+01
    2.73457e+00     5.46558e+02     3.10598e+01     2.02760e+01
    2.73866e+00     5.45065e+02     3.09906e+01     2.01644e+01
    2.74275e+00     5.45086e+02     3.09033e+01     2.00621e+01
    2.74684e+00     5.43544e+02     3.08166e+01     1.99485e+01
    2.75093e+00     5.42374e+02     3.07117e+01     1.98651e+01
    2.75502e+00     5.41074e+02     3.07006e+01     1.97758e+01
    2.75911e+00     5.40165e+02     3.05270e+01     1.96657e+01
    2.76320e+00     5.39164e+02     3.04090e+01     1.95581e+01
    2.76730e+00     5.37636e+02     3.03434e+01     1.94708e+01
    2.77139e+00     5.37068e+02     3.03211e+01     1.93887e+01
    2.77548e+00     5.36177e+02     3.02196e+01     1.92638e+01
    2.77957e+00     5.35087e+02     3.01147e+01     1.91728e+01
    2.78366e+00     5.33969e+02     2.99609e+01     1.90494e+01
    2.78775e+00     5.32579e+02     2.99043e+01     1.89910e+01
    2.79184e+00     5.32053e+02     2.97413e+01     1.88774e+01
    2.79593e+00     5.30388e+02     2.97484e+01     1.87881e+01
    2.80002e+00     5.30008e+02     2.97468e+01     1.87110e+01
    2.80411e+00     5.28623e+02     2.96096e+01     1.86029e+01
    2.80820e+00     5.27575e+02     2.94894e+01     1.85332e+01
    2.81229e+00     5.26684e+02     2.94244e+01     1.84238e+01
    2.81638e+00     5.25244e+02     2.93317e+01     1.83275e+01
    2.82047e+00     5.24282e+02     2.92713e+01     1.82314e+01
    2.82457e+00     5.23219e+02     2.91605e+01     1.81455e+01
    2.82866e+00     5.22196e+02     2.90473e+01     1.80392e+01
    2.83275e+00     5.21596e+02     2.89506e+01     1.79806e+01
    2.83684e+00     5.20015e+02     2.89074e+01     1.78561e+01
    2.84093e+00     5.19262e+02     2.88364e+01     1.77903e+01
    2.84502e+00     5.18372e+02     2.87660e+01     1.77125e+01
    2.84911e+00     5.16886e+02     2.86193e+01     1.76214e+01
    2.85320e+00     5.16256e+02     2.85431e+01     1.75044e+01
    2.85729e+00     5.14947e+02     2.84490e+01     1.74235e+01
    2.86138e+00     5.13563e+02     2.84101e+01     1.73248e+01
    2.86547e+00     5.12751e+02     2.82986e+01     1.72412e+01
    2.86956e+00     5.11505e+02     2.82543e+01     1.71644e+01
    2.87365e+00     5.10958e+02     2.81719e+01     1.70726e+01
    2.87774e+00     5.09639e+02     2.80427e+01     1.70024e+01
    2.88183e+00     5.08538e+02     2.79800e+01     1.69050e+01
    2.88592e+00     5.07643e+02     2.78867e+01     1.68297e+01
    2.89001e+00     5.07364e+02     2.78737e+01     1.67306e+01
    2.89410e+00     5.05557e+02     2.77008e+01     1.66403e+01
    2.89820e+00     5.04552e+02     2.76214e+01     1.65751e+01
    2.90229e+00     5.03508e+02     2.75038e+01     1.64619e+01
    2.90638e+00     5.02614e+02     2.74951e+01     1.64029e+01
    2.91047e+00     5.01727e+02     2.74006e+01     1.63188e+01
    2.91456e+00     5.00206e+02     2.73293e+01     1.62349e+01
    2.91865e+00     4.99365e+02     2.72303e+01     1.61595e+01
    2.92274e+00     4.98883e+02     2.71320e+01     1.60518e+01
    2.92683e+00     4.97602e+02     2.71040e+01     1.59877e+01
    2.93092e+00     4.96858e+02     2.70599e+01     1.59135e+01
    2.93501e+00     4.95405e+02     2.68824e+01     1.58287e+01
    2.93910e+00     4.94647e+02     2.68746e+01     1.57400e+01
    2.94319e+00     4.93161e+02     2.67649e+01     1.56584e+01
    2.94728e+00     4.91541e+02     2.66550e+01     1.55804e+01
    2.95137e+00     4.91131e+02     2.66136e+01     1.55173e+01
    2.95546e+00     4.90207e+02     2.65186e+01     1.54206e+01
    2.95955e+00     4.89697e+02     2.64406e+01     1.53423e+01
    2.96364e+00     4.88627e+02     2.63934e+01     1.52536e+01
    2.96774e+00     4.87476e+02     2.62593e+01     1.51840e+01
    2.97183e+00     4.86297e+02     2.62272e+01     1.51145e+01
    2.97592e+00     4.85240e+02     2.61219e+01     1.50393e+01
    2.98001e+00     4.84135e+02     2.59809e+01     1.49659e+01
    2.98410e+00     4.83455e+02     2.59515e+01     1.48743e+01
    2.98819e+00     4.82555e+02     2.59289e+01     1.48309e+01
    2.99228e+00     4.81360e+02     2.58383e+01     1.47433e+01
    2.99637e+00     4.81011e+02     2.58245e+01     1.46603e+01
    3.00046e+00     4.79081e+02     2.56466e+01     1.45851e+01
    3.00455e+00     4.78823e+02     2.56822e+01     1.45117e+01
    3.00864e+00     4.77459e+02     2.55403e+01     1.44414e+01
    3.01273e+00     4.75758e+02     2.54503e+01     1.43612e+01
    3.01682e+00     4.75362e+02     2.53718e+01     1.42899e+01
    3.02091e+00     4.74344e+02     2.53397e+01     1.42241e+01
    3.02500e+00     4.73649e+02     2.52281e+01     1.41565e+01
    3.02910e+00     4.72737e+02     2.51633e+01     1.40725e+01
    3.03319e+00     4.71254e+02     2.50054e+01     1.39882e+01
    3.03728e+00     4.70468e+02     2.50262e+01     1.39347e+01
    3.04137e+00     4.69262e+02     2.49120e+01     1.38677e+01
    3.04546e+00     4.68832e+02     2.47952e+01     1.37741e+01
    3.04955e+00     4.68102e+02     2.48537e+01     1.37208e+01
    3.05364e+00     4.66905e+02     2.47338e+01     1.36390e+01
    3.05773e+00     4.65423e+02     2.46247e+01     1.35712e+01
    3.06182e+00     4.64734e+02     2.44856e+01     1.35070e+01
    3.06591e+00     4.64115e+02     2.44911e+01     1.34356e+01
    3.07000e+00     4.63062e+02     2.44656e+01     1.33836e+01
    3.07409e+00     4.61688e+02     2.43293e+01     1.33069e+01
    3.07818e+00     4.61234e+02     2.42364e+01     1.32256e+01
    3.08227e+00     4.60171e+02     2.41510e+01     1.31739e+01
    3.08636e+00     4.59072e+02     2.41145e+01     1.31003e+01
    3.09045e+00     4.57754e+02     2.40231e+01     1.30374e+01
    3.09454e+00     4.57099e+02     2.39226e+01     1.29627e+01
    3.09863e+00     4.55994e+02     2.38441e+01     1.28892e+01
    3.10272e+00     4.54927e+02     2.37541e+01     1.28257e+01
    3.10682e+00     4.54442e+02     2.37548e+01     1.27807e+01
    3.11091e+00     4.53300e+02     2.36446e+01     1.26932e+01
    3.11500e+00     4.52610e+02     2.35816e+01     1.26304e+01
    3.11909e+00     4.51943e+02     2.35515e+01     1.25677e+01
    3.12318e+00     4.50695e+02     2.34468e+01     1.25111e+01
    3.12727e+00     4.49565e+02     2.33606e+01     1.24396e+01
    3.13136e+00     4.48770e+02     2.32956e+01     1.23892e+01
    3.13545e+00     4.47498e+02     2.32284e+01     1.23186e+01
    3.13954e+00     4.46759e+02     2.31996e+01     1.22595e+01
    3.14363e+00     4.45817e+02     2.30989e+01     1.21829e+01
    3.14772e+00     4.44615e+02     2.30087e+01     1.21366e+01
    3.15181e+00     4.44055e+02     2.29452e+01     1.20619e+01
    3.15590e+00     4.43448e+02     2.28887e+01     1.20172e+01
    3.16000e+00     4.41773e+02     2.28483e+01     1.19432e+01
    3.16409e+00     4.40902e+02     2.27051e+01     1.18778e+01
    3.16818e+00     4.40355e+02     2.26962e+01     1.18310e+01
    3.17227e+00     4.39324e+02     2.25999e+01     1.17567e+01
    3.17636e+00     4.38637e+02     2.25824e+01     1.17005e+01
    3.18045e+00     4.37197e+02     2.25042e+01     1.16482e+01
    3.18454e+00     4.36550e+02     2.23461e+01     1.15755e+01
    3.18863e+00     4.35880e+02     2.23183e+01     1.15164e+01
    3.19272e+00     4.34744e+02     2.22732e+01     1.14651e+01
    3.19681e+00     4.34008e+02     2.21983e+01     1.14040e+01
    3.20090e+00     4.32608e+02     2.20998e+01     1.13421e+01
    3.20499e+00     4.31884e+02     2.20499e+01     1.12880e+01
    3.20908e+00     4.30681e+02     2.19556e+01     1.12219e+01
    3.21317e+00     4.30283e+02     2.18932e+01     1.11705e+01
    3.21726e+00     4.29495e+02     2.18449e+01     1.11119e+01
    3.22135e+00     4.28014e+02     2.17976e+01     1.10561e+01
    3.22545e+00     4.27315e+02     2.16839e+01     1.09981e+01
    3.22954e+00     4.26426e+02     2.16087e+01     1.09417e+01
    3.23363e+00     4.25708e+02     2.15859e+01     1.08938e+01
    3.23772e+00     4.24579e+02     2.14937e+01     1.08309e+01
    3.24181e+00     4.23735e+02     2.14423e+01     1.07717e+01
    3.24590e+00     4.22996e+02     2.13944e+01     1.07188e+01
    3.24999e+00     4.21953e+02     2.13058e+01     1.06581e+01
    3.25408e+00     4.21054e+02     2.12401e+01     1.06018e+01
    3.25817e+00     4.20127e+02     2.11793e+01     1.05560e+01
    3.26226e+00     4.19579e+02     2.11257e+01     1.05019e+01
    3.26635e+00     4.18543e+02     2.10303e+01     1.04517e+01
    3.27044e+00     4.17505e+02     2.09867e+01     1.03942e+01
    3.27453e+00     4.16751e+02     2.09176e+01     1.03387e+01
    3.27862e+00     4.16074e+02     2.08773e+01     1.02895e+01
    3.28271e+00     4.14744e+02     2.07829e+01     1.02307e+01
    3.28681e+00     4.14252e+02     2.07140e+01     1.01811e+01
    3.29090e+00     4.13046e+02     2.06136e+01     1.01208e+01
    3.29499e+00     4.12383e+02     2.06237e+01     1.00815e+01
    3.29908e+00     4.11760e+02     2.05544e+01     1.00316e+01
    3.30317e+00     4.10661e+02     2.04787e+01     9.97472e+00
    3.30725e+00     4.09805e+02     2.04122e+01     9.93304e+00
    3.31135e+00     4.08965e+02     2.03244e+01     9.87210e+00
    3.31544e+00     4.07911e+02     2.02912e+01     9.82475e+00
    3.31953e+00     4.07352e+02     2.02619e+01     9.78145e+00
    3.32362e+00     4.05927e+02     2.01281e+01     9.71304e+00
    3.32771e+00     4.05779e+02     2.00943e+01     9.66691e+00
    3.33180e+00     4.04905e+02     2.00335e+01     9.62046e+00
    3.33589e+00     4.03509e+02     1.99614e+01     9.56597e+00
    3.33998e+00     4.02707e+02     1.99161e+01     9.53502e+00
    3.34407e+00     4.02189e+02     1.98357e+01     9.47855e+00
    3.34816e+00     4.01333e+02     1.98048e+01     9.42768e+00
    3.35226e+00     4.00434e+02     1.97302e+01     9.38010e+00
    3.35634e+00     3.99641e+02     1.96972e+01     9.33421e+00
    3.36043e+00     3.98929e+02     1.95966e+01     9.28439e+00
    3.36453e+00     3.97582e+02     1.95378e+01     9.24153e+00
    3.36862e+00     3.96604e+02     1.94869e+01     9.18491e+00
    3.37271e+00     3.95766e+02     1.94009e+01     9.13603e+00
    3.37680e+00     3.95325e+02     1.93623e+01     9.09459e+00
    3.38089e+00     3.94447e+02     1.92865e+01     9.04544e+00
    3.38498e+00     3.93337e+02     1.92320e+01     9.00189e+00
    3.38907e+00     3.92770e+02     1.91462e+01     8.95297e+00
    3.39316e+00     3.91808e+02     1.91074e+01     8.91160e+00
    3.39725e+00     3.91183e+02     1.90818e+01     8.86140e+00
    3.40134e+00     3.90125e+02     1.89625e+01     8.81501e+00
    3.40543e+00     3.89491e+02     1.89401e+01     8.77668e+00
    3.40952e+00     3.88274e+02     1.88492e+01     8.71856e+00
    3.41362e+00     3.88053e+02     1.87954e+01     8.67678e+00
    3.41770e+00     3.86783e+02     1.87693e+01     8.63654e+00
    3.42179e+00     3.86123e+02     1.86917e+01     8.58863e+00
    3.42588e+00     3.85110e+02     1.85842e+01     8.54094e+00
    3.42997e+00     3.84671e+02     1.85791e+01     8.50277e+00
    3.43406e+00     3.83512e+02     1.85194e+01     8.46309e+00
    3.43816e+00     3.82899e+02     1.84611e+01     8.41526e+00
    3.44225e+00     3.81912e+02     1.83957e+01     8.37428e+00
    3.44634e+00     3.81342e+02     1.83588e+01     8.33146e+00
    3.45043e+00     3.80346e+02     1.82652e+01     8.28974e+00
    3.45452e+00     3.79406e+02     1.82432e+01     8.25101e+00
    3.45861e+00     3.78878e+02     1.81666e+01     8.19975e+00
    3.46270e+00     3.78160e+02     1.81412e+01     8.16956e+00
    3.46679e+00     3.77040e+02     1.80612e+01     8.12468e+00
    3.47088e+00     3.76656e+02     1.79947e+01     8.07437e+00
    3.47497e+00     3.75760e+02     1.79441e+01     8.04295e+00
    3.47906e+00     3.74670e+02     1.78776e+01     8.00064e+00
    3.48315e+00     3.74245e+02     1.78469e+01     7.95545e+00
    3.48725e+00     3.73202e+02     1.77914e+01     7.92219e+00
    3.49134e+00     3.72471e+02     1.77358e+01     7.88088e+00
    3.49543e+00     3.71839e+02     1.76698e+01     7.83779e+00
    3.49952e+00     3.70665e+02     1.75940e+01     7.79483e+00
    3.50361e+00     3.70060e+02     1.75455e+01     7.75585e+00
    3.50770e+00     3.68961e+02     1.74698e+01     7.71573e+00
    3.51179e+00     3.68706e+02     1.74750e+01     7.68288e+00
    3.51588e+00     3.67851e+02     1.74212e+01     7.64337e+00
    3.51997e+00     3.66995e+02     1.73321e+01     7.60137e+00
    3.52406e+00     3.65991e+02     1.72772e+01     7.56003e+00
    3.52815e+00     3.65078e+02     1.72318e+01     7.52529e+00
    3.53224e+00     3.64517e+02     1.71644e+01     7.48502e+00
    3.53633e+00     3.63951e+02     1.71052e+01     7.44646e+00
    3.54042e+00     3.63243e+02     1.70852e+01     7.41238e+00
    3.54451e+00     3.62533e+02     1.70166e+01     7.37078e+00
    3.54860e+00     3.61837e+02     1.69724e+01     7.33565e+00
    3.55270e+00     3.60695e+02     1.69032e+01     7.28921e+00
    3.55679e+00     3.60000e+02     1.68275e+01     7.25899e+00
    3.56088e+00     3.59611e+02     1.68041e+01     7.22116e+00
    3.56497e+00     3.58812e+02     1.67399e+01     7.18448e+00
    3.56906e+00     3.57712e+02     1.66866e+01     7.15275e+00
    3.57315e+00     3.57409e+02     1.66367e+01     7.10751e+00
    3.57724e+00     3.56492e+02     1.65743e+01     7.07910e+00
    3.58133e+00     3.55421e+02     1.65460e+01     7.04501e+00
    3.58542e+00     3.54903e+02     1.65018e+01     7.01130e+00
    3.58951e+00     3.53958e+02     1.64363e+01     6.97613e+00
    3.59360e+00     3.53553e+02     1.63915e+01     6.94606e+00
    3.59769e+00     3.52656e+02     1.63545e+01     6.90689e+00
    3.60178e+00     3.51627e+02     1.62541e+01     6.86736e+00
    3.60587e+00     3.51386e+02     1.62445e+01     6.83878e+00
    3.60996e+00     3.50124e+02     1.61754e+01     6.79689e+00
    3.61405e+00     3.49570e+02     1.61374e+01     6.76348e+00
    3.61814e+00     3.48946e+02     1.60730e+01     6.72912e+00
    3.62224e+00     3.48433e+02     1.60265e+01     6.69708e+00
    3.62633e+00     3.47547e+02     1.59893e+01     6.66195e+00
    3.63042e+00     3.46610e+02     1.59065e+01     6.63235e+00
    3.63451e+00     3.46401e+02     1.58864e+01     6.59482e+00
    3.63860e+00     3.45388e+02     1.58301e+01     6.56530e+00
    3.64269e+00     3.44535e+02     1.57771e+01     6.53232e+00
    3.64678e+00     3.43904e+02     1.57236e+01     6.49478e+00
    3.65087e+00     3.42954e+02     1.56533e+01     6.46933e+00
    3.65496e+00     3.42506e+02     1.56207e+01     6.43059e+00
    3.65905e+00     3.41449e+02     1.55827e+01     6.39887e+00
    3.66314e+00     3.40924e+02     1.55452e+01     6.36691e+00
    3.66723e+00     3.40324e+02     1.54732e+01     6.33760e+00
    3.67132e+00     3.39587e+02     1.54433e+01     6.30909e+00
    3.67541e+00     3.39038e+02     1.54044e+01     6.27604e+00
    3.67950e+00     3.38321e+02     1.53436e+01     6.24200e+00
    3.68359e+00     3.37397e+02     1.52783e+01     6.20785e+00
    3.68769e+00     3.36531e+02     1.52407e+01     6.17961e+00
    3.69177e+00     3.36046e+02     1.51972e+01     6.15156e+00
    3.69587e+00     3.35501e+02     1.51304e+01     6.11925e+00
    3.69996e+00     3.34835e+02     1.51207e+01     6.09074e+00
    3.70405e+00     3.34125e+02     1.50557e+01     6.05722e+00
    3.70814e+00     3.33450e+02     1.50139e+01     6.02950e+00
    3.71223e+00     3.32517e+02     1.49552e+01     6.00417e+00
    3.71632e+00     3.31999e+02     1.49188e+01     5.96748e+00
    3.72041e+00     3.31294e+02     1.48794e+01     5.94001e+00
    3.72450e+00     3.30756e+02     1.48376e+01     5.91247e+00
    3.72859e+00     3.29967e+02     1.47698e+01     5.88359e+00
    3.73268e+00     3.29411e+02     1.47671e+01     5.85239e+00
    3.73677e+00     3.28837e+02     1.47144e+01     5.82860e+00
    3.74086e+00     3.27712e+02     1.46457e+01     5.79498e+00
    3.74495e+00     3.27642e+02     1.46072e+01     5.76523e+00
    3.74905e+00     3.26517e+02     1.45473e+01     5.73719e+00
    3.75313e+00     3.25973e+02     1.45152e+01     5.71021e+00
    3.75722e+00     3.25458e+02     1.44802e+01     5.68503e+00
    3.76131e+00     3.24586e+02     1.44299e+01     5.65773e+00
    3.76541e+00     3.23984e+02     1.43620e+01     5.62903e+00
    3.76950e+00     3.23371e+02     1.43342e+01     5.60005e+00
    3.77359e+00     3.22686e+02     1.42909e+01     5.56932e+00
    3.77768e+00     3.21934e+02     1.42143e+01     5.54328e+00
    3.78177e+00     3.21633e+02     1.42307e+01     5.52110e+00
    3.78586e+00     3.20528e+02     1.41443e+01     5.49362e+00
    3.78995e+00     3.19900e+02     1.40930e+01     5.46431e+00
    3.79404e+00     3.19376e+02     1.40704e+01     5.44120e+00
    3.79813e+00     3.18760e+02     1.40129e+01     5.41119e+00
    3.80222e+00     3.18017e+02     1.40048e+01     5.39187e+00
    3.80632e+00     3.17648e+02     1.39378e+01     5.36115e+00
    3.81040e+00     3.16853e+02     1.39236e+01     5.34165e+00
    3.81449e+00     3.16263e+02     1.38624e+01     5.31071e+00
    3.81859e+00     3.15550e+02     1.38217e+01     5.28394e+00
    3.82268e+00     3.15169e+02     1.37902e+01     5.26202e+00
    3.82677e+00     3.14509e+02     1.37470e+01     5.23565e+00
    3.83086e+00     3.13728e+02     1.37051e+01     5.21293e+00
    3.83495e+00     3.12906e+02     1.36479e+01     5.18659e+00
    3.83904e+00     3.12464e+02     1.35952e+01     5.15877e+00
    3.84313e+00     3.11788e+02     1.35567e+01     5.13593e+00
    3.84722e+00     3.11489e+02     1.35629e+01     5.11223e+00
    3.85131e+00     3.10730e+02     1.34919e+01     5.09132e+00
    3.85540e+00     3.10182e+02     1.34763e+01     5.06771e+00
    3.85949e+00     3.09420e+02     1.34185e+01     5.04147e+00
    3.86358e+00     3.08799e+02     1.33815e+01     5.01383e+00
    3.86768e+00     3.08046e+02     1.33226e+01     4.98972e+00
    3.87177e+00     3.07572e+02     1.32848e+01     4.96848e+00
    3.87585e+00     3.06877e+02     1.32431e+01     4.94357e+00
    3.87994e+00     3.06329e+02     1.32162e+01     4.92326e+00
    3.88403e+00     3.05755e+02     1.31680e+01     4.89914e+00
    3.88813e+00     3.05146e+02     1.31369e+01     4.87228e+00
    3.89222e+00     3.04506e+02     1.31064e+01     4.85403e+00
    3.89631e+00     3.03987e+02     1.30530e+01     4.82963e+00
    3.90040e+00     3.03251e+02     1.29912e+01     4.80245e+00
    3.90449e+00     3.02889e+02     1.29672e+01     4.78519e+00
    3.90858e+00     3.02334e+02     1.29547e+01     4.76813e+00
    3.91267e+00     3.01609e+02     1.29129e+01     4.74264e+00
    3.91676e+00     3.00973e+02     1.28714e+01     4.72283e+00
    3.92085e+00     3.00410e+02     1.28573e+01     4.70021e+00
    3.92494e+00     2.99755e+02     1.27822e+01     4.67940e+00
    3.92903e+00     2.99115e+02     1.27436e+01     4.65689e+00
    3.93312e+00     2.98666e+02     1.27116e+01     4.63441e+00
    3.93721e+00     2.98257e+02     1.26985e+01     4.61594e+00
    3.94130e+00     2.97593e+02     1.26361e+01     4.59266e+00
    3.94539e+00     2.97120e+02     1.26160e+01     4.57452e+00
    3.94949e+00     2.96464e+02     1.25737e+01     4.54972e+00
    3.95358e+00     2.95524e+02     1.25113e+01     4.52855e+00
    3.95767e+00     2.95413e+02     1.25201e+01     4.51215e+00
    3.96176e+00     2.94780e+02     1.24750e+01     4.49039e+00
    3.96585e+00     2.94232e+02     1.24331e+01     4.47099e+00
    3.96994e+00     2.93595e+02     1.23930e+01     4.44887e+00
    3.97403e+00     2.92989e+02     1.23520e+01     4.42901e+00
    3.97812e+00     2.92385e+02     1.23119e+01     4.40716e+00
    3.98221e+00     2.91821e+02     1.22926e+01     4.38850e+00
    3.98630e+00     2.91571e+02     1.22487e+01     4.37102e+00
    3.99039e+00     2.90892e+02     1.22063e+01     4.35318e+00
    3.99448e+00     2.90284e+02     1.21682e+01     4.33292e+00
    3.99857e+00     2.89709e+02     1.21470e+01     4.31215e+00
    4.00266e+00     2.89230e+02     1.21050e+01     4.29434e+00
    4.00675e+00     2.88745e+02     1.20802e+01     4.27417e+00
    4.01085e+00     2.87985e+02     1.20582e+01     4.25684e+00
    4.01494e+00     2.87314e+02     1.20156e+01     4.24137e+00
    4.01902e+00     2.86977e+02     1.19669e+01     4.21798e+00
    4.02312e+00     2.86487e+02     1.19444e+01     4.20122e+00
    4.02721e+00     2.85763e+02     1.18879e+01     4.18141e+00
    4.03130e+00     2.85423e+02     1.18791e+01     4.16545e+00
    4.03539e+00     2.85052e+02     1.18614e+01     4.14890e+00
    4.03948e+00     2.84302e+02     1.17995e+01     4.13033e+00
    4.04357e+00     2.83973e+02     1.17858e+01     4.11106e+00
    4.04766e+00     2.83366e+02     1.17576e+01     4.09282e+00
    4.05175e+00     2.82808e+02     1.17269e+01     4.07445e+00
    4.05584e+00     2.82244e+02     1.16752e+01     4.05854e+00
    4.05993e+00     2.81770e+02     1.16486e+01     4.04167e+00
    4.06402e+00     2.81408e+02     1.16254e+01     4.02589e+00
    4.06811e+00     2.80765e+02     1.15770e+01     4.00601e+00
    4.07220e+00     2.80095e+02     1.15536e+01     3.99061e+00
    4.07630e+00     2.79811e+02     1.15358e+01     3.97516e+00
    4.08038e+00     2.79152e+02     1.14768e+01     3.95668e+00
    4.08447e+00     2.78639e+02     1.14640e+01     3.94106e+00
    4.08857e+00     2.78350e+02     1.14506e+01     3.92367e+00
    4.09266e+00     2.77806e+02     1.14002e+01     3.90922e+00
    4.09675e+00     2.77315e+02     1.13774e+01     3.89257e+00
    4.10084e+00     2.76874e+02     1.13319e+01     3.87740e+00
    4.10493e+00     2.76279e+02     1.13095e+01     3.86156e+00
    4.10902e+00     2.75799e+02     1.12850e+01     3.84373e+00
    4.11311e+00     2.75301e+02     1.12329e+01     3.82492e+00
    4.11720e+00     2.74989e+02     1.12256e+01     3.81450e+00
    4.12129e+00     2.74268e+02     1.11806e+01     3.79617e+00
    4.12538e+00     2.73688e+02     1.11407e+01     3.78222e+00
    4.12947e+00     2.73370e+02     1.11301e+01     3.76593e+00
    4.13356e+00     2.72678e+02     1.10926e+01     3.74967e+00
    4.13765e+00     2.72442e+02     1.10618e+01     3.73506e+00
    4.14175e+00     2.71995e+02     1.10496e+01     3.72281e+00
    4.14584e+00     2.71429e+02     1.10106e+01     3.70704e+00
    4.14993e+00     2.70980e+02     1.09675e+01     3.68968e+00
    4.15402e+00     2.70691e+02     1.09695e+01     3.67728e+00
    4.15811e+00     2.70061e+02     1.09335e+01     3.66403e+00
    4.16220e+00     2.69529e+02     1.08980e+01     3.64788e+00
    4.16629e+00     2.69071e+02     1.08551e+01     3.63499e+00
    4.17038e+00     2.68528e+02     1.08376e+01     3.62060e+00
    4.17447e+00     2.67995e+02     1.07933e+01     3.60486e+00
    4.17856e+00     2.67847e+02     1.07907e+01     3.59425e+00
    4.18265e+00     2.67173e+02     1.07564e+01     3.57664e+00
    4.18674e+00     2.66965e+02     1.07279e+01     3.56432e+00
