# Real space h-h auto- and h-m cross-spectra.
# z=1.000, 12.500<lgM<13.000
#      k[h/Mpc]            P_hh            P_hm
    0.00000e+00     0.00000e+00     0.00000e+00
    5.79404e-03     1.56970e+04     7.93846e+03
    1.04717e-02     1.98033e+04     1.07382e+04
    1.42665e-02     2.85384e+04     1.53631e+04
    1.81228e-02     3.25167e+04     1.83467e+04
    2.24845e-02     2.75123e+04     1.54437e+04
    2.64508e-02     2.90058e+04     1.60693e+04
    3.04474e-02     2.01627e+04     1.10932e+04
    3.47320e-02     2.03955e+04     1.12806e+04
    3.88308e-02     1.72232e+04     9.31495e+03
    4.28140e-02     1.67551e+04     9.08094e+03
    4.68856e-02     1.58260e+04     8.34710e+03
    5.09858e-02     1.48361e+04     7.90692e+03
    5.51458e-02     1.37815e+04     7.24690e+03
    5.92243e-02     1.29642e+04     6.85394e+03
    6.32864e-02     1.25957e+04     6.57628e+03
    6.73674e-02     1.26021e+04     6.55326e+03
    7.14960e-02     1.18397e+04     6.14787e+03
    7.55894e-02     1.12083e+04     5.71287e+03
    7.96660e-02     1.04445e+04     5.30438e+03
    8.38183e-02     9.87776e+03     4.99062e+03
    8.78941e-02     8.96541e+03     4.46552e+03
    9.19238e-02     8.39305e+03     4.13563e+03
    9.60446e-02     7.96847e+03     3.84139e+03
    1.00128e-01     7.51540e+03     3.57569e+03
    1.04209e-01     7.05409e+03     3.34912e+03
    1.08333e-01     6.66488e+03     3.11922e+03
    1.12448e-01     6.71662e+03     3.14012e+03
    1.16521e-01     6.50460e+03     3.01223e+03
    1.20596e-01     6.23271e+03     2.86350e+03
    1.24665e-01     6.18247e+03     2.84678e+03
    1.28771e-01     6.02134e+03     2.72578e+03
    1.32874e-01     5.79150e+03     2.59872e+03
    1.36975e-01     5.47214e+03     2.43793e+03
    1.41075e-01     5.36271e+03     2.34705e+03
    1.45172e-01     5.18383e+03     2.25617e+03
    1.49268e-01     4.87259e+03     2.05678e+03
    1.53330e-01     4.74794e+03     2.00363e+03
    1.57416e-01     4.52862e+03     1.90256e+03
    1.61514e-01     4.40073e+03     1.82032e+03
    1.65592e-01     4.32532e+03     1.74821e+03
    1.69693e-01     4.21023e+03     1.69158e+03
    1.73803e-01     4.08147e+03     1.60691e+03
    1.77905e-01     4.00634e+03     1.58262e+03
    1.82001e-01     4.00187e+03     1.55591e+03
    1.86092e-01     3.84219e+03     1.49038e+03
    1.90161e-01     3.78329e+03     1.46326e+03
    1.94237e-01     3.65927e+03     1.37632e+03
    1.98334e-01     3.70136e+03     1.40097e+03
    2.02427e-01     3.59253e+03     1.34618e+03
    2.06523e-01     3.46023e+03     1.27834e+03
    2.10626e-01     3.40148e+03     1.23510e+03
    2.14724e-01     3.30068e+03     1.18527e+03
    2.18827e-01     3.32083e+03     1.17811e+03
    2.22903e-01     3.23089e+03     1.13456e+03
    2.26990e-01     3.15963e+03     1.09496e+03
    2.31084e-01     3.10989e+03     1.06661e+03
    2.35153e-01     3.01825e+03     1.01914e+03
    2.39244e-01     2.98917e+03     1.00519e+03
    2.43338e-01     2.96342e+03     9.78447e+02
    2.47445e-01     2.93676e+03     9.63231e+02
    2.51539e-01     2.86894e+03     9.31693e+02
    2.55609e-01     2.85256e+03     9.22266e+02
    2.59718e-01     2.81049e+03     8.93055e+02
    2.63814e-01     2.74785e+03     8.64644e+02
    2.67904e-01     2.74107e+03     8.52350e+02
    2.71993e-01     2.69701e+03     8.31270e+02
    2.76068e-01     2.65583e+03     8.09923e+02
    2.80171e-01     2.61220e+03     7.91325e+02
    2.84268e-01     2.56219e+03     7.65888e+02
    2.88346e-01     2.55825e+03     7.52448e+02
    2.92426e-01     2.53663e+03     7.34900e+02
    2.96514e-01     2.48674e+03     7.16401e+02
    3.00627e-01     2.46275e+03     7.05824e+02
    3.04729e-01     2.41889e+03     6.86239e+02
    3.08821e-01     2.40121e+03     6.78725e+02
    3.12919e-01     2.39966e+03     6.68999e+02
    3.16999e-01     2.37661e+03     6.54252e+02
    3.21078e-01     2.34551e+03     6.33876e+02
    3.25167e-01     2.32501e+03     6.31321e+02
    3.29247e-01     2.28642e+03     6.08172e+02
    3.33333e-01     2.27049e+03     6.00755e+02
    3.37443e-01     2.25159e+03     5.88315e+02
    3.41545e-01     2.22277e+03     5.79583e+02
    3.45625e-01     2.20837e+03     5.66026e+02
    3.49715e-01     2.19104e+03     5.57943e+02
    3.53817e-01     2.16862e+03     5.43762e+02
    3.57906e-01     2.14648e+03     5.32852e+02
    3.61975e-01     2.12986e+03     5.22449e+02
    3.66071e-01     2.12568e+03     5.22456e+02
    3.70189e-01     2.10810e+03     5.11651e+02
    3.74277e-01     2.09775e+03     5.02543e+02
    3.78356e-01     2.06512e+03     4.88865e+02
    3.82448e-01     2.05537e+03     4.85290e+02
    3.86535e-01     2.02924e+03     4.74712e+02
    3.90624e-01     2.03434e+03     4.73364e+02
    3.94706e-01     2.01283e+03     4.65018e+02
    3.98794e-01     2.01081e+03     4.56477e+02
    4.02896e-01     1.98681e+03     4.49585e+02
    4.06986e-01     1.98041e+03     4.42967e+02
    4.11069e-01     1.95884e+03     4.32493e+02
    4.15170e-01     1.95636e+03     4.30211e+02
    4.19263e-01     1.94219e+03     4.21049e+02
    4.23353e-01     1.91558e+03     4.13960e+02
    4.27447e-01     1.91311e+03     4.07597e+02
    4.31534e-01     1.91265e+03     4.08851e+02
    4.35624e-01     1.89748e+03     3.94898e+02
    4.39718e-01     1.87902e+03     3.93041e+02
    4.43804e-01     1.87040e+03     3.87664e+02
    4.47892e-01     1.86497e+03     3.82230e+02
    4.51977e-01     1.83999e+03     3.76931e+02
    4.56067e-01     1.82745e+03     3.71051e+02
    4.60165e-01     1.81740e+03     3.64035e+02
    4.64260e-01     1.82334e+03     3.61894e+02
    4.68355e-01     1.81453e+03     3.56093e+02
    4.72450e-01     1.79430e+03     3.50195e+02
    4.76540e-01     1.79220e+03     3.47842e+02
    4.80633e-01     1.77420e+03     3.41471e+02
    4.84718e-01     1.77184e+03     3.36791e+02
    4.88794e-01     1.76026e+03     3.31810e+02
    4.92888e-01     1.75772e+03     3.30621e+02
    4.96984e-01     1.75159e+03     3.27987e+02
    5.01073e-01     1.73725e+03     3.21376e+02
    5.05169e-01     1.73501e+03     3.19075e+02
    5.09268e-01     1.71994e+03     3.13497e+02
    5.13369e-01     1.72549e+03     3.14082e+02
    5.17441e-01     1.71760e+03     3.09526e+02
    5.21516e-01     1.70662e+03     3.05893e+02
    5.25611e-01     1.69949e+03     3.00663e+02
    5.29706e-01     1.68655e+03     2.97589e+02
    5.33801e-01     1.68276e+03     2.92865e+02
    5.37888e-01     1.67767e+03     2.92034e+02
    5.41985e-01     1.66530e+03     2.87316e+02
    5.46091e-01     1.66435e+03     2.84843e+02
    5.50174e-01     1.66034e+03     2.80511e+02
    5.54252e-01     1.65631e+03     2.78847e+02
    5.58346e-01     1.64607e+03     2.74293e+02
    5.62439e-01     1.64686e+03     2.73547e+02
    5.66527e-01     1.62923e+03     2.67694e+02
    5.70616e-01     1.63386e+03     2.69037e+02
    5.74707e-01     1.62752e+03     2.64884e+02
    5.78798e-01     1.60863e+03     2.59860e+02
    5.82883e-01     1.60966e+03     2.57587e+02
    5.86977e-01     1.60343e+03     2.55054e+02
    5.91070e-01     1.60511e+03     2.54887e+02
    5.95166e-01     1.60169e+03     2.51835e+02
    5.99260e-01     1.58899e+03     2.48785e+02
    6.03349e-01     1.58185e+03     2.45346e+02
    6.07445e-01     1.57659e+03     2.44646e+02
    6.11543e-01     1.57836e+03     2.41901e+02
    6.15623e-01     1.57260e+03     2.39311e+02
    6.19704e-01     1.55892e+03     2.34662e+02
    6.23792e-01     1.56085e+03     2.34090e+02
    6.27891e-01     1.55667e+03     2.33750e+02
    6.31991e-01     1.54700e+03     2.29949e+02
    6.36073e-01     1.54744e+03     2.28019e+02
    6.40158e-01     1.52914e+03     2.25586e+02
    6.44244e-01     1.53666e+03     2.24271e+02
    6.48338e-01     1.53476e+03     2.21886e+02
    6.52432e-01     1.52220e+03     2.19257e+02
    6.56514e-01     1.52439e+03     2.18529e+02
    6.60609e-01     1.51882e+03     2.15711e+02
    6.64712e-01     1.51626e+03     2.15212e+02
    6.68801e-01     1.50796e+03     2.11972e+02
    6.72890e-01     1.50649e+03     2.11110e+02
    6.76984e-01     1.49634e+03     2.07967e+02
    6.81074e-01     1.48997e+03     2.06213e+02
    6.85160e-01     1.49183e+03     2.05835e+02
    6.89246e-01     1.48624e+03     2.02897e+02
    6.93336e-01     1.48598e+03     2.01843e+02
    6.97434e-01     1.47322e+03     1.99479e+02
    7.01528e-01     1.47813e+03     1.98774e+02
    7.05618e-01     1.47406e+03     1.96757e+02
    7.09708e-01     1.47342e+03     1.96054e+02
    7.13796e-01     1.46636e+03     1.94005e+02
    7.17892e-01     1.46009e+03     1.91133e+02
    7.21982e-01     1.45877e+03     1.89901e+02
    7.26059e-01     1.46246e+03     1.90460e+02
    7.30145e-01     1.45305e+03     1.87771e+02
    7.34240e-01     1.45068e+03     1.85624e+02
    7.38340e-01     1.44209e+03     1.85531e+02
    7.42427e-01     1.43838e+03     1.83780e+02
    7.46511e-01     1.43807e+03     1.82067e+02
    7.50614e-01     1.43572e+03     1.81361e+02
    7.54706e-01     1.42751e+03     1.77982e+02
    7.58795e-01     1.42761e+03     1.78333e+02
    7.62888e-01     1.42440e+03     1.75915e+02
    7.66986e-01     1.42231e+03     1.76411e+02
    7.71073e-01     1.41661e+03     1.74846e+02
    7.75153e-01     1.41640e+03     1.73123e+02
    7.79241e-01     1.40773e+03     1.70992e+02
    7.83335e-01     1.40544e+03     1.70214e+02
    7.87426e-01     1.41033e+03     1.70379e+02
    7.91513e-01     1.40348e+03     1.67633e+02
    7.95606e-01     1.39399e+03     1.65254e+02
    7.99702e-01     1.39327e+03     1.65358e+02
    8.03798e-01     1.40035e+03     1.65872e+02
    8.07879e-01     1.39095e+03     1.63147e+02
    8.11963e-01     1.38802e+03     1.62502e+02
    8.16059e-01     1.38378e+03     1.62017e+02
    8.20152e-01     1.38164e+03     1.59937e+02
    8.24242e-01     1.37381e+03     1.58439e+02
    8.28331e-01     1.37735e+03     1.58390e+02
    8.32425e-01     1.37449e+03     1.57415e+02
    8.36516e-01     1.37236e+03     1.56005e+02
    8.40610e-01     1.36908e+03     1.54972e+02
    8.44704e-01     1.36829e+03     1.54052e+02
    8.48790e-01     1.35809e+03     1.52195e+02
    8.52876e-01     1.36129e+03     1.52350e+02
    8.56967e-01     1.35827e+03     1.51211e+02
    8.61059e-01     1.35261e+03     1.50036e+02
    8.65147e-01     1.34757e+03     1.49094e+02
    8.69235e-01     1.34572e+03     1.48232e+02
    8.73334e-01     1.34623e+03     1.47080e+02
    8.77429e-01     1.34451e+03     1.46198e+02
    8.81512e-01     1.33970e+03     1.44906e+02
    8.85601e-01     1.34101e+03     1.44734e+02
    8.89691e-01     1.33318e+03     1.44123e+02
    8.93784e-01     1.33366e+03     1.42938e+02
    8.97875e-01     1.33340e+03     1.41404e+02
    9.01960e-01     1.32899e+03     1.40894e+02
    9.06054e-01     1.32756e+03     1.40552e+02
    9.10146e-01     1.32327e+03     1.39286e+02
    9.14237e-01     1.31830e+03     1.38673e+02
    9.18331e-01     1.31924e+03     1.37539e+02
    9.22421e-01     1.31522e+03     1.37227e+02
    9.26509e-01     1.31408e+03     1.36198e+02
    9.30598e-01     1.31010e+03     1.35808e+02
    9.34692e-01     1.30356e+03     1.34446e+02
    9.38787e-01     1.30839e+03     1.33840e+02
    9.42873e-01     1.30212e+03     1.32187e+02
    9.46961e-01     1.30150e+03     1.32334e+02
    9.51054e-01     1.29948e+03     1.31723e+02
    9.55150e-01     1.29423e+03     1.30592e+02
    9.59240e-01     1.28966e+03     1.29211e+02
    9.63327e-01     1.29130e+03     1.29682e+02
    9.67420e-01     1.28878e+03     1.28201e+02
    9.71506e-01     1.28520e+03     1.27701e+02
    9.75588e-01     1.28472e+03     1.27020e+02
    9.79678e-01     1.27935e+03     1.26430e+02
    9.83773e-01     1.28149e+03     1.25480e+02
    9.87866e-01     1.28133e+03     1.25496e+02
    9.91960e-01     1.27363e+03     1.23859e+02
    9.96055e-01     1.27749e+03     1.23707e+02
    1.00015e+00     1.27311e+03     1.23186e+02
    1.00424e+00     1.27121e+03     1.22454e+02
    1.00832e+00     1.26709e+03     1.21698e+02
    1.01242e+00     1.26288e+03     1.20467e+02
    1.01651e+00     1.26093e+03     1.20610e+02
    1.02059e+00     1.26191e+03     1.20296e+02
    1.02468e+00     1.26157e+03     1.19562e+02
    1.02878e+00     1.25648e+03     1.18425e+02
    1.03287e+00     1.25336e+03     1.18166e+02
    1.03695e+00     1.24982e+03     1.17276e+02
    1.04105e+00     1.25151e+03     1.16431e+02
    1.04515e+00     1.24697e+03     1.15699e+02
    1.04923e+00     1.24912e+03     1.15565e+02
    1.05332e+00     1.24458e+03     1.15552e+02
    1.05741e+00     1.24478e+03     1.14471e+02
    1.06150e+00     1.24302e+03     1.14226e+02
    1.06559e+00     1.23861e+03     1.13160e+02
    1.06968e+00     1.23488e+03     1.12188e+02
    1.07377e+00     1.23646e+03     1.12179e+02
    1.07786e+00     1.23070e+03     1.11256e+02
    1.08195e+00     1.23109e+03     1.10669e+02
    1.08605e+00     1.22712e+03     1.10490e+02
    1.09014e+00     1.22762e+03     1.09816e+02
    1.09422e+00     1.22560e+03     1.09535e+02
    1.09832e+00     1.22476e+03     1.09247e+02
    1.10242e+00     1.22224e+03     1.08310e+02
    1.10650e+00     1.22261e+03     1.08085e+02
    1.11059e+00     1.21640e+03     1.07831e+02
    1.11468e+00     1.21625e+03     1.06558e+02
    1.11878e+00     1.21297e+03     1.06070e+02
    1.12287e+00     1.21256e+03     1.06360e+02
    1.12695e+00     1.21154e+03     1.05613e+02
    1.13105e+00     1.20946e+03     1.04758e+02
    1.13514e+00     1.20599e+03     1.04565e+02
    1.13922e+00     1.20794e+03     1.04280e+02
    1.14331e+00     1.20143e+03     1.03417e+02
    1.14741e+00     1.20238e+03     1.03420e+02
    1.15150e+00     1.20016e+03     1.02330e+02
    1.15559e+00     1.19783e+03     1.02337e+02
    1.15968e+00     1.19532e+03     1.01924e+02
    1.16377e+00     1.19286e+03     1.01116e+02
    1.16786e+00     1.19223e+03     1.01463e+02
    1.17195e+00     1.19059e+03     1.00482e+02
    1.17604e+00     1.18812e+03     9.98415e+01
    1.18013e+00     1.18601e+03     9.95350e+01
    1.18422e+00     1.18319e+03     9.88131e+01
    1.18831e+00     1.18272e+03     9.87488e+01
    1.19240e+00     1.18241e+03     9.85115e+01
    1.19649e+00     1.17798e+03     9.74775e+01
    1.20059e+00     1.17489e+03     9.69904e+01
    1.20468e+00     1.17461e+03     9.68498e+01
    1.20877e+00     1.17167e+03     9.63372e+01
    1.21286e+00     1.17031e+03     9.58545e+01
    1.21695e+00     1.17044e+03     9.53835e+01
    1.22104e+00     1.16722e+03     9.53953e+01
    1.22513e+00     1.16606e+03     9.48894e+01
    1.22922e+00     1.16560e+03     9.43643e+01
    1.23330e+00     1.16408e+03     9.46010e+01
    1.23740e+00     1.15838e+03     9.35025e+01
    1.24149e+00     1.15587e+03     9.30927e+01
    1.24558e+00     1.15603e+03     9.29713e+01
    1.24967e+00     1.15452e+03     9.30368e+01
    1.25376e+00     1.15227e+03     9.20150e+01
    1.25785e+00     1.15120e+03     9.17608e+01
    1.26194e+00     1.15009e+03     9.13907e+01
    1.26603e+00     1.14651e+03     9.11107e+01
    1.27012e+00     1.14669e+03     9.06396e+01
    1.27422e+00     1.14385e+03     9.02696e+01
    1.27831e+00     1.14178e+03     8.99907e+01
    1.28240e+00     1.14015e+03     8.94125e+01
    1.28649e+00     1.13725e+03     8.91933e+01
    1.29058e+00     1.13845e+03     8.88824e+01
    1.29467e+00     1.13699e+03     8.85445e+01
    1.29876e+00     1.13526e+03     8.81067e+01
    1.30285e+00     1.13388e+03     8.79094e+01
    1.30694e+00     1.12851e+03     8.74196e+01
    1.31103e+00     1.12869e+03     8.74410e+01
    1.31512e+00     1.12767e+03     8.66939e+01
    1.31921e+00     1.12797e+03     8.62232e+01
    1.32331e+00     1.12199e+03     8.57618e+01
    1.32739e+00     1.12257e+03     8.56530e+01
    1.33148e+00     1.11872e+03     8.54245e+01
    1.33558e+00     1.11976e+03     8.49336e+01
    1.33967e+00     1.11510e+03     8.47238e+01
    1.34376e+00     1.11608e+03     8.45293e+01
    1.34785e+00     1.11459e+03     8.41970e+01
    1.35195e+00     1.11348e+03     8.40981e+01
    1.35603e+00     1.11225e+03     8.37605e+01
    1.36011e+00     1.10659e+03     8.30969e+01
    1.36421e+00     1.10696e+03     8.29183e+01
    1.36830e+00     1.10571e+03     8.21814e+01
    1.37239e+00     1.10286e+03     8.21251e+01
    1.37648e+00     1.10364e+03     8.21466e+01
    1.38057e+00     1.09993e+03     8.16250e+01
    1.38466e+00     1.09784e+03     8.13334e+01
    1.38875e+00     1.09878e+03     8.11912e+01
    1.39285e+00     1.09592e+03     8.06015e+01
    1.39694e+00     1.09469e+03     8.06091e+01
    1.40102e+00     1.09458e+03     8.00825e+01
    1.40512e+00     1.09097e+03     7.96199e+01
    1.40921e+00     1.08815e+03     7.93748e+01
    1.41330e+00     1.08762e+03     7.91632e+01
    1.41739e+00     1.08613e+03     7.89920e+01
    1.42148e+00     1.08547e+03     7.89072e+01
    1.42557e+00     1.08316e+03     7.84615e+01
    1.42966e+00     1.08395e+03     7.81722e+01
    1.43375e+00     1.07995e+03     7.76761e+01
    1.43784e+00     1.07820e+03     7.74584e+01
    1.44193e+00     1.07760e+03     7.72630e+01
    1.44602e+00     1.07599e+03     7.71120e+01
    1.45011e+00     1.07169e+03     7.65934e+01
    1.45420e+00     1.07183e+03     7.66329e+01
    1.45830e+00     1.07142e+03     7.64858e+01
    1.46239e+00     1.06907e+03     7.59614e+01
    1.46648e+00     1.06553e+03     7.56223e+01
    1.47056e+00     1.06560e+03     7.53723e+01
    1.47465e+00     1.06346e+03     7.49803e+01
    1.47874e+00     1.06317e+03     7.50713e+01
    1.48283e+00     1.06117e+03     7.48152e+01
    1.48693e+00     1.06004e+03     7.46421e+01
    1.49102e+00     1.05930e+03     7.42431e+01
    1.49511e+00     1.05640e+03     7.36777e+01
    1.49920e+00     1.05553e+03     7.36852e+01
    1.50329e+00     1.05412e+03     7.35769e+01
    1.50738e+00     1.05148e+03     7.31206e+01
    1.51148e+00     1.05201e+03     7.28609e+01
    1.51557e+00     1.04755e+03     7.25134e+01
    1.51965e+00     1.04625e+03     7.22562e+01
    1.52374e+00     1.04373e+03     7.23174e+01
    1.52784e+00     1.04366e+03     7.18819e+01
    1.53193e+00     1.04035e+03     7.15629e+01
    1.53602e+00     1.04310e+03     7.15361e+01
    1.54011e+00     1.03898e+03     7.14406e+01
    1.54420e+00     1.03690e+03     7.08887e+01
    1.54829e+00     1.03754e+03     7.08733e+01
    1.55238e+00     1.03499e+03     7.06552e+01
    1.55647e+00     1.03375e+03     7.04876e+01
    1.56056e+00     1.03363e+03     7.02061e+01
    1.56465e+00     1.03164e+03     6.97762e+01
    1.56874e+00     1.02918e+03     6.94607e+01
    1.57283e+00     1.02866e+03     6.95142e+01
    1.57693e+00     1.02591e+03     6.93576e+01
    1.58102e+00     1.02552e+03     6.92305e+01
    1.58510e+00     1.02240e+03     6.86631e+01
    1.58919e+00     1.02197e+03     6.84815e+01
    1.59329e+00     1.01813e+03     6.80725e+01
    1.59738e+00     1.01793e+03     6.78736e+01
    1.60147e+00     1.01831e+03     6.77306e+01
    1.60556e+00     1.01405e+03     6.73937e+01
    1.60965e+00     1.01334e+03     6.71883e+01
    1.61374e+00     1.01119e+03     6.72444e+01
    1.61783e+00     1.01308e+03     6.70794e+01
    1.62192e+00     1.00849e+03     6.66704e+01
    1.62601e+00     1.00798e+03     6.64083e+01
    1.63010e+00     1.00488e+03     6.64348e+01
    1.63419e+00     1.00288e+03     6.59855e+01
    1.63828e+00     1.00252e+03     6.57588e+01
    1.64238e+00     1.00096e+03     6.57039e+01
    1.64647e+00     9.99225e+02     6.55059e+01
    1.65055e+00     9.99471e+02     6.54280e+01
    1.65465e+00     9.96829e+02     6.49881e+01
    1.65874e+00     9.93613e+02     6.49369e+01
    1.66283e+00     9.93975e+02     6.47021e+01
    1.66691e+00     9.90063e+02     6.43444e+01
    1.67101e+00     9.89852e+02     6.41977e+01
    1.67510e+00     9.90295e+02     6.39769e+01
    1.67919e+00     9.88404e+02     6.38239e+01
    1.68328e+00     9.86426e+02     6.36551e+01
    1.68737e+00     9.83788e+02     6.34730e+01
    1.69146e+00     9.82780e+02     6.33198e+01
    1.69555e+00     9.81398e+02     6.31409e+01
    1.69964e+00     9.79667e+02     6.30195e+01
    1.70373e+00     9.76687e+02     6.24975e+01
    1.70782e+00     9.77562e+02     6.24957e+01
    1.71191e+00     9.76863e+02     6.23338e+01
    1.71600e+00     9.73824e+02     6.19831e+01
    1.72009e+00     9.74119e+02     6.20426e+01
    1.72418e+00     9.69703e+02     6.15636e+01
    1.72828e+00     9.71546e+02     6.14658e+01
    1.73237e+00     9.66070e+02     6.12373e+01
    1.73646e+00     9.65856e+02     6.12836e+01
    1.74055e+00     9.65445e+02     6.07469e+01
    1.74464e+00     9.64367e+02     6.09034e+01
    1.74874e+00     9.60383e+02     6.05076e+01
    1.75282e+00     9.61026e+02     6.03794e+01
    1.75691e+00     9.60056e+02     6.01507e+01
    1.76100e+00     9.55259e+02     6.01191e+01
    1.76509e+00     9.56376e+02     6.00842e+01
    1.76918e+00     9.54719e+02     5.97439e+01
    1.77327e+00     9.54146e+02     5.96571e+01
    1.77737e+00     9.52567e+02     5.95369e+01
    1.78146e+00     9.53240e+02     5.93573e+01
    1.78554e+00     9.48124e+02     5.88097e+01
    1.78964e+00     9.48305e+02     5.87270e+01
    1.79373e+00     9.46688e+02     5.87809e+01
    1.79782e+00     9.44310e+02     5.83050e+01
    1.80191e+00     9.44105e+02     5.84767e+01
    1.80600e+00     9.41067e+02     5.79650e+01
    1.81009e+00     9.39560e+02     5.76927e+01
    1.81418e+00     9.37986e+02     5.76210e+01
    1.81827e+00     9.37391e+02     5.77359e+01
    1.82236e+00     9.35667e+02     5.73402e+01
    1.82645e+00     9.34967e+02     5.72421e+01
    1.83054e+00     9.33372e+02     5.70743e+01
    1.83463e+00     9.33382e+02     5.71634e+01
    1.83872e+00     9.29947e+02     5.65374e+01
    1.84281e+00     9.29098e+02     5.66634e+01
    1.84691e+00     9.28143e+02     5.64305e+01
    1.85100e+00     9.25432e+02     5.62081e+01
    1.85509e+00     9.24278e+02     5.60707e+01
    1.85918e+00     9.21655e+02     5.60075e+01
    1.86327e+00     9.20043e+02     5.56305e+01
    1.86736e+00     9.21324e+02     5.57125e+01
    1.87145e+00     9.19476e+02     5.55328e+01
    1.87554e+00     9.16090e+02     5.53759e+01
    1.87963e+00     9.14299e+02     5.49879e+01
    1.88372e+00     9.13362e+02     5.49222e+01
    1.88781e+00     9.12257e+02     5.47576e+01
    1.89190e+00     9.11635e+02     5.46883e+01
    1.89599e+00     9.11509e+02     5.45439e+01
    1.90008e+00     9.09156e+02     5.43182e+01
    1.90417e+00     9.07651e+02     5.41703e+01
    1.90827e+00     9.05820e+02     5.39081e+01
    1.91236e+00     9.03540e+02     5.37273e+01
    1.91645e+00     9.02193e+02     5.36582e+01
    1.92054e+00     9.00547e+02     5.34712e+01
    1.92463e+00     8.99572e+02     5.32530e+01
    1.92872e+00     8.97028e+02     5.31470e+01
    1.93281e+00     8.96514e+02     5.32130e+01
    1.93690e+00     8.95706e+02     5.29410e+01
    1.94099e+00     8.92963e+02     5.27744e+01
    1.94508e+00     8.93442e+02     5.27077e+01
    1.94917e+00     8.90723e+02     5.24450e+01
    1.95326e+00     8.88716e+02     5.22721e+01
    1.95735e+00     8.88212e+02     5.21382e+01
    1.96144e+00     8.85392e+02     5.19864e+01
    1.96553e+00     8.86090e+02     5.20022e+01
    1.96962e+00     8.83482e+02     5.17099e+01
    1.97371e+00     8.83141e+02     5.16772e+01
    1.97781e+00     8.81563e+02     5.14709e+01
    1.98190e+00     8.80576e+02     5.13614e+01
    1.98599e+00     8.78034e+02     5.10936e+01
    1.99008e+00     8.75929e+02     5.09358e+01
    1.99417e+00     8.75560e+02     5.07703e+01
    1.99826e+00     8.73732e+02     5.07202e+01
    2.00235e+00     8.72670e+02     5.05987e+01
    2.00644e+00     8.71404e+02     5.05448e+01
    2.01053e+00     8.70375e+02     5.02123e+01
    2.01462e+00     8.68039e+02     5.00818e+01
    2.01871e+00     8.66440e+02     4.99008e+01
    2.02280e+00     8.65656e+02     4.98516e+01
    2.02689e+00     8.62509e+02     4.94700e+01
    2.03098e+00     8.62232e+02     4.94761e+01
    2.03507e+00     8.60458e+02     4.92851e+01
    2.03917e+00     8.59773e+02     4.92276e+01
    2.04325e+00     8.58708e+02     4.91745e+01
    2.04735e+00     8.57348e+02     4.91055e+01
    2.05143e+00     8.55168e+02     4.88389e+01
    2.05552e+00     8.54078e+02     4.86321e+01
    2.05962e+00     8.50349e+02     4.82903e+01
    2.06371e+00     8.52141e+02     4.83771e+01
    2.06780e+00     8.49327e+02     4.82905e+01
    2.07189e+00     8.47725e+02     4.81207e+01
    2.07598e+00     8.47389e+02     4.79950e+01
    2.08007e+00     8.45319e+02     4.78260e+01
    2.08416e+00     8.43795e+02     4.77638e+01
    2.08825e+00     8.42369e+02     4.75973e+01
    2.09234e+00     8.41739e+02     4.73939e+01
    2.09644e+00     8.39364e+02     4.72425e+01
    2.10053e+00     8.38459e+02     4.72163e+01
    2.10461e+00     8.36709e+02     4.70801e+01
    2.10870e+00     8.34997e+02     4.69036e+01
    2.11280e+00     8.32904e+02     4.67811e+01
    2.11688e+00     8.32656e+02     4.68183e+01
    2.12098e+00     8.31390e+02     4.66869e+01
    2.12507e+00     8.30260e+02     4.64649e+01
    2.12916e+00     8.27960e+02     4.62987e+01
    2.13325e+00     8.26848e+02     4.60847e+01
    2.13734e+00     8.24632e+02     4.59525e+01
    2.14143e+00     8.23854e+02     4.58663e+01
    2.14552e+00     8.22885e+02     4.57179e+01
    2.14961e+00     8.21905e+02     4.55956e+01
    2.15370e+00     8.19431e+02     4.54769e+01
    2.15779e+00     8.17884e+02     4.53999e+01
    2.16188e+00     8.17525e+02     4.53739e+01
    2.16597e+00     8.15241e+02     4.50434e+01
    2.17006e+00     8.14629e+02     4.49522e+01
    2.17416e+00     8.11453e+02     4.48614e+01
    2.17825e+00     8.10465e+02     4.46659e+01
    2.18234e+00     8.10316e+02     4.46221e+01
    2.18643e+00     8.09486e+02     4.45709e+01
    2.19052e+00     8.07488e+02     4.45291e+01
    2.19461e+00     8.05578e+02     4.42771e+01
    2.19870e+00     8.03842e+02     4.40755e+01
    2.20279e+00     8.02802e+02     4.39524e+01
    2.20688e+00     8.02044e+02     4.38057e+01
    2.21097e+00     7.99825e+02     4.36459e+01
    2.21506e+00     7.98180e+02     4.37092e+01
    2.21915e+00     7.96897e+02     4.35823e+01
    2.22324e+00     7.96705e+02     4.34978e+01
    2.22733e+00     7.94889e+02     4.31804e+01
    2.23142e+00     7.92745e+02     4.31825e+01
    2.23552e+00     7.91599e+02     4.30489e+01
    2.23961e+00     7.90503e+02     4.28618e+01
    2.24369e+00     7.89151e+02     4.28631e+01
    2.24779e+00     7.87963e+02     4.27211e+01
    2.25188e+00     7.86752e+02     4.24632e+01
    2.25597e+00     7.85099e+02     4.24200e+01
    2.26006e+00     7.83507e+02     4.23441e+01
    2.26415e+00     7.82365e+02     4.21765e+01
    2.26824e+00     7.81112e+02     4.21372e+01
    2.27233e+00     7.79784e+02     4.20059e+01
    2.27642e+00     7.78073e+02     4.17872e+01
    2.28051e+00     7.76089e+02     4.16827e+01
    2.28460e+00     7.75529e+02     4.16867e+01
    2.28869e+00     7.72772e+02     4.12930e+01
    2.29278e+00     7.72147e+02     4.12959e+01
    2.29687e+00     7.71548e+02     4.12843e+01
    2.30096e+00     7.69448e+02     4.10782e+01
    2.30506e+00     7.68619e+02     4.10043e+01
    2.30915e+00     7.68454e+02     4.10771e+01
    2.31324e+00     7.66263e+02     4.07981e+01
    2.31733e+00     7.64403e+02     4.05952e+01
    2.32142e+00     7.62996e+02     4.05047e+01
    2.32551e+00     7.61434e+02     4.04511e+01
    2.32960e+00     7.60020e+02     4.03705e+01
    2.33369e+00     7.59656e+02     4.03015e+01
    2.33778e+00     7.58226e+02     4.01675e+01
    2.34187e+00     7.55416e+02     3.99567e+01
    2.34596e+00     7.54707e+02     3.98190e+01
    2.35005e+00     7.53116e+02     3.97590e+01
    2.35414e+00     7.52890e+02     3.97314e+01
    2.35823e+00     7.51910e+02     3.94592e+01
    2.36232e+00     7.49592e+02     3.94800e+01
    2.36641e+00     7.48713e+02     3.92697e+01
    2.37051e+00     7.46695e+02     3.91610e+01
    2.37460e+00     7.45539e+02     3.90461e+01
    2.37869e+00     7.45262e+02     3.90651e+01
    2.38278e+00     7.43200e+02     3.89373e+01
    2.38687e+00     7.41085e+02     3.87292e+01
    2.39096e+00     7.40087e+02     3.85774e+01
    2.39505e+00     7.39048e+02     3.85264e+01
    2.39914e+00     7.37444e+02     3.84854e+01
    2.40323e+00     7.35645e+02     3.82963e+01
    2.40732e+00     7.34569e+02     3.82164e+01
    2.41141e+00     7.32517e+02     3.80755e+01
    2.41550e+00     7.31914e+02     3.79850e+01
    2.41959e+00     7.31235e+02     3.79138e+01
    2.42368e+00     7.29652e+02     3.78152e+01
    2.42777e+00     7.28218e+02     3.76570e+01
    2.43187e+00     7.26484e+02     3.75676e+01
    2.43596e+00     7.25971e+02     3.74779e+01
    2.44004e+00     7.23693e+02     3.73200e+01
    2.44414e+00     7.21693e+02     3.71642e+01
    2.44823e+00     7.20856e+02     3.71715e+01
    2.45232e+00     7.20649e+02     3.70570e+01
    2.45640e+00     7.18528e+02     3.69617e+01
    2.46050e+00     7.18245e+02     3.70119e+01
    2.46459e+00     7.16162e+02     3.66558e+01
    2.46868e+00     7.15012e+02     3.65921e+01
    2.47277e+00     7.13806e+02     3.65464e+01
    2.47686e+00     7.11951e+02     3.64624e+01
    2.48095e+00     7.10259e+02     3.62890e+01
    2.48504e+00     7.08863e+02     3.61589e+01
    2.48913e+00     7.07721e+02     3.60919e+01
    2.49322e+00     7.06831e+02     3.60098e+01
    2.49731e+00     7.04548e+02     3.58003e+01
    2.50141e+00     7.04559e+02     3.58570e+01
    2.50550e+00     7.02902e+02     3.56525e+01
    2.50959e+00     7.02032e+02     3.56284e+01
    2.51368e+00     6.99627e+02     3.54719e+01
    2.51777e+00     6.99049e+02     3.54260e+01
    2.52186e+00     6.98368e+02     3.53239e+01
    2.52595e+00     6.96734e+02     3.52975e+01
    2.53004e+00     6.94824e+02     3.50940e+01
    2.53413e+00     6.94172e+02     3.49678e+01
    2.53822e+00     6.92015e+02     3.48268e+01
    2.54231e+00     6.91701e+02     3.47945e+01
    2.54640e+00     6.89438e+02     3.46470e+01
    2.55049e+00     6.88186e+02     3.45842e+01
    2.55458e+00     6.86720e+02     3.44038e+01
    2.55867e+00     6.86351e+02     3.44391e+01
    2.56276e+00     6.84775e+02     3.42764e+01
    2.56685e+00     6.83558e+02     3.41983e+01
    2.57095e+00     6.82212e+02     3.40622e+01
    2.57504e+00     6.80542e+02     3.39984e+01
    2.57913e+00     6.79092e+02     3.38936e+01
    2.58322e+00     6.78581e+02     3.38715e+01
    2.58731e+00     6.77587e+02     3.37803e+01
    2.59140e+00     6.75804e+02     3.36475e+01
    2.59549e+00     6.74754e+02     3.35752e+01
    2.59958e+00     6.72625e+02     3.33840e+01
    2.60367e+00     6.72314e+02     3.33469e+01
    2.60776e+00     6.70792e+02     3.32626e+01
    2.61185e+00     6.68511e+02     3.31018e+01
    2.61594e+00     6.68595e+02     3.31169e+01
    2.62003e+00     6.67287e+02     3.29588e+01
    2.62412e+00     6.65622e+02     3.28611e+01
    2.62821e+00     6.63723e+02     3.28415e+01
    2.63230e+00     6.62775e+02     3.26586e+01
    2.63640e+00     6.61453e+02     3.25537e+01
    2.64049e+00     6.60235e+02     3.24526e+01
    2.64457e+00     6.58038e+02     3.23392e+01
    2.64867e+00     6.57779e+02     3.22312e+01
    2.65276e+00     6.56261e+02     3.21565e+01
    2.65685e+00     6.54713e+02     3.20727e+01
    2.66094e+00     6.54000e+02     3.20154e+01
    2.66503e+00     6.52490e+02     3.19201e+01
    2.66912e+00     6.51433e+02     3.18634e+01
    2.67321e+00     6.50431e+02     3.17143e+01
    2.67730e+00     6.48356e+02     3.16236e+01
    2.68139e+00     6.46841e+02     3.15218e+01
    2.68548e+00     6.46125e+02     3.14351e+01
    2.68957e+00     6.44583e+02     3.13436e+01
    2.69366e+00     6.43689e+02     3.12922e+01
    2.69776e+00     6.42451e+02     3.11663e+01
    2.70185e+00     6.41345e+02     3.11266e+01
    2.70594e+00     6.39847e+02     3.10137e+01
    2.71003e+00     6.39166e+02     3.09014e+01
    2.71412e+00     6.36805e+02     3.08388e+01
    2.71821e+00     6.36080e+02     3.06955e+01
    2.72230e+00     6.34663e+02     3.06423e+01
    2.72639e+00     6.34298e+02     3.05928e+01
    2.73048e+00     6.32024e+02     3.04765e+01
    2.73457e+00     6.30900e+02     3.03787e+01
    2.73866e+00     6.30263e+02     3.02526e+01
    2.74275e+00     6.28795e+02     3.02128e+01
    2.74684e+00     6.27902e+02     3.00956e+01
    2.75093e+00     6.26181e+02     3.00113e+01
    2.75502e+00     6.24745e+02     2.99097e+01
    2.75911e+00     6.23672e+02     2.98631e+01
    2.76320e+00     6.22271e+02     2.96452e+01
    2.76730e+00     6.21116e+02     2.97009e+01
    2.77139e+00     6.19376e+02     2.95706e+01
    2.77548e+00     6.19037e+02     2.95042e+01
    2.77957e+00     6.17391e+02     2.93667e+01
    2.78366e+00     6.15644e+02     2.93140e+01
    2.78775e+00     6.15319e+02     2.92250e+01
    2.79184e+00     6.14637e+02     2.91674e+01
    2.79593e+00     6.12758e+02     2.90235e+01
    2.80002e+00     6.11531e+02     2.89986e+01
    2.80411e+00     6.10453e+02     2.88902e+01
    2.80820e+00     6.08981e+02     2.88428e+01
    2.81229e+00     6.08018e+02     2.87901e+01
    2.81638e+00     6.06507e+02     2.86591e+01
    2.82047e+00     6.05154e+02     2.85968e+01
    2.82457e+00     6.04508e+02     2.85075e+01
    2.82866e+00     6.02612e+02     2.83248e+01
    2.83275e+00     6.01639e+02     2.82994e+01
    2.83684e+00     5.99891e+02     2.81882e+01
    2.84093e+00     5.98740e+02     2.81060e+01
    2.84502e+00     5.98348e+02     2.80832e+01
    2.84911e+00     5.96758e+02     2.79481e+01
    2.85320e+00     5.95587e+02     2.78956e+01
    2.85729e+00     5.94834e+02     2.78754e+01
    2.86138e+00     5.93334e+02     2.77338e+01
    2.86547e+00     5.91925e+02     2.75831e+01
    2.86956e+00     5.90974e+02     2.75487e+01
    2.87365e+00     5.90537e+02     2.75313e+01
    2.87774e+00     5.88619e+02     2.74040e+01
    2.88183e+00     5.87512e+02     2.72878e+01
    2.88592e+00     5.85943e+02     2.71935e+01
    2.89001e+00     5.84808e+02     2.71497e+01
    2.89410e+00     5.83574e+02     2.70243e+01
    2.89820e+00     5.82351e+02     2.69690e+01
    2.90229e+00     5.81029e+02     2.68352e+01
    2.90638e+00     5.80107e+02     2.67916e+01
    2.91047e+00     5.78870e+02     2.67482e+01
    2.91456e+00     5.77716e+02     2.66380e+01
    2.91865e+00     5.77006e+02     2.65707e+01
    2.92274e+00     5.74594e+02     2.64564e+01
    2.92683e+00     5.74480e+02     2.64565e+01
    2.93092e+00     5.73291e+02     2.63471e+01
    2.93501e+00     5.72031e+02     2.62281e+01
    2.93910e+00     5.70693e+02     2.62030e+01
    2.94319e+00     5.69325e+02     2.60890e+01
    2.94728e+00     5.68524e+02     2.60529e+01
    2.95137e+00     5.67992e+02     2.59561e+01
    2.95546e+00     5.66197e+02     2.58829e+01
    2.95955e+00     5.64892e+02     2.57833e+01
    2.96364e+00     5.63741e+02     2.56653e+01
    2.96774e+00     5.62796e+02     2.56311e+01
    2.97183e+00     5.61197e+02     2.55043e+01
    2.97592e+00     5.60619e+02     2.55079e+01
    2.98001e+00     5.59049e+02     2.53848e+01
    2.98410e+00     5.57718e+02     2.53078e+01
    2.98819e+00     5.57082e+02     2.52827e+01
    2.99228e+00     5.56055e+02     2.51727e+01
    2.99637e+00     5.54722e+02     2.51062e+01
    3.00046e+00     5.53492e+02     2.50334e+01
    3.00455e+00     5.52223e+02     2.49167e+01
    3.00864e+00     5.51178e+02     2.48601e+01
    3.01273e+00     5.50399e+02     2.48395e+01
    3.01682e+00     5.49102e+02     2.47635e+01
    3.02091e+00     5.47427e+02     2.46018e+01
    3.02500e+00     5.46441e+02     2.45524e+01
    3.02910e+00     5.45758e+02     2.44873e+01
    3.03319e+00     5.44252e+02     2.44172e+01
    3.03728e+00     5.43368e+02     2.43112e+01
    3.04137e+00     5.42254e+02     2.42674e+01
    3.04546e+00     5.40993e+02     2.41825e+01
    3.04955e+00     5.39572e+02     2.40989e+01
    3.05364e+00     5.38844e+02     2.40373e+01
    3.05773e+00     5.38170e+02     2.39802e+01
    3.06182e+00     5.36841e+02     2.39131e+01
    3.06591e+00     5.35487e+02     2.38817e+01
    3.07000e+00     5.34059e+02     2.37337e+01
    3.07409e+00     5.33320e+02     2.36763e+01
    3.07818e+00     5.32298e+02     2.36226e+01
    3.08227e+00     5.31258e+02     2.35513e+01
    3.08636e+00     5.29527e+02     2.34163e+01
    3.09045e+00     5.29025e+02     2.33382e+01
    3.09454e+00     5.27792e+02     2.32890e+01
    3.09863e+00     5.26463e+02     2.32260e+01
    3.10272e+00     5.25356e+02     2.31528e+01
    3.10682e+00     5.24855e+02     2.31319e+01
    3.11091e+00     5.22867e+02     2.29701e+01
    3.11500e+00     5.22136e+02     2.29516e+01
    3.11909e+00     5.20721e+02     2.28877e+01
    3.12318e+00     5.19976e+02     2.28253e+01
    3.12727e+00     5.18939e+02     2.27366e+01
    3.13136e+00     5.17991e+02     2.26510e+01
    3.13545e+00     5.16515e+02     2.26221e+01
    3.13954e+00     5.15419e+02     2.25366e+01
    3.14363e+00     5.14014e+02     2.23993e+01
    3.14772e+00     5.13512e+02     2.23945e+01
    3.15181e+00     5.12063e+02     2.22963e+01
    3.15590e+00     5.11294e+02     2.22643e+01
    3.16000e+00     5.10289e+02     2.22104e+01
    3.16409e+00     5.09039e+02     2.21554e+01
    3.16818e+00     5.08574e+02     2.20793e+01
    3.17227e+00     5.06955e+02     2.19830e+01
    3.17636e+00     5.05882e+02     2.19271e+01
    3.18045e+00     5.05224e+02     2.18730e+01
    3.18454e+00     5.04204e+02     2.18110e+01
    3.18863e+00     5.02662e+02     2.16911e+01
    3.19272e+00     5.01821e+02     2.16445e+01
    3.19681e+00     5.00768e+02     2.15785e+01
    3.20090e+00     4.99875e+02     2.15127e+01
    3.20499e+00     4.98449e+02     2.14483e+01
    3.20908e+00     4.97633e+02     2.13920e+01
    3.21317e+00     4.96481e+02     2.12965e+01
    3.21726e+00     4.95713e+02     2.12796e+01
    3.22135e+00     4.94833e+02     2.12238e+01
    3.22545e+00     4.93190e+02     2.11312e+01
    3.22954e+00     4.92203e+02     2.10738e+01
    3.23363e+00     4.91659e+02     2.09477e+01
    3.23772e+00     4.90422e+02     2.09156e+01
    3.24181e+00     4.89292e+02     2.08395e+01
    3.24590e+00     4.87897e+02     2.07799e+01
    3.24999e+00     4.87587e+02     2.07297e+01
    3.25408e+00     4.86489e+02     2.06817e+01
    3.25817e+00     4.84860e+02     2.05841e+01
    3.26226e+00     4.83964e+02     2.05215e+01
    3.26635e+00     4.83010e+02     2.04769e+01
    3.27044e+00     4.81911e+02     2.04093e+01
    3.27453e+00     4.81089e+02     2.03372e+01
    3.27862e+00     4.79937e+02     2.03061e+01
    3.28271e+00     4.78842e+02     2.02124e+01
    3.28681e+00     4.77832e+02     2.01391e+01
    3.29090e+00     4.76814e+02     2.01047e+01
    3.29499e+00     4.76095e+02     2.00176e+01
    3.29908e+00     4.74819e+02     1.99644e+01
    3.30317e+00     4.73748e+02     1.98876e+01
    3.30725e+00     4.72710e+02     1.98476e+01
    3.31135e+00     4.72132e+02     1.98143e+01
    3.31544e+00     4.70978e+02     1.97275e+01
    3.31953e+00     4.69683e+02     1.96371e+01
    3.32362e+00     4.69133e+02     1.95743e+01
    3.32771e+00     4.68058e+02     1.95284e+01
    3.33180e+00     4.66816e+02     1.94421e+01
    3.33589e+00     4.66334e+02     1.93917e+01
    3.33998e+00     4.65112e+02     1.93679e+01
    3.34407e+00     4.63980e+02     1.92657e+01
    3.34816e+00     4.62868e+02     1.92202e+01
    3.35226e+00     4.62245e+02     1.92105e+01
    3.35634e+00     4.61096e+02     1.91008e+01
    3.36043e+00     4.60189e+02     1.90649e+01
    3.36453e+00     4.59100e+02     1.89577e+01
    3.36862e+00     4.58140e+02     1.89339e+01
    3.37271e+00     4.56760e+02     1.88402e+01
    3.37680e+00     4.56038e+02     1.87826e+01
    3.38089e+00     4.55359e+02     1.87491e+01
    3.38498e+00     4.53993e+02     1.87016e+01
    3.38907e+00     4.53376e+02     1.86263e+01
    3.39316e+00     4.52098e+02     1.85545e+01
    3.39725e+00     4.51425e+02     1.85127e+01
    3.40134e+00     4.50808e+02     1.84904e+01
    3.40543e+00     4.49283e+02     1.83726e+01
    3.40952e+00     4.48529e+02     1.83330e+01
    3.41362e+00     4.47622e+02     1.82961e+01
    3.41770e+00     4.46753e+02     1.82239e+01
    3.42179e+00     4.45540e+02     1.81704e+01
    3.42588e+00     4.44641e+02     1.81030e+01
    3.42997e+00     4.43792e+02     1.80688e+01
    3.43406e+00     4.43120e+02     1.80143e+01
    3.43816e+00     4.41945e+02     1.79673e+01
    3.44225e+00     4.41027e+02     1.78935e+01
    3.44634e+00     4.39921e+02     1.78317e+01
    3.45043e+00     4.38969e+02     1.77633e+01
    3.45452e+00     4.37885e+02     1.77082e+01
    3.45861e+00     4.37238e+02     1.76679e+01
    3.46270e+00     4.36247e+02     1.76242e+01
    3.46679e+00     4.35690e+02     1.75849e+01
    3.47088e+00     4.34582e+02     1.75289e+01
    3.47497e+00     4.33466e+02     1.74506e+01
    3.47906e+00     4.32583e+02     1.73883e+01
    3.48315e+00     4.31919e+02     1.73304e+01
    3.48725e+00     4.31013e+02     1.72966e+01
    3.49134e+00     4.29781e+02     1.72285e+01
    3.49543e+00     4.28776e+02     1.71726e+01
    3.49952e+00     4.28188e+02     1.71220e+01
    3.50361e+00     4.26955e+02     1.70814e+01
    3.50770e+00     4.26183e+02     1.70180e+01
    3.51179e+00     4.25381e+02     1.69689e+01
    3.51588e+00     4.24513e+02     1.68989e+01
    3.51997e+00     4.23391e+02     1.68513e+01
    3.52406e+00     4.23075e+02     1.68219e+01
    3.52815e+00     4.21908e+02     1.67579e+01
    3.53224e+00     4.20660e+02     1.66702e+01
    3.53633e+00     4.19795e+02     1.66469e+01
    3.54042e+00     4.19116e+02     1.65856e+01
    3.54451e+00     4.18316e+02     1.65484e+01
    3.54860e+00     4.17263e+02     1.64612e+01
    3.55270e+00     4.16724e+02     1.64369e+01
    3.55679e+00     4.15605e+02     1.63805e+01
    3.56088e+00     4.15072e+02     1.63475e+01
    3.56497e+00     4.14269e+02     1.62731e+01
    3.56906e+00     4.12946e+02     1.62239e+01
    3.57315e+00     4.12056e+02     1.61702e+01
    3.57724e+00     4.11397e+02     1.61371e+01
    3.58133e+00     4.10233e+02     1.60691e+01
    3.58542e+00     4.09871e+02     1.60401e+01
    3.58951e+00     4.08547e+02     1.59888e+01
    3.59360e+00     4.07965e+02     1.59385e+01
    3.59769e+00     4.06986e+02     1.58754e+01
    3.60178e+00     4.06232e+02     1.58457e+01
    3.60587e+00     4.05234e+02     1.57720e+01
    3.60996e+00     4.04769e+02     1.57401e+01
    3.61405e+00     4.03829e+02     1.56787e+01
    3.61814e+00     4.02669e+02     1.56385e+01
    3.62224e+00     4.02046e+02     1.55742e+01
    3.62633e+00     4.00910e+02     1.55292e+01
    3.63042e+00     4.00546e+02     1.55014e+01
    3.63451e+00     3.99740e+02     1.54557e+01
    3.63860e+00     3.98622e+02     1.53905e+01
    3.64269e+00     3.97842e+02     1.53371e+01
    3.64678e+00     3.97328e+02     1.53193e+01
    3.65087e+00     3.96294e+02     1.52594e+01
    3.65496e+00     3.95235e+02     1.51878e+01
    3.65905e+00     3.94620e+02     1.51872e+01
    3.66314e+00     3.94040e+02     1.51233e+01
    3.66723e+00     3.93192e+02     1.50907e+01
    3.67132e+00     3.92146e+02     1.50306e+01
    3.67541e+00     3.91329e+02     1.49804e+01
    3.67950e+00     3.90317e+02     1.49332e+01
    3.68359e+00     3.89908e+02     1.48642e+01
    3.68769e+00     3.88709e+02     1.48288e+01
    3.69177e+00     3.87879e+02     1.47849e+01
    3.69587e+00     3.87436e+02     1.47503e+01
    3.69996e+00     3.86406e+02     1.46881e+01
    3.70405e+00     3.85772e+02     1.46727e+01
    3.70814e+00     3.84655e+02     1.46187e+01
    3.71223e+00     3.84344e+02     1.45818e+01
    3.71632e+00     3.83359e+02     1.45386e+01
    3.72041e+00     3.82602e+02     1.44851e+01
    3.72450e+00     3.81845e+02     1.44393e+01
    3.72859e+00     3.81042e+02     1.43904e+01
    3.73268e+00     3.80154e+02     1.43188e+01
    3.73677e+00     3.79505e+02     1.42918e+01
    3.74086e+00     3.78637e+02     1.42501e+01
    3.74495e+00     3.77701e+02     1.42118e+01
    3.74905e+00     3.77323e+02     1.41736e+01
    3.75313e+00     3.76367e+02     1.41149e+01
    3.75722e+00     3.75327e+02     1.40656e+01
    3.76131e+00     3.74877e+02     1.40361e+01
    3.76541e+00     3.74171e+02     1.39871e+01
    3.76950e+00     3.73235e+02     1.39719e+01
    3.77359e+00     3.72689e+02     1.39022e+01
    3.77768e+00     3.71556e+02     1.38703e+01
    3.78177e+00     3.71097e+02     1.38193e+01
    3.78586e+00     3.70266e+02     1.37708e+01
    3.78995e+00     3.69391e+02     1.37371e+01
    3.79404e+00     3.68774e+02     1.37024e+01
    3.79813e+00     3.68136e+02     1.36597e+01
    3.80222e+00     3.67149e+02     1.36149e+01
    3.80632e+00     3.66581e+02     1.35831e+01
    3.81040e+00     3.65781e+02     1.35216e+01
    3.81449e+00     3.64928e+02     1.35065e+01
    3.81859e+00     3.64388e+02     1.34668e+01
    3.82268e+00     3.64043e+02     1.34403e+01
    3.82677e+00     3.63004e+02     1.33875e+01
    3.83086e+00     3.62309e+02     1.33331e+01
    3.83495e+00     3.61343e+02     1.32964e+01
    3.83904e+00     3.60830e+02     1.32405e+01
    3.84313e+00     3.60158e+02     1.32203e+01
    3.84722e+00     3.59307e+02     1.31862e+01
    3.85131e+00     3.58512e+02     1.31300e+01
    3.85540e+00     3.58050e+02     1.31134e+01
    3.85949e+00     3.56968e+02     1.30469e+01
    3.86358e+00     3.56594e+02     1.30328e+01
    3.86768e+00     3.55945e+02     1.29886e+01
    3.87177e+00     3.55132e+02     1.29462e+01
    3.87585e+00     3.54301e+02     1.29065e+01
    3.87994e+00     3.53839e+02     1.28684e+01
    3.88403e+00     3.53311e+02     1.28340e+01
    3.88813e+00     3.52226e+02     1.27893e+01
    3.89222e+00     3.51738e+02     1.27505e+01
    3.89631e+00     3.50907e+02     1.27077e+01
    3.90040e+00     3.50390e+02     1.26884e+01
    3.90449e+00     3.49478e+02     1.26320e+01
    3.90858e+00     3.49197e+02     1.26257e+01
    3.91267e+00     3.48079e+02     1.25657e+01
    3.91676e+00     3.47572e+02     1.25458e+01
    3.92085e+00     3.46911e+02     1.24858e+01
    3.92494e+00     3.46122e+02     1.24618e+01
    3.92903e+00     3.45757e+02     1.24320e+01
    3.93312e+00     3.45110e+02     1.23968e+01
    3.93721e+00     3.44312e+02     1.23693e+01
    3.94130e+00     3.43584e+02     1.23161e+01
    3.94539e+00     3.42908e+02     1.22897e+01
    3.94949e+00     3.42252e+02     1.22401e+01
    3.95358e+00     3.41553e+02     1.22247e+01
    3.95767e+00     3.41115e+02     1.21816e+01
    3.96176e+00     3.40208e+02     1.21383e+01
    3.96585e+00     3.39808e+02     1.21205e+01
    3.96994e+00     3.39158e+02     1.20835e+01
    3.97403e+00     3.38179e+02     1.20280e+01
    3.97812e+00     3.37544e+02     1.20041e+01
    3.98221e+00     3.36858e+02     1.19781e+01
    3.98630e+00     3.36537e+02     1.19321e+01
    3.99039e+00     3.35968e+02     1.19086e+01
    3.99448e+00     3.35120e+02     1.18629e+01
    3.99857e+00     3.34660e+02     1.18584e+01
    4.00266e+00     3.33771e+02     1.17771e+01
    4.00675e+00     3.33460e+02     1.17719e+01
    4.01085e+00     3.32809e+02     1.17483e+01
    4.01494e+00     3.32227e+02     1.17020e+01
    4.01902e+00     3.31563e+02     1.16727e+01
    4.02312e+00     3.30858e+02     1.16275e+01
    4.02721e+00     3.30045e+02     1.15915e+01
    4.03130e+00     3.29746e+02     1.15880e+01
    4.03539e+00     3.29040e+02     1.15395e+01
    4.03948e+00     3.28674e+02     1.15262e+01
    4.04357e+00     3.27827e+02     1.14787e+01
    4.04766e+00     3.26891e+02     1.14348e+01
    4.05175e+00     3.26463e+02     1.14107e+01
    4.05584e+00     3.26136e+02     1.13843e+01
    4.05993e+00     3.25267e+02     1.13507e+01
    4.06402e+00     3.24788e+02     1.13299e+01
    4.06811e+00     3.24209e+02     1.12922e+01
    4.07220e+00     3.23800e+02     1.12714e+01
    4.07630e+00     3.23120e+02     1.12289e+01
    4.08038e+00     3.22471e+02     1.12022e+01
    4.08447e+00     3.22159e+02     1.11796e+01
    4.08857e+00     3.21399e+02     1.11404e+01
    4.09266e+00     3.20558e+02     1.11033e+01
    4.09675e+00     3.20285e+02     1.10996e+01
    4.10084e+00     3.19581e+02     1.10502e+01
    4.10493e+00     3.19031e+02     1.10212e+01
    4.10902e+00     3.18456e+02     1.10037e+01
    4.11311e+00     3.17876e+02     1.09656e+01
    4.11720e+00     3.17305e+02     1.09297e+01
    4.12129e+00     3.16725e+02     1.09043e+01
    4.12538e+00     3.16092e+02     1.08682e+01
    4.12947e+00     3.15707e+02     1.08417e+01
    4.13356e+00     3.14991e+02     1.08209e+01
    4.13765e+00     3.14477e+02     1.07813e+01
    4.14175e+00     3.13807e+02     1.07674e+01
    4.14584e+00     3.13607e+02     1.07420e+01
    4.14993e+00     3.13110e+02     1.07285e+01
    4.15402e+00     3.12464e+02     1.06738e+01
    4.15811e+00     3.11850e+02     1.06610e+01
    4.16220e+00     3.11206e+02     1.06257e+01
    4.16629e+00     3.10914e+02     1.06024e+01
    4.17038e+00     3.10320e+02     1.05758e+01
    4.17447e+00     3.09717e+02     1.05414e+01
    4.17856e+00     3.09381e+02     1.05293e+01
    4.18265e+00     3.08670e+02     1.04912e+01
    4.18674e+00     3.08144e+02     1.04655e+01
