# Real space h-h auto- and h-m cross-spectra.
# z=2.000, 12.000<lgM<12.500
#      k[h/Mpc]            P_hh            P_hm
    0.00000e+00     0.00000e+00     0.00000e+00
    5.79404e-03     1.26550e+04     5.11596e+03
    1.04717e-02     1.56556e+04     6.70030e+03
    1.42665e-02     2.23461e+04     9.49633e+03
    1.81228e-02     2.63301e+04     1.15018e+04
    2.24845e-02     2.26884e+04     9.75509e+03
    2.64508e-02     2.36821e+04     1.01292e+04
    3.04474e-02     1.65893e+04     7.04944e+03
    3.47320e-02     1.71414e+04     7.23346e+03
    3.88308e-02     1.39294e+04     5.90800e+03
    4.28140e-02     1.35213e+04     5.75316e+03
    4.68856e-02     1.25600e+04     5.24066e+03
    5.09858e-02     1.21285e+04     5.04068e+03
    5.51458e-02     1.09418e+04     4.55817e+03
    5.92243e-02     1.06120e+04     4.39314e+03
    6.32864e-02     1.01502e+04     4.18879e+03
    6.73674e-02     1.00162e+04     4.14727e+03
    7.14960e-02     9.53035e+03     3.91166e+03
    7.55894e-02     8.99265e+03     3.64209e+03
    7.96660e-02     8.41747e+03     3.40322e+03
    8.38183e-02     7.93609e+03     3.18709e+03
    8.78941e-02     7.16867e+03     2.85884e+03
    9.19238e-02     6.55956e+03     2.61474e+03
    9.60446e-02     6.20515e+03     2.43687e+03
    1.00128e-01     5.74102e+03     2.25217e+03
    1.04209e-01     5.51789e+03     2.12829e+03
    1.08333e-01     5.17148e+03     1.98743e+03
    1.12448e-01     5.23923e+03     2.00510e+03
    1.16521e-01     5.03619e+03     1.91424e+03
    1.20596e-01     4.73735e+03     1.80761e+03
    1.24665e-01     4.76047e+03     1.80735e+03
    1.28771e-01     4.62839e+03     1.73457e+03
    1.32874e-01     4.48392e+03     1.67255e+03
    1.36975e-01     4.18205e+03     1.55735e+03
    1.41075e-01     4.03705e+03     1.48473e+03
    1.45172e-01     3.89393e+03     1.42296e+03
    1.49268e-01     3.62077e+03     1.30134e+03
    1.53330e-01     3.54551e+03     1.27110e+03
    1.57416e-01     3.36041e+03     1.19969e+03
    1.61514e-01     3.27267e+03     1.15187e+03
    1.65592e-01     3.14418e+03     1.09650e+03
    1.69693e-01     3.11028e+03     1.07172e+03
    1.73803e-01     2.93462e+03     1.00776e+03
    1.77905e-01     2.93186e+03     9.99175e+02
    1.82001e-01     2.89387e+03     9.76152e+02
    1.86092e-01     2.79747e+03     9.44721e+02
    1.90161e-01     2.75441e+03     9.22459e+02
    1.94237e-01     2.61087e+03     8.62545e+02
    1.98334e-01     2.63657e+03     8.77735e+02
    2.02427e-01     2.61006e+03     8.51470e+02
    2.06523e-01     2.46121e+03     8.00064e+02
    2.10626e-01     2.43313e+03     7.80644e+02
    2.14724e-01     2.31536e+03     7.39157e+02
    2.18827e-01     2.34145e+03     7.37439e+02
    2.22903e-01     2.23034e+03     6.99945e+02
    2.26990e-01     2.17286e+03     6.72616e+02
    2.31084e-01     2.14642e+03     6.58584e+02
    2.35153e-01     2.07913e+03     6.31177e+02
    2.39244e-01     2.05724e+03     6.22194e+02
    2.43338e-01     2.01588e+03     6.03909e+02
    2.47445e-01     1.98829e+03     5.94155e+02
    2.51539e-01     1.96137e+03     5.76908e+02
    2.55609e-01     1.94695e+03     5.70926e+02
    2.59718e-01     1.88657e+03     5.50420e+02
    2.63814e-01     1.86745e+03     5.37787e+02
    2.67904e-01     1.84033e+03     5.25973e+02
    2.71993e-01     1.81359e+03     5.14058e+02
    2.76068e-01     1.77082e+03     4.96653e+02
    2.80171e-01     1.73786e+03     4.84808e+02
    2.84268e-01     1.69636e+03     4.69199e+02
    2.88346e-01     1.67480e+03     4.57035e+02
    2.92426e-01     1.64382e+03     4.46374e+02
    2.96514e-01     1.63742e+03     4.38840e+02
    3.00627e-01     1.61841e+03     4.31587e+02
    3.04729e-01     1.56775e+03     4.15493e+02
    3.08821e-01     1.58138e+03     4.16473e+02
    3.12919e-01     1.55304e+03     4.05632e+02
    3.16999e-01     1.53440e+03     3.97142e+02
    3.21078e-01     1.50095e+03     3.84207e+02
    3.25167e-01     1.50909e+03     3.83872e+02
    3.29247e-01     1.46505e+03     3.68464e+02
    3.33333e-01     1.45353e+03     3.63989e+02
    3.37443e-01     1.43101e+03     3.54854e+02
    3.41545e-01     1.42484e+03     3.49320e+02
    3.45625e-01     1.39398e+03     3.38995e+02
    3.49715e-01     1.38712e+03     3.35876e+02
    3.53817e-01     1.37190e+03     3.28014e+02
    3.57906e-01     1.34721e+03     3.20136e+02
    3.61975e-01     1.34059e+03     3.14801e+02
    3.66071e-01     1.32881e+03     3.11577e+02
    3.70189e-01     1.31583e+03     3.05445e+02
    3.74277e-01     1.29705e+03     2.99718e+02
    3.78356e-01     1.27968e+03     2.92576e+02
    3.82448e-01     1.27428e+03     2.88540e+02
    3.86535e-01     1.26298e+03     2.83839e+02
    3.90624e-01     1.26200e+03     2.83685e+02
    3.94706e-01     1.24339e+03     2.76858e+02
    3.98794e-01     1.23335e+03     2.70969e+02
    4.02896e-01     1.22883e+03     2.68416e+02
    4.06986e-01     1.21424e+03     2.63450e+02
    4.11069e-01     1.18869e+03     2.55939e+02
    4.15170e-01     1.18241e+03     2.52762e+02
    4.19263e-01     1.18306e+03     2.49710e+02
    4.23353e-01     1.16228e+03     2.44793e+02
    4.27447e-01     1.15251e+03     2.40431e+02
    4.31534e-01     1.14882e+03     2.38372e+02
    4.35624e-01     1.13086e+03     2.32345e+02
    4.39718e-01     1.12657e+03     2.29789e+02
    4.43804e-01     1.12334e+03     2.28213e+02
    4.47892e-01     1.11279e+03     2.23753e+02
    4.51977e-01     1.10413e+03     2.21542e+02
    4.56067e-01     1.09576e+03     2.17741e+02
    4.60165e-01     1.08506e+03     2.13717e+02
    4.64260e-01     1.08262e+03     2.12827e+02
    4.68355e-01     1.07462e+03     2.08493e+02
    4.72450e-01     1.06430e+03     2.04634e+02
    4.76540e-01     1.06202e+03     2.03604e+02
    4.80633e-01     1.04991e+03     1.99634e+02
    4.84718e-01     1.04682e+03     1.96425e+02
    4.88794e-01     1.03401e+03     1.93317e+02
    4.92888e-01     1.03371e+03     1.92521e+02
    4.96984e-01     1.02879e+03     1.90264e+02
    5.01073e-01     1.01703e+03     1.87219e+02
    5.05169e-01     1.01195e+03     1.83959e+02
    5.09268e-01     9.99083e+02     1.80494e+02
    5.13369e-01     1.00591e+03     1.81122e+02
    5.17441e-01     9.96220e+02     1.77557e+02
    5.21516e-01     9.94251e+02     1.76904e+02
    5.25611e-01     9.79767e+02     1.72503e+02
    5.29706e-01     9.81868e+02     1.72642e+02
    5.33801e-01     9.73216e+02     1.68808e+02
    5.37888e-01     9.67058e+02     1.67206e+02
    5.41985e-01     9.58834e+02     1.65640e+02
    5.46091e-01     9.59854e+02     1.63611e+02
    5.50174e-01     9.54476e+02     1.61613e+02
    5.54252e-01     9.48514e+02     1.59890e+02
    5.58346e-01     9.39145e+02     1.56526e+02
    5.62439e-01     9.37897e+02     1.55420e+02
    5.66527e-01     9.35582e+02     1.54311e+02
    5.70616e-01     9.28231e+02     1.52837e+02
    5.74707e-01     9.23002e+02     1.50914e+02
    5.78798e-01     9.13549e+02     1.47679e+02
    5.82883e-01     9.12531e+02     1.47005e+02
    5.86977e-01     9.11721e+02     1.45474e+02
    5.91070e-01     9.05685e+02     1.44303e+02
    5.95166e-01     9.04118e+02     1.43209e+02
    5.99260e-01     8.98406e+02     1.41042e+02
    6.03349e-01     8.92862e+02     1.39603e+02
    6.07445e-01     8.89828e+02     1.38457e+02
    6.11543e-01     8.88001e+02     1.36601e+02
    6.15623e-01     8.83792e+02     1.35512e+02
    6.19704e-01     8.77984e+02     1.33512e+02
    6.23792e-01     8.73432e+02     1.32362e+02
    6.27891e-01     8.70503e+02     1.31801e+02
    6.31991e-01     8.69585e+02     1.29797e+02
    6.36073e-01     8.60026e+02     1.27950e+02
    6.40158e-01     8.56301e+02     1.26583e+02
    6.44244e-01     8.58397e+02     1.26139e+02
    6.48338e-01     8.55092e+02     1.24901e+02
    6.52432e-01     8.45399e+02     1.22321e+02
    6.56514e-01     8.47799e+02     1.22399e+02
    6.60609e-01     8.42634e+02     1.20619e+02
    6.64712e-01     8.40031e+02     1.19996e+02
    6.68801e-01     8.36424e+02     1.18935e+02
    6.72890e-01     8.30884e+02     1.17127e+02
    6.76984e-01     8.29950e+02     1.16668e+02
    6.81074e-01     8.26023e+02     1.14441e+02
    6.85160e-01     8.24677e+02     1.14242e+02
    6.89246e-01     8.20346e+02     1.12750e+02
    6.93336e-01     8.19674e+02     1.12250e+02
    6.97434e-01     8.11424e+02     1.10459e+02
    7.01528e-01     8.14272e+02     1.10228e+02
    7.05618e-01     8.07347e+02     1.09201e+02
    7.09708e-01     8.07820e+02     1.08424e+02
    7.13796e-01     8.07388e+02     1.08211e+02
    7.17892e-01     8.01478e+02     1.06314e+02
    7.21982e-01     8.01023e+02     1.05623e+02
    7.26059e-01     7.94400e+02     1.04760e+02
    7.30145e-01     7.92822e+02     1.03708e+02
    7.34240e-01     7.89569e+02     1.02641e+02
    7.38340e-01     7.89305e+02     1.02203e+02
    7.42427e-01     7.85742e+02     1.00794e+02
    7.46511e-01     7.83446e+02     1.00036e+02
    7.50614e-01     7.80557e+02     9.94875e+01
    7.54706e-01     7.76314e+02     9.81665e+01
    7.58795e-01     7.73076e+02     9.73655e+01
    7.62888e-01     7.74724e+02     9.71052e+01
    7.66986e-01     7.72022e+02     9.64718e+01
    7.71073e-01     7.66640e+02     9.51158e+01
    7.75153e-01     7.63846e+02     9.44295e+01
    7.79241e-01     7.62717e+02     9.39725e+01
    7.83335e-01     7.58774e+02     9.30256e+01
    7.87426e-01     7.60307e+02     9.26800e+01
    7.91513e-01     7.55330e+02     9.14510e+01
    7.95606e-01     7.54460e+02     9.09716e+01
    7.99702e-01     7.53130e+02     9.04988e+01
    8.03798e-01     7.50598e+02     8.96713e+01
    8.07879e-01     7.46981e+02     8.85883e+01
    8.11963e-01     7.48216e+02     8.83217e+01
    8.16059e-01     7.44839e+02     8.78198e+01
    8.20152e-01     7.39580e+02     8.67361e+01
    8.24242e-01     7.40557e+02     8.60211e+01
    8.28331e-01     7.37537e+02     8.52997e+01
    8.32425e-01     7.36752e+02     8.51425e+01
    8.36516e-01     7.32907e+02     8.42680e+01
    8.40610e-01     7.33480e+02     8.37149e+01
    8.44704e-01     7.28740e+02     8.29619e+01
    8.48790e-01     7.26440e+02     8.21256e+01
    8.52876e-01     7.25859e+02     8.22069e+01
    8.56967e-01     7.23692e+02     8.12790e+01
    8.61059e-01     7.20775e+02     8.04137e+01
    8.65147e-01     7.21783e+02     8.02187e+01
    8.69235e-01     7.13536e+02     7.90416e+01
    8.73334e-01     7.14414e+02     7.87286e+01
    8.77429e-01     7.14809e+02     7.83460e+01
    8.81512e-01     7.13603e+02     7.81483e+01
    8.85601e-01     7.08062e+02     7.72400e+01
    8.89691e-01     7.09950e+02     7.66038e+01
    8.93784e-01     7.07523e+02     7.59592e+01
    8.97875e-01     7.05919e+02     7.57996e+01
    9.01960e-01     7.02813e+02     7.49495e+01
    9.06054e-01     7.02642e+02     7.46509e+01
    9.10146e-01     7.00793e+02     7.41723e+01
    9.14237e-01     6.97838e+02     7.32074e+01
    9.18331e-01     6.97226e+02     7.30451e+01
    9.22421e-01     6.95284e+02     7.25848e+01
    9.26509e-01     6.94760e+02     7.21543e+01
    9.30598e-01     6.92940e+02     7.19355e+01
    9.34692e-01     6.89121e+02     7.11615e+01
    9.38787e-01     6.89140e+02     7.10199e+01
    9.42873e-01     6.85922e+02     7.01888e+01
    9.46961e-01     6.84478e+02     6.98375e+01
    9.51054e-01     6.84866e+02     6.97686e+01
    9.55150e-01     6.80840e+02     6.90111e+01
    9.59240e-01     6.81252e+02     6.85686e+01
    9.63327e-01     6.79931e+02     6.82116e+01
    9.67420e-01     6.75488e+02     6.75424e+01
    9.71506e-01     6.73053e+02     6.68535e+01
    9.75588e-01     6.72682e+02     6.65521e+01
    9.79678e-01     6.72264e+02     6.65466e+01
    9.83773e-01     6.69760e+02     6.60631e+01
    9.87866e-01     6.68184e+02     6.54760e+01
    9.91960e-01     6.68474e+02     6.52088e+01
    9.96055e-01     6.66501e+02     6.47582e+01
    1.00015e+00     6.63393e+02     6.41440e+01
    1.00424e+00     6.62319e+02     6.39612e+01
    1.00832e+00     6.63266e+02     6.38653e+01
    1.01242e+00     6.60875e+02     6.32151e+01
    1.01651e+00     6.59259e+02     6.28277e+01
    1.02059e+00     6.61377e+02     6.28602e+01
    1.02468e+00     6.58893e+02     6.22347e+01
    1.02878e+00     6.53674e+02     6.16952e+01
    1.03287e+00     6.55244e+02     6.16408e+01
    1.03695e+00     6.53918e+02     6.12076e+01
    1.04105e+00     6.51844e+02     6.06673e+01
    1.04515e+00     6.49995e+02     6.03723e+01
    1.04923e+00     6.48075e+02     5.98565e+01
    1.05332e+00     6.46342e+02     5.94576e+01
    1.05741e+00     6.44867e+02     5.90578e+01
    1.06150e+00     6.44011e+02     5.91270e+01
    1.06559e+00     6.42913e+02     5.85451e+01
    1.06968e+00     6.40483e+02     5.80649e+01
    1.07377e+00     6.40773e+02     5.81546e+01
    1.07786e+00     6.39769e+02     5.76966e+01
    1.08195e+00     6.38542e+02     5.72213e+01
    1.08605e+00     6.37675e+02     5.70771e+01
    1.09014e+00     6.33887e+02     5.65983e+01
    1.09422e+00     6.33442e+02     5.63171e+01
    1.09832e+00     6.33231e+02     5.59727e+01
    1.10242e+00     6.31833e+02     5.57953e+01
    1.10650e+00     6.29876e+02     5.54468e+01
    1.11059e+00     6.27839e+02     5.48764e+01
    1.11468e+00     6.28818e+02     5.48221e+01
    1.11878e+00     6.27650e+02     5.46213e+01
    1.12287e+00     6.26025e+02     5.42781e+01
    1.12695e+00     6.24796e+02     5.39042e+01
    1.13105e+00     6.22596e+02     5.35591e+01
    1.13514e+00     6.22605e+02     5.34489e+01
    1.13922e+00     6.21620e+02     5.32250e+01
    1.14331e+00     6.18908e+02     5.27287e+01
    1.14741e+00     6.18157e+02     5.26320e+01
    1.15150e+00     6.16893e+02     5.23688e+01
    1.15559e+00     6.14836e+02     5.18616e+01
    1.15968e+00     6.15642e+02     5.17110e+01
    1.16377e+00     6.12549e+02     5.14092e+01
    1.16786e+00     6.11646e+02     5.11631e+01
    1.17195e+00     6.11043e+02     5.09800e+01
    1.17604e+00     6.09947e+02     5.07395e+01
    1.18013e+00     6.08932e+02     5.02806e+01
    1.18422e+00     6.05959e+02     5.00314e+01
    1.18831e+00     6.07995e+02     5.01017e+01
    1.19240e+00     6.06416e+02     4.97059e+01
    1.19649e+00     6.03544e+02     4.92419e+01
    1.20059e+00     6.02795e+02     4.92518e+01
    1.20468e+00     6.01661e+02     4.87693e+01
    1.20877e+00     5.99611e+02     4.86633e+01
    1.21286e+00     5.99644e+02     4.84878e+01
    1.21695e+00     5.99646e+02     4.82286e+01
    1.22104e+00     5.98505e+02     4.80138e+01
    1.22513e+00     5.96262e+02     4.75516e+01
    1.22922e+00     5.96678e+02     4.74495e+01
    1.23330e+00     5.95665e+02     4.71130e+01
    1.23740e+00     5.93111e+02     4.70389e+01
    1.24149e+00     5.92618e+02     4.68781e+01
    1.24558e+00     5.90767e+02     4.65289e+01
    1.24967e+00     5.89353e+02     4.62495e+01
    1.25376e+00     5.86984e+02     4.59141e+01
    1.25785e+00     5.87331e+02     4.58924e+01
    1.26194e+00     5.86385e+02     4.56059e+01
    1.26603e+00     5.86062e+02     4.55124e+01
    1.27012e+00     5.86135e+02     4.51910e+01
    1.27422e+00     5.83597e+02     4.50018e+01
    1.27831e+00     5.81430e+02     4.46586e+01
    1.28240e+00     5.81513e+02     4.47298e+01
    1.28649e+00     5.79494e+02     4.43526e+01
    1.29058e+00     5.81071e+02     4.42929e+01
    1.29467e+00     5.77239e+02     4.37865e+01
    1.29876e+00     5.77787e+02     4.37045e+01
    1.30285e+00     5.76153e+02     4.34853e+01
    1.30694e+00     5.74886e+02     4.32546e+01
    1.31103e+00     5.74269e+02     4.31565e+01
    1.31512e+00     5.73299e+02     4.28370e+01
    1.31921e+00     5.71390e+02     4.26670e+01
    1.32331e+00     5.71464e+02     4.25813e+01
    1.32739e+00     5.69478e+02     4.22532e+01
    1.33148e+00     5.68739e+02     4.20762e+01
    1.33558e+00     5.68542e+02     4.18901e+01
    1.33967e+00     5.66721e+02     4.16996e+01
    1.34376e+00     5.65224e+02     4.13431e+01
    1.34785e+00     5.66417e+02     4.14358e+01
    1.35195e+00     5.64164e+02     4.11309e+01
    1.35603e+00     5.62254e+02     4.10898e+01
    1.36011e+00     5.61044e+02     4.08147e+01
    1.36421e+00     5.60212e+02     4.05112e+01
    1.36830e+00     5.60103e+02     4.03228e+01
    1.37239e+00     5.59340e+02     4.03231e+01
    1.37648e+00     5.57316e+02     4.00323e+01
    1.38057e+00     5.57324e+02     3.99185e+01
    1.38466e+00     5.56337e+02     3.97557e+01
    1.38875e+00     5.55200e+02     3.95357e+01
    1.39285e+00     5.53836e+02     3.93565e+01
    1.39694e+00     5.52576e+02     3.91507e+01
    1.40102e+00     5.51624e+02     3.89989e+01
    1.40512e+00     5.51024e+02     3.87926e+01
    1.40921e+00     5.49934e+02     3.88084e+01
    1.41330e+00     5.50122e+02     3.86335e+01
    1.41739e+00     5.48451e+02     3.83052e+01
    1.42148e+00     5.47844e+02     3.82456e+01
    1.42557e+00     5.45921e+02     3.80278e+01
    1.42966e+00     5.45718e+02     3.79507e+01
    1.43375e+00     5.45388e+02     3.78641e+01
    1.43784e+00     5.43211e+02     3.74953e+01
    1.44193e+00     5.42941e+02     3.75427e+01
    1.44602e+00     5.41548e+02     3.71801e+01
    1.45011e+00     5.41445e+02     3.71593e+01
    1.45420e+00     5.38617e+02     3.68530e+01
    1.45830e+00     5.39531e+02     3.67704e+01
    1.46239e+00     5.38907e+02     3.66111e+01
    1.46648e+00     5.37385e+02     3.65157e+01
    1.47056e+00     5.37563e+02     3.63984e+01
    1.47465e+00     5.35115e+02     3.61650e+01
    1.47874e+00     5.35014e+02     3.60224e+01
    1.48283e+00     5.33253e+02     3.57407e+01
    1.48693e+00     5.31956e+02     3.56726e+01
    1.49102e+00     5.31191e+02     3.56037e+01
    1.49511e+00     5.30215e+02     3.53804e+01
    1.49920e+00     5.29665e+02     3.52588e+01
    1.50329e+00     5.28500e+02     3.49803e+01
    1.50738e+00     5.28031e+02     3.50094e+01
    1.51148e+00     5.26506e+02     3.46058e+01
    1.51557e+00     5.26236e+02     3.46800e+01
    1.51965e+00     5.25493e+02     3.45802e+01
    1.52374e+00     5.24883e+02     3.44451e+01
    1.52784e+00     5.22677e+02     3.41361e+01
    1.53193e+00     5.22122e+02     3.41264e+01
    1.53602e+00     5.20875e+02     3.39049e+01
    1.54011e+00     5.20649e+02     3.38206e+01
    1.54420e+00     5.19927e+02     3.37232e+01
    1.54829e+00     5.18587e+02     3.35758e+01
    1.55238e+00     5.18437e+02     3.34185e+01
    1.55647e+00     5.17547e+02     3.33075e+01
    1.56056e+00     5.17372e+02     3.32923e+01
    1.56465e+00     5.15429e+02     3.30063e+01
    1.56874e+00     5.15060e+02     3.28918e+01
    1.57283e+00     5.13136e+02     3.27419e+01
    1.57693e+00     5.12375e+02     3.25674e+01
    1.58102e+00     5.11456e+02     3.25327e+01
    1.58510e+00     5.10507e+02     3.23905e+01
    1.58919e+00     5.09516e+02     3.21137e+01
    1.59329e+00     5.09162e+02     3.20731e+01
    1.59738e+00     5.09070e+02     3.21393e+01
    1.60147e+00     5.07773e+02     3.18089e+01
    1.60556e+00     5.07594e+02     3.17952e+01
    1.60965e+00     5.05643e+02     3.15678e+01
    1.61374e+00     5.04174e+02     3.14264e+01
    1.61783e+00     5.03838e+02     3.13465e+01
    1.62192e+00     5.03180e+02     3.12653e+01
    1.62601e+00     5.02484e+02     3.11868e+01
    1.63010e+00     5.01660e+02     3.10038e+01
    1.63419e+00     5.00713e+02     3.08480e+01
    1.63828e+00     4.99560e+02     3.06993e+01
    1.64238e+00     4.98410e+02     3.06543e+01
    1.64647e+00     4.98330e+02     3.05329e+01
    1.65055e+00     4.96874e+02     3.03417e+01
    1.65465e+00     4.96558e+02     3.03590e+01
    1.65874e+00     4.95522e+02     3.02102e+01
    1.66283e+00     4.94123e+02     3.00223e+01
    1.66691e+00     4.93897e+02     2.99390e+01
    1.67101e+00     4.93300e+02     2.98709e+01
    1.67510e+00     4.90810e+02     2.95396e+01
    1.67919e+00     4.91546e+02     2.96550e+01
    1.68328e+00     4.90454e+02     2.94615e+01
    1.68737e+00     4.88938e+02     2.93734e+01
    1.69146e+00     4.88869e+02     2.92618e+01
    1.69555e+00     4.87572e+02     2.91284e+01
    1.69964e+00     4.86916e+02     2.90723e+01
    1.70373e+00     4.85785e+02     2.89710e+01
    1.70782e+00     4.86004e+02     2.88812e+01
    1.71191e+00     4.84553e+02     2.86954e+01
    1.71600e+00     4.82858e+02     2.86130e+01
    1.72009e+00     4.82402e+02     2.84332e+01
    1.72418e+00     4.82791e+02     2.84138e+01
    1.72828e+00     4.80964e+02     2.82659e+01
    1.73237e+00     4.80226e+02     2.82373e+01
    1.73646e+00     4.79369e+02     2.80146e+01
    1.74055e+00     4.78313e+02     2.79960e+01
    1.74464e+00     4.77527e+02     2.78543e+01
    1.74874e+00     4.76717e+02     2.77120e+01
    1.75282e+00     4.76708e+02     2.76931e+01
    1.75691e+00     4.75822e+02     2.75368e+01
    1.76100e+00     4.74806e+02     2.75235e+01
    1.76509e+00     4.73907e+02     2.73818e+01
    1.76918e+00     4.72371e+02     2.72460e+01
    1.77327e+00     4.72612e+02     2.72069e+01
    1.77737e+00     4.71550e+02     2.71122e+01
    1.78146e+00     4.70357e+02     2.68984e+01
    1.78554e+00     4.70027e+02     2.68989e+01
    1.78964e+00     4.69108e+02     2.67929e+01
    1.79373e+00     4.67562e+02     2.66664e+01
    1.79782e+00     4.67155e+02     2.66604e+01
    1.80191e+00     4.66470e+02     2.65927e+01
    1.80600e+00     4.65565e+02     2.64483e+01
    1.81009e+00     4.65684e+02     2.63183e+01
    1.81418e+00     4.64121e+02     2.62322e+01
    1.81827e+00     4.62732e+02     2.60450e+01
    1.82236e+00     4.62047e+02     2.59895e+01
    1.82645e+00     4.61676e+02     2.59311e+01
    1.83054e+00     4.60379e+02     2.57896e+01
    1.83463e+00     4.59860e+02     2.57067e+01
    1.83872e+00     4.58940e+02     2.56259e+01
    1.84281e+00     4.58074e+02     2.55244e+01
    1.84691e+00     4.57509e+02     2.53873e+01
    1.85100e+00     4.56242e+02     2.53645e+01
    1.85509e+00     4.56450e+02     2.53061e+01
    1.85918e+00     4.54976e+02     2.51401e+01
    1.86327e+00     4.53867e+02     2.50712e+01
    1.86736e+00     4.53862e+02     2.50414e+01
    1.87145e+00     4.52438e+02     2.48859e+01
    1.87554e+00     4.51152e+02     2.47301e+01
    1.87963e+00     4.51083e+02     2.46617e+01
    1.88372e+00     4.49786e+02     2.46050e+01
    1.88781e+00     4.49684e+02     2.45541e+01
    1.89190e+00     4.47565e+02     2.44185e+01
    1.89599e+00     4.47641e+02     2.42776e+01
    1.90008e+00     4.46920e+02     2.42358e+01
    1.90417e+00     4.46326e+02     2.41187e+01
    1.90827e+00     4.45362e+02     2.40831e+01
    1.91236e+00     4.44332e+02     2.40212e+01
    1.91645e+00     4.44246e+02     2.39601e+01
    1.92054e+00     4.43354e+02     2.38657e+01
    1.92463e+00     4.42159e+02     2.38020e+01
    1.92872e+00     4.41094e+02     2.36726e+01
    1.93281e+00     4.41287e+02     2.36639e+01
    1.93690e+00     4.39448e+02     2.34690e+01
    1.94099e+00     4.39274e+02     2.34558e+01
    1.94508e+00     4.38514e+02     2.33559e+01
    1.94917e+00     4.37296e+02     2.32133e+01
    1.95326e+00     4.37120e+02     2.32284e+01
    1.95735e+00     4.35906e+02     2.30611e+01
    1.96144e+00     4.34922e+02     2.30830e+01
    1.96553e+00     4.33754e+02     2.29255e+01
    1.96962e+00     4.34242e+02     2.29238e+01
    1.97371e+00     4.32877e+02     2.27182e+01
    1.97781e+00     4.32290e+02     2.26908e+01
    1.98190e+00     4.31484e+02     2.26209e+01
    1.98599e+00     4.30879e+02     2.26085e+01
    1.99008e+00     4.30186e+02     2.25231e+01
    1.99417e+00     4.29305e+02     2.23850e+01
    1.99826e+00     4.28742e+02     2.23521e+01
    2.00235e+00     4.27304e+02     2.22631e+01
    2.00644e+00     4.27270e+02     2.21626e+01
    2.01053e+00     4.25596e+02     2.20986e+01
    2.01462e+00     4.25282e+02     2.19792e+01
    2.01871e+00     4.24554e+02     2.19589e+01
    2.02280e+00     4.23470e+02     2.18045e+01
    2.02689e+00     4.23152e+02     2.17488e+01
    2.03098e+00     4.22943e+02     2.17307e+01
    2.03507e+00     4.21384e+02     2.16048e+01
    2.03917e+00     4.21100e+02     2.15918e+01
    2.04325e+00     4.19778e+02     2.14806e+01
    2.04735e+00     4.19358e+02     2.14253e+01
    2.05143e+00     4.18424e+02     2.13051e+01
    2.05552e+00     4.17266e+02     2.12250e+01
    2.05962e+00     4.16693e+02     2.12096e+01
    2.06371e+00     4.16226e+02     2.11045e+01
    2.06780e+00     4.16065e+02     2.11272e+01
    2.07189e+00     4.14952e+02     2.10018e+01
    2.07598e+00     4.13717e+02     2.09242e+01
    2.08007e+00     4.13176e+02     2.08377e+01
    2.08416e+00     4.12162e+02     2.07199e+01
    2.08825e+00     4.11393e+02     2.07262e+01
    2.09234e+00     4.10966e+02     2.06470e+01
    2.09644e+00     4.09978e+02     2.05628e+01
    2.10053e+00     4.09699e+02     2.04940e+01
    2.10461e+00     4.08020e+02     2.03911e+01
    2.10870e+00     4.08063e+02     2.03664e+01
    2.11280e+00     4.06811e+02     2.02739e+01
    2.11688e+00     4.06137e+02     2.02245e+01
    2.12098e+00     4.05619e+02     2.01906e+01
    2.12507e+00     4.04755e+02     2.01199e+01
    2.12916e+00     4.04056e+02     2.00275e+01
    2.13325e+00     4.03745e+02     1.99132e+01
    2.13734e+00     4.02434e+02     1.98859e+01
    2.14143e+00     4.01993e+02     1.98319e+01
    2.14552e+00     4.01134e+02     1.97510e+01
    2.14961e+00     4.01055e+02     1.97169e+01
    2.15370e+00     3.99448e+02     1.95942e+01
    2.15779e+00     3.99279e+02     1.95598e+01
    2.16188e+00     3.97173e+02     1.94424e+01
    2.16597e+00     3.97329e+02     1.94213e+01
    2.17006e+00     3.96431e+02     1.92907e+01
    2.17416e+00     3.96021e+02     1.92701e+01
    2.17825e+00     3.95454e+02     1.92344e+01
    2.18234e+00     3.94267e+02     1.91546e+01
    2.18643e+00     3.93666e+02     1.90465e+01
    2.19052e+00     3.93080e+02     1.90155e+01
    2.19461e+00     3.91845e+02     1.90023e+01
    2.19870e+00     3.91306e+02     1.88955e+01
    2.20279e+00     3.90452e+02     1.88458e+01
    2.20688e+00     3.89697e+02     1.87336e+01
    2.21097e+00     3.89434e+02     1.86990e+01
    2.21506e+00     3.88728e+02     1.86838e+01
    2.21915e+00     3.87261e+02     1.85813e+01
    2.22324e+00     3.87018e+02     1.85052e+01
    2.22733e+00     3.85919e+02     1.84003e+01
    2.23142e+00     3.85826e+02     1.84303e+01
    2.23552e+00     3.84945e+02     1.83155e+01
    2.23961e+00     3.84291e+02     1.83065e+01
    2.24369e+00     3.83666e+02     1.81921e+01
    2.24779e+00     3.82894e+02     1.81496e+01
    2.25188e+00     3.82138e+02     1.80977e+01
    2.25597e+00     3.81146e+02     1.80360e+01
    2.26006e+00     3.80470e+02     1.79751e+01
    2.26415e+00     3.79950e+02     1.79136e+01
    2.26824e+00     3.78671e+02     1.78335e+01
    2.27233e+00     3.78516e+02     1.77941e+01
    2.27642e+00     3.77134e+02     1.77087e+01
    2.28051e+00     3.76636e+02     1.77009e+01
    2.28460e+00     3.76112e+02     1.76280e+01
    2.28869e+00     3.75638e+02     1.75925e+01
    2.29278e+00     3.74476e+02     1.74844e+01
    2.29687e+00     3.73968e+02     1.74443e+01
    2.30096e+00     3.73816e+02     1.74323e+01
    2.30506e+00     3.72704e+02     1.73535e+01
    2.30915e+00     3.71674e+02     1.72698e+01
    2.31324e+00     3.71472e+02     1.72621e+01
    2.31733e+00     3.70489e+02     1.71516e+01
    2.32142e+00     3.70003e+02     1.71029e+01
    2.32551e+00     3.68683e+02     1.70503e+01
    2.32960e+00     3.68426e+02     1.69872e+01
    2.33369e+00     3.67655e+02     1.69613e+01
    2.33778e+00     3.67047e+02     1.68785e+01
    2.34187e+00     3.66596e+02     1.69047e+01
    2.34596e+00     3.65893e+02     1.67918e+01
    2.35005e+00     3.64805e+02     1.67227e+01
    2.35414e+00     3.64421e+02     1.66722e+01
    2.35823e+00     3.63353e+02     1.65980e+01
    2.36232e+00     3.63045e+02     1.66085e+01
    2.36641e+00     3.61969e+02     1.65171e+01
    2.37051e+00     3.61183e+02     1.64382e+01
    2.37460e+00     3.60827e+02     1.63758e+01
    2.37869e+00     3.59615e+02     1.63207e+01
    2.38278e+00     3.59184e+02     1.62876e+01
    2.38687e+00     3.58598e+02     1.62252e+01
    2.39096e+00     3.57795e+02     1.61995e+01
    2.39505e+00     3.56774e+02     1.61065e+01
    2.39914e+00     3.56347e+02     1.60574e+01
    2.40323e+00     3.55860e+02     1.60186e+01
    2.40732e+00     3.55139e+02     1.59676e+01
    2.41141e+00     3.54455e+02     1.59465e+01
    2.41550e+00     3.54142e+02     1.59075e+01
    2.41959e+00     3.52836e+02     1.58027e+01
    2.42368e+00     3.52171e+02     1.57705e+01
    2.42777e+00     3.51824e+02     1.57047e+01
    2.43187e+00     3.50898e+02     1.56572e+01
    2.43596e+00     3.50388e+02     1.55969e+01
    2.44004e+00     3.49145e+02     1.55275e+01
    2.44414e+00     3.48623e+02     1.54957e+01
    2.44823e+00     3.48101e+02     1.54542e+01
    2.45232e+00     3.47222e+02     1.54039e+01
    2.45640e+00     3.46958e+02     1.54032e+01
    2.46050e+00     3.45850e+02     1.53017e+01
    2.46459e+00     3.44710e+02     1.52460e+01
    2.46868e+00     3.44249e+02     1.51858e+01
    2.47277e+00     3.43651e+02     1.51475e+01
    2.47686e+00     3.43234e+02     1.51122e+01
    2.48095e+00     3.42867e+02     1.50672e+01
    2.48504e+00     3.41958e+02     1.50054e+01
    2.48913e+00     3.41265e+02     1.49542e+01
    2.49322e+00     3.39946e+02     1.48515e+01
    2.49731e+00     3.40153e+02     1.48741e+01
    2.50141e+00     3.39521e+02     1.48483e+01
    2.50550e+00     3.38303e+02     1.47636e+01
    2.50959e+00     3.38205e+02     1.47437e+01
    2.51368e+00     3.36861e+02     1.46276e+01
    2.51777e+00     3.36539e+02     1.46287e+01
    2.52186e+00     3.35489e+02     1.45757e+01
    2.52595e+00     3.35313e+02     1.45498e+01
    2.53004e+00     3.34479e+02     1.44593e+01
    2.53413e+00     3.33636e+02     1.44262e+01
    2.53822e+00     3.33111e+02     1.43911e+01
    2.54231e+00     3.32247e+02     1.43226e+01
    2.54640e+00     3.31743e+02     1.42935e+01
    2.55049e+00     3.31127e+02     1.42603e+01
    2.55458e+00     3.30189e+02     1.41856e+01
    2.55867e+00     3.29779e+02     1.41477e+01
    2.56276e+00     3.29149e+02     1.41310e+01
    2.56685e+00     3.28381e+02     1.40479e+01
    2.57095e+00     3.27670e+02     1.40152e+01
    2.57504e+00     3.27474e+02     1.39961e+01
    2.57913e+00     3.26393e+02     1.39577e+01
    2.58322e+00     3.25915e+02     1.38852e+01
    2.58731e+00     3.25072e+02     1.38569e+01
    2.59140e+00     3.24696e+02     1.38212e+01
    2.59549e+00     3.23838e+02     1.37319e+01
    2.59958e+00     3.23130e+02     1.36964e+01
    2.60367e+00     3.22574e+02     1.36942e+01
    2.60776e+00     3.21571e+02     1.36229e+01
    2.61185e+00     3.21121e+02     1.35939e+01
    2.61594e+00     3.20334e+02     1.35223e+01
    2.62003e+00     3.19780e+02     1.34817e+01
    2.62412e+00     3.19139e+02     1.34531e+01
    2.62821e+00     3.18595e+02     1.33857e+01
    2.63230e+00     3.17937e+02     1.33595e+01
    2.63640e+00     3.17058e+02     1.32832e+01
    2.64049e+00     3.16421e+02     1.32832e+01
    2.64457e+00     3.15582e+02     1.32214e+01
    2.64867e+00     3.15174e+02     1.31809e+01
    2.65276e+00     3.14694e+02     1.31399e+01
    2.65685e+00     3.13772e+02     1.30977e+01
    2.66094e+00     3.13527e+02     1.30581e+01
    2.66503e+00     3.12735e+02     1.30162e+01
    2.66912e+00     3.11865e+02     1.29512e+01
    2.67321e+00     3.11441e+02     1.29434e+01
    2.67730e+00     3.10674e+02     1.28844e+01
    2.68139e+00     3.09827e+02     1.28243e+01
    2.68548e+00     3.09405e+02     1.28129e+01
    2.68957e+00     3.08819e+02     1.27911e+01
    2.69366e+00     3.08308e+02     1.27356e+01
    2.69776e+00     3.07163e+02     1.26690e+01
    2.70185e+00     3.06894e+02     1.26691e+01
    2.70594e+00     3.06294e+02     1.26262e+01
    2.71003e+00     3.05580e+02     1.25750e+01
    2.71412e+00     3.05222e+02     1.25049e+01
    2.71821e+00     3.04660e+02     1.25182e+01
    2.72230e+00     3.03877e+02     1.24694e+01
    2.72639e+00     3.03133e+02     1.24105e+01
    2.73048e+00     3.02833e+02     1.23594e+01
    2.73457e+00     3.01814e+02     1.23088e+01
    2.73866e+00     3.01118e+02     1.22861e+01
    2.74275e+00     3.00680e+02     1.22282e+01
    2.74684e+00     3.00112e+02     1.22264e+01
    2.75093e+00     2.99258e+02     1.21679e+01
    2.75502e+00     2.98613e+02     1.21398e+01
    2.75911e+00     2.98071e+02     1.20769e+01
    2.76320e+00     2.97164e+02     1.20233e+01
    2.76730e+00     2.97095e+02     1.20120e+01
    2.77139e+00     2.96697e+02     1.19932e+01
    2.77548e+00     2.95590e+02     1.19190e+01
    2.77957e+00     2.94825e+02     1.18979e+01
    2.78366e+00     2.94424e+02     1.18450e+01
    2.78775e+00     2.93868e+02     1.18212e+01
    2.79184e+00     2.93345e+02     1.17943e+01
    2.79593e+00     2.92544e+02     1.17478e+01
    2.80002e+00     2.91797e+02     1.16915e+01
    2.80411e+00     2.91117e+02     1.16740e+01
    2.80820e+00     2.90470e+02     1.16178e+01
    2.81229e+00     2.89939e+02     1.16059e+01
    2.81638e+00     2.89154e+02     1.15459e+01
    2.82047e+00     2.88733e+02     1.15225e+01
    2.82457e+00     2.88230e+02     1.14684e+01
    2.82866e+00     2.87819e+02     1.14575e+01
    2.83275e+00     2.86971e+02     1.14230e+01
    2.83684e+00     2.86462e+02     1.13728e+01
    2.84093e+00     2.85761e+02     1.13199e+01
    2.84502e+00     2.84934e+02     1.13094e+01
    2.84911e+00     2.84626e+02     1.12670e+01
    2.85320e+00     2.83904e+02     1.12337e+01
    2.85729e+00     2.83141e+02     1.11779e+01
    2.86138e+00     2.82627e+02     1.11741e+01
    2.86547e+00     2.82233e+02     1.11251e+01
    2.86956e+00     2.81502e+02     1.10850e+01
    2.87365e+00     2.80888e+02     1.10579e+01
    2.87774e+00     2.80195e+02     1.10091e+01
    2.88183e+00     2.79714e+02     1.09925e+01
    2.88592e+00     2.79366e+02     1.09482e+01
    2.89001e+00     2.78609e+02     1.09145e+01
    2.89410e+00     2.77991e+02     1.08527e+01
    2.89820e+00     2.77397e+02     1.08465e+01
    2.90229e+00     2.76626e+02     1.08159e+01
    2.90638e+00     2.76221e+02     1.07691e+01
    2.91047e+00     2.75475e+02     1.07294e+01
    2.91456e+00     2.75005e+02     1.06960e+01
    2.91865e+00     2.74638e+02     1.06725e+01
    2.92274e+00     2.73530e+02     1.06078e+01
    2.92683e+00     2.73118e+02     1.05970e+01
    2.93092e+00     2.72701e+02     1.05776e+01
    2.93501e+00     2.72200e+02     1.05329e+01
    2.93910e+00     2.71551e+02     1.05092e+01
    2.94319e+00     2.70730e+02     1.04665e+01
    2.94728e+00     2.70293e+02     1.04262e+01
    2.95137e+00     2.69556e+02     1.03964e+01
    2.95546e+00     2.69055e+02     1.03630e+01
    2.95955e+00     2.68572e+02     1.03349e+01
    2.96364e+00     2.68029e+02     1.03002e+01
    2.96774e+00     2.67131e+02     1.02541e+01
    2.97183e+00     2.66900e+02     1.02302e+01
    2.97592e+00     2.66310e+02     1.02061e+01
    2.98001e+00     2.65701e+02     1.01794e+01
    2.98410e+00     2.65018e+02     1.01380e+01
    2.98819e+00     2.64448e+02     1.00961e+01
    2.99228e+00     2.63841e+02     1.00593e+01
    2.99637e+00     2.63388e+02     1.00391e+01
    3.00046e+00     2.63074e+02     1.00056e+01
    3.00455e+00     2.62363e+02     9.96877e+00
    3.00864e+00     2.61563e+02     9.94910e+00
    3.01273e+00     2.61148e+02     9.91424e+00
    3.01682e+00     2.60317e+02     9.87971e+00
    3.02091e+00     2.59976e+02     9.85488e+00
    3.02500e+00     2.59247e+02     9.80409e+00
    3.02910e+00     2.58933e+02     9.80207e+00
    3.03319e+00     2.57948e+02     9.75529e+00
    3.03728e+00     2.57576e+02     9.70575e+00
    3.04137e+00     2.57238e+02     9.69929e+00
    3.04546e+00     2.56639e+02     9.66372e+00
    3.04955e+00     2.55865e+02     9.61483e+00
    3.05364e+00     2.55473e+02     9.60897e+00
    3.05773e+00     2.54981e+02     9.56702e+00
    3.06182e+00     2.54416e+02     9.53454e+00
    3.06591e+00     2.53495e+02     9.48242e+00
    3.07000e+00     2.52993e+02     9.47449e+00
    3.07409e+00     2.52816e+02     9.43707e+00
    3.07818e+00     2.51976e+02     9.40453e+00
    3.08227e+00     2.51464e+02     9.38682e+00
    3.08636e+00     2.51020e+02     9.36123e+00
    3.09045e+00     2.50585e+02     9.34087e+00
    3.09454e+00     2.49976e+02     9.30072e+00
    3.09863e+00     2.49549e+02     9.27210e+00
    3.10272e+00     2.48852e+02     9.23474e+00
    3.10682e+00     2.48208e+02     9.19420e+00
    3.11091e+00     2.47814e+02     9.18417e+00
    3.11500e+00     2.47081e+02     9.14514e+00
    3.11909e+00     2.46408e+02     9.11922e+00
    3.12318e+00     2.46153e+02     9.08449e+00
    3.12727e+00     2.45444e+02     9.05821e+00
    3.13136e+00     2.44965e+02     9.02552e+00
    3.13545e+00     2.44657e+02     9.02107e+00
    3.13954e+00     2.44013e+02     8.96648e+00
    3.14363e+00     2.43479e+02     8.95342e+00
    3.14772e+00     2.43004e+02     8.92705e+00
    3.15181e+00     2.42444e+02     8.89017e+00
    3.15590e+00     2.41736e+02     8.86186e+00
    3.16000e+00     2.41299e+02     8.83330e+00
    3.16409e+00     2.40725e+02     8.80968e+00
    3.16818e+00     2.40094e+02     8.77386e+00
    3.17227e+00     2.39716e+02     8.75764e+00
    3.17636e+00     2.39273e+02     8.72080e+00
    3.18045e+00     2.38516e+02     8.69143e+00
    3.18454e+00     2.38081e+02     8.66359e+00
    3.18863e+00     2.37620e+02     8.62938e+00
    3.19272e+00     2.37248e+02     8.61862e+00
    3.19681e+00     2.36466e+02     8.57090e+00
    3.20090e+00     2.36157e+02     8.56482e+00
    3.20499e+00     2.35451e+02     8.52844e+00
    3.20908e+00     2.35027e+02     8.51204e+00
    3.21317e+00     2.34345e+02     8.46818e+00
    3.21726e+00     2.34008e+02     8.45945e+00
    3.22135e+00     2.33459e+02     8.43247e+00
    3.22545e+00     2.32996e+02     8.40026e+00
    3.22954e+00     2.32250e+02     8.35914e+00
    3.23363e+00     2.31982e+02     8.35546e+00
    3.23772e+00     2.31361e+02     8.33037e+00
    3.24181e+00     2.31007e+02     8.29165e+00
    3.24590e+00     2.30061e+02     8.26297e+00
    3.24999e+00     2.29829e+02     8.23368e+00
    3.25408e+00     2.29490e+02     8.21418e+00
    3.25817e+00     2.28825e+02     8.16873e+00
    3.26226e+00     2.28422e+02     8.16508e+00
    3.26635e+00     2.27855e+02     8.13405e+00
    3.27044e+00     2.27430e+02     8.11912e+00
    3.27453e+00     2.26626e+02     8.07236e+00
    3.27862e+00     2.26372e+02     8.05818e+00
    3.28271e+00     2.25759e+02     8.03619e+00
    3.28681e+00     2.25309e+02     8.00868e+00
    3.29090e+00     2.24909e+02     7.97804e+00
    3.29499e+00     2.24577e+02     7.97120e+00
    3.29908e+00     2.23939e+02     7.93175e+00
    3.30317e+00     2.23420e+02     7.90967e+00
    3.30725e+00     2.22957e+02     7.88346e+00
    3.31135e+00     2.22605e+02     7.85842e+00
    3.31544e+00     2.22004e+02     7.83482e+00
    3.31953e+00     2.21607e+02     7.81534e+00
    3.32362e+00     2.20960e+02     7.78068e+00
    3.32771e+00     2.20422e+02     7.76318e+00
    3.33180e+00     2.20047e+02     7.73683e+00
    3.33589e+00     2.19680e+02     7.72545e+00
    3.33998e+00     2.18911e+02     7.68349e+00
    3.34407e+00     2.18732e+02     7.67749e+00
    3.34816e+00     2.17995e+02     7.63891e+00
    3.35226e+00     2.17668e+02     7.63012e+00
    3.35634e+00     2.17129e+02     7.59436e+00
    3.36043e+00     2.16666e+02     7.55989e+00
    3.36453e+00     2.16165e+02     7.53848e+00
    3.36862e+00     2.15702e+02     7.51570e+00
    3.37271e+00     2.15211e+02     7.49675e+00
    3.37680e+00     2.14717e+02     7.47552e+00
    3.38089e+00     2.14070e+02     7.43504e+00
    3.38498e+00     2.13584e+02     7.43549e+00
    3.38907e+00     2.13134e+02     7.40742e+00
    3.39316e+00     2.12923e+02     7.37209e+00
    3.39725e+00     2.12272e+02     7.35409e+00
    3.40134e+00     2.11954e+02     7.33378e+00
    3.40543e+00     2.11485e+02     7.31746e+00
    3.40952e+00     2.11091e+02     7.29364e+00
    3.41362e+00     2.10489e+02     7.26190e+00
    3.41770e+00     2.09942e+02     7.24220e+00
    3.42179e+00     2.09671e+02     7.22084e+00
    3.42588e+00     2.09043e+02     7.19755e+00
    3.42997e+00     2.08538e+02     7.17620e+00
    3.43406e+00     2.08205e+02     7.15226e+00
    3.43816e+00     2.07691e+02     7.13044e+00
    3.44225e+00     2.07080e+02     7.10554e+00
    3.44634e+00     2.06834e+02     7.08896e+00
    3.45043e+00     2.06259e+02     7.06072e+00
    3.45452e+00     2.05879e+02     7.04483e+00
    3.45861e+00     2.05254e+02     7.02134e+00
    3.46270e+00     2.04992e+02     6.99951e+00
    3.46679e+00     2.04437e+02     6.97808e+00
    3.47088e+00     2.03920e+02     6.95324e+00
    3.47497e+00     2.03464e+02     6.93619e+00
    3.47906e+00     2.03279e+02     6.91768e+00
    3.48315e+00     2.02574e+02     6.88967e+00
    3.48725e+00     2.02292e+02     6.87047e+00
    3.49134e+00     2.01854e+02     6.85091e+00
    3.49543e+00     2.01453e+02     6.82916e+00
    3.49952e+00     2.00964e+02     6.80510e+00
    3.50361e+00     2.00583e+02     6.79838e+00
    3.50770e+00     1.99982e+02     6.76464e+00
    3.51179e+00     1.99610e+02     6.74720e+00
    3.51588e+00     1.99107e+02     6.72158e+00
    3.51997e+00     1.98747e+02     6.70610e+00
    3.52406e+00     1.98497e+02     6.68791e+00
    3.52815e+00     1.97847e+02     6.65808e+00
    3.53224e+00     1.97536e+02     6.64985e+00
    3.53633e+00     1.97032e+02     6.62439e+00
    3.54042e+00     1.96783e+02     6.61218e+00
    3.54451e+00     1.96117e+02     6.58136e+00
    3.54860e+00     1.95782e+02     6.56047e+00
    3.55270e+00     1.95470e+02     6.54404e+00
    3.55679e+00     1.95078e+02     6.53167e+00
    3.56088e+00     1.94682e+02     6.51089e+00
    3.56497e+00     1.94318e+02     6.49124e+00
    3.56906e+00     1.93656e+02     6.46584e+00
    3.57315e+00     1.93284e+02     6.44919e+00
    3.57724e+00     1.92874e+02     6.42804e+00
    3.58133e+00     1.92390e+02     6.40814e+00
    3.58542e+00     1.92128e+02     6.40063e+00
    3.58951e+00     1.91550e+02     6.36308e+00
    3.59360e+00     1.91386e+02     6.35494e+00
    3.59769e+00     1.90766e+02     6.33182e+00
    3.60178e+00     1.90249e+02     6.30461e+00
    3.60587e+00     1.89859e+02     6.29242e+00
    3.60996e+00     1.89533e+02     6.27372e+00
    3.61405e+00     1.89116e+02     6.26026e+00
    3.61814e+00     1.88668e+02     6.22949e+00
    3.62224e+00     1.88258e+02     6.21483e+00
    3.62633e+00     1.87789e+02     6.20411e+00
    3.63042e+00     1.87467e+02     6.18549e+00
    3.63451e+00     1.87065e+02     6.16169e+00
    3.63860e+00     1.86881e+02     6.15540e+00
    3.64269e+00     1.86313e+02     6.12060e+00
    3.64678e+00     1.85912e+02     6.10258e+00
    3.65087e+00     1.85567e+02     6.09572e+00
    3.65496e+00     1.85055e+02     6.06942e+00
    3.65905e+00     1.84742e+02     6.04858e+00
    3.66314e+00     1.84220e+02     6.02862e+00
    3.66723e+00     1.83821e+02     6.00803e+00
    3.67132e+00     1.83566e+02     5.98519e+00
    3.67541e+00     1.83341e+02     5.99486e+00
    3.67950e+00     1.82846e+02     5.95738e+00
    3.68359e+00     1.82383e+02     5.96097e+00
    3.68769e+00     1.81964e+02     5.92875e+00
    3.69177e+00     1.81610e+02     5.90293e+00
    3.69587e+00     1.81075e+02     5.88917e+00
    3.69996e+00     1.80903e+02     5.87802e+00
    3.70405e+00     1.80373e+02     5.85064e+00
    3.70814e+00     1.80038e+02     5.84025e+00
    3.71223e+00     1.79812e+02     5.82846e+00
    3.71632e+00     1.79256e+02     5.80195e+00
    3.72041e+00     1.78777e+02     5.78335e+00
    3.72450e+00     1.78391e+02     5.76532e+00
    3.72859e+00     1.78273e+02     5.76401e+00
    3.73268e+00     1.77768e+02     5.73734e+00
    3.73677e+00     1.77422e+02     5.72239e+00
    3.74086e+00     1.76990e+02     5.70247e+00
    3.74495e+00     1.76629e+02     5.69000e+00
    3.74905e+00     1.76174e+02     5.66537e+00
    3.75313e+00     1.75908e+02     5.65754e+00
    3.75722e+00     1.75679e+02     5.64243e+00
    3.76131e+00     1.75279e+02     5.62541e+00
    3.76541e+00     1.74843e+02     5.61122e+00
    3.76950e+00     1.74365e+02     5.58639e+00
    3.77359e+00     1.74071e+02     5.56764e+00
    3.77768e+00     1.73637e+02     5.55687e+00
    3.78177e+00     1.73394e+02     5.54736e+00
    3.78586e+00     1.73133e+02     5.53642e+00
    3.78995e+00     1.72721e+02     5.50874e+00
    3.79404e+00     1.72214e+02     5.48664e+00
    3.79813e+00     1.71806e+02     5.47285e+00
    3.80222e+00     1.71518e+02     5.46094e+00
    3.80632e+00     1.71173e+02     5.44784e+00
    3.81040e+00     1.70831e+02     5.42863e+00
    3.81449e+00     1.70513e+02     5.42125e+00
    3.81859e+00     1.70023e+02     5.39176e+00
    3.82268e+00     1.69713e+02     5.38655e+00
    3.82677e+00     1.69437e+02     5.37364e+00
    3.83086e+00     1.69091e+02     5.35626e+00
    3.83495e+00     1.68778e+02     5.34294e+00
    3.83904e+00     1.68599e+02     5.33133e+00
    3.84313e+00     1.68176e+02     5.31558e+00
    3.84722e+00     1.67806e+02     5.29357e+00
    3.85131e+00     1.67515e+02     5.28152e+00
    3.85540e+00     1.67170e+02     5.27161e+00
    3.85949e+00     1.66757e+02     5.25215e+00
    3.86358e+00     1.66344e+02     5.23480e+00
    3.86768e+00     1.66027e+02     5.21969e+00
    3.87177e+00     1.65669e+02     5.20141e+00
    3.87585e+00     1.65470e+02     5.20138e+00
    3.87994e+00     1.65037e+02     5.18473e+00
    3.88403e+00     1.64763e+02     5.16990e+00
    3.88813e+00     1.64362e+02     5.14535e+00
    3.89222e+00     1.64146e+02     5.13966e+00
    3.89631e+00     1.63772e+02     5.12203e+00
    3.90040e+00     1.63426e+02     5.11368e+00
    3.90449e+00     1.62975e+02     5.09275e+00
    3.90858e+00     1.62694e+02     5.08003e+00
    3.91267e+00     1.62371e+02     5.06395e+00
    3.91676e+00     1.62000e+02     5.05357e+00
    3.92085e+00     1.61726e+02     5.03707e+00
    3.92494e+00     1.61315e+02     5.02173e+00
    3.92903e+00     1.61110e+02     5.01204e+00
    3.93312e+00     1.60846e+02     4.99935e+00
    3.93721e+00     1.60502e+02     4.97988e+00
    3.94130e+00     1.60247e+02     4.97570e+00
    3.94539e+00     1.59963e+02     4.96490e+00
    3.94949e+00     1.59491e+02     4.94975e+00
    3.95358e+00     1.59350e+02     4.93240e+00
    3.95767e+00     1.58943e+02     4.92048e+00
    3.96176e+00     1.58674e+02     4.91142e+00
    3.96585e+00     1.58397e+02     4.89877e+00
    3.96994e+00     1.58052e+02     4.88098e+00
    3.97403e+00     1.57683e+02     4.87100e+00
    3.97812e+00     1.57406e+02     4.85494e+00
    3.98221e+00     1.57244e+02     4.84538e+00
    3.98630e+00     1.56691e+02     4.82529e+00
    3.99039e+00     1.56559e+02     4.81859e+00
    3.99448e+00     1.56189e+02     4.80263e+00
    3.99857e+00     1.55939e+02     4.79263e+00
    4.00266e+00     1.55474e+02     4.77268e+00
    4.00675e+00     1.55230e+02     4.76817e+00
    4.01085e+00     1.54941e+02     4.75316e+00
    4.01494e+00     1.54802e+02     4.74072e+00
    4.01902e+00     1.54462e+02     4.72872e+00
    4.02312e+00     1.54141e+02     4.71846e+00
    4.02721e+00     1.53857e+02     4.70471e+00
    4.03130e+00     1.53435e+02     4.69148e+00
    4.03539e+00     1.53353e+02     4.68689e+00
    4.03948e+00     1.52901e+02     4.66684e+00
    4.04357e+00     1.52675e+02     4.65439e+00
    4.04766e+00     1.52392e+02     4.64285e+00
    4.05175e+00     1.52013e+02     4.63001e+00
    4.05584e+00     1.51779e+02     4.62021e+00
    4.05993e+00     1.51488e+02     4.61174e+00
    4.06402e+00     1.51306e+02     4.59348e+00
    4.06811e+00     1.50935e+02     4.58496e+00
    4.07220e+00     1.50715e+02     4.57258e+00
    4.07630e+00     1.50442e+02     4.56759e+00
    4.08038e+00     1.50057e+02     4.55193e+00
    4.08447e+00     1.49848e+02     4.53964e+00
    4.08857e+00     1.49594e+02     4.53065e+00
    4.09266e+00     1.49331e+02     4.51549e+00
    4.09675e+00     1.49023e+02     4.51132e+00
    4.10084e+00     1.48780e+02     4.49879e+00
    4.10493e+00     1.48446e+02     4.48911e+00
    4.10902e+00     1.48160e+02     4.47141e+00
    4.11311e+00     1.48033e+02     4.47174e+00
    4.11720e+00     1.47738e+02     4.45369e+00
    4.12129e+00     1.47389e+02     4.44603e+00
    4.12538e+00     1.47227e+02     4.43020e+00
    4.12947e+00     1.46959e+02     4.42488e+00
    4.13356e+00     1.46667e+02     4.41254e+00
    4.13765e+00     1.46398e+02     4.39879e+00
    4.14175e+00     1.46231e+02     4.39518e+00
    4.14584e+00     1.45829e+02     4.37942e+00
    4.14993e+00     1.45533e+02     4.36547e+00
    4.15402e+00     1.45251e+02     4.36022e+00
    4.15811e+00     1.45276e+02     4.35362e+00
    4.16220e+00     1.44896e+02     4.33625e+00
    4.16629e+00     1.44516e+02     4.33250e+00
    4.17038e+00     1.44304e+02     4.31419e+00
    4.17447e+00     1.44164e+02     4.31019e+00
    4.17856e+00     1.43843e+02     4.29907e+00
    4.18265e+00     1.43702e+02     4.29090e+00
    4.18674e+00     1.43383e+02     4.27617e+00
