# Real space h-h auto- and h-m cross-spectra.
# z=3.000, 13.000<lgM<13.500
#      k[h/Mpc]            P_hh            P_hm
    0.00000e+00     0.00000e+00     0.00000e+00
    5.79404e-03     2.28036e+05     1.05429e+04
    1.04717e-02     2.53464e+05     1.47185e+04
    1.42665e-02     4.23042e+05     2.55511e+04
    1.81228e-02     3.31717e+05     1.85317e+04
    2.24845e-02     3.10644e+05     1.77513e+04
    2.64508e-02     3.04886e+05     1.69560e+04
    3.04474e-02     2.78150e+05     1.54328e+04
    3.47320e-02     2.75375e+05     1.38357e+04
    3.88308e-02     2.62725e+05     1.18490e+04
    4.28140e-02     2.69502e+05     1.14452e+04
    4.68856e-02     2.53487e+05     1.04008e+04
    5.09858e-02     2.59382e+05     1.09147e+04
    5.51458e-02     2.38676e+05     8.30040e+03
    5.92243e-02     2.50385e+05     9.53666e+03
    6.32864e-02     2.45290e+05     8.24087e+03
    6.73674e-02     2.34276e+05     7.79977e+03
    7.14960e-02     2.35071e+05     7.54734e+03
    7.55894e-02     2.35680e+05     7.43633e+03
    7.96660e-02     2.28978e+05     6.59101e+03
    8.38183e-02     2.25985e+05     6.22082e+03
    8.78941e-02     2.14853e+05     5.34178e+03
    9.19238e-02     2.14939e+05     5.39533e+03
    9.60446e-02     2.20036e+05     5.18064e+03
    1.00128e-01     2.07011e+05     4.46630e+03
    1.04209e-01     2.10933e+05     4.26528e+03
    1.08333e-01     2.05502e+05     3.94122e+03
    1.12448e-01     2.05462e+05     3.94454e+03
    1.16521e-01     2.05199e+05     3.80362e+03
    1.20596e-01     2.01843e+05     3.65567e+03
    1.24665e-01     2.02022e+05     3.52258e+03
    1.28771e-01     1.96785e+05     3.40593e+03
    1.32874e-01     2.01428e+05     3.46427e+03
    1.36975e-01     1.98092e+05     3.27413e+03
    1.41075e-01     1.97508e+05     3.06883e+03
    1.45172e-01     1.92882e+05     2.97295e+03
    1.49268e-01     1.93495e+05     2.86460e+03
    1.53330e-01     1.88739e+05     2.60770e+03
    1.57416e-01     1.88069e+05     2.41750e+03
    1.61514e-01     1.90137e+05     2.37589e+03
    1.65592e-01     1.90292e+05     2.30824e+03
    1.69693e-01     1.87760e+05     2.21681e+03
    1.73803e-01     1.84693e+05     2.17326e+03
    1.77905e-01     1.84188e+05     2.16302e+03
    1.82001e-01     1.83750e+05     2.04483e+03
    1.86092e-01     1.87169e+05     2.05085e+03
    1.90161e-01     1.83769e+05     1.91299e+03
    1.94237e-01     1.84390e+05     1.95301e+03
    1.98334e-01     1.84352e+05     1.85227e+03
    2.02427e-01     1.84654e+05     1.81284e+03
    2.06523e-01     1.82178e+05     1.75992e+03
    2.10626e-01     1.80691e+05     1.72513e+03
    2.14724e-01     1.80332e+05     1.68043e+03
    2.18827e-01     1.78289e+05     1.55578e+03
    2.22903e-01     1.81032e+05     1.54944e+03
    2.26990e-01     1.79174e+05     1.52605e+03
    2.31084e-01     1.78271e+05     1.44212e+03
    2.35153e-01     1.79167e+05     1.43471e+03
    2.39244e-01     1.76697e+05     1.40302e+03
    2.43338e-01     1.78459e+05     1.36456e+03
    2.47445e-01     1.75151e+05     1.34186e+03
    2.51539e-01     1.77391e+05     1.30523e+03
    2.55609e-01     1.76670e+05     1.30827e+03
    2.59718e-01     1.76417e+05     1.26748e+03
    2.63814e-01     1.75063e+05     1.19696e+03
    2.67904e-01     1.76005e+05     1.22250e+03
    2.71993e-01     1.75170e+05     1.18941e+03
    2.76068e-01     1.73961e+05     1.15342e+03
    2.80171e-01     1.73458e+05     1.16428e+03
    2.84268e-01     1.71397e+05     1.08337e+03
    2.88346e-01     1.72702e+05     1.07191e+03
    2.92426e-01     1.74011e+05     1.07814e+03
    2.96514e-01     1.71107e+05     1.02182e+03
    3.00627e-01     1.69620e+05     9.92304e+02
    3.04729e-01     1.71577e+05     1.01300e+03
    3.08821e-01     1.71700e+05     9.88441e+02
    3.12919e-01     1.72191e+05     9.82383e+02
    3.16999e-01     1.69174e+05     9.27949e+02
    3.21078e-01     1.69235e+05     9.45387e+02
    3.25167e-01     1.69381e+05     9.02142e+02
    3.29247e-01     1.70017e+05     9.12041e+02
    3.33333e-01     1.67403e+05     8.76883e+02
    3.37443e-01     1.68144e+05     8.56114e+02
    3.41545e-01     1.67454e+05     8.35050e+02
    3.45625e-01     1.67928e+05     8.53332e+02
    3.49715e-01     1.66583e+05     8.12722e+02
    3.53817e-01     1.67779e+05     8.05637e+02
    3.57906e-01     1.66745e+05     8.23231e+02
    3.61975e-01     1.65739e+05     7.74000e+02
    3.66071e-01     1.67150e+05     7.75749e+02
    3.70189e-01     1.66886e+05     7.72429e+02
    3.74277e-01     1.64219e+05     7.49102e+02
    3.78356e-01     1.65153e+05     7.38916e+02
    3.82448e-01     1.65494e+05     7.20606e+02
    3.86535e-01     1.64603e+05     7.35788e+02
    3.90624e-01     1.65181e+05     7.03668e+02
    3.94706e-01     1.63608e+05     7.07123e+02
    3.98794e-01     1.63922e+05     6.89974e+02
    4.02896e-01     1.65768e+05     6.86928e+02
    4.06986e-01     1.65081e+05     6.74177e+02
    4.11069e-01     1.63897e+05     6.64597e+02
    4.15170e-01     1.63578e+05     6.49322e+02
    4.19263e-01     1.63863e+05     6.35536e+02
    4.23353e-01     1.63529e+05     6.33296e+02
    4.27447e-01     1.62899e+05     6.33920e+02
    4.31534e-01     1.63924e+05     6.13374e+02
    4.35624e-01     1.62042e+05     6.01225e+02
    4.39718e-01     1.62736e+05     6.17623e+02
    4.43804e-01     1.60692e+05     6.08547e+02
    4.47892e-01     1.62364e+05     6.11631e+02
    4.51977e-01     1.61117e+05     5.86764e+02
    4.56067e-01     1.61736e+05     5.79724e+02
    4.60165e-01     1.60981e+05     5.84825e+02
    4.64260e-01     1.61181e+05     5.64534e+02
    4.68355e-01     1.61022e+05     5.66324e+02
    4.72450e-01     1.60059e+05     5.52915e+02
    4.76540e-01     1.59698e+05     5.58642e+02
    4.80633e-01     1.61202e+05     5.53521e+02
    4.84718e-01     1.60344e+05     5.40398e+02
    4.88794e-01     1.60392e+05     5.35063e+02
    4.92888e-01     1.60636e+05     5.30945e+02
    4.96984e-01     1.59504e+05     5.20806e+02
    5.01073e-01     1.58791e+05     5.20071e+02
    5.05169e-01     1.58931e+05     5.06587e+02
    5.09268e-01     1.58900e+05     5.03161e+02
    5.13369e-01     1.58080e+05     5.08826e+02
    5.17441e-01     1.57983e+05     5.05120e+02
    5.21516e-01     1.58220e+05     4.96713e+02
    5.25611e-01     1.58646e+05     4.82322e+02
    5.29706e-01     1.57259e+05     4.78873e+02
    5.33801e-01     1.58202e+05     4.86756e+02
    5.37888e-01     1.57360e+05     4.69712e+02
    5.41985e-01     1.57241e+05     4.61527e+02
    5.46091e-01     1.57060e+05     4.67490e+02
    5.50174e-01     1.56915e+05     4.64638e+02
    5.54252e-01     1.56991e+05     4.63495e+02
    5.58346e-01     1.57381e+05     4.56117e+02
    5.62439e-01     1.56177e+05     4.53824e+02
    5.66527e-01     1.56128e+05     4.45117e+02
    5.70616e-01     1.55661e+05     4.42338e+02
    5.74707e-01     1.56008e+05     4.50059e+02
    5.78798e-01     1.55822e+05     4.38994e+02
    5.82883e-01     1.55250e+05     4.28607e+02
    5.86977e-01     1.55103e+05     4.25247e+02
    5.91070e-01     1.55813e+05     4.16910e+02
    5.95166e-01     1.54628e+05     4.22374e+02
    5.99260e-01     1.55139e+05     4.21054e+02
    6.03349e-01     1.54363e+05     4.13791e+02
    6.07445e-01     1.54755e+05     4.06702e+02
    6.11543e-01     1.53693e+05     3.97392e+02
    6.15623e-01     1.54800e+05     4.00610e+02
    6.19704e-01     1.53894e+05     3.98566e+02
    6.23792e-01     1.54035e+05     3.96622e+02
    6.27891e-01     1.54109e+05     3.92863e+02
    6.31991e-01     1.53474e+05     3.87549e+02
    6.36073e-01     1.53238e+05     3.91331e+02
    6.40158e-01     1.53823e+05     3.82091e+02
    6.44244e-01     1.53336e+05     3.78213e+02
    6.48338e-01     1.52214e+05     3.77253e+02
    6.52432e-01     1.52998e+05     3.78827e+02
    6.56514e-01     1.52533e+05     3.77011e+02
    6.60609e-01     1.52662e+05     3.75531e+02
    6.64712e-01     1.52750e+05     3.65502e+02
    6.68801e-01     1.52421e+05     3.67775e+02
    6.72890e-01     1.52073e+05     3.65605e+02
    6.76984e-01     1.51491e+05     3.59645e+02
    6.81074e-01     1.51314e+05     3.61098e+02
    6.85160e-01     1.51064e+05     3.56911e+02
    6.89246e-01     1.51463e+05     3.55240e+02
    6.93336e-01     1.51571e+05     3.49231e+02
    6.97434e-01     1.50918e+05     3.45243e+02
    7.01528e-01     1.50516e+05     3.47392e+02
    7.05618e-01     1.50414e+05     3.40865e+02
    7.09708e-01     1.50549e+05     3.39618e+02
    7.13796e-01     1.50808e+05     3.42235e+02
    7.17892e-01     1.49927e+05     3.38655e+02
    7.21982e-01     1.50197e+05     3.37135e+02
    7.26059e-01     1.49371e+05     3.33138e+02
    7.30145e-01     1.50055e+05     3.29269e+02
    7.34240e-01     1.49362e+05     3.31365e+02
    7.38340e-01     1.49959e+05     3.27000e+02
    7.42427e-01     1.49694e+05     3.27856e+02
    7.46511e-01     1.49297e+05     3.22508e+02
    7.50614e-01     1.48978e+05     3.19988e+02
    7.54706e-01     1.48830e+05     3.18002e+02
    7.58795e-01     1.48533e+05     3.18949e+02
    7.62888e-01     1.48438e+05     3.17899e+02
    7.66986e-01     1.48415e+05     3.10531e+02
    7.71073e-01     1.48255e+05     3.09409e+02
    7.75153e-01     1.47814e+05     3.07314e+02
    7.79241e-01     1.48309e+05     3.06179e+02
    7.83335e-01     1.48105e+05     3.06549e+02
    7.87426e-01     1.48185e+05     3.08215e+02
    7.91513e-01     1.47211e+05     3.02092e+02
    7.95606e-01     1.48049e+05     3.04182e+02
    7.99702e-01     1.47153e+05     2.99128e+02
    8.03798e-01     1.47381e+05     2.98636e+02
    8.07879e-01     1.46760e+05     2.93585e+02
    8.11963e-01     1.47468e+05     2.91450e+02
    8.16059e-01     1.46616e+05     2.95004e+02
    8.20152e-01     1.46711e+05     2.89413e+02
    8.24242e-01     1.46893e+05     2.84360e+02
    8.28331e-01     1.46914e+05     2.89799e+02
    8.32425e-01     1.46188e+05     2.87705e+02
    8.36516e-01     1.45660e+05     2.83620e+02
    8.40610e-01     1.45846e+05     2.84166e+02
    8.44704e-01     1.45968e+05     2.80129e+02
    8.48790e-01     1.45371e+05     2.80000e+02
    8.52876e-01     1.44671e+05     2.80033e+02
    8.56967e-01     1.45439e+05     2.73569e+02
    8.61059e-01     1.45276e+05     2.77295e+02
    8.65147e-01     1.44665e+05     2.71165e+02
    8.69235e-01     1.45305e+05     2.73148e+02
    8.73334e-01     1.44659e+05     2.70917e+02
    8.77429e-01     1.44752e+05     2.73925e+02
    8.81512e-01     1.44491e+05     2.69250e+02
    8.85601e-01     1.44379e+05     2.65477e+02
    8.89691e-01     1.44112e+05     2.64178e+02
    8.93784e-01     1.44051e+05     2.64594e+02
    8.97875e-01     1.43724e+05     2.62836e+02
    9.01960e-01     1.44237e+05     2.62179e+02
    9.06054e-01     1.44068e+05     2.60376e+02
    9.10146e-01     1.43681e+05     2.59962e+02
    9.14237e-01     1.43717e+05     2.58278e+02
    9.18331e-01     1.43341e+05     2.56113e+02
    9.22421e-01     1.43158e+05     2.57484e+02
    9.26509e-01     1.43004e+05     2.56667e+02
    9.30598e-01     1.42977e+05     2.55260e+02
    9.34692e-01     1.42753e+05     2.54290e+02
    9.38787e-01     1.42849e+05     2.51762e+02
    9.42873e-01     1.42573e+05     2.48099e+02
    9.46961e-01     1.41997e+05     2.47135e+02
    9.51054e-01     1.42338e+05     2.47407e+02
    9.55150e-01     1.42133e+05     2.43157e+02
    9.59240e-01     1.41884e+05     2.45386e+02
    9.63327e-01     1.41516e+05     2.42762e+02
    9.67420e-01     1.42136e+05     2.46468e+02
    9.71506e-01     1.41418e+05     2.40939e+02
    9.75588e-01     1.41645e+05     2.40191e+02
    9.79678e-01     1.41030e+05     2.41415e+02
    9.83773e-01     1.41099e+05     2.40083e+02
    9.87866e-01     1.41126e+05     2.40090e+02
    9.91960e-01     1.40581e+05     2.35968e+02
    9.96055e-01     1.40634e+05     2.37748e+02
    1.00015e+00     1.40604e+05     2.36538e+02
    1.00424e+00     1.40059e+05     2.35180e+02
    1.00832e+00     1.39956e+05     2.35574e+02
    1.01242e+00     1.39693e+05     2.31278e+02
    1.01651e+00     1.40124e+05     2.29670e+02
    1.02059e+00     1.39607e+05     2.26943e+02
    1.02468e+00     1.39182e+05     2.27729e+02
    1.02878e+00     1.39574e+05     2.27562e+02
    1.03287e+00     1.39326e+05     2.26957e+02
    1.03695e+00     1.39150e+05     2.24873e+02
    1.04105e+00     1.39047e+05     2.26402e+02
    1.04515e+00     1.38840e+05     2.25015e+02
    1.04923e+00     1.38833e+05     2.24063e+02
    1.05332e+00     1.38482e+05     2.22202e+02
    1.05741e+00     1.38356e+05     2.19692e+02
    1.06150e+00     1.38285e+05     2.20812e+02
    1.06559e+00     1.38392e+05     2.22609e+02
    1.06968e+00     1.38045e+05     2.19730e+02
    1.07377e+00     1.37567e+05     2.17537e+02
    1.07786e+00     1.37670e+05     2.15654e+02
    1.08195e+00     1.37333e+05     2.14857e+02
    1.08605e+00     1.37607e+05     2.15386e+02
    1.09014e+00     1.37278e+05     2.15283e+02
    1.09422e+00     1.37245e+05     2.14435e+02
    1.09832e+00     1.36819e+05     2.11706e+02
    1.10242e+00     1.36795e+05     2.09410e+02
    1.10650e+00     1.36696e+05     2.11242e+02
    1.11059e+00     1.36563e+05     2.10210e+02
    1.11468e+00     1.36767e+05     2.09353e+02
    1.11878e+00     1.36836e+05     2.09321e+02
    1.12287e+00     1.36218e+05     2.08468e+02
    1.12695e+00     1.35921e+05     2.06956e+02
    1.13105e+00     1.35768e+05     2.05510e+02
    1.13514e+00     1.35536e+05     2.04149e+02
    1.13922e+00     1.35588e+05     2.04017e+02
    1.14331e+00     1.35621e+05     2.03997e+02
    1.14741e+00     1.35320e+05     2.01698e+02
    1.15150e+00     1.35370e+05     2.03728e+02
    1.15559e+00     1.34774e+05     2.00317e+02
    1.15968e+00     1.34679e+05     2.02046e+02
    1.16377e+00     1.35032e+05     1.99982e+02
    1.16786e+00     1.34252e+05     1.99214e+02
    1.17195e+00     1.34478e+05     1.98891e+02
    1.17604e+00     1.34561e+05     1.95444e+02
    1.18013e+00     1.34145e+05     1.94961e+02
    1.18422e+00     1.34016e+05     1.95215e+02
    1.18831e+00     1.34127e+05     1.96742e+02
    1.19240e+00     1.33483e+05     1.96791e+02
    1.19649e+00     1.33880e+05     1.95873e+02
    1.20059e+00     1.33279e+05     1.94389e+02
    1.20468e+00     1.33142e+05     1.92648e+02
    1.20877e+00     1.32830e+05     1.89871e+02
    1.21286e+00     1.32771e+05     1.88757e+02
    1.21695e+00     1.32772e+05     1.89443e+02
    1.22104e+00     1.32595e+05     1.87924e+02
    1.22513e+00     1.32594e+05     1.88895e+02
    1.22922e+00     1.32007e+05     1.86721e+02
    1.23330e+00     1.32380e+05     1.88001e+02
    1.23740e+00     1.32204e+05     1.87129e+02
    1.24149e+00     1.31794e+05     1.85419e+02
    1.24558e+00     1.31585e+05     1.84985e+02
    1.24967e+00     1.31735e+05     1.84609e+02
    1.25376e+00     1.31586e+05     1.83953e+02
    1.25785e+00     1.31736e+05     1.84385e+02
    1.26194e+00     1.31896e+05     1.84680e+02
    1.26603e+00     1.31444e+05     1.82997e+02
    1.27012e+00     1.30874e+05     1.81875e+02
    1.27422e+00     1.30798e+05     1.81020e+02
    1.27831e+00     1.30368e+05     1.79342e+02
    1.28240e+00     1.30577e+05     1.79921e+02
    1.28649e+00     1.30532e+05     1.78570e+02
    1.29058e+00     1.30110e+05     1.78387e+02
    1.29467e+00     1.29829e+05     1.77593e+02
    1.29876e+00     1.29733e+05     1.78982e+02
    1.30285e+00     1.29925e+05     1.75802e+02
    1.30694e+00     1.29756e+05     1.75294e+02
    1.31103e+00     1.29502e+05     1.75655e+02
    1.31512e+00     1.29222e+05     1.73871e+02
    1.31921e+00     1.29282e+05     1.74099e+02
    1.32331e+00     1.29141e+05     1.74199e+02
    1.32739e+00     1.28743e+05     1.73713e+02
    1.33148e+00     1.28780e+05     1.71970e+02
    1.33558e+00     1.28994e+05     1.72785e+02
    1.33967e+00     1.28305e+05     1.70738e+02
    1.34376e+00     1.28248e+05     1.70913e+02
    1.34785e+00     1.27922e+05     1.69346e+02
    1.35195e+00     1.28191e+05     1.69984e+02
    1.35603e+00     1.28087e+05     1.70200e+02
    1.36011e+00     1.27801e+05     1.69533e+02
    1.36421e+00     1.27381e+05     1.66962e+02
    1.36830e+00     1.27623e+05     1.66696e+02
    1.37239e+00     1.27443e+05     1.68870e+02
    1.37648e+00     1.27032e+05     1.66452e+02
    1.38057e+00     1.26883e+05     1.66403e+02
    1.38466e+00     1.27006e+05     1.65286e+02
    1.38875e+00     1.26772e+05     1.64557e+02
    1.39285e+00     1.26419e+05     1.64090e+02
    1.39694e+00     1.26548e+05     1.64720e+02
    1.40102e+00     1.26285e+05     1.62990e+02
    1.40512e+00     1.26274e+05     1.63041e+02
    1.40921e+00     1.26037e+05     1.61138e+02
    1.41330e+00     1.25939e+05     1.62078e+02
    1.41739e+00     1.26112e+05     1.61438e+02
    1.42148e+00     1.25614e+05     1.61300e+02
    1.42557e+00     1.25370e+05     1.59352e+02
    1.42966e+00     1.25097e+05     1.59521e+02
    1.43375e+00     1.24907e+05     1.59436e+02
    1.43784e+00     1.24662e+05     1.58196e+02
    1.44193e+00     1.24704e+05     1.58424e+02
    1.44602e+00     1.24730e+05     1.57534e+02
    1.45011e+00     1.24226e+05     1.56118e+02
    1.45420e+00     1.24388e+05     1.56772e+02
    1.45830e+00     1.23967e+05     1.55444e+02
    1.46239e+00     1.24205e+05     1.54746e+02
    1.46648e+00     1.23731e+05     1.55195e+02
    1.47056e+00     1.23805e+05     1.54494e+02
    1.47465e+00     1.23435e+05     1.52868e+02
    1.47874e+00     1.23628e+05     1.54346e+02
    1.48283e+00     1.23471e+05     1.52895e+02
    1.48693e+00     1.23163e+05     1.52594e+02
    1.49102e+00     1.23193e+05     1.52582e+02
    1.49511e+00     1.22944e+05     1.51949e+02
    1.49920e+00     1.22728e+05     1.51402e+02
    1.50329e+00     1.22574e+05     1.50215e+02
    1.50738e+00     1.22376e+05     1.50296e+02
    1.51148e+00     1.22414e+05     1.50992e+02
    1.51557e+00     1.22106e+05     1.48837e+02
    1.51965e+00     1.22024e+05     1.48751e+02
    1.52374e+00     1.22084e+05     1.48960e+02
    1.52784e+00     1.21602e+05     1.48138e+02
    1.53193e+00     1.21660e+05     1.48482e+02
    1.53602e+00     1.21503e+05     1.47818e+02
    1.54011e+00     1.21270e+05     1.46294e+02
    1.54420e+00     1.21111e+05     1.45961e+02
    1.54829e+00     1.20769e+05     1.44430e+02
    1.55238e+00     1.20679e+05     1.45354e+02
    1.55647e+00     1.20494e+05     1.45160e+02
    1.56056e+00     1.20585e+05     1.44322e+02
    1.56465e+00     1.20378e+05     1.44419e+02
    1.56874e+00     1.20158e+05     1.43934e+02
    1.57283e+00     1.20261e+05     1.43276e+02
    1.57693e+00     1.19764e+05     1.42490e+02
    1.58102e+00     1.19573e+05     1.42015e+02
    1.58510e+00     1.19534e+05     1.41716e+02
    1.58919e+00     1.19267e+05     1.40875e+02
    1.59329e+00     1.19509e+05     1.41357e+02
    1.59738e+00     1.18978e+05     1.40395e+02
    1.60147e+00     1.18907e+05     1.39942e+02
    1.60556e+00     1.18826e+05     1.40491e+02
    1.60965e+00     1.18678e+05     1.39501e+02
    1.61374e+00     1.18656e+05     1.38960e+02
    1.61783e+00     1.18605e+05     1.38369e+02
    1.62192e+00     1.18026e+05     1.38505e+02
    1.62601e+00     1.18141e+05     1.36912e+02
    1.63010e+00     1.17858e+05     1.36560e+02
    1.63419e+00     1.17653e+05     1.36406e+02
    1.63828e+00     1.17750e+05     1.36211e+02
    1.64238e+00     1.17436e+05     1.35744e+02
    1.64647e+00     1.17205e+05     1.35272e+02
    1.65055e+00     1.17459e+05     1.35119e+02
    1.65465e+00     1.17088e+05     1.34175e+02
    1.65874e+00     1.16962e+05     1.35272e+02
    1.66283e+00     1.16608e+05     1.33837e+02
    1.66691e+00     1.16495e+05     1.33834e+02
    1.67101e+00     1.16251e+05     1.32716e+02
    1.67510e+00     1.16170e+05     1.32471e+02
    1.67919e+00     1.16047e+05     1.32424e+02
    1.68328e+00     1.16067e+05     1.32710e+02
    1.68737e+00     1.15825e+05     1.31230e+02
    1.69146e+00     1.15878e+05     1.31556e+02
    1.69555e+00     1.15628e+05     1.30964e+02
    1.69964e+00     1.15246e+05     1.30726e+02
    1.70373e+00     1.15257e+05     1.30338e+02
    1.70782e+00     1.14916e+05     1.30091e+02
    1.71191e+00     1.14719e+05     1.28828e+02
    1.71600e+00     1.14586e+05     1.29154e+02
    1.72009e+00     1.14580e+05     1.28262e+02
    1.72418e+00     1.14479e+05     1.28454e+02
    1.72828e+00     1.14374e+05     1.28023e+02
    1.73237e+00     1.13748e+05     1.27577e+02
    1.73646e+00     1.13966e+05     1.27151e+02
    1.74055e+00     1.13668e+05     1.26465e+02
    1.74464e+00     1.13665e+05     1.25697e+02
    1.74874e+00     1.13224e+05     1.25713e+02
    1.75282e+00     1.13209e+05     1.25441e+02
    1.75691e+00     1.13019e+05     1.25466e+02
    1.76100e+00     1.12923e+05     1.24398e+02
    1.76509e+00     1.12583e+05     1.24301e+02
    1.76918e+00     1.12542e+05     1.23806e+02
    1.77327e+00     1.12429e+05     1.23215e+02
    1.77737e+00     1.12362e+05     1.23372e+02
    1.78146e+00     1.12321e+05     1.22530e+02
    1.78554e+00     1.12083e+05     1.22166e+02
    1.78964e+00     1.11885e+05     1.21900e+02
    1.79373e+00     1.11382e+05     1.20973e+02
    1.79782e+00     1.11566e+05     1.21130e+02
    1.80191e+00     1.11365e+05     1.20340e+02
    1.80600e+00     1.11037e+05     1.20509e+02
    1.81009e+00     1.11189e+05     1.20862e+02
    1.81418e+00     1.10809e+05     1.20166e+02
    1.81827e+00     1.10666e+05     1.19200e+02
    1.82236e+00     1.10679e+05     1.19412e+02
    1.82645e+00     1.10509e+05     1.18904e+02
    1.83054e+00     1.10448e+05     1.18837e+02
    1.83463e+00     1.10163e+05     1.17574e+02
    1.83872e+00     1.10016e+05     1.17813e+02
    1.84281e+00     1.09873e+05     1.18272e+02
    1.84691e+00     1.09635e+05     1.16534e+02
    1.85100e+00     1.09549e+05     1.16507e+02
    1.85509e+00     1.09352e+05     1.15975e+02
    1.85918e+00     1.09160e+05     1.16506e+02
    1.86327e+00     1.09060e+05     1.15887e+02
    1.86736e+00     1.08771e+05     1.15709e+02
    1.87145e+00     1.08685e+05     1.14733e+02
    1.87554e+00     1.08368e+05     1.14743e+02
    1.87963e+00     1.08383e+05     1.13390e+02
    1.88372e+00     1.08108e+05     1.14172e+02
    1.88781e+00     1.08100e+05     1.13969e+02
    1.89190e+00     1.07889e+05     1.13463e+02
    1.89599e+00     1.07760e+05     1.12966e+02
    1.90008e+00     1.07679e+05     1.13355e+02
    1.90417e+00     1.07390e+05     1.12610e+02
    1.90827e+00     1.07203e+05     1.12283e+02
    1.91236e+00     1.07025e+05     1.11695e+02
    1.91645e+00     1.06798e+05     1.10773e+02
    1.92054e+00     1.06813e+05     1.11154e+02
    1.92463e+00     1.06655e+05     1.10967e+02
    1.92872e+00     1.06447e+05     1.10298e+02
    1.93281e+00     1.06465e+05     1.09923e+02
    1.93690e+00     1.06124e+05     1.09694e+02
    1.94099e+00     1.06057e+05     1.09519e+02
    1.94508e+00     1.05848e+05     1.08780e+02
    1.94917e+00     1.05613e+05     1.08875e+02
    1.95326e+00     1.05572e+05     1.08624e+02
    1.95735e+00     1.05261e+05     1.08403e+02
    1.96144e+00     1.05190e+05     1.08357e+02
    1.96553e+00     1.04948e+05     1.07665e+02
    1.96962e+00     1.04925e+05     1.06777e+02
    1.97371e+00     1.04728e+05     1.06960e+02
    1.97781e+00     1.04511e+05     1.06279e+02
    1.98190e+00     1.04481e+05     1.06678e+02
    1.98599e+00     1.04319e+05     1.05833e+02
    1.99008e+00     1.04070e+05     1.06173e+02
    1.99417e+00     1.04021e+05     1.05153e+02
    1.99826e+00     1.03810e+05     1.04666e+02
    2.00235e+00     1.03724e+05     1.04887e+02
    2.00644e+00     1.03506e+05     1.04591e+02
    2.01053e+00     1.03409e+05     1.04051e+02
    2.01462e+00     1.03195e+05     1.04743e+02
    2.01871e+00     1.02942e+05     1.03502e+02
    2.02280e+00     1.02873e+05     1.03353e+02
    2.02689e+00     1.02625e+05     1.03196e+02
    2.03098e+00     1.02597e+05     1.02307e+02
    2.03507e+00     1.02351e+05     1.01888e+02
    2.03917e+00     1.02268e+05     1.02161e+02
    2.04325e+00     1.02134e+05     1.01542e+02
    2.04735e+00     1.01905e+05     1.01646e+02
    2.05143e+00     1.01901e+05     1.01485e+02
    2.05552e+00     1.01632e+05     1.00462e+02
    2.05962e+00     1.01322e+05     1.00326e+02
    2.06371e+00     1.01249e+05     1.00486e+02
    2.06780e+00     1.01090e+05     9.99169e+01
    2.07189e+00     1.01018e+05     9.94623e+01
    2.07598e+00     1.00729e+05     9.90311e+01
    2.08007e+00     1.00770e+05     9.95188e+01
    2.08416e+00     1.00569e+05     9.88724e+01
    2.08825e+00     1.00286e+05     9.84725e+01
    2.09234e+00     1.00192e+05     9.85320e+01
    2.09644e+00     9.99953e+04     9.80830e+01
    2.10053e+00     9.99738e+04     9.72686e+01
    2.10461e+00     9.96983e+04     9.75348e+01
    2.10870e+00     9.95882e+04     9.72190e+01
    2.11280e+00     9.94264e+04     9.68030e+01
    2.11688e+00     9.93380e+04     9.66996e+01
    2.12098e+00     9.90034e+04     9.62080e+01
    2.12507e+00     9.88791e+04     9.58736e+01
    2.12916e+00     9.85844e+04     9.53393e+01
    2.13325e+00     9.85438e+04     9.53530e+01
    2.13734e+00     9.84299e+04     9.53855e+01
    2.14143e+00     9.82067e+04     9.43460e+01
    2.14552e+00     9.81346e+04     9.44650e+01
    2.14961e+00     9.81144e+04     9.45201e+01
    2.15370e+00     9.78462e+04     9.37198e+01
    2.15779e+00     9.77249e+04     9.37543e+01
    2.16188e+00     9.74007e+04     9.31803e+01
    2.16597e+00     9.73171e+04     9.30909e+01
    2.17006e+00     9.72225e+04     9.27142e+01
    2.17416e+00     9.70827e+04     9.24249e+01
    2.17825e+00     9.68233e+04     9.19251e+01
    2.18234e+00     9.66576e+04     9.16803e+01
    2.18643e+00     9.65671e+04     9.15073e+01
    2.19052e+00     9.63825e+04     9.13223e+01
    2.19461e+00     9.63909e+04     9.15659e+01
    2.19870e+00     9.59894e+04     9.13833e+01
    2.20279e+00     9.58561e+04     9.06707e+01
    2.20688e+00     9.56947e+04     9.02524e+01
    2.21097e+00     9.56590e+04     9.02378e+01
    2.21506e+00     9.53909e+04     8.94881e+01
    2.21915e+00     9.52931e+04     8.95015e+01
    2.22324e+00     9.50996e+04     8.92660e+01
    2.22733e+00     9.51569e+04     8.94766e+01
    2.23142e+00     9.48969e+04     8.88259e+01
    2.23552e+00     9.45814e+04     8.81389e+01
    2.23961e+00     9.45462e+04     8.84226e+01
    2.24369e+00     9.43927e+04     8.80237e+01
    2.24779e+00     9.41999e+04     8.77401e+01
    2.25188e+00     9.39927e+04     8.74863e+01
    2.25597e+00     9.38746e+04     8.70844e+01
    2.26006e+00     9.37823e+04     8.71032e+01
    2.26415e+00     9.35353e+04     8.68210e+01
    2.26824e+00     9.33785e+04     8.67267e+01
    2.27233e+00     9.31396e+04     8.59343e+01
    2.27642e+00     9.31344e+04     8.61815e+01
    2.28051e+00     9.28126e+04     8.50553e+01
    2.28460e+00     9.28357e+04     8.54773e+01
    2.28869e+00     9.25792e+04     8.52540e+01
    2.29278e+00     9.24259e+04     8.50037e+01
    2.29687e+00     9.22712e+04     8.42871e+01
    2.30096e+00     9.21511e+04     8.42840e+01
    2.30506e+00     9.19692e+04     8.42619e+01
    2.30915e+00     9.18784e+04     8.37627e+01
    2.31324e+00     9.17020e+04     8.37172e+01
    2.31733e+00     9.14110e+04     8.34401e+01
    2.32142e+00     9.14626e+04     8.34754e+01
    2.32551e+00     9.11631e+04     8.28360e+01
    2.32960e+00     9.10532e+04     8.22499e+01
    2.33369e+00     9.08913e+04     8.23959e+01
    2.33778e+00     9.07109e+04     8.21734e+01
    2.34187e+00     9.06225e+04     8.22606e+01
    2.34596e+00     9.03694e+04     8.16833e+01
    2.35005e+00     9.02449e+04     8.14868e+01
    2.35414e+00     9.00397e+04     8.09362e+01
    2.35823e+00     9.00251e+04     8.08655e+01
    2.36232e+00     8.98359e+04     8.10396e+01
    2.36641e+00     8.96774e+04     8.06010e+01
    2.37051e+00     8.95416e+04     8.02469e+01
    2.37460e+00     8.94454e+04     7.99223e+01
    2.37869e+00     8.92402e+04     7.97687e+01
    2.38278e+00     8.91681e+04     7.98612e+01
    2.38687e+00     8.89015e+04     7.90200e+01
    2.39096e+00     8.86653e+04     7.88640e+01
    2.39505e+00     8.85681e+04     7.91330e+01
    2.39914e+00     8.84026e+04     7.86034e+01
    2.40323e+00     8.82373e+04     7.85041e+01
    2.40732e+00     8.81078e+04     7.81205e+01
    2.41141e+00     8.80448e+04     7.78816e+01
    2.41550e+00     8.77185e+04     7.76646e+01
    2.41959e+00     8.75725e+04     7.77352e+01
    2.42368e+00     8.73981e+04     7.69406e+01
    2.42777e+00     8.73436e+04     7.68823e+01
    2.43187e+00     8.72427e+04     7.68728e+01
    2.43596e+00     8.69676e+04     7.64022e+01
    2.44004e+00     8.68334e+04     7.62946e+01
    2.44414e+00     8.66774e+04     7.61416e+01
    2.44823e+00     8.66031e+04     7.57193e+01
    2.45232e+00     8.64447e+04     7.54305e+01
    2.45640e+00     8.63221e+04     7.55835e+01
    2.46050e+00     8.60760e+04     7.49995e+01
    2.46459e+00     8.59246e+04     7.50224e+01
    2.46868e+00     8.57863e+04     7.46332e+01
    2.47277e+00     8.55750e+04     7.44298e+01
    2.47686e+00     8.55163e+04     7.40394e+01
    2.48095e+00     8.52298e+04     7.39089e+01
    2.48504e+00     8.50977e+04     7.35521e+01
    2.48913e+00     8.50565e+04     7.37200e+01
    2.49322e+00     8.48239e+04     7.34473e+01
    2.49731e+00     8.45915e+04     7.31885e+01
    2.50141e+00     8.45150e+04     7.27604e+01
    2.50550e+00     8.44046e+04     7.27243e+01
    2.50959e+00     8.42468e+04     7.22970e+01
    2.51368e+00     8.41108e+04     7.23013e+01
    2.51777e+00     8.38977e+04     7.19892e+01
    2.52186e+00     8.37551e+04     7.16619e+01
    2.52595e+00     8.35863e+04     7.13308e+01
    2.53004e+00     8.34306e+04     7.12125e+01
    2.53413e+00     8.33109e+04     7.12302e+01
    2.53822e+00     8.32324e+04     7.07853e+01
    2.54231e+00     8.30111e+04     7.05995e+01
    2.54640e+00     8.28013e+04     7.03265e+01
    2.55049e+00     8.26438e+04     7.03200e+01
    2.55458e+00     8.26328e+04     6.99701e+01
    2.55867e+00     8.23503e+04     6.98568e+01
    2.56276e+00     8.22701e+04     6.95454e+01
    2.56685e+00     8.20424e+04     6.93611e+01
    2.57095e+00     8.20772e+04     6.91285e+01
    2.57504e+00     8.18063e+04     6.89137e+01
    2.57913e+00     8.16975e+04     6.86942e+01
    2.58322e+00     8.14244e+04     6.85509e+01
    2.58731e+00     8.12417e+04     6.80622e+01
    2.59140e+00     8.10867e+04     6.79437e+01
    2.59549e+00     8.09721e+04     6.76116e+01
    2.59958e+00     8.08644e+04     6.74317e+01
    2.60367e+00     8.07550e+04     6.73162e+01
    2.60776e+00     8.05174e+04     6.71816e+01
    2.61185e+00     8.04020e+04     6.70713e+01
    2.61594e+00     8.02221e+04     6.69200e+01
    2.62003e+00     8.00943e+04     6.64989e+01
    2.62412e+00     7.99031e+04     6.61161e+01
    2.62821e+00     7.98502e+04     6.60575e+01
    2.63230e+00     7.96388e+04     6.57762e+01
    2.63640e+00     7.95482e+04     6.58190e+01
    2.64049e+00     7.94122e+04     6.54098e+01
    2.64457e+00     7.91726e+04     6.52049e+01
    2.64867e+00     7.90475e+04     6.50720e+01
    2.65276e+00     7.88738e+04     6.46411e+01
    2.65685e+00     7.87020e+04     6.45175e+01
    2.66094e+00     7.85410e+04     6.44078e+01
    2.66503e+00     7.84724e+04     6.42893e+01
    2.66912e+00     7.83313e+04     6.42049e+01
    2.67321e+00     7.82377e+04     6.40338e+01
    2.67730e+00     7.79902e+04     6.37395e+01
    2.68139e+00     7.78904e+04     6.35243e+01
    2.68548e+00     7.77222e+04     6.35518e+01
    2.68957e+00     7.75351e+04     6.30073e+01
    2.69366e+00     7.73905e+04     6.29310e+01
    2.69776e+00     7.71885e+04     6.26180e+01
    2.70185e+00     7.70540e+04     6.26410e+01
    2.70594e+00     7.69347e+04     6.20433e+01
    2.71003e+00     7.67999e+04     6.20398e+01
    2.71412e+00     7.66054e+04     6.17501e+01
    2.71821e+00     7.64773e+04     6.15786e+01
    2.72230e+00     7.64100e+04     6.13736e+01
    2.72639e+00     7.62456e+04     6.12464e+01
    2.73048e+00     7.60575e+04     6.11462e+01
    2.73457e+00     7.58816e+04     6.09465e+01
    2.73866e+00     7.57305e+04     6.07461e+01
    2.74275e+00     7.56297e+04     6.04987e+01
    2.74684e+00     7.54112e+04     6.03127e+01
    2.75093e+00     7.52361e+04     6.02484e+01
    2.75502e+00     7.51349e+04     5.99561e+01
    2.75911e+00     7.49682e+04     5.97863e+01
    2.76320e+00     7.48666e+04     5.97421e+01
    2.76730e+00     7.47033e+04     5.92380e+01
    2.77139e+00     7.45563e+04     5.90719e+01
    2.77548e+00     7.43897e+04     5.91230e+01
    2.77957e+00     7.42548e+04     5.89441e+01
    2.78366e+00     7.41472e+04     5.85170e+01
    2.78775e+00     7.39565e+04     5.84459e+01
    2.79184e+00     7.38325e+04     5.82142e+01
    2.79593e+00     7.36871e+04     5.82006e+01
    2.80002e+00     7.35503e+04     5.78741e+01
    2.80411e+00     7.33586e+04     5.77199e+01
    2.80820e+00     7.32500e+04     5.74403e+01
    2.81229e+00     7.30445e+04     5.73231e+01
    2.81638e+00     7.29256e+04     5.68761e+01
    2.82047e+00     7.27903e+04     5.66180e+01
    2.82457e+00     7.27090e+04     5.68038e+01
    2.82866e+00     7.24830e+04     5.66573e+01
    2.83275e+00     7.23505e+04     5.64594e+01
    2.83684e+00     7.22595e+04     5.62830e+01
    2.84093e+00     7.21084e+04     5.61670e+01
    2.84502e+00     7.18891e+04     5.57455e+01
    2.84911e+00     7.17262e+04     5.55823e+01
    2.85320e+00     7.16561e+04     5.55858e+01
    2.85729e+00     7.14363e+04     5.51339e+01
    2.86138e+00     7.13318e+04     5.51407e+01
    2.86547e+00     7.12503e+04     5.48780e+01
    2.86956e+00     7.10614e+04     5.45673e+01
    2.87365e+00     7.09055e+04     5.46639e+01
    2.87774e+00     7.07335e+04     5.45545e+01
    2.88183e+00     7.06960e+04     5.42366e+01
    2.88592e+00     7.05667e+04     5.41311e+01
    2.89001e+00     7.03766e+04     5.38247e+01
    2.89410e+00     7.01861e+04     5.36639e+01
    2.89820e+00     7.01023e+04     5.36696e+01
    2.90229e+00     6.99505e+04     5.34128e+01
    2.90638e+00     6.97956e+04     5.33462e+01
    2.91047e+00     6.96614e+04     5.28816e+01
    2.91456e+00     6.94997e+04     5.30533e+01
    2.91865e+00     6.93819e+04     5.26579e+01
    2.92274e+00     6.91918e+04     5.24546e+01
    2.92683e+00     6.91321e+04     5.23331e+01
    2.93092e+00     6.89340e+04     5.22368e+01
    2.93501e+00     6.88608e+04     5.19585e+01
    2.93910e+00     6.86714e+04     5.18599e+01
    2.94319e+00     6.84630e+04     5.16675e+01
    2.94728e+00     6.84357e+04     5.14876e+01
    2.95137e+00     6.82448e+04     5.12817e+01
    2.95546e+00     6.80984e+04     5.11200e+01
    2.95955e+00     6.80084e+04     5.10780e+01
    2.96364e+00     6.78203e+04     5.07208e+01
    2.96774e+00     6.76655e+04     5.06853e+01
    2.97183e+00     6.75475e+04     5.03502e+01
    2.97592e+00     6.73808e+04     5.02096e+01
    2.98001e+00     6.73278e+04     5.03626e+01
    2.98410e+00     6.72393e+04     5.00289e+01
    2.98819e+00     6.70234e+04     4.99246e+01
    2.99228e+00     6.69699e+04     4.98504e+01
    2.99637e+00     6.67332e+04     4.93777e+01
    3.00046e+00     6.66228e+04     4.94316e+01
    3.00455e+00     6.64569e+04     4.91950e+01
    3.00864e+00     6.63262e+04     4.90630e+01
    3.01273e+00     6.61564e+04     4.89017e+01
    3.01682e+00     6.60107e+04     4.86934e+01
    3.02091e+00     6.58655e+04     4.85529e+01
    3.02500e+00     6.57381e+04     4.85567e+01
    3.02910e+00     6.56091e+04     4.81937e+01
    3.03319e+00     6.54977e+04     4.81480e+01
    3.03728e+00     6.53183e+04     4.79098e+01
    3.04137e+00     6.52085e+04     4.75899e+01
    3.04546e+00     6.50984e+04     4.78117e+01
    3.04955e+00     6.50198e+04     4.74516e+01
    3.05364e+00     6.48031e+04     4.72401e+01
    3.05773e+00     6.46616e+04     4.71347e+01
    3.06182e+00     6.45703e+04     4.70262e+01
    3.06591e+00     6.44471e+04     4.69057e+01
    3.07000e+00     6.42543e+04     4.67038e+01
    3.07409e+00     6.41163e+04     4.64199e+01
    3.07818e+00     6.40027e+04     4.63459e+01
    3.08227e+00     6.38510e+04     4.59920e+01
    3.08636e+00     6.37007e+04     4.59153e+01
    3.09045e+00     6.36062e+04     4.58584e+01
    3.09454e+00     6.35186e+04     4.57088e+01
    3.09863e+00     6.33554e+04     4.54940e+01
    3.10272e+00     6.32017e+04     4.54276e+01
    3.10682e+00     6.30844e+04     4.53077e+01
    3.11091e+00     6.28981e+04     4.49929e+01
    3.11500e+00     6.28149e+04     4.49080e+01
    3.11909e+00     6.26787e+04     4.48310e+01
    3.12318e+00     6.25468e+04     4.45563e+01
    3.12727e+00     6.24234e+04     4.44557e+01
    3.13136e+00     6.22715e+04     4.43286e+01
    3.13545e+00     6.21327e+04     4.42008e+01
    3.13954e+00     6.20077e+04     4.39122e+01
    3.14363e+00     6.19322e+04     4.39189e+01
    3.14772e+00     6.17836e+04     4.37935e+01
    3.15181e+00     6.16744e+04     4.36843e+01
    3.15590e+00     6.14720e+04     4.35356e+01
    3.16000e+00     6.13360e+04     4.33396e+01
    3.16409e+00     6.12764e+04     4.31475e+01
    3.16818e+00     6.11300e+04     4.29847e+01
    3.17227e+00     6.10287e+04     4.28265e+01
    3.17636e+00     6.08295e+04     4.26118e+01
    3.18045e+00     6.06451e+04     4.25336e+01
    3.18454e+00     6.06211e+04     4.23862e+01
    3.18863e+00     6.04950e+04     4.23133e+01
    3.19272e+00     6.03406e+04     4.22318e+01
    3.19681e+00     6.02789e+04     4.20307e+01
    3.20090e+00     6.01221e+04     4.18525e+01
    3.20499e+00     5.99573e+04     4.17219e+01
    3.20908e+00     5.98406e+04     4.15464e+01
    3.21317e+00     5.96661e+04     4.14646e+01
    3.21726e+00     5.95481e+04     4.13281e+01
    3.22135e+00     5.94458e+04     4.10757e+01
    3.22545e+00     5.93515e+04     4.10709e+01
    3.22954e+00     5.92301e+04     4.09778e+01
    3.23363e+00     5.90657e+04     4.06882e+01
    3.23772e+00     5.89607e+04     4.06602e+01
    3.24181e+00     5.88597e+04     4.04177e+01
    3.24590e+00     5.86374e+04     4.02746e+01
    3.24999e+00     5.84984e+04     4.01600e+01
    3.25408e+00     5.84576e+04     4.00507e+01
    3.25817e+00     5.83358e+04     3.98978e+01
    3.26226e+00     5.82433e+04     3.99968e+01
    3.26635e+00     5.80794e+04     3.97366e+01
    3.27044e+00     5.79162e+04     3.93842e+01
    3.27453e+00     5.78246e+04     3.94599e+01
    3.27862e+00     5.77226e+04     3.93387e+01
    3.28271e+00     5.76364e+04     3.90994e+01
    3.28681e+00     5.74212e+04     3.89554e+01
    3.29090e+00     5.72887e+04     3.88262e+01
    3.29499e+00     5.72048e+04     3.87349e+01
    3.29908e+00     5.70854e+04     3.85730e+01
    3.30317e+00     5.69308e+04     3.84148e+01
    3.30725e+00     5.69052e+04     3.82720e+01
    3.31135e+00     5.67460e+04     3.82121e+01
    3.31544e+00     5.65836e+04     3.80482e+01
    3.31953e+00     5.64744e+04     3.79190e+01
    3.32362e+00     5.63304e+04     3.78231e+01
    3.32771e+00     5.61955e+04     3.75335e+01
    3.33180e+00     5.61317e+04     3.76022e+01
    3.33589e+00     5.59919e+04     3.74852e+01
    3.33998e+00     5.58391e+04     3.73957e+01
    3.34407e+00     5.57547e+04     3.71582e+01
    3.34816e+00     5.56296e+04     3.69697e+01
    3.35226e+00     5.55072e+04     3.69154e+01
    3.35634e+00     5.53685e+04     3.68073e+01
    3.36043e+00     5.52557e+04     3.66501e+01
    3.36453e+00     5.51394e+04     3.64055e+01
    3.36862e+00     5.50557e+04     3.64307e+01
    3.37271e+00     5.49283e+04     3.63934e+01
    3.37680e+00     5.47661e+04     3.61906e+01
    3.38089e+00     5.46771e+04     3.58958e+01
    3.38498e+00     5.45302e+04     3.58831e+01
    3.38907e+00     5.44078e+04     3.57666e+01
    3.39316e+00     5.43249e+04     3.56728e+01
    3.39725e+00     5.42146e+04     3.55878e+01
    3.40134e+00     5.41033e+04     3.54185e+01
    3.40543e+00     5.39957e+04     3.53984e+01
    3.40952e+00     5.38704e+04     3.52921e+01
    3.41362e+00     5.37593e+04     3.50681e+01
    3.41770e+00     5.36292e+04     3.49975e+01
    3.42179e+00     5.34740e+04     3.48138e+01
    3.42588e+00     5.34356e+04     3.47036e+01
    3.42997e+00     5.32832e+04     3.45527e+01
    3.43406e+00     5.31822e+04     3.44672e+01
    3.43816e+00     5.30885e+04     3.43449e+01
    3.44225e+00     5.29508e+04     3.41915e+01
    3.44634e+00     5.28382e+04     3.41909e+01
    3.45043e+00     5.27388e+04     3.39760e+01
    3.45452e+00     5.26060e+04     3.38538e+01
    3.45861e+00     5.25323e+04     3.38679e+01
    3.46270e+00     5.24389e+04     3.37747e+01
    3.46679e+00     5.22924e+04     3.35860e+01
    3.47088e+00     5.21324e+04     3.35143e+01
    3.47497e+00     5.20364e+04     3.32909e+01
    3.47906e+00     5.18832e+04     3.33010e+01
    3.48315e+00     5.18213e+04     3.31060e+01
    3.48725e+00     5.17223e+04     3.29842e+01
    3.49134e+00     5.15803e+04     3.29208e+01
    3.49543e+00     5.14591e+04     3.27102e+01
    3.49952e+00     5.13610e+04     3.25332e+01
    3.50361e+00     5.12478e+04     3.25866e+01
    3.50770e+00     5.11329e+04     3.23277e+01
    3.51179e+00     5.10411e+04     3.22753e+01
    3.51588e+00     5.09346e+04     3.22635e+01
    3.51997e+00     5.08677e+04     3.22119e+01
    3.52406e+00     5.07037e+04     3.20304e+01
    3.52815e+00     5.05647e+04     3.18364e+01
    3.53224e+00     5.05245e+04     3.16896e+01
    3.53633e+00     5.03982e+04     3.16510e+01
    3.54042e+00     5.02834e+04     3.15153e+01
    3.54451e+00     5.02008e+04     3.15199e+01
    3.54860e+00     5.00302e+04     3.13169e+01
    3.55270e+00     4.99778e+04     3.12235e+01
    3.55679e+00     4.98704e+04     3.11835e+01
    3.56088e+00     4.97154e+04     3.09967e+01
    3.56497e+00     4.96488e+04     3.08938e+01
    3.56906e+00     4.95800e+04     3.07797e+01
    3.57315e+00     4.94238e+04     3.07367e+01
    3.57724e+00     4.92803e+04     3.06160e+01
    3.58133e+00     4.92352e+04     3.05373e+01
    3.58542e+00     4.91364e+04     3.04123e+01
    3.58951e+00     4.90023e+04     3.01884e+01
    3.59360e+00     4.89353e+04     3.01985e+01
    3.59769e+00     4.87978e+04     2.99808e+01
    3.60178e+00     4.87114e+04     2.99235e+01
    3.60587e+00     4.86111e+04     2.99104e+01
    3.60996e+00     4.85076e+04     2.97326e+01
    3.61405e+00     4.84360e+04     2.96708e+01
    3.61814e+00     4.82854e+04     2.95012e+01
    3.62224e+00     4.82041e+04     2.94802e+01
    3.62633e+00     4.80763e+04     2.94195e+01
    3.63042e+00     4.79924e+04     2.92873e+01
    3.63451e+00     4.79125e+04     2.92375e+01
    3.63860e+00     4.77616e+04     2.90142e+01
    3.64269e+00     4.76623e+04     2.89637e+01
    3.64678e+00     4.75614e+04     2.88019e+01
    3.65087e+00     4.75050e+04     2.88322e+01
    3.65496e+00     4.73853e+04     2.87881e+01
    3.65905e+00     4.73052e+04     2.85587e+01
    3.66314e+00     4.71913e+04     2.84320e+01
    3.66723e+00     4.70885e+04     2.84087e+01
    3.67132e+00     4.70163e+04     2.83229e+01
    3.67541e+00     4.68794e+04     2.81688e+01
    3.67950e+00     4.68084e+04     2.81208e+01
    3.68359e+00     4.66986e+04     2.80235e+01
    3.68769e+00     4.66221e+04     2.79084e+01
    3.69177e+00     4.65255e+04     2.78723e+01
    3.69587e+00     4.64042e+04     2.76806e+01
    3.69996e+00     4.62902e+04     2.76219e+01
    3.70405e+00     4.62378e+04     2.75042e+01
    3.70814e+00     4.61303e+04     2.74718e+01
    3.71223e+00     4.60589e+04     2.73648e+01
    3.71632e+00     4.59080e+04     2.72666e+01
    3.72041e+00     4.58824e+04     2.71788e+01
    3.72450e+00     4.57330e+04     2.70796e+01
    3.72859e+00     4.56553e+04     2.70076e+01
    3.73268e+00     4.55334e+04     2.68581e+01
    3.73677e+00     4.54566e+04     2.68556e+01
    3.74086e+00     4.53637e+04     2.67641e+01
    3.74495e+00     4.52926e+04     2.66701e+01
    3.74905e+00     4.52013e+04     2.65432e+01
    3.75313e+00     4.51075e+04     2.65619e+01
    3.75722e+00     4.49965e+04     2.63237e+01
    3.76131e+00     4.49229e+04     2.63903e+01
    3.76541e+00     4.48189e+04     2.62016e+01
    3.76950e+00     4.47455e+04     2.61161e+01
    3.77359e+00     4.46465e+04     2.60179e+01
    3.77768e+00     4.45346e+04     2.59367e+01
    3.78177e+00     4.44344e+04     2.58213e+01
    3.78586e+00     4.43637e+04     2.57625e+01
    3.78995e+00     4.42314e+04     2.56901e+01
    3.79404e+00     4.41706e+04     2.55796e+01
    3.79813e+00     4.40624e+04     2.54422e+01
    3.80222e+00     4.39691e+04     2.54156e+01
    3.80632e+00     4.38798e+04     2.53834e+01
    3.81040e+00     4.37976e+04     2.53164e+01
    3.81449e+00     4.37371e+04     2.51851e+01
    3.81859e+00     4.36552e+04     2.50886e+01
    3.82268e+00     4.35333e+04     2.50237e+01
    3.82677e+00     4.34932e+04     2.49243e+01
    3.83086e+00     4.33551e+04     2.49212e+01
    3.83495e+00     4.33086e+04     2.48218e+01
    3.83904e+00     4.32309e+04     2.46974e+01
    3.84313e+00     4.31336e+04     2.46394e+01
    3.84722e+00     4.30143e+04     2.45660e+01
    3.85131e+00     4.29274e+04     2.44431e+01
    3.85540e+00     4.28614e+04     2.43887e+01
    3.85949e+00     4.27672e+04     2.43070e+01
    3.86358e+00     4.26717e+04     2.42833e+01
    3.86768e+00     4.25747e+04     2.41920e+01
    3.87177e+00     4.24836e+04     2.40679e+01
    3.87585e+00     4.24477e+04     2.40063e+01
    3.87994e+00     4.23389e+04     2.38990e+01
    3.88403e+00     4.22513e+04     2.38370e+01
    3.88813e+00     4.21545e+04     2.37427e+01
    3.89222e+00     4.20826e+04     2.37051e+01
    3.89631e+00     4.19871e+04     2.36350e+01
    3.90040e+00     4.19200e+04     2.35873e+01
    3.90449e+00     4.18695e+04     2.34577e+01
    3.90858e+00     4.17748e+04     2.34108e+01
    3.91267e+00     4.16728e+04     2.32821e+01
    3.91676e+00     4.15752e+04     2.32382e+01
    3.92085e+00     4.15214e+04     2.31641e+01
    3.92494e+00     4.14574e+04     2.31794e+01
    3.92903e+00     4.13510e+04     2.30453e+01
    3.93312e+00     4.12440e+04     2.29251e+01
    3.93721e+00     4.12073e+04     2.28215e+01
    3.94130e+00     4.11203e+04     2.28514e+01
    3.94539e+00     4.10124e+04     2.27180e+01
    3.94949e+00     4.09458e+04     2.27046e+01
    3.95358e+00     4.08213e+04     2.25930e+01
    3.95767e+00     4.08112e+04     2.25478e+01
    3.96176e+00     4.07038e+04     2.24720e+01
    3.96585e+00     4.06094e+04     2.23942e+01
    3.96994e+00     4.05700e+04     2.22988e+01
    3.97403e+00     4.04655e+04     2.22313e+01
    3.97812e+00     4.04036e+04     2.21940e+01
    3.98221e+00     4.03288e+04     2.21207e+01
    3.98630e+00     4.02544e+04     2.20268e+01
    3.99039e+00     4.01260e+04     2.18552e+01
    3.99448e+00     4.00861e+04     2.19136e+01
    3.99857e+00     4.00481e+04     2.18671e+01
    4.00266e+00     3.99291e+04     2.18287e+01
    4.00675e+00     3.98769e+04     2.17752e+01
    4.01085e+00     3.97907e+04     2.16800e+01
    4.01494e+00     3.96992e+04     2.15321e+01
    4.01902e+00     3.96703e+04     2.15753e+01
    4.02312e+00     3.95533e+04     2.14857e+01
    4.02721e+00     3.94748e+04     2.14306e+01
    4.03130e+00     3.94235e+04     2.13802e+01
    4.03539e+00     3.93162e+04     2.12647e+01
    4.03948e+00     3.92887e+04     2.11882e+01
    4.04357e+00     3.91832e+04     2.11871e+01
    4.04766e+00     3.91319e+04     2.10530e+01
    4.05175e+00     3.90510e+04     2.10537e+01
    4.05584e+00     3.89849e+04     2.09323e+01
    4.05993e+00     3.88983e+04     2.09210e+01
    4.06402e+00     3.87978e+04     2.08131e+01
    4.06811e+00     3.87684e+04     2.07708e+01
    4.07220e+00     3.86924e+04     2.07455e+01
    4.07630e+00     3.86164e+04     2.06826e+01
    4.08038e+00     3.85400e+04     2.05265e+01
    4.08447e+00     3.85012e+04     2.05329e+01
    4.08857e+00     3.84124e+04     2.04607e+01
    4.09266e+00     3.83487e+04     2.04130e+01
    4.09675e+00     3.82627e+04     2.03744e+01
    4.10084e+00     3.82093e+04     2.02856e+01
    4.10493e+00     3.81136e+04     2.02328e+01
    4.10902e+00     3.80697e+04     2.01836e+01
    4.11311e+00     3.79991e+04     2.01288e+01
    4.11720e+00     3.79218e+04     2.00621e+01
    4.12129e+00     3.78792e+04     2.00284e+01
    4.12538e+00     3.77875e+04     1.99366e+01
    4.12947e+00     3.77251e+04     1.98542e+01
    4.13356e+00     3.76629e+04     1.98413e+01
    4.13765e+00     3.75839e+04     1.97254e+01
    4.14175e+00     3.75293e+04     1.97538e+01
    4.14584e+00     3.74685e+04     1.97231e+01
    4.14993e+00     3.73575e+04     1.95897e+01
    4.15402e+00     3.73180e+04     1.95422e+01
    4.15811e+00     3.72655e+04     1.95265e+01
    4.16220e+00     3.72033e+04     1.94660e+01
    4.16629e+00     3.71414e+04     1.93719e+01
    4.17038e+00     3.70541e+04     1.93074e+01
    4.17447e+00     3.70011e+04     1.93007e+01
    4.17856e+00     3.69051e+04     1.92188e+01
    4.18265e+00     3.68633e+04     1.91924e+01
    4.18674e+00     3.68105e+04     1.91491e+01
