# Real space h-h auto- and h-m cross-spectra.
# z=3.000, 12.500<lgM<13.000
#      k[h/Mpc]            P_hh            P_hm
    0.00000e+00     0.00000e+00     0.00000e+00
    5.79404e-03     4.47205e+04     6.42333e+03
    1.04717e-02     6.13989e+04     9.13296e+03
    1.42665e-02     7.54077e+04     1.23846e+04
    1.81228e-02     9.33887e+04     1.53793e+04
    2.24845e-02     8.31245e+04     1.31563e+04
    2.64508e-02     8.04110e+04     1.32252e+04
    3.04474e-02     6.10377e+04     9.32596e+03
    3.47320e-02     6.62613e+04     9.78292e+03
    3.88308e-02     5.53342e+04     7.95614e+03
    4.28140e-02     5.34519e+04     7.76752e+03
    4.68856e-02     4.88323e+04     6.86860e+03
    5.09858e-02     4.82576e+04     6.82741e+03
    5.51458e-02     4.54896e+04     6.17318e+03
    5.92243e-02     4.56970e+04     6.06590e+03
    6.32864e-02     4.15514e+04     5.59521e+03
    6.73674e-02     4.24107e+04     5.68294e+03
    7.14960e-02     4.08832e+04     5.30000e+03
    7.55894e-02     3.83679e+04     4.86269e+03
    7.96660e-02     3.67247e+04     4.53930e+03
    8.38183e-02     3.56512e+04     4.29767e+03
    8.78941e-02     3.35873e+04     3.86202e+03
    9.19238e-02     3.18594e+04     3.60230e+03
    9.60446e-02     3.00286e+04     3.28607e+03
    1.00128e-01     2.89385e+04     3.06682e+03
    1.04209e-01     2.87971e+04     2.93739e+03
    1.08333e-01     2.72629e+04     2.73509e+03
    1.12448e-01     2.73980e+04     2.73951e+03
    1.16521e-01     2.68320e+04     2.62982e+03
    1.20596e-01     2.53910e+04     2.45774e+03
    1.24665e-01     2.53133e+04     2.45860e+03
    1.28771e-01     2.55131e+04     2.38582e+03
    1.32874e-01     2.46496e+04     2.27846e+03
    1.36975e-01     2.36337e+04     2.14997e+03
    1.41075e-01     2.29937e+04     2.02442e+03
    1.45172e-01     2.26051e+04     1.94639e+03
    1.49268e-01     2.24351e+04     1.84620e+03
    1.53330e-01     2.15271e+04     1.73249e+03
    1.57416e-01     2.12344e+04     1.66587e+03
    1.61514e-01     2.08950e+04     1.61287e+03
    1.65592e-01     2.01618e+04     1.51787e+03
    1.69693e-01     2.01484e+04     1.48447e+03
    1.73803e-01     1.97710e+04     1.40410e+03
    1.77905e-01     1.94214e+04     1.38104e+03
    1.82001e-01     1.93432e+04     1.35194e+03
    1.86092e-01     1.93857e+04     1.33205e+03
    1.90161e-01     1.91587e+04     1.30280e+03
    1.94237e-01     1.86189e+04     1.21945e+03
    1.98334e-01     1.86640e+04     1.24804e+03
    2.02427e-01     1.84375e+04     1.19609e+03
    2.06523e-01     1.80417e+04     1.13308e+03
    2.10626e-01     1.76962e+04     1.09134e+03
    2.14724e-01     1.75987e+04     1.05068e+03
    2.18827e-01     1.73628e+04     1.03199e+03
    2.22903e-01     1.72344e+04     9.97727e+02
    2.26990e-01     1.70859e+04     9.56852e+02
    2.31084e-01     1.67115e+04     9.31344e+02
    2.35153e-01     1.66130e+04     9.09386e+02
    2.39244e-01     1.67022e+04     8.97570e+02
    2.43338e-01     1.66096e+04     8.72163e+02
    2.47445e-01     1.62245e+04     8.55407e+02
    2.51539e-01     1.62750e+04     8.37916e+02
    2.55609e-01     1.60722e+04     8.20566e+02
    2.59718e-01     1.60410e+04     7.97757e+02
    2.63814e-01     1.57325e+04     7.72591e+02
    2.67904e-01     1.56388e+04     7.55469e+02
    2.71993e-01     1.54026e+04     7.43546e+02
    2.76068e-01     1.53136e+04     7.18338e+02
    2.80171e-01     1.51060e+04     7.05385e+02
    2.84268e-01     1.50648e+04     6.82586e+02
    2.88346e-01     1.51158e+04     6.71072e+02
    2.92426e-01     1.49883e+04     6.57498e+02
    2.96514e-01     1.48668e+04     6.37684e+02
    3.00627e-01     1.47332e+04     6.28090e+02
    3.04729e-01     1.46069e+04     6.13901e+02
    3.08821e-01     1.45988e+04     6.11965e+02
    3.12919e-01     1.43996e+04     5.91621e+02
    3.16999e-01     1.43091e+04     5.76445e+02
    3.21078e-01     1.43982e+04     5.67365e+02
    3.25167e-01     1.42729e+04     5.58464e+02
    3.29247e-01     1.41732e+04     5.43670e+02
    3.33333e-01     1.41405e+04     5.44683e+02
    3.37443e-01     1.40386e+04     5.28802e+02
    3.41545e-01     1.39356e+04     5.16219e+02
    3.45625e-01     1.37508e+04     5.01534e+02
    3.49715e-01     1.37838e+04     5.00017e+02
    3.53817e-01     1.37095e+04     4.82265e+02
    3.57906e-01     1.36061e+04     4.82527e+02
    3.61975e-01     1.35041e+04     4.73013e+02
    3.66071e-01     1.35129e+04     4.64539e+02
    3.70189e-01     1.34619e+04     4.59799e+02
    3.74277e-01     1.33358e+04     4.46151e+02
    3.78356e-01     1.33648e+04     4.44166e+02
    3.82448e-01     1.32133e+04     4.32597e+02
    3.86535e-01     1.32614e+04     4.30169e+02
    3.90624e-01     1.31589e+04     4.30742e+02
    3.94706e-01     1.30988e+04     4.20772e+02
    3.98794e-01     1.29896e+04     4.13825e+02
    4.02896e-01     1.29917e+04     4.04962e+02
    4.06986e-01     1.28990e+04     3.98083e+02
    4.11069e-01     1.29230e+04     3.92869e+02
    4.15170e-01     1.28539e+04     3.83330e+02
    4.19263e-01     1.28408e+04     3.82609e+02
    4.23353e-01     1.27394e+04     3.72819e+02
    4.27447e-01     1.27203e+04     3.69307e+02
    4.31534e-01     1.26085e+04     3.62595e+02
    4.35624e-01     1.26752e+04     3.60757e+02
    4.39718e-01     1.25056e+04     3.51881e+02
    4.43804e-01     1.24352e+04     3.48766e+02
    4.47892e-01     1.24287e+04     3.45813e+02
    4.51977e-01     1.23934e+04     3.42982e+02
    4.56067e-01     1.23917e+04     3.36330e+02
    4.60165e-01     1.23092e+04     3.30067e+02
    4.64260e-01     1.23186e+04     3.28675e+02
    4.68355e-01     1.22126e+04     3.23552e+02
    4.72450e-01     1.22328e+04     3.20326e+02
    4.76540e-01     1.21802e+04     3.14310e+02
    4.80633e-01     1.20968e+04     3.10744e+02
    4.84718e-01     1.20966e+04     3.06549e+02
    4.88794e-01     1.20640e+04     3.02862e+02
    4.92888e-01     1.20015e+04     3.02097e+02
    4.96984e-01     1.20042e+04     2.96316e+02
    5.01073e-01     1.20130e+04     2.97638e+02
    5.05169e-01     1.19108e+04     2.89203e+02
    5.09268e-01     1.18469e+04     2.85168e+02
    5.13369e-01     1.18259e+04     2.83636e+02
    5.17441e-01     1.18285e+04     2.79904e+02
    5.21516e-01     1.18083e+04     2.78057e+02
    5.25611e-01     1.17700e+04     2.75817e+02
    5.29706e-01     1.17272e+04     2.71723e+02
    5.33801e-01     1.17461e+04     2.70022e+02
    5.37888e-01     1.17098e+04     2.66934e+02
    5.41985e-01     1.16985e+04     2.65545e+02
    5.46091e-01     1.16617e+04     2.61491e+02
    5.50174e-01     1.16152e+04     2.57711e+02
    5.54252e-01     1.15468e+04     2.54080e+02
    5.58346e-01     1.15226e+04     2.53607e+02
    5.62439e-01     1.14324e+04     2.49059e+02
    5.66527e-01     1.14570e+04     2.45353e+02
    5.70616e-01     1.14224e+04     2.44721e+02
    5.74707e-01     1.14266e+04     2.41724e+02
    5.78798e-01     1.13779e+04     2.38388e+02
    5.82883e-01     1.13639e+04     2.38196e+02
    5.86977e-01     1.12666e+04     2.31999e+02
    5.91070e-01     1.12883e+04     2.32201e+02
    5.95166e-01     1.13014e+04     2.31803e+02
    5.99260e-01     1.12499e+04     2.27003e+02
    6.03349e-01     1.12446e+04     2.27359e+02
    6.07445e-01     1.11866e+04     2.23185e+02
    6.11543e-01     1.12199e+04     2.21485e+02
    6.15623e-01     1.11246e+04     2.22083e+02
    6.19704e-01     1.11085e+04     2.18308e+02
    6.23792e-01     1.10881e+04     2.15654e+02
    6.27891e-01     1.10632e+04     2.15656e+02
    6.31991e-01     1.10387e+04     2.11864e+02
    6.36073e-01     1.10208e+04     2.08515e+02
    6.40158e-01     1.10525e+04     2.08983e+02
    6.44244e-01     1.09783e+04     2.05038e+02
    6.48338e-01     1.09866e+04     2.04937e+02
    6.52432e-01     1.09571e+04     2.04085e+02
    6.56514e-01     1.08854e+04     2.02057e+02
    6.60609e-01     1.08956e+04     1.99007e+02
    6.64712e-01     1.08725e+04     1.98176e+02
    6.68801e-01     1.08616e+04     1.99038e+02
    6.72890e-01     1.08129e+04     1.93187e+02
    6.76984e-01     1.07839e+04     1.93222e+02
    6.81074e-01     1.07850e+04     1.89994e+02
    6.85160e-01     1.07457e+04     1.88921e+02
    6.89246e-01     1.07354e+04     1.88165e+02
    6.93336e-01     1.07278e+04     1.86539e+02
    6.97434e-01     1.06795e+04     1.86294e+02
    7.01528e-01     1.06631e+04     1.82431e+02
    7.05618e-01     1.06901e+04     1.84936e+02
    7.09708e-01     1.06068e+04     1.80390e+02
    7.13796e-01     1.06578e+04     1.81146e+02
    7.17892e-01     1.06064e+04     1.78199e+02
    7.21982e-01     1.05859e+04     1.76869e+02
    7.26059e-01     1.05466e+04     1.75550e+02
    7.30145e-01     1.05712e+04     1.74358e+02
    7.34240e-01     1.04753e+04     1.71494e+02
    7.38340e-01     1.05672e+04     1.73649e+02
    7.42427e-01     1.04600e+04     1.69618e+02
    7.46511e-01     1.04470e+04     1.68001e+02
    7.50614e-01     1.04250e+04     1.67197e+02
    7.54706e-01     1.04150e+04     1.66911e+02
    7.58795e-01     1.04372e+04     1.65086e+02
    7.62888e-01     1.03916e+04     1.63372e+02
    7.66986e-01     1.03746e+04     1.63073e+02
    7.71073e-01     1.03696e+04     1.61662e+02
    7.75153e-01     1.03829e+04     1.61631e+02
    7.79241e-01     1.03195e+04     1.60046e+02
    7.83335e-01     1.02970e+04     1.59645e+02
    7.87426e-01     1.02539e+04     1.57777e+02
    7.91513e-01     1.02685e+04     1.56992e+02
    7.95606e-01     1.02823e+04     1.56220e+02
    7.99702e-01     1.02527e+04     1.55481e+02
    8.03798e-01     1.02033e+04     1.53582e+02
    8.07879e-01     1.01935e+04     1.52810e+02
    8.11963e-01     1.01591e+04     1.51108e+02
    8.16059e-01     1.01564e+04     1.50132e+02
    8.20152e-01     1.01287e+04     1.48577e+02
    8.24242e-01     1.01168e+04     1.48336e+02
    8.28331e-01     1.01013e+04     1.47081e+02
    8.32425e-01     1.01045e+04     1.46737e+02
    8.36516e-01     1.01021e+04     1.45794e+02
    8.40610e-01     1.00716e+04     1.44084e+02
    8.44704e-01     1.00334e+04     1.43728e+02
    8.48790e-01     1.00181e+04     1.41848e+02
    8.52876e-01     1.00251e+04     1.42402e+02
    8.56967e-01     9.98160e+03     1.40564e+02
    8.61059e-01     9.97821e+03     1.40362e+02
    8.65147e-01     9.97856e+03     1.39746e+02
    8.69235e-01     9.94440e+03     1.38185e+02
    8.73334e-01     9.93649e+03     1.37493e+02
    8.77429e-01     9.91991e+03     1.36184e+02
    8.81512e-01     9.92755e+03     1.37002e+02
    8.85601e-01     9.91620e+03     1.36141e+02
    8.89691e-01     9.88247e+03     1.34584e+02
    8.93784e-01     9.87252e+03     1.33375e+02
    8.97875e-01     9.87351e+03     1.33062e+02
    9.01960e-01     9.79915e+03     1.31346e+02
    9.06054e-01     9.81037e+03     1.30556e+02
    9.10146e-01     9.81732e+03     1.30696e+02
    9.14237e-01     9.74843e+03     1.29147e+02
    9.18331e-01     9.80531e+03     1.29241e+02
    9.22421e-01     9.77632e+03     1.28327e+02
    9.26509e-01     9.74545e+03     1.27223e+02
    9.30598e-01     9.72820e+03     1.26798e+02
    9.34692e-01     9.71801e+03     1.27103e+02
    9.38787e-01     9.67995e+03     1.25558e+02
    9.42873e-01     9.68524e+03     1.24780e+02
    9.46961e-01     9.69509e+03     1.23789e+02
    9.51054e-01     9.65308e+03     1.23428e+02
    9.55150e-01     9.61121e+03     1.22803e+02
    9.59240e-01     9.62214e+03     1.21504e+02
    9.63327e-01     9.62851e+03     1.21137e+02
    9.67420e-01     9.59187e+03     1.20685e+02
    9.71506e-01     9.58307e+03     1.19665e+02
    9.75588e-01     9.55613e+03     1.19217e+02
    9.79678e-01     9.57863e+03     1.19551e+02
    9.83773e-01     9.53787e+03     1.18228e+02
    9.87866e-01     9.51841e+03     1.16676e+02
    9.91960e-01     9.50889e+03     1.16656e+02
    9.96055e-01     9.48685e+03     1.15907e+02
    1.00015e+00     9.47936e+03     1.15102e+02
    1.00424e+00     9.45567e+03     1.14958e+02
    1.00832e+00     9.42179e+03     1.14461e+02
    1.01242e+00     9.43847e+03     1.13415e+02
    1.01651e+00     9.42250e+03     1.13448e+02
    1.02059e+00     9.40907e+03     1.12881e+02
    1.02468e+00     9.37997e+03     1.12115e+02
    1.02878e+00     9.39637e+03     1.11779e+02
    1.03287e+00     9.37537e+03     1.11409e+02
    1.03695e+00     9.34230e+03     1.10409e+02
    1.04105e+00     9.34014e+03     1.10088e+02
    1.04515e+00     9.34351e+03     1.10030e+02
    1.04923e+00     9.31575e+03     1.08473e+02
    1.05332e+00     9.31586e+03     1.09099e+02
    1.05741e+00     9.26541e+03     1.07345e+02
    1.06150e+00     9.28283e+03     1.07510e+02
    1.06559e+00     9.26658e+03     1.06449e+02
    1.06968e+00     9.24234e+03     1.06139e+02
    1.07377e+00     9.22497e+03     1.05445e+02
    1.07786e+00     9.20694e+03     1.04715e+02
    1.08195e+00     9.22678e+03     1.04692e+02
    1.08605e+00     9.22783e+03     1.04578e+02
    1.09014e+00     9.16146e+03     1.03820e+02
    1.09422e+00     9.18784e+03     1.03234e+02
    1.09832e+00     9.15197e+03     1.02593e+02
    1.10242e+00     9.13055e+03     1.02241e+02
    1.10650e+00     9.12492e+03     1.01585e+02
    1.11059e+00     9.11727e+03     1.01144e+02
    1.11468e+00     9.10453e+03     1.00650e+02
    1.11878e+00     9.10408e+03     1.00420e+02
    1.12287e+00     9.08493e+03     9.96547e+01
    1.12695e+00     9.05469e+03     9.94796e+01
    1.13105e+00     9.06159e+03     9.93475e+01
    1.13514e+00     9.05294e+03     9.83376e+01
    1.13922e+00     9.02979e+03     9.80607e+01
    1.14331e+00     9.02842e+03     9.73626e+01
    1.14741e+00     8.98837e+03     9.69337e+01
    1.15150e+00     8.98188e+03     9.70223e+01
    1.15559e+00     8.96612e+03     9.56933e+01
    1.15968e+00     8.98406e+03     9.58516e+01
    1.16377e+00     8.96049e+03     9.50382e+01
    1.16786e+00     8.95947e+03     9.56382e+01
    1.17195e+00     8.90801e+03     9.42023e+01
    1.17604e+00     8.90934e+03     9.41193e+01
    1.18013e+00     8.90884e+03     9.39157e+01
    1.18422e+00     8.90035e+03     9.33547e+01
    1.18831e+00     8.87842e+03     9.30216e+01
    1.19240e+00     8.89834e+03     9.26490e+01
    1.19649e+00     8.83565e+03     9.20622e+01
    1.20059e+00     8.82808e+03     9.14559e+01
    1.20468e+00     8.81042e+03     9.12740e+01
    1.20877e+00     8.80226e+03     9.11588e+01
    1.21286e+00     8.78535e+03     9.04222e+01
    1.21695e+00     8.80932e+03     9.01026e+01
    1.22104e+00     8.80962e+03     8.98887e+01
    1.22513e+00     8.77989e+03     8.92134e+01
    1.22922e+00     8.76568e+03     8.90090e+01
    1.23330e+00     8.72535e+03     8.86175e+01
    1.23740e+00     8.72186e+03     8.83602e+01
    1.24149e+00     8.71150e+03     8.82150e+01
    1.24558e+00     8.71792e+03     8.79167e+01
    1.24967e+00     8.68328e+03     8.71448e+01
    1.25376e+00     8.68915e+03     8.68712e+01
    1.25785e+00     8.67719e+03     8.63765e+01
    1.26194e+00     8.64599e+03     8.59525e+01
    1.26603e+00     8.63604e+03     8.57114e+01
    1.27012e+00     8.66385e+03     8.58582e+01
    1.27422e+00     8.62593e+03     8.51186e+01
    1.27831e+00     8.61215e+03     8.53480e+01
    1.28240e+00     8.57162e+03     8.41382e+01
    1.28649e+00     8.58290e+03     8.44483e+01
    1.29058e+00     8.57729e+03     8.38346e+01
    1.29467e+00     8.55150e+03     8.28947e+01
    1.29876e+00     8.54411e+03     8.29795e+01
    1.30285e+00     8.53656e+03     8.29135e+01
    1.30694e+00     8.51329e+03     8.21638e+01
    1.31103e+00     8.53888e+03     8.24748e+01
    1.31512e+00     8.52480e+03     8.20547e+01
    1.31921e+00     8.49080e+03     8.12838e+01
    1.32331e+00     8.47181e+03     8.10677e+01
    1.32739e+00     8.48624e+03     8.10455e+01
    1.33148e+00     8.46692e+03     8.04877e+01
    1.33558e+00     8.44384e+03     8.02281e+01
    1.33967e+00     8.42500e+03     7.95521e+01
    1.34376e+00     8.41610e+03     7.95602e+01
    1.34785e+00     8.40391e+03     7.89525e+01
    1.35195e+00     8.38573e+03     7.85147e+01
    1.35603e+00     8.38433e+03     7.83906e+01
    1.36011e+00     8.36162e+03     7.79801e+01
    1.36421e+00     8.36781e+03     7.78340e+01
    1.36830e+00     8.35332e+03     7.77155e+01
    1.37239e+00     8.33026e+03     7.71990e+01
    1.37648e+00     8.32730e+03     7.69899e+01
    1.38057e+00     8.31530e+03     7.67158e+01
    1.38466e+00     8.29621e+03     7.63217e+01
    1.38875e+00     8.26363e+03     7.59695e+01
    1.39285e+00     8.26752e+03     7.58646e+01
    1.39694e+00     8.27302e+03     7.58242e+01
    1.40102e+00     8.25006e+03     7.52239e+01
    1.40512e+00     8.22979e+03     7.49427e+01
    1.40921e+00     8.21378e+03     7.46884e+01
    1.41330e+00     8.19358e+03     7.43143e+01
    1.41739e+00     8.20141e+03     7.42234e+01
    1.42148e+00     8.19689e+03     7.39400e+01
    1.42557e+00     8.19755e+03     7.37651e+01
    1.42966e+00     8.16222e+03     7.34870e+01
    1.43375e+00     8.15198e+03     7.29831e+01
    1.43784e+00     8.14432e+03     7.29566e+01
    1.44193e+00     8.14140e+03     7.23494e+01
    1.44602e+00     8.13208e+03     7.24607e+01
    1.45011e+00     8.11890e+03     7.22606e+01
    1.45420e+00     8.09026e+03     7.15317e+01
    1.45830e+00     8.08306e+03     7.16060e+01
    1.46239e+00     8.06851e+03     7.12686e+01
    1.46648e+00     8.05247e+03     7.10198e+01
    1.47056e+00     8.04857e+03     7.07809e+01
    1.47465e+00     8.04017e+03     7.04324e+01
    1.47874e+00     8.03308e+03     7.04309e+01
    1.48283e+00     8.03817e+03     7.00639e+01
    1.48693e+00     8.00366e+03     6.95069e+01
    1.49102e+00     8.00138e+03     6.93045e+01
    1.49511e+00     7.98756e+03     6.90355e+01
    1.49920e+00     7.96824e+03     6.91636e+01
    1.50329e+00     7.95604e+03     6.85662e+01
    1.50738e+00     7.94619e+03     6.85147e+01
    1.51148e+00     7.93455e+03     6.81284e+01
    1.51557e+00     7.93334e+03     6.80053e+01
    1.51965e+00     7.90705e+03     6.77620e+01
    1.52374e+00     7.91787e+03     6.76026e+01
    1.52784e+00     7.90074e+03     6.72385e+01
    1.53193e+00     7.89816e+03     6.72363e+01
    1.53602e+00     7.87099e+03     6.70246e+01
    1.54011e+00     7.86789e+03     6.68222e+01
    1.54420e+00     7.83589e+03     6.63909e+01
    1.54829e+00     7.83649e+03     6.61234e+01
    1.55238e+00     7.82301e+03     6.55833e+01
    1.55647e+00     7.80991e+03     6.57324e+01
    1.56056e+00     7.80856e+03     6.56968e+01
    1.56465e+00     7.78855e+03     6.53488e+01
    1.56874e+00     7.78943e+03     6.50049e+01
    1.57283e+00     7.77826e+03     6.49486e+01
    1.57693e+00     7.75586e+03     6.45575e+01
    1.58102e+00     7.74619e+03     6.45292e+01
    1.58510e+00     7.73384e+03     6.42552e+01
    1.58919e+00     7.72545e+03     6.38395e+01
    1.59329e+00     7.72728e+03     6.38231e+01
    1.59738e+00     7.70436e+03     6.36801e+01
    1.60147e+00     7.68672e+03     6.31637e+01
    1.60556e+00     7.67362e+03     6.29035e+01
    1.60965e+00     7.65881e+03     6.26802e+01
    1.61374e+00     7.65603e+03     6.25052e+01
    1.61783e+00     7.64243e+03     6.22326e+01
    1.62192e+00     7.63683e+03     6.20867e+01
    1.62601e+00     7.61549e+03     6.19568e+01
    1.63010e+00     7.60665e+03     6.16534e+01
    1.63419e+00     7.59599e+03     6.17435e+01
    1.63828e+00     7.58561e+03     6.13195e+01
    1.64238e+00     7.58684e+03     6.12550e+01
    1.64647e+00     7.57020e+03     6.09039e+01
    1.65055e+00     7.56232e+03     6.08945e+01
    1.65465e+00     7.54518e+03     6.05548e+01
    1.65874e+00     7.54860e+03     6.04976e+01
    1.66283e+00     7.53309e+03     6.02815e+01
    1.66691e+00     7.50625e+03     5.99353e+01
    1.67101e+00     7.49659e+03     5.96156e+01
    1.67510e+00     7.48080e+03     5.94547e+01
    1.67919e+00     7.47903e+03     5.94206e+01
    1.68328e+00     7.45385e+03     5.91814e+01
    1.68737e+00     7.45431e+03     5.88875e+01
    1.69146e+00     7.44787e+03     5.88302e+01
    1.69555e+00     7.42287e+03     5.82463e+01
    1.69964e+00     7.42906e+03     5.83849e+01
    1.70373e+00     7.40501e+03     5.80608e+01
    1.70782e+00     7.40730e+03     5.80285e+01
    1.71191e+00     7.38386e+03     5.77136e+01
    1.71600e+00     7.38466e+03     5.76689e+01
    1.72009e+00     7.37605e+03     5.75381e+01
    1.72418e+00     7.35261e+03     5.71933e+01
    1.72828e+00     7.33663e+03     5.68543e+01
    1.73237e+00     7.33001e+03     5.69683e+01
    1.73646e+00     7.32535e+03     5.67617e+01
    1.74055e+00     7.29484e+03     5.62584e+01
    1.74464e+00     7.30502e+03     5.63044e+01
    1.74874e+00     7.28674e+03     5.60565e+01
    1.75282e+00     7.28240e+03     5.58793e+01
    1.75691e+00     7.27849e+03     5.56179e+01
    1.76100e+00     7.25005e+03     5.55481e+01
    1.76509e+00     7.23897e+03     5.52423e+01
    1.76918e+00     7.22801e+03     5.52034e+01
    1.77327e+00     7.24076e+03     5.49721e+01
    1.77737e+00     7.21654e+03     5.49217e+01
    1.78146e+00     7.19214e+03     5.43912e+01
    1.78554e+00     7.19223e+03     5.45653e+01
    1.78964e+00     7.18337e+03     5.43732e+01
    1.79373e+00     7.17829e+03     5.41255e+01
    1.79782e+00     7.14811e+03     5.40286e+01
    1.80191e+00     7.15366e+03     5.37335e+01
    1.80600e+00     7.12282e+03     5.36497e+01
    1.81009e+00     7.11650e+03     5.35032e+01
    1.81418e+00     7.11063e+03     5.32326e+01
    1.81827e+00     7.09152e+03     5.29545e+01
    1.82236e+00     7.10056e+03     5.27905e+01
    1.82645e+00     7.08386e+03     5.26693e+01
    1.83054e+00     7.06310e+03     5.25806e+01
    1.83463e+00     7.04978e+03     5.23937e+01
    1.83872e+00     7.04505e+03     5.22521e+01
    1.84281e+00     7.04218e+03     5.19966e+01
    1.84691e+00     7.02367e+03     5.18687e+01
    1.85100e+00     7.01740e+03     5.17489e+01
    1.85509e+00     6.99500e+03     5.14910e+01
    1.85918e+00     6.99289e+03     5.14564e+01
    1.86327e+00     6.98635e+03     5.14590e+01
    1.86736e+00     6.97073e+03     5.11617e+01
    1.87145e+00     6.96059e+03     5.08527e+01
    1.87554e+00     6.93823e+03     5.07475e+01
    1.87963e+00     6.91531e+03     5.04796e+01
    1.88372e+00     6.91246e+03     5.04486e+01
    1.88781e+00     6.92517e+03     5.03634e+01
    1.89190e+00     6.89597e+03     5.01351e+01
    1.89599e+00     6.88927e+03     5.00623e+01
    1.90008e+00     6.88154e+03     4.98255e+01
    1.90417e+00     6.85718e+03     4.96199e+01
    1.90827e+00     6.86231e+03     4.94697e+01
    1.91236e+00     6.84091e+03     4.93195e+01
    1.91645e+00     6.83765e+03     4.92656e+01
    1.92054e+00     6.81654e+03     4.89621e+01
    1.92463e+00     6.80914e+03     4.88423e+01
    1.92872e+00     6.80286e+03     4.87640e+01
    1.93281e+00     6.78588e+03     4.85305e+01
    1.93690e+00     6.78318e+03     4.84926e+01
    1.94099e+00     6.76668e+03     4.82917e+01
    1.94508e+00     6.76436e+03     4.81431e+01
    1.94917e+00     6.74932e+03     4.80213e+01
    1.95326e+00     6.73122e+03     4.76707e+01
    1.95735e+00     6.73025e+03     4.76960e+01
    1.96144e+00     6.71772e+03     4.76892e+01
    1.96553e+00     6.70576e+03     4.74559e+01
    1.96962e+00     6.68648e+03     4.72534e+01
    1.97371e+00     6.68196e+03     4.71166e+01
    1.97781e+00     6.66859e+03     4.69441e+01
    1.98190e+00     6.66174e+03     4.67108e+01
    1.98599e+00     6.65398e+03     4.65997e+01
    1.99008e+00     6.64109e+03     4.66324e+01
    1.99417e+00     6.62631e+03     4.63447e+01
    1.99826e+00     6.61773e+03     4.62162e+01
    2.00235e+00     6.60700e+03     4.60749e+01
    2.00644e+00     6.59650e+03     4.59600e+01
    2.01053e+00     6.58089e+03     4.57253e+01
    2.01462e+00     6.56997e+03     4.56921e+01
    2.01871e+00     6.56382e+03     4.54765e+01
    2.02280e+00     6.54676e+03     4.53637e+01
    2.02689e+00     6.54573e+03     4.52612e+01
    2.03098e+00     6.53038e+03     4.50910e+01
    2.03507e+00     6.51419e+03     4.48691e+01
    2.03917e+00     6.50597e+03     4.47822e+01
    2.04325e+00     6.49957e+03     4.46924e+01
    2.04735e+00     6.49017e+03     4.46831e+01
    2.05143e+00     6.47026e+03     4.44428e+01
    2.05552e+00     6.46157e+03     4.41691e+01
    2.05962e+00     6.45722e+03     4.41421e+01
    2.06371e+00     6.45257e+03     4.40694e+01
    2.06780e+00     6.43764e+03     4.39378e+01
    2.07189e+00     6.42139e+03     4.37647e+01
    2.07598e+00     6.40926e+03     4.37125e+01
    2.08007e+00     6.39733e+03     4.35289e+01
    2.08416e+00     6.38510e+03     4.32122e+01
    2.08825e+00     6.38486e+03     4.32457e+01
    2.09234e+00     6.36762e+03     4.29118e+01
    2.09644e+00     6.36332e+03     4.29974e+01
    2.10053e+00     6.34072e+03     4.28901e+01
    2.10461e+00     6.33148e+03     4.26395e+01
    2.10870e+00     6.32383e+03     4.25190e+01
    2.11280e+00     6.31591e+03     4.24956e+01
    2.11688e+00     6.30462e+03     4.22642e+01
    2.12098e+00     6.28767e+03     4.21659e+01
    2.12507e+00     6.28695e+03     4.21728e+01
    2.12916e+00     6.27444e+03     4.18905e+01
    2.13325e+00     6.26909e+03     4.18280e+01
    2.13734e+00     6.25562e+03     4.16467e+01
    2.14143e+00     6.24234e+03     4.15168e+01
    2.14552e+00     6.22743e+03     4.12635e+01
    2.14961e+00     6.21651e+03     4.12558e+01
    2.15370e+00     6.21091e+03     4.11064e+01
    2.15779e+00     6.19443e+03     4.09282e+01
    2.16188e+00     6.18623e+03     4.08804e+01
    2.16597e+00     6.17193e+03     4.08469e+01
    2.17006e+00     6.16233e+03     4.07021e+01
    2.17416e+00     6.15883e+03     4.05370e+01
    2.17825e+00     6.14235e+03     4.02953e+01
    2.18234e+00     6.13099e+03     4.01865e+01
    2.18643e+00     6.12356e+03     4.01738e+01
    2.19052e+00     6.11434e+03     4.00661e+01
    2.19461e+00     6.10246e+03     3.99214e+01
    2.19870e+00     6.08917e+03     3.96945e+01
    2.20279e+00     6.07897e+03     3.95906e+01
    2.20688e+00     6.06290e+03     3.94781e+01
    2.21097e+00     6.06160e+03     3.94030e+01
    2.21506e+00     6.04734e+03     3.92460e+01
    2.21915e+00     6.03932e+03     3.92174e+01
    2.22324e+00     6.02594e+03     3.90498e+01
    2.22733e+00     6.01650e+03     3.89660e+01
    2.23142e+00     6.01157e+03     3.88353e+01
    2.23552e+00     5.99138e+03     3.86719e+01
    2.23961e+00     5.99230e+03     3.86259e+01
    2.24369e+00     5.97282e+03     3.84609e+01
    2.24779e+00     5.96980e+03     3.83499e+01
    2.25188e+00     5.94951e+03     3.81849e+01
    2.25597e+00     5.93987e+03     3.80957e+01
    2.26006e+00     5.93551e+03     3.80115e+01
    2.26415e+00     5.92019e+03     3.79346e+01
    2.26824e+00     5.90676e+03     3.77588e+01
    2.27233e+00     5.89884e+03     3.74462e+01
    2.27642e+00     5.88562e+03     3.74458e+01
    2.28051e+00     5.87223e+03     3.73754e+01
    2.28460e+00     5.87201e+03     3.73190e+01
    2.28869e+00     5.85830e+03     3.71328e+01
    2.29278e+00     5.84871e+03     3.71386e+01
    2.29687e+00     5.83072e+03     3.69116e+01
    2.30096e+00     5.82407e+03     3.68030e+01
    2.30506e+00     5.80817e+03     3.66508e+01
    2.30915e+00     5.80735e+03     3.65618e+01
    2.31324e+00     5.79602e+03     3.64995e+01
    2.31733e+00     5.78477e+03     3.63710e+01
    2.32142e+00     5.77643e+03     3.63654e+01
    2.32551e+00     5.76491e+03     3.61799e+01
    2.32960e+00     5.74778e+03     3.60780e+01
    2.33369e+00     5.74811e+03     3.60249e+01
    2.33778e+00     5.73187e+03     3.58442e+01
    2.34187e+00     5.71992e+03     3.56722e+01
    2.34596e+00     5.71477e+03     3.57202e+01
    2.35005e+00     5.70934e+03     3.55457e+01
    2.35414e+00     5.68980e+03     3.53364e+01
    2.35823e+00     5.67983e+03     3.53327e+01
    2.36232e+00     5.67491e+03     3.52525e+01
    2.36641e+00     5.66915e+03     3.51837e+01
    2.37051e+00     5.64676e+03     3.49825e+01
    2.37460e+00     5.63653e+03     3.48812e+01
    2.37869e+00     5.63207e+03     3.47675e+01
    2.38278e+00     5.62260e+03     3.47607e+01
    2.38687e+00     5.60492e+03     3.45018e+01
    2.39096e+00     5.59963e+03     3.45280e+01
    2.39505e+00     5.58434e+03     3.43459e+01
    2.39914e+00     5.57904e+03     3.42738e+01
    2.40323e+00     5.56989e+03     3.41076e+01
    2.40732e+00     5.54996e+03     3.40070e+01
    2.41141e+00     5.54413e+03     3.40102e+01
    2.41550e+00     5.54592e+03     3.39007e+01
    2.41959e+00     5.52763e+03     3.37922e+01
    2.42368e+00     5.51209e+03     3.36255e+01
    2.42777e+00     5.50842e+03     3.35397e+01
    2.43187e+00     5.49376e+03     3.34770e+01
    2.43596e+00     5.48804e+03     3.32168e+01
    2.44004e+00     5.48233e+03     3.32336e+01
    2.44414e+00     5.46127e+03     3.31448e+01
    2.44823e+00     5.45915e+03     3.31141e+01
    2.45232e+00     5.44389e+03     3.29218e+01
    2.45640e+00     5.43399e+03     3.28034e+01
    2.46050e+00     5.41999e+03     3.26863e+01
    2.46459e+00     5.42019e+03     3.26724e+01
    2.46868e+00     5.40626e+03     3.26057e+01
    2.47277e+00     5.39583e+03     3.23433e+01
    2.47686e+00     5.37937e+03     3.22684e+01
    2.48095e+00     5.37178e+03     3.21150e+01
    2.48504e+00     5.36302e+03     3.21067e+01
    2.48913e+00     5.35333e+03     3.20337e+01
    2.49322e+00     5.34215e+03     3.19185e+01
    2.49731e+00     5.33264e+03     3.18086e+01
    2.50141e+00     5.32590e+03     3.17614e+01
    2.50550e+00     5.31003e+03     3.16284e+01
    2.50959e+00     5.30013e+03     3.14922e+01
    2.51368e+00     5.28842e+03     3.14454e+01
    2.51777e+00     5.28331e+03     3.13419e+01
    2.52186e+00     5.27583e+03     3.12290e+01
    2.52595e+00     5.25900e+03     3.11461e+01
    2.53004e+00     5.25738e+03     3.11508e+01
    2.53413e+00     5.24730e+03     3.09783e+01
    2.53822e+00     5.23348e+03     3.09407e+01
    2.54231e+00     5.22215e+03     3.07677e+01
    2.54640e+00     5.21497e+03     3.07161e+01
    2.55049e+00     5.20215e+03     3.06427e+01
    2.55458e+00     5.19396e+03     3.05057e+01
    2.55867e+00     5.18247e+03     3.03987e+01
    2.56276e+00     5.17505e+03     3.03093e+01
    2.56685e+00     5.16490e+03     3.02333e+01
    2.57095e+00     5.15577e+03     3.01282e+01
    2.57504e+00     5.14052e+03     3.00297e+01
    2.57913e+00     5.12892e+03     2.99573e+01
    2.58322e+00     5.12539e+03     2.98777e+01
    2.58731e+00     5.11046e+03     2.96530e+01
    2.59140e+00     5.10657e+03     2.96740e+01
    2.59549e+00     5.09396e+03     2.95906e+01
    2.59958e+00     5.07453e+03     2.94424e+01
    2.60367e+00     5.07378e+03     2.94330e+01
    2.60776e+00     5.06641e+03     2.93310e+01
    2.61185e+00     5.04959e+03     2.92221e+01
    2.61594e+00     5.04295e+03     2.91175e+01
    2.62003e+00     5.03395e+03     2.90404e+01
    2.62412e+00     5.01871e+03     2.89781e+01
    2.62821e+00     5.01738e+03     2.88684e+01
    2.63230e+00     5.01074e+03     2.87935e+01
    2.63640e+00     4.99987e+03     2.86568e+01
    2.64049e+00     4.98669e+03     2.85878e+01
    2.64457e+00     4.97653e+03     2.84596e+01
    2.64867e+00     4.96927e+03     2.84112e+01
    2.65276e+00     4.95771e+03     2.83615e+01
    2.65685e+00     4.94793e+03     2.82727e+01
    2.66094e+00     4.93952e+03     2.82068e+01
    2.66503e+00     4.92603e+03     2.80557e+01
    2.66912e+00     4.91287e+03     2.79158e+01
    2.67321e+00     4.91223e+03     2.79288e+01
    2.67730e+00     4.90027e+03     2.78804e+01
    2.68139e+00     4.88796e+03     2.77611e+01
    2.68548e+00     4.88085e+03     2.76211e+01
    2.68957e+00     4.87302e+03     2.75798e+01
    2.69366e+00     4.85844e+03     2.75015e+01
    2.69776e+00     4.84579e+03     2.74154e+01
    2.70185e+00     4.84233e+03     2.73043e+01
    2.70594e+00     4.83027e+03     2.71569e+01
    2.71003e+00     4.82384e+03     2.71405e+01
    2.71412e+00     4.81366e+03     2.70581e+01
    2.71821e+00     4.80213e+03     2.70184e+01
    2.72230e+00     4.79476e+03     2.69034e+01
    2.72639e+00     4.78311e+03     2.67725e+01
    2.73048e+00     4.77526e+03     2.67431e+01
    2.73457e+00     4.76124e+03     2.66526e+01
    2.73866e+00     4.75685e+03     2.65427e+01
    2.74275e+00     4.74078e+03     2.64628e+01
    2.74684e+00     4.73926e+03     2.64351e+01
    2.75093e+00     4.72626e+03     2.62849e+01
    2.75502e+00     4.71846e+03     2.62381e+01
    2.75911e+00     4.71548e+03     2.61827e+01
    2.76320e+00     4.69030e+03     2.60656e+01
    2.76730e+00     4.69282e+03     2.60405e+01
    2.77139e+00     4.68152e+03     2.59077e+01
    2.77548e+00     4.67148e+03     2.58068e+01
    2.77957e+00     4.66375e+03     2.57717e+01
    2.78366e+00     4.65354e+03     2.57390e+01
    2.78775e+00     4.64471e+03     2.56252e+01
    2.79184e+00     4.63453e+03     2.55267e+01
    2.79593e+00     4.62400e+03     2.54163e+01
    2.80002e+00     4.61275e+03     2.53577e+01
    2.80411e+00     4.60284e+03     2.52684e+01
    2.80820e+00     4.59850e+03     2.52184e+01
    2.81229e+00     4.58881e+03     2.51625e+01
    2.81638e+00     4.57883e+03     2.50676e+01
    2.82047e+00     4.56962e+03     2.50205e+01
    2.82457e+00     4.55772e+03     2.49316e+01
    2.82866e+00     4.55430e+03     2.48459e+01
    2.83275e+00     4.54134e+03     2.47410e+01
    2.83684e+00     4.52882e+03     2.46702e+01
    2.84093e+00     4.52424e+03     2.45904e+01
    2.84502e+00     4.51381e+03     2.44899e+01
    2.84911e+00     4.50167e+03     2.44446e+01
    2.85320e+00     4.49329e+03     2.43492e+01
    2.85729e+00     4.48478e+03     2.42740e+01
    2.86138e+00     4.47114e+03     2.41829e+01
    2.86547e+00     4.46548e+03     2.41313e+01
    2.86956e+00     4.45740e+03     2.41063e+01
    2.87365e+00     4.44647e+03     2.39969e+01
    2.87774e+00     4.43944e+03     2.39315e+01
    2.88183e+00     4.43238e+03     2.38229e+01
    2.88592e+00     4.42204e+03     2.37764e+01
    2.89001e+00     4.41013e+03     2.37036e+01
    2.89410e+00     4.39767e+03     2.35948e+01
    2.89820e+00     4.39450e+03     2.35572e+01
    2.90229e+00     4.38422e+03     2.34732e+01
    2.90638e+00     4.37735e+03     2.33582e+01
    2.91047e+00     4.36353e+03     2.33304e+01
    2.91456e+00     4.35430e+03     2.32212e+01
    2.91865e+00     4.34861e+03     2.31613e+01
    2.92274e+00     4.34126e+03     2.31426e+01
    2.92683e+00     4.33015e+03     2.30610e+01
    2.93092e+00     4.32348e+03     2.29388e+01
    2.93501e+00     4.31345e+03     2.28575e+01
    2.93910e+00     4.30671e+03     2.28519e+01
    2.94319e+00     4.29562e+03     2.27530e+01
    2.94728e+00     4.28941e+03     2.27170e+01
    2.95137e+00     4.27737e+03     2.26508e+01
    2.95546e+00     4.26797e+03     2.25178e+01
    2.95955e+00     4.26165e+03     2.25067e+01
    2.96364e+00     4.25196e+03     2.24147e+01
    2.96774e+00     4.24073e+03     2.23337e+01
    2.97183e+00     4.23088e+03     2.22860e+01
    2.97592e+00     4.22555e+03     2.21828e+01
    2.98001e+00     4.21492e+03     2.20840e+01
    2.98410e+00     4.20800e+03     2.20451e+01
    2.98819e+00     4.19991e+03     2.19987e+01
    2.99228e+00     4.19174e+03     2.19449e+01
    2.99637e+00     4.18199e+03     2.18661e+01
    3.00046e+00     4.17216e+03     2.17851e+01
    3.00455e+00     4.16496e+03     2.16902e+01
    3.00864e+00     4.15208e+03     2.15916e+01
    3.01273e+00     4.14296e+03     2.15838e+01
    3.01682e+00     4.13300e+03     2.14987e+01
    3.02091e+00     4.13091e+03     2.14414e+01
    3.02500e+00     4.11948e+03     2.13723e+01
    3.02910e+00     4.11310e+03     2.12950e+01
    3.03319e+00     4.10247e+03     2.12700e+01
    3.03728e+00     4.09757e+03     2.11895e+01
    3.04137e+00     4.08702e+03     2.11095e+01
    3.04546e+00     4.07607e+03     2.10336e+01
    3.04955e+00     4.06842e+03     2.09314e+01
    3.05364e+00     4.05619e+03     2.08928e+01
    3.05773e+00     4.04948e+03     2.08133e+01
    3.06182e+00     4.04360e+03     2.07633e+01
    3.06591e+00     4.03430e+03     2.07227e+01
    3.07000e+00     4.02669e+03     2.06330e+01
    3.07409e+00     4.01403e+03     2.05534e+01
    3.07818e+00     4.00555e+03     2.05246e+01
    3.08227e+00     4.00413e+03     2.04510e+01
    3.08636e+00     3.99529e+03     2.04145e+01
    3.09045e+00     3.98228e+03     2.02936e+01
    3.09454e+00     3.97631e+03     2.02910e+01
    3.09863e+00     3.96535e+03     2.01885e+01
    3.10272e+00     3.95724e+03     2.01203e+01
    3.10682e+00     3.95241e+03     2.01209e+01
    3.11091e+00     3.93998e+03     2.00069e+01
    3.11500e+00     3.93179e+03     1.99551e+01
    3.11909e+00     3.92289e+03     1.98479e+01
    3.12318e+00     3.91716e+03     1.98136e+01
    3.12727e+00     3.90243e+03     1.97052e+01
    3.13136e+00     3.90159e+03     1.97238e+01
    3.13545e+00     3.88983e+03     1.96596e+01
    3.13954e+00     3.88226e+03     1.95893e+01
    3.14363e+00     3.87896e+03     1.95694e+01
    3.14772e+00     3.86514e+03     1.94426e+01
    3.15181e+00     3.85792e+03     1.93483e+01
    3.15590e+00     3.85254e+03     1.93033e+01
    3.16000e+00     3.84261e+03     1.92472e+01
    3.16409e+00     3.83454e+03     1.92418e+01
    3.16818e+00     3.82740e+03     1.91371e+01
    3.17227e+00     3.81805e+03     1.90998e+01
    3.17636e+00     3.80921e+03     1.90381e+01
    3.18045e+00     3.80291e+03     1.89985e+01
    3.18454e+00     3.79813e+03     1.89399e+01
    3.18863e+00     3.78803e+03     1.88634e+01
    3.19272e+00     3.77753e+03     1.88101e+01
    3.19681e+00     3.77095e+03     1.87424e+01
    3.20090e+00     3.76139e+03     1.86826e+01
    3.20499e+00     3.75177e+03     1.86093e+01
    3.20908e+00     3.74428e+03     1.85732e+01
    3.21317e+00     3.73594e+03     1.84947e+01
    3.21726e+00     3.72767e+03     1.83991e+01
    3.22135e+00     3.72105e+03     1.84276e+01
    3.22545e+00     3.71629e+03     1.83464e+01
    3.22954e+00     3.70348e+03     1.82453e+01
    3.23363e+00     3.69949e+03     1.82364e+01
    3.23772e+00     3.68911e+03     1.81702e+01
    3.24181e+00     3.68211e+03     1.80788e+01
    3.24590e+00     3.67512e+03     1.80215e+01
    3.24999e+00     3.66600e+03     1.79702e+01
    3.25408e+00     3.65815e+03     1.79430e+01
    3.25817e+00     3.64758e+03     1.78250e+01
    3.26226e+00     3.64325e+03     1.78348e+01
    3.26635e+00     3.63701e+03     1.77883e+01
    3.27044e+00     3.62751e+03     1.77376e+01
    3.27453e+00     3.62285e+03     1.76802e+01
    3.27862e+00     3.61247e+03     1.75908e+01
    3.28271e+00     3.60505e+03     1.75385e+01
    3.28681e+00     3.59877e+03     1.75258e+01
    3.29090e+00     3.58949e+03     1.74266e+01
    3.29499e+00     3.57957e+03     1.73746e+01
    3.29908e+00     3.57182e+03     1.73034e+01
    3.30317e+00     3.56462e+03     1.72805e+01
    3.30725e+00     3.55573e+03     1.72250e+01
    3.31135e+00     3.55053e+03     1.71765e+01
    3.31544e+00     3.54466e+03     1.71315e+01
    3.31953e+00     3.53518e+03     1.70745e+01
    3.32362e+00     3.52960e+03     1.70136e+01
    3.32771e+00     3.52513e+03     1.69969e+01
    3.33180e+00     3.51283e+03     1.69026e+01
    3.33589e+00     3.50611e+03     1.68561e+01
    3.33998e+00     3.50066e+03     1.68109e+01
    3.34407e+00     3.49019e+03     1.67179e+01
    3.34816e+00     3.48057e+03     1.66713e+01
    3.35226e+00     3.47929e+03     1.66863e+01
    3.35634e+00     3.46817e+03     1.66124e+01
    3.36043e+00     3.46150e+03     1.65122e+01
    3.36453e+00     3.45149e+03     1.64710e+01
    3.36862e+00     3.44626e+03     1.64355e+01
    3.37271e+00     3.43732e+03     1.64114e+01
    3.37680e+00     3.43031e+03     1.63205e+01
    3.38089e+00     3.42371e+03     1.62635e+01
    3.38498e+00     3.41607e+03     1.62397e+01
    3.38907e+00     3.40863e+03     1.61824e+01
    3.39316e+00     3.40375e+03     1.61460e+01
    3.39725e+00     3.39538e+03     1.60468e+01
    3.40134e+00     3.38649e+03     1.60156e+01
    3.40543e+00     3.37697e+03     1.59636e+01
    3.40952e+00     3.37069e+03     1.59168e+01
    3.41362e+00     3.36877e+03     1.59122e+01
    3.41770e+00     3.35860e+03     1.57868e+01
    3.42179e+00     3.35232e+03     1.57841e+01
    3.42588e+00     3.34492e+03     1.57129e+01
    3.42997e+00     3.33623e+03     1.56580e+01
    3.43406e+00     3.33039e+03     1.56396e+01
    3.43816e+00     3.32282e+03     1.55786e+01
    3.44225e+00     3.31677e+03     1.55458e+01
    3.44634e+00     3.30792e+03     1.54893e+01
    3.45043e+00     3.29880e+03     1.54281e+01
    3.45452e+00     3.29609e+03     1.53851e+01
    3.45861e+00     3.28542e+03     1.53418e+01
    3.46270e+00     3.28273e+03     1.53127e+01
    3.46679e+00     3.27220e+03     1.52277e+01
    3.47088e+00     3.26545e+03     1.52004e+01
    3.47497e+00     3.26096e+03     1.51858e+01
    3.47906e+00     3.25473e+03     1.51319e+01
    3.48315e+00     3.24653e+03     1.50707e+01
    3.48725e+00     3.23754e+03     1.50023e+01
    3.49134e+00     3.23154e+03     1.49582e+01
    3.49543e+00     3.22485e+03     1.49181e+01
    3.49952e+00     3.21965e+03     1.48707e+01
    3.50361e+00     3.21080e+03     1.48150e+01
    3.50770e+00     3.20656e+03     1.47929e+01
    3.51179e+00     3.19815e+03     1.47527e+01
    3.51588e+00     3.19234e+03     1.47057e+01
    3.51997e+00     3.18537e+03     1.46304e+01
    3.52406e+00     3.17817e+03     1.46108e+01
    3.52815e+00     3.17319e+03     1.45733e+01
    3.53224e+00     3.16388e+03     1.45102e+01
    3.53633e+00     3.15601e+03     1.44619e+01
    3.54042e+00     3.14918e+03     1.43886e+01
    3.54451e+00     3.14508e+03     1.43776e+01
    3.54860e+00     3.13641e+03     1.43278e+01
    3.55270e+00     3.12922e+03     1.42620e+01
    3.55679e+00     3.12184e+03     1.42327e+01
    3.56088e+00     3.11727e+03     1.41864e+01
    3.56497e+00     3.10887e+03     1.41657e+01
    3.56906e+00     3.10551e+03     1.41142e+01
    3.57315e+00     3.10014e+03     1.40958e+01
    3.57724e+00     3.09205e+03     1.40494e+01
    3.58133e+00     3.08321e+03     1.39556e+01
    3.58542e+00     3.07778e+03     1.39367e+01
    3.58951e+00     3.06974e+03     1.39067e+01
    3.59360e+00     3.06715e+03     1.38546e+01
    3.59769e+00     3.05968e+03     1.38150e+01
    3.60178e+00     3.05357e+03     1.37926e+01
    3.60587e+00     3.04386e+03     1.37080e+01
    3.60996e+00     3.03676e+03     1.36744e+01
    3.61405e+00     3.03333e+03     1.36529e+01
    3.61814e+00     3.02629e+03     1.35933e+01
    3.62224e+00     3.01999e+03     1.35734e+01
    3.62633e+00     3.01532e+03     1.35308e+01
    3.63042e+00     3.00851e+03     1.34917e+01
    3.63451e+00     3.00156e+03     1.34369e+01
    3.63860e+00     2.99513e+03     1.34137e+01
    3.64269e+00     2.98866e+03     1.33787e+01
    3.64678e+00     2.98201e+03     1.33132e+01
    3.65087e+00     2.97640e+03     1.32756e+01
    3.65496e+00     2.97286e+03     1.32443e+01
    3.65905e+00     2.96268e+03     1.31700e+01
    3.66314e+00     2.95877e+03     1.31518e+01
    3.66723e+00     2.95067e+03     1.31275e+01
    3.67132e+00     2.94787e+03     1.30763e+01
    3.67541e+00     2.93793e+03     1.30183e+01
    3.67950e+00     2.93277e+03     1.29945e+01
    3.68359e+00     2.92712e+03     1.29705e+01
    3.68769e+00     2.92030e+03     1.29132e+01
    3.69177e+00     2.91497e+03     1.28860e+01
    3.69587e+00     2.90838e+03     1.28274e+01
    3.69996e+00     2.90218e+03     1.28199e+01
    3.70405e+00     2.89506e+03     1.27504e+01
    3.70814e+00     2.88918e+03     1.27094e+01
    3.71223e+00     2.88161e+03     1.26859e+01
    3.71632e+00     2.87637e+03     1.26579e+01
    3.72041e+00     2.86904e+03     1.26063e+01
    3.72450e+00     2.86714e+03     1.26043e+01
    3.72859e+00     2.86279e+03     1.25677e+01
    3.73268e+00     2.85650e+03     1.25139e+01
    3.73677e+00     2.84688e+03     1.24511e+01
    3.74086e+00     2.84309e+03     1.24348e+01
    3.74495e+00     2.83505e+03     1.23705e+01
    3.74905e+00     2.83246e+03     1.23767e+01
    3.75313e+00     2.82613e+03     1.23255e+01
    3.75722e+00     2.81947e+03     1.22866e+01
    3.76131e+00     2.81467e+03     1.22562e+01
    3.76541e+00     2.80710e+03     1.21962e+01
    3.76950e+00     2.80313e+03     1.21746e+01
    3.77359e+00     2.79676e+03     1.21606e+01
    3.77768e+00     2.79226e+03     1.21040e+01
    3.78177e+00     2.78484e+03     1.20777e+01
    3.78586e+00     2.78008e+03     1.20211e+01
    3.78995e+00     2.77315e+03     1.20044e+01
    3.79404e+00     2.76952e+03     1.19625e+01
    3.79813e+00     2.76405e+03     1.19408e+01
    3.80222e+00     2.75816e+03     1.19029e+01
    3.80632e+00     2.75002e+03     1.18511e+01
    3.81040e+00     2.74642e+03     1.18170e+01
    3.81449e+00     2.74062e+03     1.17942e+01
    3.81859e+00     2.73254e+03     1.17257e+01
    3.82268e+00     2.73137e+03     1.17430e+01
    3.82677e+00     2.72396e+03     1.16911e+01
    3.83086e+00     2.71824e+03     1.16560e+01
    3.83495e+00     2.71129e+03     1.16213e+01
    3.83904e+00     2.70740e+03     1.16054e+01
    3.84313e+00     2.70080e+03     1.15474e+01
    3.84722e+00     2.69623e+03     1.15078e+01
    3.85131e+00     2.69237e+03     1.15065e+01
    3.85540e+00     2.68599e+03     1.14505e+01
    3.85949e+00     2.67988e+03     1.14212e+01
    3.86358e+00     2.67360e+03     1.13925e+01
    3.86768e+00     2.66897e+03     1.13362e+01
    3.87177e+00     2.66539e+03     1.13436e+01
    3.87585e+00     2.65868e+03     1.12843e+01
    3.87994e+00     2.65412e+03     1.12785e+01
    3.88403e+00     2.64844e+03     1.12292e+01
    3.88813e+00     2.64214e+03     1.12018e+01
    3.89222e+00     2.63708e+03     1.11624e+01
    3.89631e+00     2.63290e+03     1.11286e+01
    3.90040e+00     2.62923e+03     1.11175e+01
    3.90449e+00     2.62206e+03     1.10815e+01
    3.90858e+00     2.61688e+03     1.10569e+01
    3.91267e+00     2.61321e+03     1.10086e+01
    3.91676e+00     2.60808e+03     1.09968e+01
    3.92085e+00     2.60467e+03     1.09577e+01
    3.92494e+00     2.59657e+03     1.09192e+01
    3.92903e+00     2.58942e+03     1.08706e+01
    3.93312e+00     2.58556e+03     1.08563e+01
    3.93721e+00     2.58367e+03     1.08371e+01
    3.94130e+00     2.57540e+03     1.07938e+01
    3.94539e+00     2.57415e+03     1.07761e+01
    3.94949e+00     2.56562e+03     1.07263e+01
    3.95358e+00     2.56336e+03     1.07205e+01
    3.95767e+00     2.55801e+03     1.06756e+01
    3.96176e+00     2.55329e+03     1.06538e+01
    3.96585e+00     2.54843e+03     1.06186e+01
    3.96994e+00     2.54377e+03     1.06055e+01
    3.97403e+00     2.53959e+03     1.05684e+01
    3.97812e+00     2.53388e+03     1.05355e+01
    3.98221e+00     2.52861e+03     1.05027e+01
    3.98630e+00     2.52426e+03     1.04840e+01
    3.99039e+00     2.51899e+03     1.04606e+01
    3.99448e+00     2.51489e+03     1.04122e+01
    3.99857e+00     2.50807e+03     1.03821e+01
    4.00266e+00     2.50413e+03     1.03782e+01
    4.00675e+00     2.50045e+03     1.03455e+01
    4.01085e+00     2.49500e+03     1.03210e+01
    4.01494e+00     2.49072e+03     1.02862e+01
    4.01902e+00     2.48367e+03     1.02543e+01
    4.02312e+00     2.48222e+03     1.02360e+01
    4.02721e+00     2.47706e+03     1.02089e+01
    4.03130e+00     2.47040e+03     1.01515e+01
    4.03539e+00     2.46667e+03     1.01516e+01
    4.03948e+00     2.46402e+03     1.01238e+01
    4.04357e+00     2.45756e+03     1.00989e+01
    4.04766e+00     2.45255e+03     1.00737e+01
    4.05175e+00     2.44661e+03     1.00174e+01
    4.05584e+00     2.44474e+03     1.00095e+01
    4.05993e+00     2.44049e+03     9.96964e+00
    4.06402e+00     2.43539e+03     9.96474e+00
    4.06811e+00     2.43091e+03     9.94510e+00
    4.07220e+00     2.42740e+03     9.90597e+00
    4.07630e+00     2.42385e+03     9.89291e+00
    4.08038e+00     2.41757e+03     9.86346e+00
    4.08447e+00     2.41405e+03     9.82790e+00
    4.08857e+00     2.40864e+03     9.81015e+00
    4.09266e+00     2.40446e+03     9.79046e+00
    4.09675e+00     2.40212e+03     9.76471e+00
    4.10084e+00     2.39646e+03     9.74171e+00
    4.10493e+00     2.39296e+03     9.72561e+00
    4.10902e+00     2.38739e+03     9.67907e+00
    4.11311e+00     2.38192e+03     9.65535e+00
    4.11720e+00     2.38021e+03     9.64920e+00
    4.12129e+00     2.37434e+03     9.61006e+00
    4.12538e+00     2.36964e+03     9.58947e+00
    4.12947e+00     2.36562e+03     9.55750e+00
    4.13356e+00     2.36349e+03     9.54411e+00
    4.13765e+00     2.35662e+03     9.51732e+00
    4.14175e+00     2.35505e+03     9.49381e+00
    4.14584e+00     2.35201e+03     9.48013e+00
    4.14993e+00     2.34541e+03     9.45052e+00
    4.15402e+00     2.34168e+03     9.43749e+00
    4.15811e+00     2.33773e+03     9.40620e+00
    4.16220e+00     2.33372e+03     9.38348e+00
    4.16629e+00     2.32950e+03     9.35332e+00
    4.17038e+00     2.32530e+03     9.33354e+00
    4.17447e+00     2.32146e+03     9.29804e+00
    4.17856e+00     2.31850e+03     9.29970e+00
    4.18265e+00     2.31472e+03     9.28042e+00
    4.18674e+00     2.30937e+03     9.24681e+00
