# Real space auto- and cross-spectra.
# z=1.500, 12.500<lgM<13.000
#      k[h/Mpc]            P_hh            P_hm            P_mm
    0.00000e+00     0.00000e+00     0.00000e+00     0.00000e+00
    5.79404e-03     2.58079e+04     1.06428e+04     4.61557e+03
    1.04717e-02     2.39293e+04     9.71757e+03     4.16711e+03
    1.42665e-02     3.36071e+04     1.33948e+04     5.61952e+03
    1.81228e-02     3.83777e+04     1.55686e+04     6.56593e+03
    2.24845e-02     3.42374e+04     1.36628e+04     5.72945e+03
    2.64508e-02     2.96295e+04     1.21335e+04     5.24588e+03
    3.04474e-02     2.89868e+04     1.17751e+04     5.04129e+03
    3.47320e-02     2.95187e+04     1.18712e+04     5.04574e+03
    3.88308e-02     2.37695e+04     9.35465e+03     3.93077e+03
    4.28140e-02     2.05969e+04     8.10281e+03     3.45085e+03
    4.68856e-02     1.95465e+04     7.55485e+03     3.17746e+03
    5.09858e-02     1.87565e+04     7.24892e+03     3.04898e+03
    5.51458e-02     1.77560e+04     6.80318e+03     2.84214e+03
    5.92243e-02     1.74294e+04     6.61931e+03     2.77198e+03
    6.32864e-02     1.66304e+04     6.31432e+03     2.65371e+03
    6.73674e-02     1.61802e+04     6.11654e+03     2.56412e+03
    7.14960e-02     1.47805e+04     5.54942e+03     2.32673e+03
    7.55894e-02     1.40835e+04     5.28892e+03     2.22143e+03
    7.96660e-02     1.33253e+04     4.92874e+03     2.06931e+03
    8.38183e-02     1.25289e+04     4.57869e+03     1.91271e+03
    8.78941e-02     1.15767e+04     4.20146e+03     1.75936e+03
    9.19238e-02     1.09922e+04     3.93087e+03     1.64337e+03
    9.60446e-02     9.91918e+03     3.48534e+03     1.45819e+03
    1.00128e-01     9.84198e+03     3.40169e+03     1.39682e+03
    1.04209e-01     9.21381e+03     3.17592e+03     1.31789e+03
    1.08333e-01     8.66626e+03     2.93762e+03     1.21773e+03
    1.12448e-01     8.51257e+03     2.86468e+03     1.18047e+03
    1.16521e-01     8.39989e+03     2.81793e+03     1.16454e+03
    1.20596e-01     8.02335e+03     2.67951e+03     1.10763e+03
    1.24665e-01     7.84915e+03     2.59417e+03     1.07057e+03
    1.28771e-01     7.70730e+03     2.52284e+03     1.04105e+03
    1.32874e-01     7.61906e+03     2.47814e+03     1.01737e+03
    1.36975e-01     7.29528e+03     2.36000e+03     9.70383e+02
    1.41075e-01     7.10565e+03     2.24825e+03     9.14648e+02
    1.45172e-01     6.75964e+03     2.11775e+03     8.65689e+02
    1.49268e-01     6.36453e+03     1.96482e+03     8.05226e+02
    1.53330e-01     6.13445e+03     1.86650e+03     7.63366e+02
    1.57416e-01     6.00883e+03     1.78953e+03     7.25353e+02
    1.61514e-01     5.75264e+03     1.68789e+03     6.82240e+02
    1.65592e-01     5.72345e+03     1.68146e+03     6.79301e+02
    1.69693e-01     5.46521e+03     1.57459e+03     6.34852e+02
    1.73803e-01     5.41958e+03     1.55059e+03     6.22805e+02
    1.77905e-01     5.22548e+03     1.48922e+03     6.02348e+02
    1.82001e-01     5.12904e+03     1.44317e+03     5.84650e+02
    1.86092e-01     5.01185e+03     1.39498e+03     5.61322e+02
    1.90161e-01     4.96403e+03     1.37408e+03     5.53035e+02
    1.94237e-01     4.86240e+03     1.33408e+03     5.37731e+02
    1.98334e-01     4.86435e+03     1.31774e+03     5.24572e+02
    2.02427e-01     4.74042e+03     1.27244e+03     5.08491e+02
    2.06523e-01     4.59867e+03     1.22653e+03     4.89888e+02
    2.10626e-01     4.53851e+03     1.18802e+03     4.73887e+02
    2.14724e-01     4.43778e+03     1.14880e+03     4.55301e+02
    2.18827e-01     4.33579e+03     1.10501e+03     4.37788e+02
    2.22903e-01     4.21409e+03     1.05513e+03     4.18963e+02
    2.26990e-01     4.14038e+03     1.02426e+03     4.04309e+02
    2.31084e-01     4.07780e+03     1.00112e+03     3.94367e+02
    2.35153e-01     3.98574e+03     9.65199e+02     3.81484e+02
    2.39244e-01     3.89775e+03     9.36769e+02     3.68397e+02
    2.43338e-01     3.92228e+03     9.36585e+02     3.67753e+02
    2.47445e-01     3.85575e+03     9.07879e+02     3.56229e+02
    2.51539e-01     3.77620e+03     8.85035e+02     3.47503e+02
    2.55609e-01     3.75166e+03     8.69307e+02     3.40175e+02
    2.59718e-01     3.69305e+03     8.47868e+02     3.31955e+02
    2.63814e-01     3.63891e+03     8.31119e+02     3.25903e+02
    2.67904e-01     3.57986e+03     8.05132e+02     3.12738e+02
    2.71993e-01     3.56222e+03     7.88136e+02     3.06335e+02
    2.76068e-01     3.50162e+03     7.68730e+02     2.99024e+02
    2.80171e-01     3.45839e+03     7.51279e+02     2.91174e+02
    2.84268e-01     3.44333e+03     7.41073e+02     2.86587e+02
    2.88346e-01     3.37576e+03     7.17066e+02     2.77578e+02
    2.92426e-01     3.33138e+03     7.00020e+02     2.68659e+02
    2.96514e-01     3.30993e+03     6.85352e+02     2.62450e+02
    3.00627e-01     3.25249e+03     6.70516e+02     2.58263e+02
    3.04729e-01     3.21132e+03     6.55178e+02     2.51434e+02
    3.08821e-01     3.18386e+03     6.42131e+02     2.47030e+02
    3.12919e-01     3.14792e+03     6.29518e+02     2.42972e+02
    3.16999e-01     3.14041e+03     6.22013e+02     2.36740e+02
    3.21078e-01     3.10668e+03     6.06446e+02     2.31202e+02
    3.25167e-01     3.10160e+03     6.03364e+02     2.28554e+02
    3.29247e-01     3.04912e+03     5.90361e+02     2.25119e+02
    3.33333e-01     3.02995e+03     5.72516e+02     2.16951e+02
    3.37443e-01     2.97476e+03     5.59797e+02     2.12862e+02
    3.41545e-01     2.94291e+03     5.51016e+02     2.09004e+02
    3.45625e-01     2.92458e+03     5.40834e+02     2.04303e+02
    3.49715e-01     2.90866e+03     5.30723e+02     2.00883e+02
    3.53817e-01     2.89681e+03     5.26673e+02     1.98334e+02
    3.57906e-01     2.85973e+03     5.14860e+02     1.94410e+02
    3.61975e-01     2.83784e+03     5.05453e+02     1.89710e+02
    3.66071e-01     2.78092e+03     4.89730e+02     1.86299e+02
    3.70189e-01     2.79376e+03     4.86228e+02     1.82669e+02
    3.74277e-01     2.77590e+03     4.82836e+02     1.80815e+02
    3.78356e-01     2.73240e+03     4.67482e+02     1.76676e+02
    3.82448e-01     2.71773e+03     4.62244e+02     1.73262e+02
    3.86535e-01     2.72771e+03     4.62185e+02     1.71806e+02
    3.90624e-01     2.68596e+03     4.48326e+02     1.67454e+02
    3.94706e-01     2.66245e+03     4.41093e+02     1.64285e+02
    3.98794e-01     2.64929e+03     4.35498e+02     1.62460e+02
    4.02896e-01     2.64413e+03     4.30520e+02     1.59522e+02
    4.06986e-01     2.60991e+03     4.19498e+02     1.56330e+02
    4.11069e-01     2.59723e+03     4.14639e+02     1.54232e+02
    4.15170e-01     2.59744e+03     4.12158e+02     1.51404e+02
    4.19263e-01     2.55920e+03     4.00096e+02     1.48682e+02
    4.23353e-01     2.53845e+03     3.96058e+02     1.46089e+02
    4.27447e-01     2.55758e+03     3.93738e+02     1.44748e+02
    4.31534e-01     2.54304e+03     3.90547e+02     1.42518e+02
    4.35624e-01     2.51778e+03     3.83935e+02     1.40766e+02
    4.39718e-01     2.50454e+03     3.77301e+02     1.38063e+02
    4.43804e-01     2.49701e+03     3.76133e+02     1.36990e+02
    4.47892e-01     2.48878e+03     3.70310e+02     1.34848e+02
    4.51977e-01     2.46001e+03     3.60493e+02     1.32157e+02
    4.56067e-01     2.44803e+03     3.56520e+02     1.29860e+02
    4.60165e-01     2.44353e+03     3.52829e+02     1.28829e+02
    4.64260e-01     2.41915e+03     3.47889e+02     1.26723e+02
    4.68355e-01     2.40706e+03     3.42928e+02     1.24598e+02
    4.72450e-01     2.39738e+03     3.40784e+02     1.23541e+02
    4.76540e-01     2.37803e+03     3.35466e+02     1.21312e+02
    4.80633e-01     2.36799e+03     3.31864e+02     1.20001e+02
    4.84718e-01     2.35904e+03     3.24084e+02     1.17363e+02
    4.88794e-01     2.35771e+03     3.24814e+02     1.16665e+02
    4.92888e-01     2.33829e+03     3.17683e+02     1.14739e+02
    4.96984e-01     2.33174e+03     3.15430e+02     1.13520e+02
    5.01073e-01     2.32992e+03     3.11803e+02     1.11552e+02
    5.05169e-01     2.30921e+03     3.07583e+02     1.10229e+02
    5.09268e-01     2.29621e+03     3.03911e+02     1.09024e+02
    5.13369e-01     2.29395e+03     3.02766e+02     1.07966e+02
    5.17441e-01     2.27459e+03     2.95536e+02     1.06094e+02
    5.21516e-01     2.27732e+03     2.96140e+02     1.05233e+02
    5.25611e-01     2.26791e+03     2.91896e+02     1.03961e+02
    5.29706e-01     2.24762e+03     2.86676e+02     1.02488e+02
    5.33801e-01     2.23920e+03     2.83315e+02     1.00987e+02
    5.37888e-01     2.24156e+03     2.83863e+02     1.00409e+02
    5.41985e-01     2.23218e+03     2.80073e+02     9.90303e+01
    5.46091e-01     2.22647e+03     2.76611e+02     9.76095e+01
    5.50174e-01     2.21577e+03     2.73486e+02     9.67022e+01
    5.54252e-01     2.19818e+03     2.68173e+02     9.47864e+01
    5.58346e-01     2.19014e+03     2.66342e+02     9.39488e+01
    5.62439e-01     2.18947e+03     2.65496e+02     9.31629e+01
    5.66527e-01     2.17116e+03     2.59816e+02     9.20509e+01
    5.70616e-01     2.16760e+03     2.57074e+02     9.03225e+01
    5.74707e-01     2.15872e+03     2.54854e+02     8.94568e+01
    5.78798e-01     2.15203e+03     2.53294e+02     8.94200e+01
    5.82883e-01     2.13948e+03     2.49764e+02     8.78281e+01
    5.86977e-01     2.14505e+03     2.49245e+02     8.72470e+01
    5.91070e-01     2.13209e+03     2.46305e+02     8.62192e+01
    5.95166e-01     2.11692e+03     2.43036e+02     8.49983e+01
    5.99260e-01     2.11411e+03     2.41262e+02     8.41032e+01
    6.03349e-01     2.10921e+03     2.38602e+02     8.32073e+01
    6.07445e-01     2.10573e+03     2.37430e+02     8.23608e+01
    6.11543e-01     2.09578e+03     2.34000e+02     8.12792e+01
    6.15623e-01     2.08300e+03     2.31912e+02     8.08939e+01
    6.19704e-01     2.09164e+03     2.31937e+02     8.01686e+01
    6.23792e-01     2.08379e+03     2.28997e+02     7.92827e+01
    6.27891e-01     2.07577e+03     2.27383e+02     7.85359e+01
    6.31991e-01     2.06277e+03     2.24436e+02     7.74591e+01
    6.36073e-01     2.05394e+03     2.21089e+02     7.62709e+01
    6.40158e-01     2.05874e+03     2.20697e+02     7.59299e+01
    6.44244e-01     2.04545e+03     2.17690e+02     7.49846e+01
    6.48338e-01     2.04448e+03     2.16653e+02     7.42231e+01
    6.52432e-01     2.02714e+03     2.14462e+02     7.37687e+01
    6.56514e-01     2.02528e+03     2.12840e+02     7.31662e+01
    6.60609e-01     2.01898e+03     2.09991e+02     7.21617e+01
    6.64712e-01     2.01742e+03     2.09448e+02     7.15873e+01
    6.68801e-01     2.01583e+03     2.07669e+02     7.09572e+01
    6.72890e-01     2.00577e+03     2.05911e+02     7.03267e+01
    6.76984e-01     1.99973e+03     2.03554e+02     6.93935e+01
    6.81074e-01     2.00081e+03     2.02933e+02     6.90069e+01
    6.85160e-01     1.98283e+03     1.99504e+02     6.82508e+01
    6.89246e-01     1.97681e+03     1.98434e+02     6.74900e+01
    6.93336e-01     1.97549e+03     1.96409e+02     6.70648e+01
    6.97434e-01     1.97837e+03     1.96416e+02     6.64661e+01
    7.01528e-01     1.97511e+03     1.94427e+02     6.56196e+01
    7.05618e-01     1.96058e+03     1.92025e+02     6.51062e+01
    7.09708e-01     1.94994e+03     1.90792e+02     6.45353e+01
    7.13796e-01     1.94461e+03     1.88566e+02     6.39510e+01
    7.17892e-01     1.94880e+03     1.88338e+02     6.34971e+01
    7.21982e-01     1.94621e+03     1.87708e+02     6.33176e+01
    7.26059e-01     1.93573e+03     1.85533e+02     6.24104e+01
    7.30145e-01     1.93357e+03     1.83961e+02     6.17525e+01
    7.34240e-01     1.93363e+03     1.83633e+02     6.15483e+01
    7.38340e-01     1.92276e+03     1.80519e+02     6.07361e+01
    7.42427e-01     1.91167e+03     1.79190e+02     6.03497e+01
    7.46511e-01     1.92212e+03     1.79270e+02     5.98786e+01
    7.50614e-01     1.90478e+03     1.77068e+02     5.95039e+01
    7.54706e-01     1.90447e+03     1.75570e+02     5.86719e+01
    7.58795e-01     1.90300e+03     1.74609e+02     5.83201e+01
    7.62888e-01     1.89826e+03     1.73565e+02     5.78799e+01
    7.66986e-01     1.89661e+03     1.72180e+02     5.72317e+01
    7.71073e-01     1.88266e+03     1.70959e+02     5.69899e+01
    7.75153e-01     1.88135e+03     1.69644e+02     5.63568e+01
    7.79241e-01     1.87683e+03     1.68883e+02     5.61920e+01
    7.83335e-01     1.87854e+03     1.68312e+02     5.56984e+01
    7.87426e-01     1.86812e+03     1.66402e+02     5.50515e+01
    7.91513e-01     1.86318e+03     1.65277e+02     5.46952e+01
    7.95606e-01     1.86177e+03     1.63166e+02     5.42367e+01
    7.99702e-01     1.85857e+03     1.63237e+02     5.38705e+01
    8.03798e-01     1.85944e+03     1.61693e+02     5.32716e+01
    8.07879e-01     1.85052e+03     1.60345e+02     5.29765e+01
    8.11963e-01     1.84972e+03     1.60085e+02     5.27369e+01
    8.16059e-01     1.84266e+03     1.58932e+02     5.23169e+01
    8.20152e-01     1.83611e+03     1.57659e+02     5.17557e+01
    8.24242e-01     1.83225e+03     1.56980e+02     5.16483e+01
    8.28331e-01     1.83349e+03     1.55750e+02     5.10788e+01
    8.32425e-01     1.83355e+03     1.55360e+02     5.07413e+01
    8.36516e-01     1.82276e+03     1.53569e+02     5.01742e+01
    8.40610e-01     1.81877e+03     1.52064e+02     4.97761e+01
    8.44704e-01     1.81352e+03     1.50951e+02     4.93564e+01
    8.48790e-01     1.81410e+03     1.50291e+02     4.90478e+01
    8.52876e-01     1.80834e+03     1.49926e+02     4.88784e+01
    8.56967e-01     1.79761e+03     1.48398e+02     4.85028e+01
    8.61059e-01     1.80429e+03     1.47651e+02     4.80103e+01
    8.65147e-01     1.80333e+03     1.47681e+02     4.78465e+01
    8.69235e-01     1.79707e+03     1.46422e+02     4.74902e+01
    8.73334e-01     1.78633e+03     1.44676e+02     4.70476e+01
    8.77429e-01     1.78974e+03     1.44661e+02     4.69035e+01
    8.81512e-01     1.78760e+03     1.43454e+02     4.65642e+01
    8.85601e-01     1.77934e+03     1.42336e+02     4.60269e+01
    8.89691e-01     1.77507e+03     1.41819e+02     4.57054e+01
    8.93784e-01     1.77480e+03     1.41180e+02     4.54451e+01
    8.97875e-01     1.76894e+03     1.39195e+02     4.50240e+01
    9.01960e-01     1.76549e+03     1.38938e+02     4.49637e+01
    9.06054e-01     1.76832e+03     1.38524e+02     4.45456e+01
    9.10146e-01     1.76532e+03     1.37813e+02     4.42062e+01
    9.14237e-01     1.75535e+03     1.36831e+02     4.39489e+01
    9.18331e-01     1.75374e+03     1.35918e+02     4.36623e+01
    9.22421e-01     1.75109e+03     1.35010e+02     4.33171e+01
    9.26509e-01     1.74260e+03     1.34493e+02     4.31275e+01
    9.30598e-01     1.74372e+03     1.33742e+02     4.27232e+01
    9.34692e-01     1.74390e+03     1.33175e+02     4.24838e+01
    9.38787e-01     1.73755e+03     1.31836e+02     4.22024e+01
    9.42873e-01     1.73186e+03     1.31231e+02     4.19195e+01
    9.46961e-01     1.72931e+03     1.30659e+02     4.16749e+01
    9.51054e-01     1.72778e+03     1.30182e+02     4.13782e+01
    9.55150e-01     1.72091e+03     1.29020e+02     4.11314e+01
    9.59240e-01     1.71880e+03     1.28408e+02     4.07830e+01
    9.63327e-01     1.71865e+03     1.27656e+02     4.06321e+01
    9.67420e-01     1.71353e+03     1.27081e+02     4.02871e+01
    9.71506e-01     1.71721e+03     1.26893e+02     4.00508e+01
    9.75588e-01     1.71160e+03     1.26150e+02     3.98015e+01
    9.79678e-01     1.70298e+03     1.24878e+02     3.95557e+01
    9.83773e-01     1.70064e+03     1.23728e+02     3.92315e+01
    9.87866e-01     1.69957e+03     1.23822e+02     3.91018e+01
    9.91960e-01     1.69256e+03     1.22164e+02     3.87162e+01
    9.96055e-01     1.70104e+03     1.22568e+02     3.86065e+01
    1.00015e+00     1.69204e+03     1.21922e+02     3.83226e+01
    1.00424e+00     1.68682e+03     1.21174e+02     3.80318e+01
    1.00832e+00     1.68956e+03     1.20992e+02     3.78155e+01
    1.01242e+00     1.68301e+03     1.19696e+02     3.75717e+01
    1.01651e+00     1.67744e+03     1.18899e+02     3.73387e+01
    1.02059e+00     1.67904e+03     1.18637e+02     3.71635e+01
    1.02468e+00     1.67303e+03     1.18046e+02     3.69157e+01
    1.02878e+00     1.67283e+03     1.17415e+02     3.67196e+01
    1.03287e+00     1.67205e+03     1.17112e+02     3.64945e+01
    1.03695e+00     1.66694e+03     1.16313e+02     3.63009e+01
    1.04105e+00     1.66246e+03     1.15812e+02     3.60755e+01
    1.04515e+00     1.66088e+03     1.15438e+02     3.58173e+01
    1.04923e+00     1.66096e+03     1.14775e+02     3.56766e+01
    1.05332e+00     1.65504e+03     1.14203e+02     3.54305e+01
    1.05741e+00     1.65247e+03     1.13228e+02     3.51937e+01
    1.06150e+00     1.64827e+03     1.12462e+02     3.49479e+01
    1.06559e+00     1.64878e+03     1.12690e+02     3.48044e+01
    1.06968e+00     1.64351e+03     1.11612e+02     3.45110e+01
    1.07377e+00     1.64475e+03     1.11429e+02     3.44055e+01
    1.07786e+00     1.63413e+03     1.10785e+02     3.42141e+01
    1.08195e+00     1.63683e+03     1.10298e+02     3.39499e+01
    1.08605e+00     1.62893e+03     1.09532e+02     3.37830e+01
    1.09014e+00     1.63104e+03     1.08891e+02     3.34985e+01
    1.09422e+00     1.62700e+03     1.08563e+02     3.33139e+01
    1.09832e+00     1.62548e+03     1.08068e+02     3.32078e+01
    1.10242e+00     1.62360e+03     1.07542e+02     3.29833e+01
    1.10650e+00     1.62176e+03     1.07081e+02     3.28602e+01
    1.11059e+00     1.61863e+03     1.06560e+02     3.26499e+01
    1.11468e+00     1.61664e+03     1.06350e+02     3.24756e+01
    1.11878e+00     1.61658e+03     1.06301e+02     3.23324e+01
    1.12287e+00     1.61349e+03     1.05329e+02     3.21424e+01
    1.12695e+00     1.60744e+03     1.04637e+02     3.18690e+01
    1.13105e+00     1.60649e+03     1.04585e+02     3.18410e+01
    1.13514e+00     1.60115e+03     1.03729e+02     3.15880e+01
    1.13922e+00     1.59328e+03     1.02711e+02     3.14327e+01
    1.14331e+00     1.59273e+03     1.02239e+02     3.12277e+01
    1.14741e+00     1.59143e+03     1.02091e+02     3.10527e+01
    1.15150e+00     1.59511e+03     1.01935e+02     3.08550e+01
    1.15559e+00     1.58879e+03     1.01290e+02     3.06924e+01
    1.15968e+00     1.59108e+03     1.01446e+02     3.06231e+01
    1.16377e+00     1.58459e+03     1.01037e+02     3.04834e+01
    1.16786e+00     1.57999e+03     1.00073e+02     3.01661e+01
    1.17195e+00     1.58259e+03     9.94590e+01     3.00701e+01
    1.17604e+00     1.58083e+03     9.96522e+01     2.99862e+01
    1.18013e+00     1.57400e+03     9.88281e+01     2.97229e+01
    1.18422e+00     1.57296e+03     9.84877e+01     2.96358e+01
    1.18831e+00     1.56736e+03     9.79475e+01     2.94154e+01
    1.19240e+00     1.56699e+03     9.74309e+01     2.92967e+01
    1.19649e+00     1.56871e+03     9.73784e+01     2.91520e+01
    1.20059e+00     1.55953e+03     9.64341e+01     2.89328e+01
    1.20468e+00     1.56103e+03     9.64381e+01     2.88514e+01
    1.20877e+00     1.55767e+03     9.58006e+01     2.86965e+01
    1.21286e+00     1.55273e+03     9.52293e+01     2.85099e+01
    1.21695e+00     1.55591e+03     9.50555e+01     2.83857e+01
    1.22104e+00     1.54794e+03     9.45933e+01     2.81829e+01
    1.22513e+00     1.54979e+03     9.43155e+01     2.80729e+01
    1.22922e+00     1.54282e+03     9.40352e+01     2.79728e+01
    1.23330e+00     1.54178e+03     9.34498e+01     2.77807e+01
    1.23740e+00     1.54092e+03     9.30296e+01     2.76598e+01
    1.24149e+00     1.54088e+03     9.28278e+01     2.74695e+01
    1.24558e+00     1.53516e+03     9.21993e+01     2.73704e+01
    1.24967e+00     1.53657e+03     9.22670e+01     2.72586e+01
    1.25376e+00     1.53302e+03     9.19402e+01     2.70888e+01
    1.25785e+00     1.52951e+03     9.11893e+01     2.69518e+01
    1.26194e+00     1.52756e+03     9.09522e+01     2.68390e+01
    1.26603e+00     1.52872e+03     9.08341e+01     2.67035e+01
    1.27012e+00     1.52003e+03     8.99480e+01     2.65754e+01
    1.27422e+00     1.52044e+03     8.95674e+01     2.64011e+01
    1.27831e+00     1.51348e+03     8.90696e+01     2.62370e+01
    1.28240e+00     1.51406e+03     8.90727e+01     2.61540e+01
    1.28649e+00     1.51174e+03     8.87764e+01     2.59848e+01
    1.29058e+00     1.51312e+03     8.81686e+01     2.58089e+01
    1.29467e+00     1.50710e+03     8.79422e+01     2.57422e+01
    1.29876e+00     1.50953e+03     8.77979e+01     2.56924e+01
    1.30285e+00     1.50621e+03     8.74381e+01     2.54931e+01
    1.30694e+00     1.50092e+03     8.70594e+01     2.54022e+01
    1.31103e+00     1.50075e+03     8.66670e+01     2.52160e+01
    1.31512e+00     1.50165e+03     8.65058e+01     2.51255e+01
    1.31921e+00     1.49473e+03     8.59798e+01     2.49975e+01
    1.32331e+00     1.49132e+03     8.54070e+01     2.48432e+01
    1.32739e+00     1.48921e+03     8.50960e+01     2.46964e+01
    1.33148e+00     1.48627e+03     8.45030e+01     2.45906e+01
    1.33558e+00     1.48796e+03     8.48323e+01     2.45475e+01
    1.33967e+00     1.48238e+03     8.42569e+01     2.44003e+01
    1.34376e+00     1.47982e+03     8.39261e+01     2.42962e+01
    1.34785e+00     1.47816e+03     8.37771e+01     2.42000e+01
    1.35195e+00     1.47609e+03     8.36201e+01     2.40795e+01
    1.35603e+00     1.47367e+03     8.30115e+01     2.39379e+01
    1.36011e+00     1.47228e+03     8.25974e+01     2.37756e+01
    1.36421e+00     1.46954e+03     8.21327e+01     2.36885e+01
    1.36830e+00     1.46857e+03     8.23300e+01     2.36020e+01
    1.37239e+00     1.46866e+03     8.18169e+01     2.34592e+01
    1.37648e+00     1.46605e+03     8.20060e+01     2.34166e+01
    1.38057e+00     1.46353e+03     8.11176e+01     2.32881e+01
    1.38466e+00     1.45654e+03     8.07744e+01     2.31274e+01
    1.38875e+00     1.45591e+03     8.06689e+01     2.30598e+01
    1.39285e+00     1.45829e+03     8.05706e+01     2.29321e+01
    1.39694e+00     1.45355e+03     8.00484e+01     2.28081e+01
    1.40102e+00     1.44901e+03     7.95762e+01     2.26838e+01
    1.40512e+00     1.44909e+03     7.94706e+01     2.26120e+01
    1.40921e+00     1.44531e+03     7.92376e+01     2.25211e+01
    1.41330e+00     1.44526e+03     7.91495e+01     2.24121e+01
    1.41739e+00     1.44121e+03     7.83225e+01     2.22416e+01
    1.42148e+00     1.44118e+03     7.84482e+01     2.21611e+01
    1.42557e+00     1.43731e+03     7.79761e+01     2.20774e+01
    1.42966e+00     1.43841e+03     7.78976e+01     2.19809e+01
    1.43375e+00     1.43411e+03     7.73861e+01     2.18587e+01
    1.43784e+00     1.43162e+03     7.74496e+01     2.17963e+01
    1.44193e+00     1.42695e+03     7.70343e+01     2.16543e+01
    1.44602e+00     1.42754e+03     7.67649e+01     2.15616e+01
    1.45011e+00     1.42540e+03     7.64622e+01     2.14685e+01
    1.45420e+00     1.42437e+03     7.61558e+01     2.13888e+01
    1.45830e+00     1.42198e+03     7.59175e+01     2.12614e+01
    1.46239e+00     1.41706e+03     7.56441e+01     2.11565e+01
    1.46648e+00     1.41607e+03     7.54695e+01     2.10966e+01
    1.47056e+00     1.41248e+03     7.49963e+01     2.09716e+01
    1.47465e+00     1.41151e+03     7.46894e+01     2.08562e+01
    1.47874e+00     1.40939e+03     7.44900e+01     2.08136e+01
    1.48283e+00     1.40616e+03     7.41279e+01     2.06629e+01
    1.48693e+00     1.40541e+03     7.39704e+01     2.05965e+01
    1.49102e+00     1.40294e+03     7.37555e+01     2.04847e+01
    1.49511e+00     1.40068e+03     7.33495e+01     2.03698e+01
    1.49920e+00     1.39917e+03     7.32040e+01     2.02974e+01
    1.50329e+00     1.39756e+03     7.29276e+01     2.02349e+01
    1.50738e+00     1.39602e+03     7.26445e+01     2.01254e+01
    1.51148e+00     1.39517e+03     7.24882e+01     2.00488e+01
    1.51557e+00     1.39116e+03     7.20971e+01     1.99403e+01
    1.51965e+00     1.38740e+03     7.17896e+01     1.98476e+01
    1.52374e+00     1.38448e+03     7.17789e+01     1.97687e+01
    1.52784e+00     1.38371e+03     7.14504e+01     1.96699e+01
    1.53193e+00     1.38340e+03     7.11067e+01     1.95560e+01
    1.53602e+00     1.37977e+03     7.11317e+01     1.95051e+01
    1.54011e+00     1.37836e+03     7.08480e+01     1.94115e+01
    1.54420e+00     1.37762e+03     7.08467e+01     1.93610e+01
    1.54829e+00     1.37197e+03     7.02841e+01     1.92501e+01
    1.55238e+00     1.37425e+03     7.00970e+01     1.91332e+01
    1.55647e+00     1.36791e+03     6.98199e+01     1.90533e+01
    1.56056e+00     1.36817e+03     6.97139e+01     1.90072e+01
    1.56465e+00     1.36669e+03     6.93497e+01     1.89100e+01
    1.56874e+00     1.36481e+03     6.92412e+01     1.88174e+01
    1.57283e+00     1.36141e+03     6.88490e+01     1.87751e+01
    1.57693e+00     1.36050e+03     6.87433e+01     1.86404e+01
    1.58102e+00     1.36019e+03     6.85101e+01     1.85602e+01
    1.58510e+00     1.35544e+03     6.82874e+01     1.84751e+01
    1.58919e+00     1.35459e+03     6.80959e+01     1.83945e+01
    1.59329e+00     1.35189e+03     6.77697e+01     1.83217e+01
    1.59738e+00     1.35035e+03     6.76648e+01     1.82301e+01
    1.60147e+00     1.34436e+03     6.73338e+01     1.81734e+01
    1.60556e+00     1.34441e+03     6.70461e+01     1.81025e+01
    1.60965e+00     1.34199e+03     6.68845e+01     1.80166e+01
    1.61374e+00     1.34108e+03     6.67024e+01     1.79115e+01
    1.61783e+00     1.33922e+03     6.63952e+01     1.78479e+01
    1.62192e+00     1.33836e+03     6.63283e+01     1.77620e+01
    1.62601e+00     1.33373e+03     6.59098e+01     1.76765e+01
    1.63010e+00     1.33299e+03     6.57163e+01     1.76276e+01
    1.63419e+00     1.33157e+03     6.57127e+01     1.75095e+01
    1.63828e+00     1.32705e+03     6.52100e+01     1.74586e+01
    1.64238e+00     1.32546e+03     6.49690e+01     1.73788e+01
    1.64647e+00     1.32463e+03     6.48629e+01     1.72789e+01
    1.65055e+00     1.32495e+03     6.49338e+01     1.72518e+01
    1.65465e+00     1.32035e+03     6.44645e+01     1.71209e+01
    1.65874e+00     1.31952e+03     6.42397e+01     1.70728e+01
    1.66283e+00     1.31802e+03     6.42779e+01     1.70471e+01
    1.66691e+00     1.31572e+03     6.37909e+01     1.69093e+01
    1.67101e+00     1.31100e+03     6.37469e+01     1.68516e+01
    1.67510e+00     1.31129e+03     6.35320e+01     1.67839e+01
    1.67919e+00     1.30991e+03     6.31805e+01     1.66815e+01
    1.68328e+00     1.30667e+03     6.31243e+01     1.66417e+01
    1.68737e+00     1.30497e+03     6.27922e+01     1.65598e+01
    1.69146e+00     1.30330e+03     6.29512e+01     1.65221e+01
    1.69555e+00     1.30063e+03     6.24691e+01     1.64258e+01
    1.69964e+00     1.29996e+03     6.23762e+01     1.63511e+01
    1.70373e+00     1.29596e+03     6.19952e+01     1.62530e+01
    1.70782e+00     1.29519e+03     6.19133e+01     1.62126e+01
    1.71191e+00     1.29523e+03     6.18188e+01     1.61418e+01
    1.71600e+00     1.29134e+03     6.14655e+01     1.60841e+01
    1.72009e+00     1.28667e+03     6.12656e+01     1.59739e+01
    1.72418e+00     1.28581e+03     6.11605e+01     1.59166e+01
    1.72828e+00     1.28421e+03     6.08845e+01     1.58481e+01
    1.73237e+00     1.28061e+03     6.05781e+01     1.57717e+01
    1.73646e+00     1.27847e+03     6.04178e+01     1.57427e+01
    1.74055e+00     1.27885e+03     6.05206e+01     1.56924e+01
    1.74464e+00     1.27490e+03     6.02060e+01     1.56005e+01
    1.74874e+00     1.27480e+03     5.99323e+01     1.55296e+01
    1.75282e+00     1.27556e+03     5.99482e+01     1.54564e+01
    1.75691e+00     1.27171e+03     5.96819e+01     1.53810e+01
    1.76100e+00     1.26818e+03     5.94190e+01     1.53361e+01
    1.76509e+00     1.26867e+03     5.92082e+01     1.52650e+01
    1.76918e+00     1.26397e+03     5.91382e+01     1.52000e+01
    1.77327e+00     1.26273e+03     5.89549e+01     1.51317e+01
    1.77737e+00     1.25986e+03     5.85250e+01     1.50534e+01
    1.78146e+00     1.25901e+03     5.85596e+01     1.50013e+01
    1.78554e+00     1.25643e+03     5.82837e+01     1.49418e+01
    1.78964e+00     1.25428e+03     5.82233e+01     1.48888e+01
    1.79373e+00     1.25272e+03     5.80342e+01     1.48194e+01
    1.79782e+00     1.25202e+03     5.79585e+01     1.47702e+01
    1.80191e+00     1.24926e+03     5.75135e+01     1.46647e+01
    1.80600e+00     1.24781e+03     5.75915e+01     1.46319e+01
    1.81009e+00     1.24668e+03     5.73414e+01     1.45606e+01
    1.81418e+00     1.24263e+03     5.72127e+01     1.45238e+01
    1.81827e+00     1.24158e+03     5.69594e+01     1.44380e+01
    1.82236e+00     1.23971e+03     5.67172e+01     1.43906e+01
    1.82645e+00     1.23787e+03     5.67887e+01     1.43163e+01
    1.83054e+00     1.23466e+03     5.63850e+01     1.42614e+01
    1.83463e+00     1.23338e+03     5.61117e+01     1.42003e+01
    1.83872e+00     1.23235e+03     5.60980e+01     1.41255e+01
    1.84281e+00     1.22874e+03     5.57111e+01     1.40434e+01
    1.84691e+00     1.22637e+03     5.57444e+01     1.40113e+01
    1.85100e+00     1.22531e+03     5.56811e+01     1.39598e+01
    1.85509e+00     1.22324e+03     5.54214e+01     1.38829e+01
    1.85918e+00     1.22301e+03     5.52963e+01     1.38656e+01
    1.86327e+00     1.22072e+03     5.51467e+01     1.37946e+01
    1.86736e+00     1.21725e+03     5.49175e+01     1.37242e+01
    1.87145e+00     1.21567e+03     5.46868e+01     1.36641e+01
    1.87554e+00     1.21438e+03     5.45565e+01     1.36159e+01
    1.87963e+00     1.21244e+03     5.45360e+01     1.35632e+01
    1.88372e+00     1.21023e+03     5.42574e+01     1.34956e+01
    1.88781e+00     1.20850e+03     5.40799e+01     1.34363e+01
    1.89190e+00     1.20659e+03     5.40174e+01     1.34026e+01
    1.89599e+00     1.20417e+03     5.36668e+01     1.33005e+01
    1.90008e+00     1.20275e+03     5.36262e+01     1.32783e+01
    1.90417e+00     1.19943e+03     5.34718e+01     1.32288e+01
    1.90827e+00     1.19949e+03     5.32739e+01     1.31478e+01
    1.91236e+00     1.19551e+03     5.30111e+01     1.31027e+01
    1.91645e+00     1.19339e+03     5.27441e+01     1.30324e+01
    1.92054e+00     1.19337e+03     5.27185e+01     1.29763e+01
    1.92463e+00     1.19121e+03     5.26670e+01     1.29449e+01
    1.92872e+00     1.18988e+03     5.24815e+01     1.28658e+01
    1.93281e+00     1.18821e+03     5.24405e+01     1.28240e+01
    1.93690e+00     1.18492e+03     5.21320e+01     1.27746e+01
    1.94099e+00     1.18496e+03     5.19956e+01     1.27375e+01
    1.94508e+00     1.18347e+03     5.19025e+01     1.26772e+01
    1.94917e+00     1.17812e+03     5.16670e+01     1.26140e+01
    1.95326e+00     1.17892e+03     5.16329e+01     1.25732e+01
    1.95735e+00     1.17457e+03     5.13107e+01     1.25074e+01
    1.96144e+00     1.17425e+03     5.12918e+01     1.24620e+01
    1.96553e+00     1.17067e+03     5.10391e+01     1.24088e+01
    1.96962e+00     1.17024e+03     5.09451e+01     1.23496e+01
    1.97371e+00     1.16659e+03     5.07653e+01     1.23117e+01
    1.97781e+00     1.16611e+03     5.07237e+01     1.22551e+01
    1.98190e+00     1.16280e+03     5.05002e+01     1.22081e+01
    1.98599e+00     1.16032e+03     5.02862e+01     1.21404e+01
    1.99008e+00     1.15971e+03     5.00633e+01     1.20973e+01
    1.99417e+00     1.15820e+03     5.00437e+01     1.20454e+01
    1.99826e+00     1.15625e+03     4.98566e+01     1.19922e+01
    2.00235e+00     1.15454e+03     4.97457e+01     1.19419e+01
    2.00644e+00     1.15289e+03     4.95972e+01     1.18901e+01
    2.01053e+00     1.14981e+03     4.94547e+01     1.18565e+01
    2.01462e+00     1.14822e+03     4.93199e+01     1.18150e+01
    2.01871e+00     1.14666e+03     4.91764e+01     1.17456e+01
    2.02280e+00     1.14459e+03     4.90746e+01     1.17122e+01
    2.02689e+00     1.14332e+03     4.88689e+01     1.16391e+01
    2.03098e+00     1.14124e+03     4.87768e+01     1.16037e+01
    2.03507e+00     1.13896e+03     4.87171e+01     1.15589e+01
    2.03917e+00     1.13752e+03     4.85747e+01     1.15167e+01
    2.04325e+00     1.13284e+03     4.81842e+01     1.14598e+01
    2.04735e+00     1.13338e+03     4.81424e+01     1.14101e+01
    2.05143e+00     1.13054e+03     4.80860e+01     1.13670e+01
    2.05552e+00     1.13071e+03     4.79080e+01     1.13230e+01
    2.05962e+00     1.12755e+03     4.77149e+01     1.12660e+01
    2.06371e+00     1.12623e+03     4.76854e+01     1.12226e+01
    2.06780e+00     1.12392e+03     4.75224e+01     1.11771e+01
    2.07189e+00     1.12097e+03     4.73367e+01     1.11479e+01
    2.07598e+00     1.12005e+03     4.71161e+01     1.10856e+01
    2.08007e+00     1.11980e+03     4.72624e+01     1.10492e+01
    2.08416e+00     1.11647e+03     4.68890e+01     1.09791e+01
    2.08825e+00     1.11306e+03     4.67315e+01     1.09474e+01
    2.09234e+00     1.11036e+03     4.65350e+01     1.08828e+01
    2.09644e+00     1.11110e+03     4.64929e+01     1.08535e+01
    2.10053e+00     1.10944e+03     4.63884e+01     1.08184e+01
    2.10461e+00     1.10815e+03     4.63294e+01     1.07698e+01
    2.10870e+00     1.10529e+03     4.61436e+01     1.07229e+01
    2.11280e+00     1.10201e+03     4.59405e+01     1.06674e+01
    2.11688e+00     1.09970e+03     4.58326e+01     1.06391e+01
    2.12098e+00     1.09885e+03     4.57274e+01     1.05878e+01
    2.12507e+00     1.09564e+03     4.55493e+01     1.05451e+01
    2.12916e+00     1.09743e+03     4.55404e+01     1.05001e+01
    2.13325e+00     1.09397e+03     4.53524e+01     1.04615e+01
    2.13734e+00     1.09128e+03     4.52019e+01     1.04026e+01
    2.14143e+00     1.09018e+03     4.50671e+01     1.03610e+01
    2.14552e+00     1.08830e+03     4.49296e+01     1.03295e+01
    2.14961e+00     1.08677e+03     4.48924e+01     1.02949e+01
    2.15370e+00     1.08587e+03     4.47607e+01     1.02539e+01
    2.15779e+00     1.08320e+03     4.45657e+01     1.01926e+01
    2.16188e+00     1.08008e+03     4.44281e+01     1.01447e+01
    2.16597e+00     1.07653e+03     4.42296e+01     1.01079e+01
    2.17006e+00     1.07722e+03     4.41144e+01     1.00676e+01
    2.17416e+00     1.07394e+03     4.40256e+01     1.00389e+01
    2.17825e+00     1.07207e+03     4.38286e+01     9.97825e+00
    2.18234e+00     1.07097e+03     4.37421e+01     9.93604e+00
    2.18643e+00     1.06943e+03     4.36003e+01     9.89941e+00
    2.19052e+00     1.06897e+03     4.35858e+01     9.85780e+00
    2.19461e+00     1.06687e+03     4.34964e+01     9.82894e+00
    2.19870e+00     1.06451e+03     4.33408e+01     9.78709e+00
    2.20279e+00     1.06345e+03     4.32538e+01     9.73627e+00
    2.20688e+00     1.06057e+03     4.30574e+01     9.69508e+00
    2.21097e+00     1.05840e+03     4.28635e+01     9.64951e+00
    2.21506e+00     1.05522e+03     4.26264e+01     9.60926e+00
    2.21915e+00     1.05531e+03     4.26695e+01     9.57868e+00
    2.22324e+00     1.05163e+03     4.24103e+01     9.53231e+00
    2.22733e+00     1.05047e+03     4.23571e+01     9.48934e+00
    2.23142e+00     1.04799e+03     4.22184e+01     9.46177e+00
    2.23552e+00     1.04775e+03     4.22385e+01     9.41799e+00
    2.23961e+00     1.04597e+03     4.19894e+01     9.36874e+00
    2.24369e+00     1.04448e+03     4.19248e+01     9.34658e+00
    2.24779e+00     1.04049e+03     4.18256e+01     9.30925e+00
    2.25188e+00     1.04037e+03     4.16563e+01     9.26477e+00
    2.25597e+00     1.03936e+03     4.15590e+01     9.22737e+00
    2.26006e+00     1.03554e+03     4.13477e+01     9.18776e+00
    2.26415e+00     1.03347e+03     4.13263e+01     9.15788e+00
    2.26824e+00     1.03162e+03     4.11885e+01     9.10123e+00
    2.27233e+00     1.03097e+03     4.10814e+01     9.06377e+00
    2.27642e+00     1.02879e+03     4.10237e+01     9.03636e+00
    2.28051e+00     1.02701e+03     4.08236e+01     8.99207e+00
    2.28460e+00     1.02489e+03     4.07092e+01     8.96297e+00
    2.28869e+00     1.02516e+03     4.07186e+01     8.93242e+00
    2.29278e+00     1.02176e+03     4.04802e+01     8.87793e+00
    2.29687e+00     1.01932e+03     4.03667e+01     8.83522e+00
    2.30096e+00     1.01863e+03     4.02866e+01     8.81928e+00
    2.30506e+00     1.01592e+03     4.01070e+01     8.76809e+00
    2.30915e+00     1.01559e+03     3.99602e+01     8.73673e+00
    2.31324e+00     1.01245e+03     3.98945e+01     8.69162e+00
    2.31733e+00     1.01008e+03     3.98103e+01     8.66482e+00
    2.32142e+00     1.00907e+03     3.97408e+01     8.63117e+00
    2.32551e+00     1.00821e+03     3.96485e+01     8.59343e+00
    2.32960e+00     1.00618e+03     3.94274e+01     8.55017e+00
    2.33369e+00     1.00403e+03     3.94205e+01     8.53796e+00
    2.33778e+00     1.00262e+03     3.92379e+01     8.47950e+00
    2.34187e+00     9.99751e+02     3.91651e+01     8.46520e+00
    2.34596e+00     9.97740e+02     3.89881e+01     8.42060e+00
    2.35005e+00     9.97152e+02     3.88659e+01     8.37000e+00
    2.35414e+00     9.94669e+02     3.88055e+01     8.34539e+00
    2.35823e+00     9.93439e+02     3.87031e+01     8.30973e+00
    2.36232e+00     9.91723e+02     3.84819e+01     8.26349e+00
    2.36641e+00     9.89181e+02     3.84715e+01     8.24476e+00
    2.37051e+00     9.88321e+02     3.83323e+01     8.20653e+00
    2.37460e+00     9.84288e+02     3.81336e+01     8.16018e+00
    2.37869e+00     9.84447e+02     3.81117e+01     8.13222e+00
    2.38278e+00     9.83422e+02     3.80420e+01     8.10276e+00
    2.38687e+00     9.78852e+02     3.78674e+01     8.07259e+00
    2.39096e+00     9.78315e+02     3.78053e+01     8.03217e+00
    2.39505e+00     9.76237e+02     3.75830e+01     7.98964e+00
    2.39914e+00     9.75169e+02     3.75451e+01     7.96102e+00
    2.40323e+00     9.72400e+02     3.74287e+01     7.93987e+00
    2.40732e+00     9.70839e+02     3.73386e+01     7.89932e+00
    2.41141e+00     9.71204e+02     3.73021e+01     7.86689e+00
    2.41550e+00     9.67967e+02     3.71695e+01     7.83034e+00
    2.41959e+00     9.66223e+02     3.69984e+01     7.80520e+00
    2.42368e+00     9.64113e+02     3.69696e+01     7.77620e+00
    2.42777e+00     9.62044e+02     3.67466e+01     7.73317e+00
    2.43187e+00     9.60894e+02     3.67289e+01     7.70266e+00
    2.43596e+00     9.58456e+02     3.66084e+01     7.66908e+00
    2.44004e+00     9.57718e+02     3.64912e+01     7.63229e+00
    2.44414e+00     9.55458e+02     3.63835e+01     7.59982e+00
    2.44823e+00     9.54182e+02     3.62540e+01     7.56819e+00
    2.45232e+00     9.51125e+02     3.61186e+01     7.54336e+00
    2.45640e+00     9.49988e+02     3.60456e+01     7.50989e+00
    2.46050e+00     9.48879e+02     3.60138e+01     7.48382e+00
    2.46459e+00     9.47078e+02     3.59006e+01     7.44783e+00
    2.46868e+00     9.46028e+02     3.57830e+01     7.41356e+00
    2.47277e+00     9.42289e+02     3.55844e+01     7.38444e+00
    2.47686e+00     9.40464e+02     3.55911e+01     7.35291e+00
    2.48095e+00     9.39469e+02     3.54341e+01     7.32565e+00
    2.48504e+00     9.37357e+02     3.53102e+01     7.29948e+00
    2.48913e+00     9.35821e+02     3.51824e+01     7.25322e+00
    2.49322e+00     9.34217e+02     3.51246e+01     7.22444e+00
    2.49731e+00     9.33182e+02     3.50687e+01     7.20407e+00
    2.50141e+00     9.30909e+02     3.49677e+01     7.17170e+00
    2.50550e+00     9.27232e+02     3.47538e+01     7.14500e+00
    2.50959e+00     9.26466e+02     3.47154e+01     7.11050e+00
    2.51368e+00     9.24885e+02     3.45987e+01     7.07795e+00
    2.51777e+00     9.24647e+02     3.45245e+01     7.04762e+00
    2.52186e+00     9.21463e+02     3.44241e+01     7.02212e+00
    2.52595e+00     9.20351e+02     3.43206e+01     6.98799e+00
    2.53004e+00     9.18390e+02     3.42263e+01     6.95879e+00
    2.53413e+00     9.17114e+02     3.41004e+01     6.92882e+00
    2.53822e+00     9.14437e+02     3.39809e+01     6.90326e+00
    2.54231e+00     9.13689e+02     3.39093e+01     6.86584e+00
    2.54640e+00     9.12073e+02     3.38763e+01     6.84871e+00
    2.55049e+00     9.09970e+02     3.37502e+01     6.81699e+00
    2.55458e+00     9.08967e+02     3.36169e+01     6.78957e+00
    2.55867e+00     9.05338e+02     3.34935e+01     6.75715e+00
    2.56276e+00     9.05255e+02     3.34099e+01     6.72654e+00
    2.56685e+00     9.02129e+02     3.33584e+01     6.69788e+00
    2.57095e+00     9.00741e+02     3.32271e+01     6.67347e+00
    2.57504e+00     8.99999e+02     3.31898e+01     6.64770e+00
    2.57913e+00     8.97253e+02     3.30143e+01     6.60894e+00
    2.58322e+00     8.97046e+02     3.29803e+01     6.58944e+00
    2.58731e+00     8.94450e+02     3.28570e+01     6.56134e+00
    2.59140e+00     8.92827e+02     3.27946e+01     6.53928e+00
    2.59549e+00     8.90988e+02     3.26599e+01     6.50884e+00
    2.59958e+00     8.89159e+02     3.25326e+01     6.48082e+00
    2.60367e+00     8.88113e+02     3.25006e+01     6.45001e+00
    2.60776e+00     8.85704e+02     3.23433e+01     6.42240e+00
    2.61185e+00     8.83908e+02     3.23043e+01     6.40056e+00
    2.61594e+00     8.81865e+02     3.21413e+01     6.36126e+00
    2.62003e+00     8.79980e+02     3.20719e+01     6.33634e+00
    2.62412e+00     8.78218e+02     3.19346e+01     6.31729e+00
    2.62821e+00     8.77655e+02     3.19310e+01     6.28773e+00
    2.63230e+00     8.75039e+02     3.17692e+01     6.25575e+00
    2.63640e+00     8.74820e+02     3.17370e+01     6.23922e+00
    2.64049e+00     8.71207e+02     3.15940e+01     6.20752e+00
    2.64457e+00     8.70979e+02     3.15361e+01     6.18123e+00
    2.64867e+00     8.68612e+02     3.14376e+01     6.15657e+00
    2.65276e+00     8.66895e+02     3.13109e+01     6.12886e+00
    2.65685e+00     8.64756e+02     3.12227e+01     6.09376e+00
    2.66094e+00     8.63474e+02     3.11230e+01     6.07502e+00
    2.66503e+00     8.62630e+02     3.10787e+01     6.05580e+00
    2.66912e+00     8.59766e+02     3.10065e+01     6.02670e+00
    2.67321e+00     8.57655e+02     3.07850e+01     5.99275e+00
    2.67730e+00     8.56782e+02     3.08068e+01     5.97350e+00
    2.68139e+00     8.55424e+02     3.07020e+01     5.94892e+00
    2.68548e+00     8.53433e+02     3.06298e+01     5.92072e+00
    2.68957e+00     8.51742e+02     3.04913e+01     5.89727e+00
    2.69366e+00     8.50396e+02     3.04527e+01     5.86883e+00
    2.69776e+00     8.48471e+02     3.02736e+01     5.84362e+00
    2.70185e+00     8.46974e+02     3.02237e+01     5.81814e+00
    2.70594e+00     8.44497e+02     3.01039e+01     5.79552e+00
    2.71003e+00     8.43352e+02     3.00774e+01     5.77335e+00
    2.71412e+00     8.41677e+02     2.99473e+01     5.74870e+00
    2.71821e+00     8.40573e+02     2.99334e+01     5.72563e+00
    2.72230e+00     8.38551e+02     2.98077e+01     5.70020e+00
    2.72639e+00     8.36338e+02     2.96563e+01     5.66764e+00
    2.73048e+00     8.35309e+02     2.96288e+01     5.65119e+00
    2.73457e+00     8.34501e+02     2.95712e+01     5.62421e+00
    2.73866e+00     8.31179e+02     2.93982e+01     5.59980e+00
    2.74275e+00     8.29861e+02     2.93161e+01     5.57591e+00
    2.74684e+00     8.29108e+02     2.93020e+01     5.55373e+00
    2.75093e+00     8.26885e+02     2.91901e+01     5.52928e+00
    2.75502e+00     8.25778e+02     2.91195e+01     5.50487e+00
    2.75911e+00     8.23817e+02     2.89996e+01     5.47819e+00
    2.76320e+00     8.22482e+02     2.89717e+01     5.46270e+00
    2.76730e+00     8.20658e+02     2.88018e+01     5.42873e+00
    2.77139e+00     8.18832e+02     2.87722e+01     5.41226e+00
    2.77548e+00     8.16651e+02     2.86175e+01     5.38710e+00
    2.77957e+00     8.15627e+02     2.85976e+01     5.36419e+00
    2.78366e+00     8.13234e+02     2.84598e+01     5.34102e+00
    2.78775e+00     8.11921e+02     2.84261e+01     5.31811e+00
    2.79184e+00     8.11104e+02     2.83918e+01     5.29900e+00
    2.79593e+00     8.09713e+02     2.82766e+01     5.26809e+00
    2.80002e+00     8.07877e+02     2.81469e+01     5.24967e+00
    2.80411e+00     8.06278e+02     2.80823e+01     5.22911e+00
    2.80820e+00     8.04049e+02     2.79608e+01     5.20106e+00
    2.81229e+00     8.02244e+02     2.78540e+01     5.17433e+00
    2.81638e+00     8.00993e+02     2.78149e+01     5.16077e+00
    2.82047e+00     7.99236e+02     2.77103e+01     5.13343e+00
    2.82457e+00     7.97507e+02     2.76186e+01     5.11274e+00
    2.82866e+00     7.96036e+02     2.75163e+01     5.08947e+00
    2.83275e+00     7.94515e+02     2.75045e+01     5.07120e+00
    2.83684e+00     7.91976e+02     2.73589e+01     5.04831e+00
    2.84093e+00     7.91313e+02     2.73650e+01     5.03416e+00
    2.84502e+00     7.89264e+02     2.72196e+01     5.00475e+00
    2.84911e+00     7.87622e+02     2.71476e+01     4.98599e+00
    2.85320e+00     7.87295e+02     2.70928e+01     4.96274e+00
    2.85729e+00     7.84954e+02     2.70249e+01     4.94503e+00
    2.86138e+00     7.83436e+02     2.68789e+01     4.92069e+00
    2.86547e+00     7.81580e+02     2.68653e+01     4.90169e+00
    2.86956e+00     7.80714e+02     2.67893e+01     4.88185e+00
    2.87365e+00     7.78937e+02     2.66724e+01     4.85661e+00
    2.87774e+00     7.77518e+02     2.66067e+01     4.83587e+00
    2.88183e+00     7.75706e+02     2.64980e+01     4.81369e+00
    2.88592e+00     7.73986e+02     2.64202e+01     4.79490e+00
    2.89001e+00     7.72314e+02     2.63446e+01     4.77263e+00
    2.89410e+00     7.71231e+02     2.63061e+01     4.75591e+00
    2.89820e+00     7.70373e+02     2.62268e+01     4.72990e+00
    2.90229e+00     7.68165e+02     2.61166e+01     4.71257e+00
    2.90638e+00     7.66713e+02     2.60559e+01     4.69315e+00
    2.91047e+00     7.64021e+02     2.59526e+01     4.67125e+00
    2.91456e+00     7.62799e+02     2.58768e+01     4.65093e+00
    2.91865e+00     7.61127e+02     2.58303e+01     4.63460e+00
    2.92274e+00     7.60601e+02     2.57542e+01     4.61156e+00
    2.92683e+00     7.57435e+02     2.55964e+01     4.58626e+00
    2.93092e+00     7.56956e+02     2.55705e+01     4.56834e+00
    2.93501e+00     7.55603e+02     2.54992e+01     4.54886e+00
    2.93910e+00     7.54418e+02     2.54411e+01     4.52931e+00
    2.94319e+00     7.52551e+02     2.53402e+01     4.50921e+00
    2.94728e+00     7.51278e+02     2.52662e+01     4.49078e+00
    2.95137e+00     7.48911e+02     2.51944e+01     4.47037e+00
    2.95546e+00     7.47322e+02     2.51318e+01     4.45375e+00
    2.95955e+00     7.46233e+02     2.50180e+01     4.43434e+00
    2.96364e+00     7.44533e+02     2.49308e+01     4.40973e+00
    2.96774e+00     7.43275e+02     2.49116e+01     4.39308e+00
    2.97183e+00     7.41753e+02     2.47650e+01     4.37343e+00
    2.97592e+00     7.39049e+02     2.47340e+01     4.35498e+00
    2.98001e+00     7.38534e+02     2.46599e+01     4.33659e+00
    2.98410e+00     7.37376e+02     2.45701e+01     4.31777e+00
    2.98819e+00     7.35287e+02     2.44799e+01     4.29940e+00
    2.99228e+00     7.33031e+02     2.44130e+01     4.28114e+00
    2.99637e+00     7.32625e+02     2.43614e+01     4.26283e+00
    3.00046e+00     7.31057e+02     2.42686e+01     4.24015e+00
    3.00455e+00     7.29426e+02     2.42117e+01     4.22195e+00
    3.00864e+00     7.27764e+02     2.41212e+01     4.20235e+00
    3.01273e+00     7.26079e+02     2.40516e+01     4.18719e+00
    3.01682e+00     7.24597e+02     2.39826e+01     4.17127e+00
    3.02091e+00     7.22929e+02     2.38844e+01     4.15070e+00
    3.02500e+00     7.21720e+02     2.38350e+01     4.13455e+00
    3.02910e+00     7.20645e+02     2.37950e+01     4.11736e+00
    3.03319e+00     7.17856e+02     2.36894e+01     4.09818e+00
    3.03728e+00     7.17141e+02     2.36060e+01     4.07884e+00
    3.04137e+00     7.15786e+02     2.35278e+01     4.05657e+00
    3.04546e+00     7.14369e+02     2.35026e+01     4.04609e+00
    3.04955e+00     7.12557e+02     2.33928e+01     4.02481e+00
    3.05364e+00     7.11256e+02     2.33131e+01     4.00830e+00
    3.05773e+00     7.09691e+02     2.32595e+01     3.99218e+00
    3.06182e+00     7.08400e+02     2.31732e+01     3.96899e+00
    3.06591e+00     7.07402e+02     2.31360e+01     3.95586e+00
    3.07000e+00     7.05568e+02     2.30369e+01     3.93906e+00
    3.07409e+00     7.04747e+02     2.30105e+01     3.92175e+00
    3.07818e+00     7.02577e+02     2.28845e+01     3.90017e+00
    3.08227e+00     7.01139e+02     2.28157e+01     3.88526e+00
    3.08636e+00     6.98662e+02     2.27394e+01     3.86788e+00
    3.09045e+00     6.97615e+02     2.27086e+01     3.85780e+00
    3.09454e+00     6.96496e+02     2.26064e+01     3.83630e+00
    3.09863e+00     6.95955e+02     2.25591e+01     3.81826e+00
    3.10272e+00     6.94105e+02     2.25012e+01     3.80362e+00
    3.10682e+00     6.91741e+02     2.23821e+01     3.78780e+00
    3.11091e+00     6.91094e+02     2.23475e+01     3.76791e+00
    3.11500e+00     6.89851e+02     2.22889e+01     3.75341e+00
    3.11909e+00     6.88618e+02     2.22447e+01     3.73723e+00
    3.12318e+00     6.86130e+02     2.21253e+01     3.71963e+00
    3.12727e+00     6.85727e+02     2.20808e+01     3.70342e+00
    3.13136e+00     6.84614e+02     2.20355e+01     3.68847e+00
    3.13545e+00     6.82143e+02     2.19441e+01     3.67014e+00
    3.13954e+00     6.80998e+02     2.18809e+01     3.65555e+00
    3.14363e+00     6.79714e+02     2.18144e+01     3.64158e+00
    3.14772e+00     6.77927e+02     2.17436e+01     3.62162e+00
    3.15181e+00     6.76521e+02     2.16847e+01     3.60510e+00
    3.15590e+00     6.75024e+02     2.15829e+01     3.59044e+00
    3.16000e+00     6.74213e+02     2.15832e+01     3.57821e+00
    3.16409e+00     6.72296e+02     2.14370e+01     3.55913e+00
    3.16818e+00     6.71014e+02     2.14151e+01     3.54401e+00
    3.17227e+00     6.69397e+02     2.13287e+01     3.52868e+00
    3.17636e+00     6.68355e+02     2.12650e+01     3.51092e+00
    3.18045e+00     6.66139e+02     2.11681e+01     3.49328e+00
    3.18454e+00     6.64395e+02     2.10834e+01     3.47990e+00
    3.18863e+00     6.63414e+02     2.10519e+01     3.46751e+00
    3.19272e+00     6.62186e+02     2.10180e+01     3.45143e+00
    3.19681e+00     6.61368e+02     2.09547e+01     3.43785e+00
    3.20090e+00     6.59321e+02     2.08830e+01     3.42427e+00
    3.20499e+00     6.57818e+02     2.07999e+01     3.40480e+00
    3.20908e+00     6.56446e+02     2.07604e+01     3.39426e+00
    3.21317e+00     6.55775e+02     2.07127e+01     3.37770e+00
    3.21726e+00     6.53696e+02     2.06022e+01     3.35728e+00
    3.22135e+00     6.53017e+02     2.05555e+01     3.34446e+00
    3.22545e+00     6.51033e+02     2.05031e+01     3.33168e+00
    3.22954e+00     6.50315e+02     2.04526e+01     3.31895e+00
    3.23363e+00     6.48362e+02     2.03510e+01     3.30203e+00
    3.23772e+00     6.47774e+02     2.02973e+01     3.28796e+00
    3.24181e+00     6.45736e+02     2.02364e+01     3.27202e+00
    3.24590e+00     6.44046e+02     2.01644e+01     3.25758e+00
    3.24999e+00     6.43082e+02     2.01461e+01     3.24471e+00
    3.25408e+00     6.42294e+02     2.00703e+01     3.23275e+00
    3.25817e+00     6.40409e+02     1.99705e+01     3.21589e+00
    3.26226e+00     6.38957e+02     1.99442e+01     3.20194e+00
    3.26635e+00     6.37695e+02     1.98612e+01     3.18855e+00
    3.27044e+00     6.36641e+02     1.98261e+01     3.17476e+00
    3.27453e+00     6.34950e+02     1.97410e+01     3.16009e+00
    3.27862e+00     6.33490e+02     1.96754e+01     3.14470e+00
    3.28271e+00     6.32248e+02     1.96117e+01     3.13220e+00
    3.28681e+00     6.30534e+02     1.95328e+01     3.11715e+00
    3.29090e+00     6.29199e+02     1.94772e+01     3.10290e+00
    3.29499e+00     6.27324e+02     1.94167e+01     3.09034e+00
    3.29908e+00     6.26829e+02     1.93593e+01     3.07588e+00
    3.30317e+00     6.25667e+02     1.93064e+01     3.06343e+00
    3.30725e+00     6.24219e+02     1.92569e+01     3.05142e+00
    3.31135e+00     6.22535e+02     1.91883e+01     3.03729e+00
    3.31544e+00     6.21459e+02     1.91216e+01     3.02299e+00
    3.31953e+00     6.20098e+02     1.90758e+01     3.01038e+00
    3.32362e+00     6.19013e+02     1.90196e+01     2.99650e+00
    3.32771e+00     6.17491e+02     1.89525e+01     2.98629e+00
    3.33180e+00     6.16162e+02     1.88857e+01     2.97058e+00
    3.33589e+00     6.15369e+02     1.88685e+01     2.95941e+00
    3.33998e+00     6.13176e+02     1.87723e+01     2.94446e+00
    3.34407e+00     6.12688e+02     1.87283e+01     2.93173e+00
    3.34816e+00     6.10932e+02     1.86451e+01     2.91902e+00
    3.35226e+00     6.09631e+02     1.86211e+01     2.90779e+00
    3.35634e+00     6.08782e+02     1.85717e+01     2.89512e+00
    3.36043e+00     6.07311e+02     1.84897e+01     2.88253e+00
    3.36453e+00     6.05829e+02     1.84160e+01     2.86805e+00
    3.36862e+00     6.04563e+02     1.83790e+01     2.85813e+00
    3.37271e+00     6.03593e+02     1.83224e+01     2.84162e+00
    3.37680e+00     6.01836e+02     1.82486e+01     2.83258e+00
    3.38089e+00     6.00758e+02     1.81762e+01     2.81710e+00
    3.38498e+00     5.99661e+02     1.81501e+01     2.80515e+00
    3.38907e+00     5.98075e+02     1.80858e+01     2.79164e+00
    3.39316e+00     5.97089e+02     1.80198e+01     2.77871e+00
    3.39725e+00     5.95359e+02     1.79486e+01     2.76826e+00
    3.40134e+00     5.94736e+02     1.79363e+01     2.75920e+00
    3.40543e+00     5.93241e+02     1.78883e+01     2.74589e+00
    3.40952e+00     5.91476e+02     1.77848e+01     2.72999e+00
    3.41362e+00     5.90596e+02     1.77499e+01     2.72072e+00
    3.41770e+00     5.89313e+02     1.76939e+01     2.70952e+00
    3.42179e+00     5.88153e+02     1.76398e+01     2.69847e+00
    3.42588e+00     5.86972e+02     1.76005e+01     2.68512e+00
    3.42997e+00     5.85601e+02     1.75454e+01     2.67668e+00
    3.43406e+00     5.84235e+02     1.74611e+01     2.66030e+00
    3.43816e+00     5.83452e+02     1.74237e+01     2.64841e+00
    3.44225e+00     5.82059e+02     1.73806e+01     2.63819e+00
    3.44634e+00     5.81196e+02     1.73627e+01     2.62774e+00
    3.45043e+00     5.79410e+02     1.72768e+01     2.61615e+00
    3.45452e+00     5.78711e+02     1.72421e+01     2.60432e+00
    3.45861e+00     5.77020e+02     1.71705e+01     2.59513e+00
    3.46270e+00     5.76025e+02     1.70973e+01     2.57985e+00
    3.46679e+00     5.75423e+02     1.70859e+01     2.57257e+00
    3.47088e+00     5.73098e+02     1.69561e+01     2.55492e+00
    3.47497e+00     5.72017e+02     1.69599e+01     2.54873e+00
    3.47906e+00     5.71388e+02     1.69126e+01     2.53758e+00
    3.48315e+00     5.70122e+02     1.68641e+01     2.52543e+00
    3.48725e+00     5.68626e+02     1.67927e+01     2.51472e+00
    3.49134e+00     5.67265e+02     1.67548e+01     2.50548e+00
    3.49543e+00     5.66230e+02     1.66877e+01     2.49362e+00
    3.49952e+00     5.65311e+02     1.66497e+01     2.48275e+00
    3.50361e+00     5.64221e+02     1.66033e+01     2.47284e+00
    3.50770e+00     5.62687e+02     1.65322e+01     2.46245e+00
    3.51179e+00     5.61255e+02     1.64741e+01     2.45016e+00
    3.51588e+00     5.60017e+02     1.64147e+01     2.43975e+00
    3.51997e+00     5.59135e+02     1.63751e+01     2.42856e+00
    3.52406e+00     5.58009e+02     1.63328e+01     2.41650e+00
    3.52815e+00     5.56737e+02     1.62656e+01     2.40585e+00
    3.53224e+00     5.55847e+02     1.62386e+01     2.39647e+00
    3.53633e+00     5.54829e+02     1.61939e+01     2.38773e+00
    3.54042e+00     5.53244e+02     1.61286e+01     2.37671e+00
    3.54451e+00     5.51770e+02     1.60695e+01     2.36553e+00
    3.54860e+00     5.50938e+02     1.60225e+01     2.35428e+00
    3.55270e+00     5.49786e+02     1.59654e+01     2.34433e+00
    3.55679e+00     5.48415e+02     1.59298e+01     2.33492e+00
    3.56088e+00     5.47008e+02     1.58575e+01     2.32763e+00
    3.56497e+00     5.45717e+02     1.57977e+01     2.31362e+00
    3.56906e+00     5.45081e+02     1.57799e+01     2.30686e+00
    3.57315e+00     5.43844e+02     1.57230e+01     2.29566e+00
    3.57724e+00     5.42864e+02     1.56895e+01     2.28610e+00
    3.58133e+00     5.41420e+02     1.56262e+01     2.27469e+00
    3.58542e+00     5.40418e+02     1.55791e+01     2.26418e+00
    3.58951e+00     5.38942e+02     1.55038e+01     2.25516e+00
    3.59360e+00     5.38517e+02     1.55009e+01     2.24780e+00
    3.59769e+00     5.37126e+02     1.54572e+01     2.23817e+00
    3.60178e+00     5.36316e+02     1.54104e+01     2.22786e+00
    3.60587e+00     5.35025e+02     1.53740e+01     2.21911e+00
    3.60996e+00     5.33735e+02     1.52882e+01     2.20814e+00
    3.61405e+00     5.32831e+02     1.52621e+01     2.19908e+00
    3.61814e+00     5.31781e+02     1.51902e+01     2.18802e+00
    3.62224e+00     5.30752e+02     1.51753e+01     2.18110e+00
    3.62633e+00     5.28878e+02     1.50893e+01     2.17063e+00
    3.63042e+00     5.28327e+02     1.50658e+01     2.16137e+00
    3.63451e+00     5.27862e+02     1.50353e+01     2.15222e+00
    3.63860e+00     5.25865e+02     1.49600e+01     2.14212e+00
    3.64269e+00     5.25195e+02     1.49320e+01     2.13521e+00
    3.64678e+00     5.23873e+02     1.48642e+01     2.12321e+00
    3.65087e+00     5.22344e+02     1.48102e+01     2.11442e+00
    3.65496e+00     5.21916e+02     1.47983e+01     2.10680e+00
    3.65905e+00     5.20669e+02     1.47366e+01     2.09705e+00
    3.66314e+00     5.19767e+02     1.47073e+01     2.08942e+00
    3.66723e+00     5.18801e+02     1.46520e+01     2.07812e+00
    3.67132e+00     5.17545e+02     1.46089e+01     2.07051e+00
    3.67541e+00     5.16478e+02     1.45702e+01     2.06256e+00
    3.67950e+00     5.15390e+02     1.45490e+01     2.05454e+00
    3.68359e+00     5.14185e+02     1.44711e+01     2.04524e+00
    3.68769e+00     5.12942e+02     1.44301e+01     2.03623e+00
    3.69177e+00     5.12149e+02     1.43947e+01     2.02675e+00
    3.69587e+00     5.11014e+02     1.43373e+01     2.01765e+00
    3.69996e+00     5.09836e+02     1.43039e+01     2.01017e+00
    3.70405e+00     5.09005e+02     1.42597e+01     2.00216e+00
    3.70814e+00     5.07919e+02     1.42099e+01     1.99286e+00
    3.71223e+00     5.06674e+02     1.41643e+01     1.98550e+00
    3.71632e+00     5.05597e+02     1.41114e+01     1.97689e+00
    3.72041e+00     5.04938e+02     1.40857e+01     1.96771e+00
    3.72450e+00     5.03738e+02     1.40384e+01     1.95993e+00
    3.72859e+00     5.03043e+02     1.40383e+01     1.95337e+00
    3.73268e+00     5.01563e+02     1.39582e+01     1.94379e+00
    3.73677e+00     5.00659e+02     1.39332e+01     1.93576e+00
    3.74086e+00     4.99796e+02     1.38860e+01     1.92833e+00
    3.74495e+00     4.98547e+02     1.38191e+01     1.91970e+00
    3.74905e+00     4.97552e+02     1.37857e+01     1.91170e+00
    3.75313e+00     4.96904e+02     1.37516e+01     1.90427e+00
    3.75722e+00     4.95635e+02     1.37064e+01     1.89572e+00
    3.76131e+00     4.94724e+02     1.36617e+01     1.88734e+00
    3.76541e+00     4.93188e+02     1.36282e+01     1.88019e+00
    3.76950e+00     4.92827e+02     1.36034e+01     1.87331e+00
    3.77359e+00     4.91606e+02     1.35344e+01     1.86276e+00
    3.77768e+00     4.90510e+02     1.34875e+01     1.85703e+00
    3.78177e+00     4.89904e+02     1.34745e+01     1.84964e+00
    3.78586e+00     4.89152e+02     1.34495e+01     1.84216e+00
    3.78995e+00     4.87903e+02     1.33804e+01     1.83325e+00
    3.79404e+00     4.86517e+02     1.33468e+01     1.82676e+00
    3.79813e+00     4.85812e+02     1.33159e+01     1.82004e+00
    3.80222e+00     4.84997e+02     1.32808e+01     1.81164e+00
    3.80632e+00     4.83746e+02     1.32407e+01     1.80462e+00
    3.81040e+00     4.82958e+02     1.31826e+01     1.79712e+00
    3.81449e+00     4.81555e+02     1.31402e+01     1.78979e+00
    3.81859e+00     4.80816e+02     1.31067e+01     1.78235e+00
    3.82268e+00     4.79892e+02     1.30713e+01     1.77492e+00
    3.82677e+00     4.78757e+02     1.30161e+01     1.76679e+00
    3.83086e+00     4.77833e+02     1.29927e+01     1.76028e+00
    3.83495e+00     4.77331e+02     1.29566e+01     1.75171e+00
    3.83904e+00     4.76048e+02     1.29142e+01     1.74574e+00
    3.84313e+00     4.75531e+02     1.28927e+01     1.74004e+00
    3.84722e+00     4.74103e+02     1.28438e+01     1.73332e+00
    3.85131e+00     4.73604e+02     1.28135e+01     1.72553e+00
    3.85540e+00     4.72534e+02     1.27608e+01     1.71725e+00
    3.85949e+00     4.71490e+02     1.27192e+01     1.71097e+00
    3.86358e+00     4.70515e+02     1.26972e+01     1.70384e+00
    3.86768e+00     4.69809e+02     1.26527e+01     1.69782e+00
    3.87177e+00     4.68644e+02     1.26184e+01     1.69079e+00
    3.87585e+00     4.67805e+02     1.25863e+01     1.68432e+00
    3.87994e+00     4.66918e+02     1.25485e+01     1.67677e+00
    3.88403e+00     4.65513e+02     1.24851e+01     1.66969e+00
    3.88813e+00     4.64946e+02     1.24662e+01     1.66357e+00
    3.89222e+00     4.63870e+02     1.24275e+01     1.65737e+00
    3.89631e+00     4.63001e+02     1.23983e+01     1.65180e+00
    3.90040e+00     4.62352e+02     1.23568e+01     1.64388e+00
    3.90449e+00     4.61198e+02     1.23295e+01     1.63813e+00
    3.90858e+00     4.60801e+02     1.23153e+01     1.63251e+00
    3.91267e+00     4.59384e+02     1.22603e+01     1.62547e+00
    3.91676e+00     4.58927e+02     1.22275e+01     1.61887e+00
    3.92085e+00     4.57774e+02     1.21965e+01     1.61304e+00
    3.92494e+00     4.56702e+02     1.21275e+01     1.60476e+00
    3.92903e+00     4.55812e+02     1.21229e+01     1.60018e+00
    3.93312e+00     4.55320e+02     1.20685e+01     1.59147e+00
    3.93721e+00     4.54136e+02     1.20558e+01     1.58827e+00
    3.94130e+00     4.53315e+02     1.20003e+01     1.57965e+00
    3.94539e+00     4.52271e+02     1.19745e+01     1.57535e+00
    3.94949e+00     4.51862e+02     1.19579e+01     1.56987e+00
    3.95358e+00     4.50439e+02     1.19076e+01     1.56215e+00
    3.95767e+00     4.49565e+02     1.18794e+01     1.55682e+00
    3.96176e+00     4.49046e+02     1.18448e+01     1.55019e+00
    3.96585e+00     4.48554e+02     1.18282e+01     1.54628e+00
    3.96994e+00     4.47288e+02     1.17720e+01     1.53885e+00
    3.97403e+00     4.46432e+02     1.17461e+01     1.53299e+00
    3.97812e+00     4.45670e+02     1.17060e+01     1.52648e+00
    3.98221e+00     4.44866e+02     1.16830e+01     1.52111e+00
    3.98630e+00     4.43795e+02     1.16450e+01     1.51543e+00
    3.99039e+00     4.43157e+02     1.16149e+01     1.50942e+00
    3.99448e+00     4.42452e+02     1.15990e+01     1.50451e+00
    3.99857e+00     4.41369e+02     1.15463e+01     1.49827e+00
    4.00266e+00     4.40723e+02     1.15227e+01     1.49172e+00
    4.00675e+00     4.39842e+02     1.14902e+01     1.48753e+00
    4.01085e+00     4.39169e+02     1.14648e+01     1.48170e+00
    4.01494e+00     4.38089e+02     1.14450e+01     1.47752e+00
    4.01902e+00     4.37392e+02     1.13965e+01     1.47105e+00
    4.02312e+00     4.36636e+02     1.13724e+01     1.46581e+00
    4.02721e+00     4.35958e+02     1.13527e+01     1.46018e+00
    4.03130e+00     4.34849e+02     1.12990e+01     1.45412e+00
    4.03539e+00     4.34090e+02     1.12601e+01     1.44890e+00
    4.03948e+00     4.33405e+02     1.12392e+01     1.44350e+00
    4.04357e+00     4.32497e+02     1.12068e+01     1.43763e+00
    4.04766e+00     4.31801e+02     1.11769e+01     1.43238e+00
    4.05175e+00     4.31193e+02     1.11559e+01     1.42843e+00
    4.05584e+00     4.30595e+02     1.11344e+01     1.42370e+00
    4.05993e+00     4.29469e+02     1.10841e+01     1.41746e+00
    4.06402e+00     4.28820e+02     1.10641e+01     1.41229e+00
    4.06811e+00     4.28050e+02     1.10445e+01     1.40752e+00
    4.07220e+00     4.27326e+02     1.10041e+01     1.40228e+00
    4.07630e+00     4.26437e+02     1.09701e+01     1.39740e+00
    4.08038e+00     4.25540e+02     1.09323e+01     1.39168e+00
    4.08447e+00     4.24613e+02     1.09067e+01     1.38747e+00
    4.08857e+00     4.24085e+02     1.08909e+01     1.38351e+00
    4.09266e+00     4.23297e+02     1.08539e+01     1.37785e+00
    4.09675e+00     4.22727e+02     1.08222e+01     1.37027e+00
    4.10084e+00     4.21656e+02     1.07953e+01     1.36717e+00
    4.10493e+00     4.20891e+02     1.07670e+01     1.36235e+00
    4.10902e+00     4.20192e+02     1.07416e+01     1.35743e+00
    4.11311e+00     4.19574e+02     1.07112e+01     1.35354e+00
    4.11720e+00     4.18758e+02     1.06878e+01     1.34910e+00
    4.12129e+00     4.18118e+02     1.06614e+01     1.34420e+00
    4.12538e+00     4.17286e+02     1.06309e+01     1.33925e+00
    4.12947e+00     4.16638e+02     1.06149e+01     1.33459e+00
    4.13356e+00     4.16083e+02     1.05838e+01     1.33072e+00
    4.13765e+00     4.15602e+02     1.05727e+01     1.32603e+00
    4.14175e+00     4.14446e+02     1.05222e+01     1.32175e+00
    4.14584e+00     4.13769e+02     1.05112e+01     1.31725e+00
    4.14993e+00     4.13063e+02     1.04668e+01     1.31145e+00
    4.15402e+00     4.12287e+02     1.04445e+01     1.30756e+00
    4.15811e+00     4.11518e+02     1.04211e+01     1.30364e+00
    4.16220e+00     4.11118e+02     1.03937e+01     1.29884e+00
    4.16629e+00     4.10175e+02     1.03697e+01     1.29442e+00
    4.17038e+00     4.09710e+02     1.03496e+01     1.29017e+00
    4.17447e+00     4.08893e+02     1.03249e+01     1.28711e+00
    4.17856e+00     4.08416e+02     1.03043e+01     1.28244e+00
    4.18265e+00     4.07308e+02     1.02771e+01     1.27806e+00
    4.18674e+00     4.06598e+02     1.02367e+01     1.27343e+00
