# Real space auto- and cross-spectra.
# z=1.000, 12.000<lgM<12.500
#      k[h/Mpc]            P_hh            P_hm            P_mm
    0.00000e+00     0.00000e+00     0.00000e+00     0.00000e+00
    5.79404e-03     1.25366e+04     9.50677e+03     7.55462e+03
    1.04717e-02     1.22565e+04     9.22993e+03     7.31043e+03
    1.42665e-02     1.61092e+04     1.17061e+04     8.82781e+03
    1.81228e-02     1.32460e+04     9.85411e+03     7.70393e+03
    2.24845e-02     1.57113e+04     1.13055e+04     8.52909e+03
    2.64508e-02     1.40035e+04     1.02407e+04     7.85706e+03
    3.04474e-02     1.37690e+04     9.89860e+03     7.45326e+03
    3.47320e-02     1.10108e+04     7.97393e+03     6.12785e+03
    3.88308e-02     1.09241e+04     7.89543e+03     6.05923e+03
    4.28140e-02     9.87585e+03     7.00668e+03     5.33778e+03
    4.68856e-02     8.92552e+03     6.36896e+03     4.89141e+03
    5.09858e-02     8.44166e+03     5.95830e+03     4.56257e+03
    5.51458e-02     8.24985e+03     5.70820e+03     4.28992e+03
    5.92243e-02     7.76594e+03     5.48425e+03     4.21446e+03
    6.32864e-02     7.40756e+03     5.16499e+03     3.92667e+03
    6.73674e-02     6.87814e+03     4.78070e+03     3.64581e+03
    7.14960e-02     6.35780e+03     4.43990e+03     3.41902e+03
    7.55894e-02     6.33441e+03     4.38327e+03     3.35161e+03
    7.96660e-02     6.00587e+03     4.13401e+03     3.16664e+03
    8.38183e-02     5.57931e+03     3.79290e+03     2.89012e+03
    8.78941e-02     5.02501e+03     3.39450e+03     2.59977e+03
    9.19238e-02     4.54702e+03     3.03524e+03     2.32519e+03
    9.60446e-02     4.33182e+03     2.87400e+03     2.20131e+03
    1.00128e-01     4.21200e+03     2.75477e+03     2.09927e+03
    1.04209e-01     3.80292e+03     2.48469e+03     1.90536e+03
    1.08333e-01     3.75504e+03     2.42295e+03     1.85751e+03
    1.12448e-01     3.59977e+03     2.31715e+03     1.76677e+03
    1.16521e-01     3.59264e+03     2.31184e+03     1.76735e+03
    1.20596e-01     3.32364e+03     2.11765e+03     1.62204e+03
    1.24665e-01     3.22905e+03     2.05170e+03     1.57814e+03
    1.28771e-01     3.26439e+03     2.05946e+03     1.57317e+03
    1.32874e-01     3.18470e+03     2.01619e+03     1.54848e+03
    1.36975e-01     2.97944e+03     1.84747e+03     1.41465e+03
    1.41075e-01     2.92892e+03     1.82693e+03     1.40201e+03
    1.45172e-01     2.70150e+03     1.64786e+03     1.26455e+03
    1.49268e-01     2.61582e+03     1.59230e+03     1.22361e+03
    1.53330e-01     2.51335e+03     1.51286e+03     1.16396e+03
    1.57416e-01     2.39135e+03     1.43391e+03     1.10975e+03
    1.61514e-01     2.29910e+03     1.35604e+03     1.04841e+03
    1.65592e-01     2.23573e+03     1.31771e+03     1.02168e+03
    1.69693e-01     2.16346e+03     1.25217e+03     9.65445e+02
    1.73803e-01     2.10602e+03     1.20842e+03     9.31926e+02
    1.77905e-01     2.08383e+03     1.18901e+03     9.16151e+02
    1.82001e-01     2.01156e+03     1.14854e+03     8.94362e+02
    1.86092e-01     1.96661e+03     1.11248e+03     8.62923e+02
    1.90161e-01     1.93515e+03     1.09507e+03     8.43834e+02
    1.94237e-01     1.88498e+03     1.05329e+03     8.16396e+02
    1.98334e-01     1.81837e+03     1.01263e+03     7.91257e+02
    2.02427e-01     1.76147e+03     9.68408e+02     7.56019e+02
    2.06523e-01     1.77387e+03     9.70553e+02     7.56310e+02
    2.10626e-01     1.70462e+03     9.28541e+02     7.25166e+02
    2.14724e-01     1.65961e+03     8.89879e+02     6.91301e+02
    2.18827e-01     1.60966e+03     8.53925e+02     6.69632e+02
    2.22903e-01     1.57745e+03     8.29002e+02     6.45016e+02
    2.26990e-01     1.54784e+03     8.09828e+02     6.35143e+02
    2.31084e-01     1.50280e+03     7.73366e+02     6.06736e+02
    2.35153e-01     1.44625e+03     7.39895e+02     5.84220e+02
    2.39244e-01     1.45201e+03     7.36086e+02     5.76931e+02
    2.43338e-01     1.42365e+03     7.18427e+02     5.64022e+02
    2.47445e-01     1.38970e+03     6.98688e+02     5.53487e+02
    2.51539e-01     1.37916e+03     6.85349e+02     5.43090e+02
    2.55609e-01     1.35463e+03     6.70033e+02     5.30882e+02
    2.59718e-01     1.32209e+03     6.51518e+02     5.16160e+02
    2.63814e-01     1.31168e+03     6.37670e+02     5.04388e+02
    2.67904e-01     1.27440e+03     6.16149e+02     4.90125e+02
    2.71993e-01     1.27033e+03     6.04357e+02     4.81085e+02
    2.76068e-01     1.23857e+03     5.85599e+02     4.66669e+02
    2.80171e-01     1.22273e+03     5.75212e+02     4.58663e+02
    2.84268e-01     1.19130e+03     5.55957e+02     4.46098e+02
    2.88346e-01     1.19040e+03     5.48403e+02     4.36518e+02
    2.92426e-01     1.15615e+03     5.31488e+02     4.25855e+02
    2.96514e-01     1.14582e+03     5.21937e+02     4.17752e+02
    3.00627e-01     1.12303e+03     5.06742e+02     4.07469e+02
    3.04729e-01     1.11279e+03     4.96858e+02     3.99626e+02
    3.08821e-01     1.10962e+03     4.91480e+02     3.93002e+02
    3.12919e-01     1.07747e+03     4.72475e+02     3.80292e+02
    3.16999e-01     1.07148e+03     4.66807e+02     3.75343e+02
    3.21078e-01     1.05749e+03     4.59606e+02     3.71188e+02
    3.25167e-01     1.04208e+03     4.48623e+02     3.62468e+02
    3.29247e-01     1.02206e+03     4.35180e+02     3.52356e+02
    3.33333e-01     1.01393e+03     4.30231e+02     3.50109e+02
    3.37443e-01     9.95731e+02     4.18549e+02     3.41959e+02
    3.41545e-01     1.00389e+03     4.17844e+02     3.38724e+02
    3.45625e-01     9.81989e+02     4.05631e+02     3.30122e+02
    3.49715e-01     9.63986e+02     3.94826e+02     3.23703e+02
    3.53817e-01     9.55362e+02     3.88187e+02     3.18220e+02
    3.57906e-01     9.51463e+02     3.83329e+02     3.13771e+02
    3.61975e-01     9.36175e+02     3.74848e+02     3.06574e+02
    3.66071e-01     9.22478e+02     3.65039e+02     3.00513e+02
    3.70189e-01     9.17361e+02     3.58689e+02     2.96575e+02
    3.74277e-01     9.06433e+02     3.52992e+02     2.89899e+02
    3.78356e-01     8.98955e+02     3.46799e+02     2.86520e+02
    3.82448e-01     8.86825e+02     3.41677e+02     2.83530e+02
    3.86535e-01     8.76586e+02     3.33698e+02     2.75924e+02
    3.90624e-01     8.78620e+02     3.33014e+02     2.74255e+02
    3.94706e-01     8.63327e+02     3.21315e+02     2.66911e+02
    3.98794e-01     8.60620e+02     3.20862e+02     2.65050e+02
    4.02896e-01     8.45440e+02     3.12030e+02     2.60122e+02
    4.06986e-01     8.43541e+02     3.08759e+02     2.56788e+02
    4.11069e-01     8.31580e+02     3.02161e+02     2.51993e+02
    4.15170e-01     8.23685e+02     2.95940e+02     2.47271e+02
    4.19263e-01     8.19619e+02     2.94060e+02     2.46230e+02
    4.23353e-01     8.14026e+02     2.90330e+02     2.41981e+02
    4.27447e-01     8.08233e+02     2.85326e+02     2.38374e+02
    4.31534e-01     8.02453e+02     2.79068e+02     2.34797e+02
    4.35624e-01     7.99516e+02     2.76992e+02     2.32187e+02
    4.39718e-01     7.86352e+02     2.71414e+02     2.27868e+02
    4.43804e-01     7.84848e+02     2.68151e+02     2.25734e+02
    4.47892e-01     7.75296e+02     2.62807e+02     2.21665e+02
    4.51977e-01     7.67194e+02     2.58529e+02     2.19460e+02
    4.56067e-01     7.61263e+02     2.52231e+02     2.15193e+02
    4.60165e-01     7.61205e+02     2.52763e+02     2.13989e+02
    4.64260e-01     7.54122e+02     2.48892e+02     2.11622e+02
    4.68355e-01     7.49314e+02     2.45012e+02     2.08712e+02
    4.72450e-01     7.46694e+02     2.41259e+02     2.04862e+02
    4.76540e-01     7.38736e+02     2.37930e+02     2.03546e+02
    4.80633e-01     7.34830e+02     2.34825e+02     2.00098e+02
    4.84718e-01     7.30009e+02     2.31728e+02     1.98105e+02
    4.88794e-01     7.26784e+02     2.28785e+02     1.95312e+02
    4.92888e-01     7.15476e+02     2.24149e+02     1.92635e+02
    4.96984e-01     7.13296e+02     2.21432e+02     1.90741e+02
    5.01073e-01     7.07911e+02     2.16825e+02     1.87694e+02
    5.05169e-01     7.03644e+02     2.14707e+02     1.85431e+02
    5.09268e-01     7.03187e+02     2.13447e+02     1.83627e+02
    5.13369e-01     7.00083e+02     2.10246e+02     1.81243e+02
    5.17441e-01     6.92080e+02     2.07365e+02     1.79415e+02
    5.21516e-01     6.92875e+02     2.05817e+02     1.77639e+02
    5.25611e-01     6.84053e+02     2.01969e+02     1.75938e+02
    5.29706e-01     6.87687e+02     2.01696e+02     1.74417e+02
    5.33801e-01     6.76745e+02     1.96165e+02     1.71155e+02
    5.37888e-01     6.73137e+02     1.95245e+02     1.69662e+02
    5.41985e-01     6.71354e+02     1.91471e+02     1.67976e+02
    5.46091e-01     6.66370e+02     1.90117e+02     1.66180e+02
    5.50174e-01     6.62527e+02     1.87592e+02     1.64612e+02
    5.54252e-01     6.59835e+02     1.84822e+02     1.62933e+02
    5.58346e-01     6.54812e+02     1.82782e+02     1.60969e+02
    5.62439e-01     6.54076e+02     1.81984e+02     1.60015e+02
    5.66527e-01     6.48662e+02     1.78572e+02     1.57553e+02
    5.70616e-01     6.45907e+02     1.76206e+02     1.55733e+02
    5.74707e-01     6.45029e+02     1.75634e+02     1.55074e+02
    5.78798e-01     6.39423e+02     1.73136e+02     1.52731e+02
    5.82883e-01     6.39366e+02     1.71599e+02     1.51553e+02
    5.86977e-01     6.35296e+02     1.68721e+02     1.49783e+02
    5.91070e-01     6.32965e+02     1.68141e+02     1.48819e+02
    5.95166e-01     6.30585e+02     1.65226e+02     1.46835e+02
    5.99260e-01     6.25955e+02     1.63256e+02     1.45250e+02
    6.03349e-01     6.22239e+02     1.61422e+02     1.44205e+02
    6.07445e-01     6.19919e+02     1.58794e+02     1.41938e+02
    6.11543e-01     6.16072e+02     1.57089e+02     1.41145e+02
    6.15623e-01     6.16253e+02     1.56315e+02     1.39906e+02
    6.19704e-01     6.12816e+02     1.54913e+02     1.39146e+02
    6.23792e-01     6.09238e+02     1.52989e+02     1.38154e+02
    6.27891e-01     6.07237e+02     1.51271e+02     1.35837e+02
    6.31991e-01     6.05660e+02     1.50221e+02     1.34899e+02
    6.36073e-01     5.99116e+02     1.47525e+02     1.33252e+02
    6.40158e-01     6.01405e+02     1.46528e+02     1.32670e+02
    6.44244e-01     5.96501e+02     1.45082e+02     1.31406e+02
    6.48338e-01     5.94747e+02     1.43666e+02     1.30365e+02
    6.52432e-01     5.91208e+02     1.41865e+02     1.28741e+02
    6.56514e-01     5.87904e+02     1.40288e+02     1.27733e+02
    6.60609e-01     5.89458e+02     1.39973e+02     1.27089e+02
    6.64712e-01     5.86130e+02     1.38755e+02     1.25865e+02
    6.68801e-01     5.85723e+02     1.37197e+02     1.24681e+02
    6.72890e-01     5.82016e+02     1.35861e+02     1.23685e+02
    6.76984e-01     5.79153e+02     1.33989e+02     1.22549e+02
    6.81074e-01     5.77139e+02     1.33425e+02     1.21820e+02
    6.85160e-01     5.74770e+02     1.31391e+02     1.20835e+02
    6.89246e-01     5.73155e+02     1.30725e+02     1.19969e+02
    6.93336e-01     5.68473e+02     1.29097e+02     1.18793e+02
    6.97434e-01     5.67386e+02     1.27655e+02     1.17923e+02
    7.01528e-01     5.67528e+02     1.26535e+02     1.16866e+02
    7.05618e-01     5.62720e+02     1.24934e+02     1.15866e+02
    7.09708e-01     5.64055e+02     1.24474e+02     1.14789e+02
    7.13796e-01     5.59975e+02     1.22790e+02     1.14135e+02
    7.17892e-01     5.58241e+02     1.21673e+02     1.13126e+02
    7.21982e-01     5.57242e+02     1.21294e+02     1.12730e+02
    7.26059e-01     5.55618e+02     1.19922e+02     1.11546e+02
    7.30145e-01     5.52321e+02     1.18964e+02     1.10971e+02
    7.34240e-01     5.53373e+02     1.18221e+02     1.10280e+02
    7.38340e-01     5.51190e+02     1.17029e+02     1.09023e+02
    7.42427e-01     5.46415e+02     1.14856e+02     1.07685e+02
    7.46511e-01     5.47449e+02     1.14621e+02     1.07215e+02
    7.50614e-01     5.45044e+02     1.13547e+02     1.06248e+02
    7.54706e-01     5.43105e+02     1.12714e+02     1.05498e+02
    7.58795e-01     5.43085e+02     1.12209e+02     1.05080e+02
    7.62888e-01     5.38541e+02     1.10476e+02     1.04071e+02
    7.66986e-01     5.38784e+02     1.10077e+02     1.03502e+02
    7.71073e-01     5.37780e+02     1.09479e+02     1.02659e+02
    7.75153e-01     5.33980e+02     1.07664e+02     1.01720e+02
    7.79241e-01     5.33604e+02     1.06952e+02     1.01165e+02
    7.83335e-01     5.32579e+02     1.06120e+02     1.00241e+02
    7.87426e-01     5.30001e+02     1.05147e+02     9.96018e+01
    7.91513e-01     5.29548e+02     1.04448e+02     9.87792e+01
    7.95606e-01     5.27467e+02     1.03544e+02     9.84661e+01
    7.99702e-01     5.25592e+02     1.02518e+02     9.76597e+01
    8.03798e-01     5.24835e+02     1.01671e+02     9.68003e+01
    8.07879e-01     5.23265e+02     1.01053e+02     9.61821e+01
    8.11963e-01     5.22446e+02     1.00729e+02     9.56391e+01
    8.16059e-01     5.18883e+02     9.90462e+01     9.47909e+01
    8.20152e-01     5.19509e+02     9.84604e+01     9.44497e+01
    8.24242e-01     5.15332e+02     9.78173e+01     9.37637e+01
    8.28331e-01     5.14961e+02     9.68457e+01     9.29007e+01
    8.32425e-01     5.13457e+02     9.62448e+01     9.21028e+01
    8.36516e-01     5.12610e+02     9.57023e+01     9.16779e+01
    8.40610e-01     5.09649e+02     9.44728e+01     9.10653e+01
    8.44704e-01     5.10775e+02     9.42188e+01     9.03788e+01
    8.48790e-01     5.08782e+02     9.29030e+01     8.97205e+01
    8.52876e-01     5.06882e+02     9.22981e+01     8.92443e+01
    8.56967e-01     5.04351e+02     9.13461e+01     8.86359e+01
    8.61059e-01     5.05861e+02     9.14022e+01     8.84662e+01
    8.65147e-01     5.02523e+02     9.00331e+01     8.73695e+01
    8.69235e-01     5.00372e+02     8.98885e+01     8.71341e+01
    8.73334e-01     5.01888e+02     8.97706e+01     8.67937e+01
    8.77429e-01     4.99205e+02     8.86814e+01     8.60747e+01
    8.81512e-01     4.98129e+02     8.78959e+01     8.57423e+01
    8.85601e-01     4.96389e+02     8.72751e+01     8.47865e+01
    8.89691e-01     4.95154e+02     8.65813e+01     8.41858e+01
    8.93784e-01     4.93866e+02     8.57222e+01     8.38331e+01
    8.97875e-01     4.94567e+02     8.53245e+01     8.31887e+01
    9.01960e-01     4.93548e+02     8.50999e+01     8.28455e+01
    9.06054e-01     4.91767e+02     8.48614e+01     8.26394e+01
    9.10146e-01     4.90257e+02     8.38376e+01     8.18574e+01
    9.14237e-01     4.87395e+02     8.29679e+01     8.13115e+01
    9.18331e-01     4.88734e+02     8.23751e+01     8.06584e+01
    9.22421e-01     4.85195e+02     8.15104e+01     8.03257e+01
    9.26509e-01     4.84407e+02     8.10526e+01     7.97568e+01
    9.30598e-01     4.83649e+02     8.05231e+01     7.94089e+01
    9.34692e-01     4.84737e+02     8.07916e+01     7.90163e+01
    9.38787e-01     4.81592e+02     7.97087e+01     7.86396e+01
    9.42873e-01     4.80814e+02     7.88163e+01     7.80550e+01
    9.46961e-01     4.80159e+02     7.82028e+01     7.74011e+01
    9.51054e-01     4.79526e+02     7.84372e+01     7.72993e+01
    9.55150e-01     4.78259e+02     7.73671e+01     7.64782e+01
    9.59240e-01     4.77008e+02     7.68117e+01     7.62387e+01
    9.63327e-01     4.74964e+02     7.60403e+01     7.56858e+01
    9.67420e-01     4.74257e+02     7.53667e+01     7.52207e+01
    9.71506e-01     4.72909e+02     7.55780e+01     7.49434e+01
    9.75588e-01     4.71988e+02     7.43011e+01     7.42053e+01
    9.79678e-01     4.70830e+02     7.43196e+01     7.40300e+01
    9.83773e-01     4.71200e+02     7.40249e+01     7.36641e+01
    9.87866e-01     4.69864e+02     7.38308e+01     7.32538e+01
    9.91960e-01     4.67639e+02     7.30206e+01     7.25511e+01
    9.96055e-01     4.67681e+02     7.26830e+01     7.24029e+01
    1.00015e+00     4.67383e+02     7.19228e+01     7.19198e+01
    1.00424e+00     4.65092e+02     7.13032e+01     7.15356e+01
    1.00832e+00     4.65794e+02     7.12673e+01     7.10897e+01
    1.01242e+00     4.63381e+02     7.01432e+01     7.05522e+01
    1.01651e+00     4.62012e+02     6.99490e+01     7.02204e+01
    1.02059e+00     4.62914e+02     6.98123e+01     6.99534e+01
    1.02468e+00     4.59670e+02     6.91299e+01     6.94146e+01
    1.02878e+00     4.59628e+02     6.86044e+01     6.90136e+01
    1.03287e+00     4.59398e+02     6.84299e+01     6.86755e+01
    1.03695e+00     4.57068e+02     6.78974e+01     6.81801e+01
    1.04105e+00     4.56730e+02     6.73344e+01     6.80613e+01
    1.04515e+00     4.55927e+02     6.72036e+01     6.77526e+01
    1.04923e+00     4.56721e+02     6.66502e+01     6.71948e+01
    1.05332e+00     4.53880e+02     6.59685e+01     6.69232e+01
    1.05741e+00     4.53052e+02     6.60407e+01     6.65730e+01
    1.06150e+00     4.52524e+02     6.57254e+01     6.63186e+01
    1.06559e+00     4.51944e+02     6.51831e+01     6.58315e+01
    1.06968e+00     4.51214e+02     6.50584e+01     6.56782e+01
    1.07377e+00     4.49483e+02     6.41574e+01     6.51697e+01
    1.07786e+00     4.48591e+02     6.37784e+01     6.47781e+01
    1.08195e+00     4.48187e+02     6.31696e+01     6.44274e+01
    1.08605e+00     4.47789e+02     6.33883e+01     6.40489e+01
    1.09014e+00     4.47230e+02     6.32498e+01     6.38876e+01
    1.09422e+00     4.45523e+02     6.27050e+01     6.35091e+01
    1.09832e+00     4.44390e+02     6.20805e+01     6.30161e+01
    1.10242e+00     4.42973e+02     6.16965e+01     6.28624e+01
    1.10650e+00     4.41795e+02     6.11156e+01     6.24638e+01
    1.11059e+00     4.41419e+02     6.11320e+01     6.22232e+01
    1.11468e+00     4.41040e+02     6.06070e+01     6.16371e+01
    1.11878e+00     4.40096e+02     6.02435e+01     6.15702e+01
    1.12287e+00     4.39119e+02     5.97954e+01     6.11984e+01
    1.12695e+00     4.37663e+02     5.92581e+01     6.09494e+01
    1.13105e+00     4.36641e+02     5.89395e+01     6.05336e+01
    1.13514e+00     4.37396e+02     5.91334e+01     6.03100e+01
    1.13922e+00     4.35351e+02     5.85067e+01     6.00329e+01
    1.14331e+00     4.34789e+02     5.81285e+01     5.97042e+01
    1.14741e+00     4.34335e+02     5.78370e+01     5.92521e+01
    1.15150e+00     4.33742e+02     5.76641e+01     5.89124e+01
    1.15559e+00     4.33287e+02     5.72071e+01     5.87233e+01
    1.15968e+00     4.31548e+02     5.69561e+01     5.84069e+01
    1.16377e+00     4.30483e+02     5.66112e+01     5.81166e+01
    1.16786e+00     4.30077e+02     5.60997e+01     5.77927e+01
    1.17195e+00     4.29377e+02     5.62316e+01     5.77550e+01
    1.17604e+00     4.28398e+02     5.55443e+01     5.72573e+01
    1.18013e+00     4.27933e+02     5.50346e+01     5.68985e+01
    1.18422e+00     4.27754e+02     5.51976e+01     5.68382e+01
    1.18831e+00     4.25877e+02     5.46328e+01     5.63963e+01
    1.19240e+00     4.25871e+02     5.44243e+01     5.62080e+01
    1.19649e+00     4.24104e+02     5.43770e+01     5.60309e+01
    1.20059e+00     4.24341e+02     5.37592e+01     5.55531e+01
    1.20468e+00     4.23743e+02     5.34414e+01     5.53095e+01
    1.20877e+00     4.22007e+02     5.32263e+01     5.50558e+01
    1.21286e+00     4.22020e+02     5.27688e+01     5.46181e+01
    1.21695e+00     4.21645e+02     5.27567e+01     5.46294e+01
    1.22104e+00     4.19849e+02     5.25268e+01     5.43536e+01
    1.22513e+00     4.19034e+02     5.25078e+01     5.41345e+01
    1.22922e+00     4.19511e+02     5.19340e+01     5.35951e+01
    1.23330e+00     4.18186e+02     5.17872e+01     5.35178e+01
    1.23740e+00     4.17417e+02     5.12641e+01     5.31861e+01
    1.24149e+00     4.16391e+02     5.08728e+01     5.29630e+01
    1.24558e+00     4.16028e+02     5.06752e+01     5.26779e+01
    1.24967e+00     4.14479e+02     5.05426e+01     5.24857e+01
    1.25376e+00     4.13688e+02     5.03754e+01     5.22274e+01
    1.25785e+00     4.12303e+02     4.96292e+01     5.18918e+01
    1.26194e+00     4.12941e+02     4.99937e+01     5.17409e+01
    1.26603e+00     4.11888e+02     4.96901e+01     5.14688e+01
    1.27012e+00     4.11349e+02     4.91485e+01     5.11127e+01
    1.27422e+00     4.09805e+02     4.89797e+01     5.09733e+01
    1.27831e+00     4.09404e+02     4.86021e+01     5.06729e+01
    1.28240e+00     4.08798e+02     4.83639e+01     5.04133e+01
    1.28649e+00     4.08270e+02     4.82315e+01     5.03253e+01
    1.29058e+00     4.07702e+02     4.80397e+01     5.00202e+01
    1.29467e+00     4.06300e+02     4.77611e+01     4.97873e+01
    1.29876e+00     4.06796e+02     4.75120e+01     4.96381e+01
    1.30285e+00     4.05752e+02     4.74434e+01     4.94357e+01
    1.30694e+00     4.05083e+02     4.70312e+01     4.90179e+01
    1.31103e+00     4.03860e+02     4.66111e+01     4.89085e+01
    1.31512e+00     4.04027e+02     4.66262e+01     4.86500e+01
    1.31921e+00     4.03620e+02     4.65527e+01     4.84447e+01
    1.32331e+00     4.01384e+02     4.61500e+01     4.82464e+01
    1.32739e+00     4.01031e+02     4.57676e+01     4.79136e+01
    1.33148e+00     4.01000e+02     4.56455e+01     4.77901e+01
    1.33558e+00     4.00568e+02     4.54767e+01     4.75121e+01
    1.33967e+00     3.99471e+02     4.53173e+01     4.73307e+01
    1.34376e+00     3.99240e+02     4.49069e+01     4.69791e+01
    1.34785e+00     3.98013e+02     4.47811e+01     4.68360e+01
    1.35195e+00     3.98166e+02     4.45748e+01     4.66571e+01
    1.35603e+00     3.97134e+02     4.45910e+01     4.64800e+01
    1.36011e+00     3.95882e+02     4.41925e+01     4.61894e+01
    1.36421e+00     3.95287e+02     4.39327e+01     4.59739e+01
    1.36830e+00     3.94361e+02     4.38339e+01     4.58251e+01
    1.37239e+00     3.93292e+02     4.34066e+01     4.55570e+01
    1.37648e+00     3.93203e+02     4.32493e+01     4.54147e+01
    1.38057e+00     3.92335e+02     4.32105e+01     4.52136e+01
    1.38466e+00     3.90957e+02     4.24976e+01     4.48907e+01
    1.38875e+00     3.90648e+02     4.25617e+01     4.46626e+01
    1.39285e+00     3.90560e+02     4.25378e+01     4.45822e+01
    1.39694e+00     3.89247e+02     4.21459e+01     4.43247e+01
    1.40102e+00     3.88440e+02     4.22449e+01     4.41842e+01
    1.40512e+00     3.88196e+02     4.18744e+01     4.39178e+01
    1.40921e+00     3.87567e+02     4.17326e+01     4.37999e+01
    1.41330e+00     3.87471e+02     4.14976e+01     4.36436e+01
    1.41739e+00     3.86998e+02     4.14211e+01     4.34700e+01
    1.42148e+00     3.86257e+02     4.12324e+01     4.31145e+01
    1.42557e+00     3.85235e+02     4.09695e+01     4.29655e+01
    1.42966e+00     3.84715e+02     4.08225e+01     4.27826e+01
    1.43375e+00     3.83896e+02     4.06303e+01     4.26403e+01
    1.43784e+00     3.83535e+02     4.04218e+01     4.24029e+01
    1.44193e+00     3.82396e+02     4.01258e+01     4.22133e+01
    1.44602e+00     3.82198e+02     3.99803e+01     4.20614e+01
    1.45011e+00     3.81175e+02     3.97779e+01     4.18104e+01
    1.45420e+00     3.80498e+02     3.95952e+01     4.15994e+01
    1.45830e+00     3.80317e+02     3.94158e+01     4.13751e+01
    1.46239e+00     3.79197e+02     3.92744e+01     4.12586e+01
    1.46648e+00     3.78673e+02     3.91068e+01     4.11118e+01
    1.47056e+00     3.77706e+02     3.88369e+01     4.08809e+01
    1.47465e+00     3.76570e+02     3.85744e+01     4.06478e+01
    1.47874e+00     3.77012e+02     3.86517e+01     4.05937e+01
    1.48283e+00     3.76234e+02     3.86606e+01     4.03926e+01
    1.48693e+00     3.75641e+02     3.83052e+01     4.01532e+01
    1.49102e+00     3.74980e+02     3.80697e+01     3.99810e+01
    1.49511e+00     3.73993e+02     3.80158e+01     3.99241e+01
    1.49920e+00     3.73039e+02     3.76972e+01     3.96285e+01
    1.50329e+00     3.73311e+02     3.76890e+01     3.94633e+01
    1.50738e+00     3.71571e+02     3.73250e+01     3.93500e+01
    1.51148e+00     3.71336e+02     3.71087e+01     3.90851e+01
    1.51557e+00     3.70983e+02     3.71826e+01     3.89590e+01
    1.51965e+00     3.70083e+02     3.68727e+01     3.87620e+01
    1.52374e+00     3.69519e+02     3.67014e+01     3.86111e+01
    1.52784e+00     3.69471e+02     3.68217e+01     3.84627e+01
    1.53193e+00     3.67980e+02     3.64822e+01     3.83048e+01
    1.53602e+00     3.67256e+02     3.61384e+01     3.81021e+01
    1.54011e+00     3.67222e+02     3.62267e+01     3.79778e+01
    1.54420e+00     3.66971e+02     3.60977e+01     3.78224e+01
    1.54829e+00     3.65843e+02     3.59169e+01     3.76116e+01
    1.55238e+00     3.65031e+02     3.56972e+01     3.73808e+01
    1.55647e+00     3.64629e+02     3.54790e+01     3.72588e+01
    1.56056e+00     3.64612e+02     3.53803e+01     3.71196e+01
    1.56465e+00     3.63540e+02     3.53086e+01     3.69301e+01
    1.56874e+00     3.62956e+02     3.52064e+01     3.68170e+01
    1.57283e+00     3.62657e+02     3.48461e+01     3.65663e+01
    1.57693e+00     3.62173e+02     3.48289e+01     3.64590e+01
    1.58102e+00     3.61737e+02     3.47523e+01     3.63294e+01
    1.58510e+00     3.60327e+02     3.43615e+01     3.61104e+01
    1.58919e+00     3.59978e+02     3.43199e+01     3.60032e+01
    1.59329e+00     3.58925e+02     3.41036e+01     3.57852e+01
    1.59738e+00     3.58384e+02     3.41008e+01     3.56595e+01
    1.60147e+00     3.58499e+02     3.39347e+01     3.55242e+01
    1.60556e+00     3.57916e+02     3.39473e+01     3.54318e+01
    1.60965e+00     3.56849e+02     3.36979e+01     3.52986e+01
    1.61374e+00     3.55938e+02     3.33000e+01     3.50643e+01
    1.61783e+00     3.55453e+02     3.32822e+01     3.48379e+01
    1.62192e+00     3.54218e+02     3.31221e+01     3.47412e+01
    1.62601e+00     3.54360e+02     3.31192e+01     3.46645e+01
    1.63010e+00     3.54191e+02     3.30438e+01     3.44852e+01
    1.63419e+00     3.53514e+02     3.27535e+01     3.43353e+01
    1.63828e+00     3.52019e+02     3.25630e+01     3.41286e+01
    1.64238e+00     3.52092e+02     3.25943e+01     3.39993e+01
    1.64647e+00     3.50910e+02     3.24242e+01     3.38728e+01
    1.65055e+00     3.50013e+02     3.22368e+01     3.37465e+01
    1.65465e+00     3.50458e+02     3.20928e+01     3.35750e+01
    1.65874e+00     3.49400e+02     3.19072e+01     3.33830e+01
    1.66283e+00     3.49310e+02     3.19604e+01     3.32902e+01
    1.66691e+00     3.48709e+02     3.17096e+01     3.31608e+01
    1.67101e+00     3.48255e+02     3.16026e+01     3.29825e+01
    1.67510e+00     3.47178e+02     3.14504e+01     3.28709e+01
    1.67919e+00     3.46891e+02     3.13857e+01     3.26771e+01
    1.68328e+00     3.45472e+02     3.11370e+01     3.25392e+01
    1.68737e+00     3.45834e+02     3.11130e+01     3.24023e+01
    1.69146e+00     3.44894e+02     3.08915e+01     3.22702e+01
    1.69555e+00     3.44977e+02     3.08671e+01     3.21461e+01
    1.69964e+00     3.43768e+02     3.06235e+01     3.20077e+01
    1.70373e+00     3.43022e+02     3.06061e+01     3.18653e+01
    1.70782e+00     3.42459e+02     3.03528e+01     3.17116e+01
    1.71191e+00     3.42281e+02     3.03158e+01     3.15148e+01
    1.71600e+00     3.41417e+02     3.01655e+01     3.14676e+01
    1.72009e+00     3.40555e+02     3.00178e+01     3.13163e+01
    1.72418e+00     3.39757e+02     2.98261e+01     3.11338e+01
    1.72828e+00     3.40367e+02     2.99329e+01     3.10882e+01
    1.73237e+00     3.38798e+02     2.97600e+01     3.08983e+01
    1.73646e+00     3.38144e+02     2.96865e+01     3.07260e+01
    1.74055e+00     3.37914e+02     2.95802e+01     3.06359e+01
    1.74464e+00     3.37884e+02     2.94322e+01     3.05071e+01
    1.74874e+00     3.37414e+02     2.93136e+01     3.03871e+01
    1.75282e+00     3.36019e+02     2.91348e+01     3.03110e+01
    1.75691e+00     3.35484e+02     2.91384e+01     3.01411e+01
    1.76100e+00     3.35280e+02     2.89029e+01     2.99744e+01
    1.76509e+00     3.34737e+02     2.88476e+01     2.98422e+01
    1.76918e+00     3.33607e+02     2.87439e+01     2.97556e+01
    1.77327e+00     3.33750e+02     2.86066e+01     2.96228e+01
    1.77737e+00     3.32863e+02     2.85604e+01     2.94533e+01
    1.78146e+00     3.32930e+02     2.84991e+01     2.93428e+01
    1.78554e+00     3.31938e+02     2.82787e+01     2.92088e+01
    1.78964e+00     3.31901e+02     2.82364e+01     2.91288e+01
    1.79373e+00     3.30413e+02     2.80938e+01     2.90018e+01
    1.79782e+00     3.29688e+02     2.79799e+01     2.88565e+01
    1.80191e+00     3.29500e+02     2.78949e+01     2.87676e+01
    1.80600e+00     3.28903e+02     2.76737e+01     2.85819e+01
    1.81009e+00     3.28550e+02     2.76095e+01     2.84971e+01
    1.81418e+00     3.27323e+02     2.75002e+01     2.84048e+01
    1.81827e+00     3.27120e+02     2.74636e+01     2.82678e+01
    1.82236e+00     3.27349e+02     2.74624e+01     2.81619e+01
    1.82645e+00     3.26254e+02     2.71335e+01     2.79986e+01
    1.83054e+00     3.25076e+02     2.71260e+01     2.78838e+01
    1.83463e+00     3.25030e+02     2.70823e+01     2.78159e+01
    1.83872e+00     3.24774e+02     2.69404e+01     2.75878e+01
    1.84281e+00     3.24187e+02     2.69046e+01     2.75173e+01
    1.84691e+00     3.23604e+02     2.67151e+01     2.74448e+01
    1.85100e+00     3.22194e+02     2.65827e+01     2.72773e+01
    1.85509e+00     3.22362e+02     2.65603e+01     2.72048e+01
    1.85918e+00     3.21499e+02     2.64403e+01     2.70369e+01
    1.86327e+00     3.21319e+02     2.63438e+01     2.69698e+01
    1.86736e+00     3.19857e+02     2.62254e+01     2.67974e+01
    1.87145e+00     3.20015e+02     2.61559e+01     2.67202e+01
    1.87554e+00     3.19132e+02     2.60627e+01     2.66108e+01
    1.87963e+00     3.19190e+02     2.59596e+01     2.65091e+01
    1.88372e+00     3.18169e+02     2.57383e+01     2.63066e+01
    1.88781e+00     3.18115e+02     2.58120e+01     2.62715e+01
    1.89190e+00     3.17227e+02     2.56275e+01     2.61523e+01
    1.89599e+00     3.16489e+02     2.55742e+01     2.60361e+01
    1.90008e+00     3.16162e+02     2.53923e+01     2.58755e+01
    1.90417e+00     3.15481e+02     2.53819e+01     2.58046e+01
    1.90827e+00     3.15020e+02     2.53047e+01     2.57042e+01
    1.91236e+00     3.14047e+02     2.51562e+01     2.55616e+01
    1.91645e+00     3.14260e+02     2.52276e+01     2.54861e+01
    1.92054e+00     3.12975e+02     2.50647e+01     2.54091e+01
    1.92463e+00     3.12600e+02     2.48670e+01     2.52578e+01
    1.92872e+00     3.12448e+02     2.47071e+01     2.51128e+01
    1.93281e+00     3.11493e+02     2.47413e+01     2.50504e+01
    1.93690e+00     3.11079e+02     2.46487e+01     2.49242e+01
    1.94099e+00     3.10565e+02     2.45626e+01     2.48114e+01
    1.94508e+00     3.10041e+02     2.44596e+01     2.47058e+01
    1.94917e+00     3.09608e+02     2.43783e+01     2.46057e+01
    1.95326e+00     3.09334e+02     2.42920e+01     2.45179e+01
    1.95735e+00     3.08217e+02     2.42516e+01     2.44156e+01
    1.96144e+00     3.07678e+02     2.40919e+01     2.43039e+01
    1.96553e+00     3.07212e+02     2.39983e+01     2.42115e+01
    1.96962e+00     3.06724e+02     2.39788e+01     2.40910e+01
    1.97371e+00     3.06031e+02     2.39048e+01     2.39850e+01
    1.97781e+00     3.05715e+02     2.38195e+01     2.39037e+01
    1.98190e+00     3.05219e+02     2.37155e+01     2.37913e+01
    1.98599e+00     3.04316e+02     2.35700e+01     2.37115e+01
    1.99008e+00     3.03820e+02     2.34410e+01     2.35691e+01
    1.99417e+00     3.03536e+02     2.34143e+01     2.34711e+01
    1.99826e+00     3.02882e+02     2.33879e+01     2.33487e+01
    2.00235e+00     3.02518e+02     2.32360e+01     2.32282e+01
    2.00644e+00     3.01785e+02     2.31367e+01     2.31795e+01
    2.01053e+00     3.01245e+02     2.31025e+01     2.30923e+01
    2.01462e+00     3.00697e+02     2.30041e+01     2.29667e+01
    2.01871e+00     3.00468e+02     2.30875e+01     2.28954e+01
    2.02280e+00     2.99763e+02     2.27828e+01     2.27491e+01
    2.02689e+00     2.99066e+02     2.27434e+01     2.26901e+01
    2.03098e+00     2.98881e+02     2.26371e+01     2.25551e+01
    2.03507e+00     2.98205e+02     2.25928e+01     2.24635e+01
    2.03917e+00     2.97363e+02     2.24815e+01     2.23916e+01
    2.04325e+00     2.97004e+02     2.24930e+01     2.22766e+01
    2.04735e+00     2.96771e+02     2.24630e+01     2.21910e+01
    2.05143e+00     2.96272e+02     2.22593e+01     2.20987e+01
    2.05552e+00     2.94882e+02     2.21810e+01     2.19773e+01
    2.05962e+00     2.94914e+02     2.20965e+01     2.18738e+01
    2.06371e+00     2.94529e+02     2.20743e+01     2.18010e+01
    2.06780e+00     2.93864e+02     2.20847e+01     2.17227e+01
    2.07189e+00     2.93544e+02     2.19059e+01     2.16364e+01
    2.07598e+00     2.92521e+02     2.18442e+01     2.15259e+01
    2.08007e+00     2.92630e+02     2.18129e+01     2.14429e+01
    2.08416e+00     2.91568e+02     2.16387e+01     2.13308e+01
    2.08825e+00     2.91387e+02     2.15396e+01     2.12316e+01
    2.09234e+00     2.90213e+02     2.14253e+01     2.11322e+01
    2.09644e+00     2.89873e+02     2.14222e+01     2.10703e+01
    2.10053e+00     2.89812e+02     2.14342e+01     2.09862e+01
    2.10461e+00     2.88906e+02     2.13247e+01     2.08843e+01
    2.10870e+00     2.88731e+02     2.12905e+01     2.08035e+01
    2.11280e+00     2.88014e+02     2.12180e+01     2.06905e+01
    2.11688e+00     2.87553e+02     2.10400e+01     2.05916e+01
    2.12098e+00     2.86935e+02     2.09577e+01     2.05291e+01
    2.12507e+00     2.86367e+02     2.10220e+01     2.04232e+01
    2.12916e+00     2.85730e+02     2.08332e+01     2.03182e+01
    2.13325e+00     2.85319e+02     2.07148e+01     2.02532e+01
    2.13734e+00     2.84772e+02     2.07586e+01     2.01568e+01
    2.14143e+00     2.84563e+02     2.06616e+01     2.00811e+01
    2.14552e+00     2.83671e+02     2.05992e+01     1.99723e+01
    2.14961e+00     2.83506e+02     2.05378e+01     1.99096e+01
    2.15370e+00     2.82938e+02     2.04275e+01     1.98339e+01
    2.15779e+00     2.82201e+02     2.03475e+01     1.97360e+01
    2.16188e+00     2.81871e+02     2.03783e+01     1.96610e+01
    2.16597e+00     2.81200e+02     2.02506e+01     1.95735e+01
    2.17006e+00     2.80998e+02     2.02608e+01     1.94940e+01
    2.17416e+00     2.80508e+02     2.01150e+01     1.93788e+01
    2.17825e+00     2.79798e+02     2.00570e+01     1.93037e+01
    2.18234e+00     2.79627e+02     2.00095e+01     1.92083e+01
    2.18643e+00     2.79102e+02     1.98890e+01     1.91604e+01
    2.19052e+00     2.78405e+02     1.98258e+01     1.90331e+01
    2.19461e+00     2.77902e+02     1.98291e+01     1.89965e+01
    2.19870e+00     2.76920e+02     1.96547e+01     1.88776e+01
    2.20279e+00     2.76711e+02     1.95408e+01     1.88010e+01
    2.20688e+00     2.76137e+02     1.95448e+01     1.86900e+01
    2.21097e+00     2.75655e+02     1.94778e+01     1.86390e+01
    2.21506e+00     2.75177e+02     1.94332e+01     1.85661e+01
    2.21915e+00     2.74582e+02     1.93657e+01     1.84711e+01
    2.22324e+00     2.73987e+02     1.93172e+01     1.83988e+01
    2.22733e+00     2.73098e+02     1.91724e+01     1.82980e+01
    2.23142e+00     2.72861e+02     1.91757e+01     1.82329e+01
    2.23552e+00     2.72834e+02     1.91211e+01     1.81585e+01
    2.23961e+00     2.71985e+02     1.91018e+01     1.80847e+01
    2.24369e+00     2.71781e+02     1.89970e+01     1.79959e+01
    2.24779e+00     2.70796e+02     1.89309e+01     1.79299e+01
    2.25188e+00     2.70691e+02     1.88061e+01     1.78235e+01
    2.25597e+00     2.69890e+02     1.87975e+01     1.77646e+01
    2.26006e+00     2.69424e+02     1.87260e+01     1.76982e+01
    2.26415e+00     2.68931e+02     1.85903e+01     1.75842e+01
    2.26824e+00     2.68429e+02     1.86513e+01     1.75400e+01
    2.27233e+00     2.67905e+02     1.85474e+01     1.74651e+01
    2.27642e+00     2.67427e+02     1.84378e+01     1.73652e+01
    2.28051e+00     2.67000e+02     1.83987e+01     1.72844e+01
    2.28460e+00     2.66687e+02     1.83266e+01     1.71976e+01
    2.28869e+00     2.65972e+02     1.82811e+01     1.71380e+01
    2.29278e+00     2.65471e+02     1.81824e+01     1.70823e+01
    2.29687e+00     2.64708e+02     1.81500e+01     1.69834e+01
    2.30096e+00     2.64493e+02     1.81248e+01     1.69367e+01
    2.30506e+00     2.63866e+02     1.80633e+01     1.68424e+01
    2.30915e+00     2.63600e+02     1.80134e+01     1.67706e+01
    2.31324e+00     2.62895e+02     1.78685e+01     1.67164e+01
    2.31733e+00     2.62418e+02     1.78782e+01     1.66189e+01
    2.32142e+00     2.61804e+02     1.78627e+01     1.65611e+01
    2.32551e+00     2.61642e+02     1.77370e+01     1.64754e+01
    2.32960e+00     2.61089e+02     1.77017e+01     1.64151e+01
    2.33369e+00     2.60463e+02     1.76223e+01     1.63118e+01
    2.33778e+00     2.60000e+02     1.75377e+01     1.62470e+01
    2.34187e+00     2.59300e+02     1.75628e+01     1.62104e+01
    2.34596e+00     2.59015e+02     1.74450e+01     1.61252e+01
    2.35005e+00     2.58687e+02     1.74454e+01     1.60459e+01
    2.35414e+00     2.57865e+02     1.73241e+01     1.59749e+01
    2.35823e+00     2.57263e+02     1.73287e+01     1.59127e+01
    2.36232e+00     2.56906e+02     1.72249e+01     1.58428e+01
    2.36641e+00     2.56438e+02     1.71292e+01     1.57659e+01
    2.37051e+00     2.56197e+02     1.71124e+01     1.56902e+01
    2.37460e+00     2.55254e+02     1.70300e+01     1.56106e+01
    2.37869e+00     2.54976e+02     1.69674e+01     1.55778e+01
    2.38278e+00     2.54448e+02     1.68645e+01     1.54887e+01
    2.38687e+00     2.53912e+02     1.68641e+01     1.54001e+01
    2.39096e+00     2.53532e+02     1.68005e+01     1.53440e+01
    2.39505e+00     2.52829e+02     1.67273e+01     1.52728e+01
    2.39914e+00     2.52685e+02     1.67376e+01     1.52200e+01
    2.40323e+00     2.52178e+02     1.66948e+01     1.51451e+01
    2.40732e+00     2.51505e+02     1.65705e+01     1.50759e+01
    2.41141e+00     2.51103e+02     1.65125e+01     1.50118e+01
    2.41550e+00     2.50570e+02     1.65135e+01     1.49356e+01
    2.41959e+00     2.49919e+02     1.64185e+01     1.48778e+01
    2.42368e+00     2.49553e+02     1.64309e+01     1.48020e+01
    2.42777e+00     2.49266e+02     1.63435e+01     1.47466e+01
    2.43187e+00     2.48836e+02     1.63111e+01     1.46893e+01
    2.43596e+00     2.48114e+02     1.62191e+01     1.46005e+01
    2.44004e+00     2.47255e+02     1.61493e+01     1.45696e+01
    2.44414e+00     2.47387e+02     1.61500e+01     1.44867e+01
    2.44823e+00     2.46796e+02     1.60735e+01     1.44044e+01
    2.45232e+00     2.46372e+02     1.60137e+01     1.43648e+01
    2.45640e+00     2.45878e+02     1.59330e+01     1.42903e+01
    2.46050e+00     2.45330e+02     1.59255e+01     1.42230e+01
    2.46459e+00     2.44790e+02     1.58278e+01     1.41552e+01
    2.46868e+00     2.44092e+02     1.57496e+01     1.40718e+01
    2.47277e+00     2.43732e+02     1.57846e+01     1.40469e+01
    2.47686e+00     2.43317e+02     1.56786e+01     1.39785e+01
    2.48095e+00     2.42855e+02     1.56516e+01     1.39142e+01
    2.48504e+00     2.42518e+02     1.56244e+01     1.38413e+01
    2.48913e+00     2.41944e+02     1.55247e+01     1.37908e+01
    2.49322e+00     2.41686e+02     1.55052e+01     1.37225e+01
    2.49731e+00     2.40917e+02     1.54614e+01     1.36818e+01
    2.50141e+00     2.40294e+02     1.54098e+01     1.36094e+01
    2.50550e+00     2.39941e+02     1.53379e+01     1.35406e+01
    2.50959e+00     2.39478e+02     1.53545e+01     1.34911e+01
    2.51368e+00     2.38954e+02     1.52511e+01     1.34096e+01
    2.51777e+00     2.38503e+02     1.52274e+01     1.33718e+01
    2.52186e+00     2.38225e+02     1.52150e+01     1.33142e+01
    2.52595e+00     2.37610e+02     1.51160e+01     1.32418e+01
    2.53004e+00     2.37117e+02     1.50956e+01     1.31829e+01
    2.53413e+00     2.36561e+02     1.50015e+01     1.31343e+01
    2.53822e+00     2.36146e+02     1.49585e+01     1.30629e+01
    2.54231e+00     2.35776e+02     1.48661e+01     1.30099e+01
    2.54640e+00     2.35038e+02     1.48171e+01     1.29472e+01
    2.55049e+00     2.34710e+02     1.47897e+01     1.28830e+01
    2.55458e+00     2.34494e+02     1.47773e+01     1.28232e+01
    2.55867e+00     2.34009e+02     1.47655e+01     1.27771e+01
    2.56276e+00     2.33154e+02     1.46381e+01     1.26936e+01
    2.56685e+00     2.32853e+02     1.45953e+01     1.26539e+01
    2.57095e+00     2.32518e+02     1.45628e+01     1.25932e+01
    2.57504e+00     2.32014e+02     1.45625e+01     1.25486e+01
    2.57913e+00     2.31319e+02     1.44628e+01     1.24798e+01
    2.58322e+00     2.31106e+02     1.44247e+01     1.24402e+01
    2.58731e+00     2.30570e+02     1.43955e+01     1.23774e+01
    2.59140e+00     2.29846e+02     1.43602e+01     1.23289e+01
    2.59549e+00     2.29497e+02     1.43078e+01     1.22614e+01
    2.59958e+00     2.29291e+02     1.42551e+01     1.21903e+01
    2.60367e+00     2.28475e+02     1.41865e+01     1.21508e+01
    2.60776e+00     2.28418e+02     1.42138e+01     1.20896e+01
    2.61185e+00     2.27408e+02     1.40944e+01     1.20484e+01
    2.61594e+00     2.27277e+02     1.41012e+01     1.19830e+01
    2.62003e+00     2.26935e+02     1.40401e+01     1.19251e+01
    2.62412e+00     2.26314e+02     1.40042e+01     1.18684e+01
    2.62821e+00     2.26031e+02     1.39553e+01     1.18100e+01
    2.63230e+00     2.25531e+02     1.38770e+01     1.17622e+01
    2.63640e+00     2.24963e+02     1.38879e+01     1.17152e+01
    2.64049e+00     2.24769e+02     1.38245e+01     1.16528e+01
    2.64457e+00     2.23984e+02     1.37755e+01     1.16128e+01
    2.64867e+00     2.23617e+02     1.37175e+01     1.15592e+01
    2.65276e+00     2.23428e+02     1.37295e+01     1.14935e+01
    2.65685e+00     2.22730e+02     1.36533e+01     1.14524e+01
    2.66094e+00     2.22270e+02     1.35712e+01     1.13883e+01
    2.66503e+00     2.21904e+02     1.35492e+01     1.13325e+01
    2.66912e+00     2.21333e+02     1.35305e+01     1.13004e+01
    2.67321e+00     2.21176e+02     1.34897e+01     1.12421e+01
    2.67730e+00     2.20576e+02     1.34187e+01     1.11991e+01
    2.68139e+00     2.19904e+02     1.33808e+01     1.11346e+01
    2.68548e+00     2.19564e+02     1.33321e+01     1.10816e+01
    2.68957e+00     2.19311e+02     1.32934e+01     1.10246e+01
    2.69366e+00     2.18507e+02     1.32298e+01     1.09791e+01
    2.69776e+00     2.18282e+02     1.32347e+01     1.09386e+01
    2.70185e+00     2.17543e+02     1.31376e+01     1.08845e+01
    2.70594e+00     2.17104e+02     1.30891e+01     1.08326e+01
    2.71003e+00     2.17170e+02     1.30975e+01     1.07796e+01
    2.71412e+00     2.16211e+02     1.30220e+01     1.07421e+01
    2.71821e+00     2.15847e+02     1.30085e+01     1.06775e+01
    2.72230e+00     2.15548e+02     1.29597e+01     1.06383e+01
    2.72639e+00     2.15145e+02     1.29297e+01     1.05895e+01
    2.73048e+00     2.14797e+02     1.28936e+01     1.05376e+01
    2.73457e+00     2.14048e+02     1.28207e+01     1.04759e+01
    2.73866e+00     2.14035e+02     1.28006e+01     1.04367e+01
    2.74275e+00     2.13362e+02     1.27460e+01     1.03964e+01
    2.74684e+00     2.12822e+02     1.27020e+01     1.03415e+01
    2.75093e+00     2.12341e+02     1.26568e+01     1.02910e+01
    2.75502e+00     2.11845e+02     1.26538e+01     1.02445e+01
    2.75911e+00     2.11481e+02     1.25965e+01     1.02070e+01
    2.76320e+00     2.10803e+02     1.25243e+01     1.01546e+01
    2.76730e+00     2.10304e+02     1.24862e+01     1.01045e+01
    2.77139e+00     2.10055e+02     1.24322e+01     1.00659e+01
    2.77548e+00     2.09671e+02     1.24267e+01     1.00104e+01
    2.77957e+00     2.09067e+02     1.23727e+01     9.97045e+00
    2.78366e+00     2.08884e+02     1.23229e+01     9.92714e+00
    2.78775e+00     2.08456e+02     1.23415e+01     9.87710e+00
    2.79184e+00     2.07809e+02     1.22715e+01     9.83385e+00
    2.79593e+00     2.07513e+02     1.22224e+01     9.78662e+00
    2.80002e+00     2.06873e+02     1.21648e+01     9.73069e+00
    2.80411e+00     2.06657e+02     1.21783e+01     9.69303e+00
    2.80820e+00     2.06057e+02     1.20892e+01     9.65709e+00
    2.81229e+00     2.05717e+02     1.20936e+01     9.61352e+00
    2.81638e+00     2.05236e+02     1.19802e+01     9.55365e+00
    2.82047e+00     2.04702e+02     1.20036e+01     9.51459e+00
    2.82457e+00     2.04409e+02     1.19596e+01     9.47319e+00
    2.82866e+00     2.03876e+02     1.19034e+01     9.42469e+00
    2.83275e+00     2.03693e+02     1.19086e+01     9.39096e+00
    2.83684e+00     2.03085e+02     1.18531e+01     9.34298e+00
    2.84093e+00     2.02892e+02     1.18131e+01     9.30416e+00
    2.84502e+00     2.02574e+02     1.18256e+01     9.25689e+00
    2.84911e+00     2.01968e+02     1.17555e+01     9.21970e+00
    2.85320e+00     2.01558e+02     1.17123e+01     9.16876e+00
    2.85729e+00     2.00933e+02     1.16657e+01     9.12134e+00
    2.86138e+00     2.00374e+02     1.15979e+01     9.08098e+00
    2.86547e+00     2.00350e+02     1.16244e+01     9.04165e+00
    2.86956e+00     1.99881e+02     1.15254e+01     8.98712e+00
    2.87365e+00     1.99224e+02     1.15017e+01     8.94783e+00
    2.87774e+00     1.99168e+02     1.14952e+01     8.90733e+00
    2.88183e+00     1.98509e+02     1.14265e+01     8.86649e+00
    2.88592e+00     1.98070e+02     1.14122e+01     8.83771e+00
    2.89001e+00     1.97854e+02     1.13767e+01     8.78986e+00
    2.89410e+00     1.97198e+02     1.13214e+01     8.74719e+00
    2.89820e+00     1.96784e+02     1.12883e+01     8.70817e+00
    2.90229e+00     1.96452e+02     1.12732e+01     8.67128e+00
    2.90638e+00     1.95826e+02     1.12077e+01     8.61988e+00
    2.91047e+00     1.95483e+02     1.11857e+01     8.58883e+00
    2.91456e+00     1.95000e+02     1.11490e+01     8.54501e+00
    2.91865e+00     1.94690e+02     1.11311e+01     8.50718e+00
    2.92274e+00     1.94229e+02     1.10835e+01     8.46569e+00
    2.92683e+00     1.93871e+02     1.10736e+01     8.43677e+00
    2.93092e+00     1.93413e+02     1.09761e+01     8.38537e+00
    2.93501e+00     1.92907e+02     1.09729e+01     8.34682e+00
    2.93910e+00     1.92554e+02     1.09412e+01     8.31100e+00
    2.94319e+00     1.92121e+02     1.09246e+01     8.27561e+00
    2.94728e+00     1.91848e+02     1.08839e+01     8.22915e+00
    2.95137e+00     1.91259e+02     1.08532e+01     8.19580e+00
    2.95546e+00     1.91095e+02     1.07922e+01     8.14328e+00
    2.95955e+00     1.90640e+02     1.07865e+01     8.12300e+00
    2.96364e+00     1.90079e+02     1.07424e+01     8.07512e+00
    2.96774e+00     1.89774e+02     1.07247e+01     8.04344e+00
    2.97183e+00     1.89253e+02     1.07080e+01     8.00145e+00
    2.97592e+00     1.89028e+02     1.06529e+01     7.97033e+00
    2.98001e+00     1.88551e+02     1.06080e+01     7.92723e+00
    2.98410e+00     1.88077e+02     1.05466e+01     7.88147e+00
    2.98819e+00     1.87650e+02     1.05637e+01     7.85632e+00
    2.99228e+00     1.87330e+02     1.04992e+01     7.81970e+00
    2.99637e+00     1.86952e+02     1.04748e+01     7.77974e+00
    3.00046e+00     1.86610e+02     1.04515e+01     7.74613e+00
    3.00455e+00     1.86076e+02     1.03831e+01     7.70296e+00
    3.00864e+00     1.85704e+02     1.03796e+01     7.67165e+00
    3.01273e+00     1.85377e+02     1.03389e+01     7.63089e+00
    3.01682e+00     1.84921e+02     1.03026e+01     7.60204e+00
    3.02091e+00     1.84514e+02     1.02902e+01     7.56039e+00
    3.02500e+00     1.84098e+02     1.02606e+01     7.52640e+00
    3.02910e+00     1.83631e+02     1.01962e+01     7.48809e+00
    3.03319e+00     1.83324e+02     1.01923e+01     7.45875e+00
    3.03728e+00     1.82849e+02     1.01204e+01     7.40772e+00
    3.04137e+00     1.82558e+02     1.01017e+01     7.38132e+00
    3.04546e+00     1.82146e+02     1.01043e+01     7.34963e+00
    3.04955e+00     1.81744e+02     1.00479e+01     7.31357e+00
    3.05364e+00     1.81407e+02     1.00195e+01     7.27459e+00
    3.05773e+00     1.80940e+02     9.98304e+00     7.24860e+00
    3.06182e+00     1.80584e+02     9.96526e+00     7.21133e+00
    3.06591e+00     1.80183e+02     9.93546e+00     7.18137e+00
    3.07000e+00     1.79760e+02     9.90491e+00     7.14406e+00
    3.07409e+00     1.79210e+02     9.84446e+00     7.11141e+00
    3.07818e+00     1.79093e+02     9.83490e+00     7.07224e+00
    3.08227e+00     1.78556e+02     9.80362e+00     7.04053e+00
    3.08636e+00     1.78244e+02     9.79004e+00     7.00558e+00
    3.09045e+00     1.77778e+02     9.74078e+00     6.97253e+00
    3.09454e+00     1.77278e+02     9.68968e+00     6.93810e+00
    3.09863e+00     1.77182e+02     9.69197e+00     6.91250e+00
    3.10272e+00     1.76549e+02     9.63593e+00     6.87206e+00
    3.10682e+00     1.76221e+02     9.62640e+00     6.84418e+00
    3.11091e+00     1.75912e+02     9.59756e+00     6.81086e+00
    3.11500e+00     1.75461e+02     9.57847e+00     6.78325e+00
    3.11909e+00     1.75011e+02     9.54090e+00     6.74791e+00
    3.12318e+00     1.74733e+02     9.49262e+00     6.71415e+00
    3.12727e+00     1.74384e+02     9.47975e+00     6.68424e+00
    3.13136e+00     1.73998e+02     9.43941e+00     6.64825e+00
    3.13545e+00     1.73432e+02     9.42261e+00     6.61871e+00
    3.13954e+00     1.73281e+02     9.38881e+00     6.59181e+00
    3.14363e+00     1.72950e+02     9.35140e+00     6.55372e+00
    3.14772e+00     1.72343e+02     9.32167e+00     6.53141e+00
    3.15181e+00     1.72009e+02     9.30691e+00     6.49491e+00
    3.15590e+00     1.71828e+02     9.26002e+00     6.46398e+00
    3.16000e+00     1.71266e+02     9.24475e+00     6.43395e+00
    3.16409e+00     1.71001e+02     9.23272e+00     6.40055e+00
    3.16818e+00     1.70586e+02     9.18417e+00     6.37263e+00
    3.17227e+00     1.70099e+02     9.13352e+00     6.34559e+00
    3.17636e+00     1.69899e+02     9.12003e+00     6.30914e+00
    3.18045e+00     1.69504e+02     9.08797e+00     6.27693e+00
    3.18454e+00     1.69000e+02     9.06146e+00     6.25324e+00
    3.18863e+00     1.68500e+02     9.02611e+00     6.22462e+00
    3.19272e+00     1.68332e+02     9.01946e+00     6.19813e+00
    3.19681e+00     1.67885e+02     8.99255e+00     6.15907e+00
    3.20090e+00     1.67790e+02     8.98718e+00     6.14101e+00
    3.20499e+00     1.67246e+02     8.94415e+00     6.11040e+00
    3.20908e+00     1.66966e+02     8.92490e+00     6.08402e+00
    3.21317e+00     1.66458e+02     8.85834e+00     6.04749e+00
    3.21726e+00     1.66055e+02     8.82777e+00     6.01703e+00
    3.22135e+00     1.65709e+02     8.81557e+00     5.98635e+00
    3.22545e+00     1.65473e+02     8.81407e+00     5.95777e+00
    3.22954e+00     1.64941e+02     8.77308e+00     5.93645e+00
    3.23363e+00     1.64712e+02     8.71167e+00     5.90219e+00
    3.23772e+00     1.64279e+02     8.71978e+00     5.87943e+00
    3.24181e+00     1.63907e+02     8.68268e+00     5.84655e+00
    3.24590e+00     1.63565e+02     8.65756e+00     5.82371e+00
    3.24999e+00     1.63198e+02     8.61637e+00     5.78696e+00
    3.25408e+00     1.62973e+02     8.58629e+00     5.75992e+00
    3.25817e+00     1.62562e+02     8.57476e+00     5.73654e+00
    3.26226e+00     1.62190e+02     8.53145e+00     5.71147e+00
    3.26635e+00     1.61761e+02     8.50914e+00     5.68316e+00
    3.27044e+00     1.61411e+02     8.45856e+00     5.64942e+00
    3.27453e+00     1.60984e+02     8.43986e+00     5.62751e+00
    3.27862e+00     1.60841e+02     8.45320e+00     5.60358e+00
    3.28271e+00     1.60375e+02     8.39456e+00     5.57172e+00
    3.28681e+00     1.60110e+02     8.39045e+00     5.55032e+00
    3.29090e+00     1.59555e+02     8.35479e+00     5.52485e+00
    3.29499e+00     1.59379e+02     8.33311e+00     5.49576e+00
    3.29908e+00     1.58886e+02     8.31554e+00     5.46799e+00
    3.30317e+00     1.58497e+02     8.26223e+00     5.44861e+00
    3.30725e+00     1.58257e+02     8.24133e+00     5.41291e+00
    3.31135e+00     1.57985e+02     8.22273e+00     5.39060e+00
    3.31544e+00     1.57643e+02     8.19756e+00     5.36268e+00
    3.31953e+00     1.57181e+02     8.17130e+00     5.33750e+00
    3.32362e+00     1.56889e+02     8.14916e+00     5.30870e+00
    3.32771e+00     1.56525e+02     8.13159e+00     5.28741e+00
    3.33180e+00     1.56154e+02     8.09565e+00     5.26296e+00
    3.33589e+00     1.55919e+02     8.07799e+00     5.24121e+00
    3.33998e+00     1.55548e+02     8.05284e+00     5.21255e+00
    3.34407e+00     1.55165e+02     8.03467e+00     5.18813e+00
    3.34816e+00     1.54702e+02     7.98236e+00     5.16091e+00
    3.35226e+00     1.54455e+02     7.96182e+00     5.13700e+00
    3.35634e+00     1.54271e+02     7.96302e+00     5.11836e+00
    3.36043e+00     1.53894e+02     7.94124e+00     5.09689e+00
    3.36453e+00     1.53536e+02     7.91634e+00     5.06169e+00
    3.36862e+00     1.53080e+02     7.87504e+00     5.03864e+00
    3.37271e+00     1.52758e+02     7.85938e+00     5.01337e+00
    3.37680e+00     1.52416e+02     7.83740e+00     4.99182e+00
    3.38089e+00     1.52074e+02     7.82681e+00     4.97357e+00
    3.38498e+00     1.51792e+02     7.77904e+00     4.94369e+00
    3.38907e+00     1.51402e+02     7.74438e+00     4.91983e+00
    3.39316e+00     1.51215e+02     7.73671e+00     4.89618e+00
    3.39725e+00     1.50872e+02     7.71308e+00     4.87569e+00
    3.40134e+00     1.50502e+02     7.68866e+00     4.85398e+00
    3.40543e+00     1.50101e+02     7.68380e+00     4.82962e+00
    3.40952e+00     1.49811e+02     7.65867e+00     4.80534e+00
    3.41362e+00     1.49470e+02     7.62164e+00     4.78492e+00
    3.41770e+00     1.49160e+02     7.59942e+00     4.76154e+00
    3.42179e+00     1.48966e+02     7.57628e+00     4.73596e+00
    3.42588e+00     1.48420e+02     7.55483e+00     4.71556e+00
    3.42997e+00     1.48124e+02     7.52123e+00     4.69225e+00
    3.43406e+00     1.47797e+02     7.49785e+00     4.66877e+00
    3.43816e+00     1.47589e+02     7.47357e+00     4.64995e+00
    3.44225e+00     1.47284e+02     7.46804e+00     4.62498e+00
    3.44634e+00     1.46925e+02     7.42708e+00     4.59930e+00
    3.45043e+00     1.46590e+02     7.40250e+00     4.58427e+00
    3.45452e+00     1.46153e+02     7.39533e+00     4.56047e+00
    3.45861e+00     1.45858e+02     7.35901e+00     4.53921e+00
    3.46270e+00     1.45616e+02     7.34478e+00     4.51470e+00
    3.46679e+00     1.45410e+02     7.31215e+00     4.49329e+00
    3.47088e+00     1.44943e+02     7.29844e+00     4.47060e+00
    3.47497e+00     1.44643e+02     7.28257e+00     4.45197e+00
    3.47906e+00     1.44461e+02     7.25459e+00     4.42859e+00
    3.48315e+00     1.43993e+02     7.22445e+00     4.40748e+00
    3.48725e+00     1.43794e+02     7.20937e+00     4.39068e+00
    3.49134e+00     1.43508e+02     7.19780e+00     4.37044e+00
    3.49543e+00     1.43138e+02     7.16684e+00     4.35036e+00
    3.49952e+00     1.42762e+02     7.13722e+00     4.32726e+00
    3.50361e+00     1.42503e+02     7.12843e+00     4.30948e+00
    3.50770e+00     1.42134e+02     7.10574e+00     4.28662e+00
    3.51179e+00     1.41894e+02     7.08150e+00     4.26535e+00
    3.51588e+00     1.41598e+02     7.07404e+00     4.24543e+00
    3.51997e+00     1.41325e+02     7.03441e+00     4.22306e+00
    3.52406e+00     1.40891e+02     7.00768e+00     4.20376e+00
    3.52815e+00     1.40499e+02     6.99458e+00     4.18381e+00
    3.53224e+00     1.40274e+02     6.97861e+00     4.16430e+00
    3.53633e+00     1.39960e+02     6.95053e+00     4.14617e+00
    3.54042e+00     1.39708e+02     6.93010e+00     4.12675e+00
    3.54451e+00     1.39289e+02     6.89508e+00     4.10598e+00
    3.54860e+00     1.39130e+02     6.90054e+00     4.08799e+00
    3.55270e+00     1.38805e+02     6.86640e+00     4.06848e+00
    3.55679e+00     1.38545e+02     6.84789e+00     4.04865e+00
    3.56088e+00     1.38282e+02     6.83582e+00     4.03066e+00
    3.56497e+00     1.37935e+02     6.80967e+00     4.01073e+00
    3.56906e+00     1.37577e+02     6.79479e+00     3.99722e+00
    3.57315e+00     1.37218e+02     6.75662e+00     3.97219e+00
    3.57724e+00     1.36955e+02     6.73403e+00     3.95290e+00
    3.58133e+00     1.36680e+02     6.71980e+00     3.93689e+00
    3.58542e+00     1.36392e+02     6.71110e+00     3.91516e+00
    3.58951e+00     1.36116e+02     6.67625e+00     3.89661e+00
    3.59360e+00     1.35872e+02     6.66177e+00     3.88101e+00
    3.59769e+00     1.35499e+02     6.64072e+00     3.85850e+00
    3.60178e+00     1.35294e+02     6.62828e+00     3.84348e+00
    3.60587e+00     1.34827e+02     6.60480e+00     3.82384e+00
    3.60996e+00     1.34685e+02     6.58367e+00     3.80939e+00
    3.61405e+00     1.34382e+02     6.56764e+00     3.78840e+00
    3.61814e+00     1.34100e+02     6.55315e+00     3.77285e+00
    3.62224e+00     1.33789e+02     6.52857e+00     3.75415e+00
    3.62633e+00     1.33498e+02     6.50111e+00     3.73475e+00
    3.63042e+00     1.33154e+02     6.48783e+00     3.72215e+00
    3.63451e+00     1.32894e+02     6.46200e+00     3.70119e+00
    3.63860e+00     1.32649e+02     6.44745e+00     3.68441e+00
    3.64269e+00     1.32447e+02     6.42853e+00     3.66638e+00
    3.64678e+00     1.32093e+02     6.40575e+00     3.64793e+00
    3.65087e+00     1.31807e+02     6.38948e+00     3.62993e+00
    3.65496e+00     1.31462e+02     6.37300e+00     3.61557e+00
    3.65905e+00     1.31198e+02     6.35043e+00     3.59897e+00
    3.66314e+00     1.30971e+02     6.35196e+00     3.58457e+00
    3.66723e+00     1.30625e+02     6.32112e+00     3.56901e+00
    3.67132e+00     1.30427e+02     6.30386e+00     3.54983e+00
    3.67541e+00     1.30141e+02     6.27880e+00     3.53563e+00
    3.67950e+00     1.29820e+02     6.25199e+00     3.51814e+00
    3.68359e+00     1.29616e+02     6.25796e+00     3.50101e+00
    3.68769e+00     1.29362e+02     6.22780e+00     3.48305e+00
    3.69177e+00     1.29047e+02     6.20333e+00     3.46571e+00
    3.69587e+00     1.28761e+02     6.18483e+00     3.45316e+00
    3.69996e+00     1.28497e+02     6.16879e+00     3.43560e+00
    3.70405e+00     1.28236e+02     6.13864e+00     3.42038e+00
    3.70814e+00     1.27850e+02     6.12966e+00     3.40413e+00
    3.71223e+00     1.27761e+02     6.12396e+00     3.38804e+00
    3.71632e+00     1.27367e+02     6.09592e+00     3.37459e+00
    3.72041e+00     1.27052e+02     6.07764e+00     3.35582e+00
    3.72450e+00     1.26874e+02     6.05294e+00     3.34140e+00
    3.72859e+00     1.26581e+02     6.02695e+00     3.32286e+00
    3.73268e+00     1.26299e+02     6.03126e+00     3.31249e+00
    3.73677e+00     1.25995e+02     6.00068e+00     3.29685e+00
    3.74086e+00     1.25896e+02     5.99948e+00     3.28161e+00
    3.74495e+00     1.25483e+02     5.97216e+00     3.26445e+00
    3.74905e+00     1.25403e+02     5.95278e+00     3.25122e+00
    3.75313e+00     1.25031e+02     5.94469e+00     3.23662e+00
    3.75722e+00     1.24825e+02     5.92782e+00     3.21977e+00
    3.76131e+00     1.24416e+02     5.90927e+00     3.20711e+00
    3.76541e+00     1.24249e+02     5.88744e+00     3.19194e+00
    3.76950e+00     1.24041e+02     5.87792e+00     3.17738e+00
    3.77359e+00     1.23754e+02     5.85465e+00     3.16297e+00
    3.77768e+00     1.23441e+02     5.83685e+00     3.15088e+00
    3.78177e+00     1.23200e+02     5.81641e+00     3.13388e+00
    3.78586e+00     1.22881e+02     5.80210e+00     3.11973e+00
    3.78995e+00     1.22619e+02     5.77603e+00     3.10383e+00
    3.79404e+00     1.22461e+02     5.76654e+00     3.09122e+00
    3.79813e+00     1.22181e+02     5.74866e+00     3.07471e+00
    3.80222e+00     1.21911e+02     5.73224e+00     3.06414e+00
    3.80632e+00     1.21657e+02     5.72258e+00     3.04874e+00
    3.81040e+00     1.21309e+02     5.70792e+00     3.03770e+00
    3.81449e+00     1.21311e+02     5.69223e+00     3.02234e+00
    3.81859e+00     1.20877e+02     5.67214e+00     3.00978e+00
    3.82268e+00     1.20602e+02     5.66409e+00     2.99782e+00
    3.82677e+00     1.20398e+02     5.64423e+00     2.98501e+00
    3.83086e+00     1.20107e+02     5.62704e+00     2.96978e+00
    3.83495e+00     1.19898e+02     5.61215e+00     2.95745e+00
    3.83904e+00     1.19647e+02     5.59955e+00     2.94470e+00
    3.84313e+00     1.19494e+02     5.57703e+00     2.92979e+00
    3.84722e+00     1.19230e+02     5.56573e+00     2.92002e+00
    3.85131e+00     1.18927e+02     5.55096e+00     2.90342e+00
    3.85540e+00     1.18726e+02     5.53032e+00     2.89233e+00
    3.85949e+00     1.18465e+02     5.52437e+00     2.87986e+00
    3.86358e+00     1.18203e+02     5.51166e+00     2.86736e+00
    3.86768e+00     1.18005e+02     5.48669e+00     2.85287e+00
    3.87177e+00     1.17728e+02     5.46256e+00     2.83926e+00
    3.87585e+00     1.17600e+02     5.46376e+00     2.82819e+00
    3.87994e+00     1.17294e+02     5.44075e+00     2.81738e+00
    3.88403e+00     1.17093e+02     5.43283e+00     2.80335e+00
    3.88813e+00     1.16774e+02     5.39843e+00     2.79116e+00
    3.89222e+00     1.16549e+02     5.39979e+00     2.77802e+00
    3.89631e+00     1.16304e+02     5.38290e+00     2.76836e+00
    3.90040e+00     1.16080e+02     5.36990e+00     2.75748e+00
    3.90449e+00     1.15854e+02     5.34712e+00     2.74341e+00
    3.90858e+00     1.15604e+02     5.33402e+00     2.73060e+00
    3.91267e+00     1.15317e+02     5.31600e+00     2.71836e+00
    3.91676e+00     1.15330e+02     5.31568e+00     2.71089e+00
    3.92085e+00     1.14960e+02     5.29556e+00     2.69581e+00
    3.92494e+00     1.14728e+02     5.28356e+00     2.68589e+00
    3.92903e+00     1.14482e+02     5.26485e+00     2.67460e+00
    3.93312e+00     1.14307e+02     5.24899e+00     2.66046e+00
    3.93721e+00     1.14101e+02     5.23491e+00     2.64861e+00
    3.94130e+00     1.13829e+02     5.21920e+00     2.63897e+00
    3.94539e+00     1.13786e+02     5.21433e+00     2.62643e+00
    3.94949e+00     1.13394e+02     5.18936e+00     2.61498e+00
    3.95358e+00     1.13184e+02     5.18360e+00     2.60435e+00
    3.95767e+00     1.12868e+02     5.16751e+00     2.59404e+00
    3.96176e+00     1.12767e+02     5.15256e+00     2.58327e+00
    3.96585e+00     1.12450e+02     5.13189e+00     2.57036e+00
    3.96994e+00     1.12268e+02     5.12506e+00     2.56249e+00
    3.97403e+00     1.12187e+02     5.11866e+00     2.55063e+00
    3.97812e+00     1.11918e+02     5.09836e+00     2.54105e+00
    3.98221e+00     1.11701e+02     5.09178e+00     2.53044e+00
    3.98630e+00     1.11380e+02     5.07066e+00     2.51743e+00
    3.99039e+00     1.11213e+02     5.05729e+00     2.50651e+00
    3.99448e+00     1.10956e+02     5.04899e+00     2.49922e+00
    3.99857e+00     1.10782e+02     5.03521e+00     2.48839e+00
    4.00266e+00     1.10561e+02     5.02801e+00     2.47950e+00
    4.00675e+00     1.10406e+02     5.01110e+00     2.46552e+00
    4.01085e+00     1.10159e+02     4.99470e+00     2.45737e+00
    4.01494e+00     1.09999e+02     4.98038e+00     2.44764e+00
    4.01902e+00     1.09725e+02     4.96660e+00     2.43629e+00
    4.02312e+00     1.09532e+02     4.95282e+00     2.42643e+00
    4.02721e+00     1.09457e+02     4.95238e+00     2.41670e+00
    4.03130e+00     1.09096e+02     4.92172e+00     2.40759e+00
    4.03539e+00     1.08928e+02     4.91240e+00     2.39716e+00
    4.03948e+00     1.08735e+02     4.90297e+00     2.38593e+00
    4.04357e+00     1.08522e+02     4.89657e+00     2.37967e+00
    4.04766e+00     1.08302e+02     4.87852e+00     2.37015e+00
    4.05175e+00     1.08110e+02     4.87337e+00     2.35906e+00
    4.05584e+00     1.07946e+02     4.85047e+00     2.34984e+00
    4.05993e+00     1.07656e+02     4.84148e+00     2.34057e+00
    4.06402e+00     1.07505e+02     4.83139e+00     2.33119e+00
    4.06811e+00     1.07337e+02     4.82108e+00     2.32145e+00
    4.07220e+00     1.07039e+02     4.80380e+00     2.31278e+00
    4.07630e+00     1.06902e+02     4.79733e+00     2.30312e+00
    4.08038e+00     1.06662e+02     4.77736e+00     2.29478e+00
    4.08447e+00     1.06461e+02     4.77242e+00     2.28609e+00
    4.08857e+00     1.06304e+02     4.75919e+00     2.27622e+00
    4.09266e+00     1.06170e+02     4.74821e+00     2.26916e+00
    4.09675e+00     1.05956e+02     4.73433e+00     2.25952e+00
    4.10084e+00     1.05804e+02     4.72746e+00     2.25071e+00
    4.10493e+00     1.05554e+02     4.71519e+00     2.24319e+00
    4.10902e+00     1.05351e+02     4.70261e+00     2.23216e+00
    4.11311e+00     1.05166e+02     4.68781e+00     2.22537e+00
    4.11720e+00     1.05000e+02     4.68396e+00     2.21685e+00
    4.12129e+00     1.04823e+02     4.66999e+00     2.20854e+00
    4.12538e+00     1.04649e+02     4.66006e+00     2.19916e+00
    4.12947e+00     1.04381e+02     4.64300e+00     2.19125e+00
    4.13356e+00     1.04211e+02     4.62886e+00     2.18311e+00
    4.13765e+00     1.04085e+02     4.62096e+00     2.17484e+00
    4.14175e+00     1.03827e+02     4.60717e+00     2.16655e+00
    4.14584e+00     1.03692e+02     4.59329e+00     2.15814e+00
    4.14993e+00     1.03518e+02     4.58925e+00     2.15129e+00
    4.15402e+00     1.03327e+02     4.58380e+00     2.14304e+00
    4.15811e+00     1.03018e+02     4.56586e+00     2.13375e+00
    4.16220e+00     1.02981e+02     4.56260e+00     2.12764e+00
    4.16629e+00     1.02761e+02     4.54151e+00     2.11855e+00
    4.17038e+00     1.02538e+02     4.53158e+00     2.11056e+00
    4.17447e+00     1.02408e+02     4.52651e+00     2.10556e+00
    4.17856e+00     1.02249e+02     4.50434e+00     2.09363e+00
    4.18265e+00     1.02026e+02     4.50490e+00     2.08941e+00
    4.18674e+00     1.01954e+02     4.49515e+00     2.07990e+00
