# Halo auto- and cross-power spectra.
# Robust average of 10 spectra using sqrt(1+x^2).
# 12.00<lgM<12.50, z=2.000
#      k[h/Mpc]           <Phh>        Err[Phh]           <Phm>        Err[Phm]
    5.79404e-03     1.53195e+04     2.35763e+03     6.51055e+03     1.03581e+03
    1.04717e-02     1.92203e+04     1.29784e+03     8.26699e+03     5.65723e+02
    1.42665e-02     2.26085e+04     6.27719e+02     9.71862e+03     3.42643e+02
    1.81228e-02     2.37877e+04     1.04269e+03     1.02321e+04     4.95564e+02
    2.24845e-02     2.20125e+04     5.88662e+02     9.43590e+03     2.29553e+02
    2.64508e-02     1.96676e+04     3.41435e+02     8.45572e+03     1.25641e+02
    3.04474e-02     1.86132e+04     5.34055e+02     7.90803e+03     2.17201e+02
    3.47320e-02     1.64815e+04     4.61217e+02     6.97690e+03     1.97450e+02
    3.88308e-02     1.47861e+04     2.81168e+02     6.24669e+03     1.21243e+02
    4.28140e-02     1.35620e+04     1.58087e+02     5.72591e+03     7.95271e+01
    4.68856e-02     1.25565e+04     1.71476e+02     5.26246e+03     7.97217e+01
    5.09858e-02     1.19163e+04     1.57174e+02     4.96556e+03     6.77212e+01
    5.51458e-02     1.12315e+04     8.70724e+01     4.65925e+03     4.94131e+01
    5.92243e-02     1.07710e+04     1.08686e+02     4.47370e+03     5.01672e+01
    6.32864e-02     1.02687e+04     6.87091e+01     4.25511e+03     2.20987e+01
    6.73674e-02     9.83971e+03     7.39299e+01     4.04419e+03     4.42274e+01
    7.14960e-02     9.27243e+03     8.58280e+01     3.79454e+03     3.75296e+01
    7.55894e-02     8.86253e+03     6.40606e+01     3.61553e+03     1.94843e+01
    7.96660e-02     8.21557e+03     1.28260e+02     3.33169e+03     4.45749e+01
    8.38183e-02     7.74892e+03     7.18098e+01     3.11768e+03     2.66226e+01
    8.78941e-02     7.07306e+03     5.54817e+01     2.82757e+03     2.36764e+01
    9.19238e-02     6.63238e+03     4.76923e+01     2.62937e+03     1.80779e+01
    9.60446e-02     6.17003e+03     3.25219e+01     2.42694e+03     1.76044e+01
    1.00128e-01     5.77712e+03     4.50422e+01     2.25861e+03     1.35165e+01
    1.04209e-01     5.48190e+03     2.84367e+01     2.11471e+03     2.00034e+01
    1.08333e-01     5.22204e+03     3.43191e+01     2.00550e+03     1.35444e+01
    1.12448e-01     5.06920e+03     3.74182e+01     1.93981e+03     1.53160e+01
    1.16521e-01     4.95154e+03     3.31108e+01     1.88550e+03     1.30127e+01
    1.20596e-01     4.74979e+03     3.15300e+01     1.80617e+03     9.15185e+00
    1.24665e-01     4.62891e+03     3.53015e+01     1.74719e+03     1.10069e+01
    1.28771e-01     4.56685e+03     2.92365e+01     1.71501e+03     9.37507e+00
    1.32874e-01     4.45570e+03     1.73751e+01     1.66491e+03     6.90069e+00
    1.36975e-01     4.25290e+03     3.69711e+01     1.58128e+03     1.18295e+01
    1.41075e-01     4.08102e+03     2.73391e+01     1.50275e+03     1.22090e+01
    1.45172e-01     3.87338e+03     1.26755e+01     1.41294e+03     8.38745e+00
    1.49268e-01     3.68019e+03     4.60703e+00     1.32799e+03     3.36348e+00
    1.53330e-01     3.54565e+03     1.04026e+01     1.27056e+03     2.41954e+00
    1.57416e-01     3.38026e+03     1.09042e+01     1.19592e+03     3.27181e+00
    1.61514e-01     3.24058e+03     1.61421e+01     1.13670e+03     7.50878e+00
    1.65592e-01     3.15887e+03     1.09219e+01     1.10004e+03     3.82713e+00
    1.69693e-01     3.03482e+03     6.69470e+00     1.04459e+03     3.15300e+00
    1.73803e-01     2.95875e+03     1.37525e+01     1.01194e+03     2.51690e+00
    1.77905e-01     2.92201e+03     1.17046e+01     9.93855e+02     3.02863e+00
    1.82001e-01     2.84916e+03     1.13690e+01     9.65638e+02     3.04412e+00
    1.86092e-01     2.79000e+03     7.13937e+00     9.40351e+02     3.64835e+00
    1.90161e-01     2.74352e+03     8.20721e+00     9.18454e+02     3.58345e+00
    1.94237e-01     2.67853e+03     1.66149e+01     8.89858e+02     6.60573e+00
    1.98334e-01     2.62752e+03     9.03177e+00     8.65915e+02     3.30939e+00
    2.02427e-01     2.55231e+03     7.69279e+00     8.35679e+02     2.11554e+00
    2.06523e-01     2.48978e+03     1.30772e+01     8.07499e+02     3.63804e+00
    2.10626e-01     2.42648e+03     6.67196e+00     7.79149e+02     2.75349e+00
    2.14724e-01     2.34439e+03     8.65197e+00     7.45695e+02     1.53514e+00
    2.18827e-01     2.28391e+03     7.60675e+00     7.18773e+02     2.64391e+00
    2.22903e-01     2.22059e+03     3.91511e+00     6.91207e+02     1.38062e+00
    2.26990e-01     2.17750e+03     8.45902e+00     6.73552e+02     2.27052e+00
    2.31084e-01     2.13146e+03     7.18031e+00     6.51346e+02     2.23904e+00
    2.35153e-01     2.07724e+03     2.57293e+00     6.30474e+02     9.31209e-01
    2.39244e-01     2.05715e+03     2.47704e+00     6.20646e+02     8.71607e-01
    2.43338e-01     2.02204e+03     6.43132e+00     6.05288e+02     1.40596e+00
    2.47445e-01     1.99260e+03     5.33068e+00     5.92479e+02     1.21071e+00
    2.51539e-01     1.96162e+03     1.26448e+00     5.79483e+02     1.17722e+00
    2.55609e-01     1.93669e+03     4.51123e+00     5.66320e+02     1.30821e+00
    2.59718e-01     1.90013e+03     4.77021e+00     5.52855e+02     1.44317e+00
    2.63814e-01     1.86173e+03     4.59659e+00     5.37457e+02     9.99260e-01
    2.67904e-01     1.83927e+03     4.28323e+00     5.26517e+02     6.80161e-01
    2.71993e-01     1.80753e+03     5.98266e+00     5.12454e+02     1.66804e+00
    2.76068e-01     1.76787e+03     2.99410e+00     4.96253e+02     9.32739e-01
    2.80171e-01     1.73770e+03     3.39895e+00     4.82985e+02     9.97190e-01
    2.84268e-01     1.70292e+03     3.42762e+00     4.68946e+02     9.96520e-01
    2.88346e-01     1.68017e+03     3.23565e+00     4.59173e+02     8.76191e-01
    2.92426e-01     1.65327e+03     1.59346e+00     4.47059e+02     6.63538e-01
    2.96514e-01     1.62952e+03     4.18787e+00     4.37230e+02     8.34307e-01
    3.00627e-01     1.60969e+03     3.03140e+00     4.28694e+02     1.17218e+00
    3.04729e-01     1.57886e+03     4.59659e+00     4.17618e+02     1.11073e+00
    3.08821e-01     1.56647e+03     6.41842e+00     4.11313e+02     1.57940e+00
    3.12919e-01     1.54675e+03     4.95764e+00     4.02844e+02     1.54856e+00
    3.16999e-01     1.52803e+03     3.81880e+00     3.94843e+02     7.67823e-01
    3.21078e-01     1.50887e+03     1.65264e+00     3.86650e+02     6.67559e-01
    3.25167e-01     1.49336e+03     3.24070e+00     3.79761e+02     8.35347e-01
    3.29247e-01     1.47241e+03     3.55223e+00     3.70803e+02     5.74837e-01
    3.33333e-01     1.45369e+03     1.76248e+00     3.63762e+02     6.08254e-01
    3.37443e-01     1.43476e+03     2.37013e+00     3.56140e+02     5.19418e-01
    3.41545e-01     1.41879e+03     3.09504e+00     3.49003e+02     8.59295e-01
    3.45625e-01     1.40494e+03     1.76730e+00     3.42087e+02     1.04268e+00
    3.49715e-01     1.39066e+03     2.26448e+00     3.36517e+02     9.37562e-01
    3.53817e-01     1.36507e+03     2.58941e+00     3.27516e+02     4.51234e-01
    3.57906e-01     1.35282e+03     2.73290e+00     3.21859e+02     5.13296e-01
    3.61975e-01     1.34274e+03     1.44514e+00     3.17022e+02     2.87917e-01
    3.66071e-01     1.32721e+03     2.07265e+00     3.10591e+02     7.22793e-01
    3.70189e-01     1.31468e+03     1.84957e+00     3.05107e+02     4.52421e-01
    3.74277e-01     1.29910e+03     1.36489e+00     2.99673e+02     2.70728e-01
    3.78356e-01     1.28610e+03     2.39255e+00     2.94174e+02     3.25241e-01
    3.82448e-01     1.27312e+03     2.95878e+00     2.89286e+02     5.43761e-01
    3.86535e-01     1.26101e+03     2.29256e+00     2.84157e+02     7.02177e-01
    3.90624e-01     1.25560e+03     2.27899e+00     2.80783e+02     8.90138e-01
    3.94706e-01     1.24021e+03     2.34750e+00     2.74968e+02     4.58669e-01
    3.98794e-01     1.22960e+03     8.83551e-01     2.71053e+02     2.36656e-01
    4.02896e-01     1.21872e+03     1.65277e+00     2.66103e+02     5.56718e-01
    4.06986e-01     1.20986e+03     1.76001e+00     2.62029e+02     7.45969e-01
    4.11069e-01     1.19234e+03     1.55532e+00     2.56405e+02     2.79738e-01
    4.15170e-01     1.18614e+03     2.62984e+00     2.53267e+02     4.41029e-01
    4.19263e-01     1.17463e+03     2.97301e+00     2.49020e+02     5.78265e-01
    4.23353e-01     1.16521e+03     2.85588e+00     2.45132e+02     6.00534e-01
    4.27447e-01     1.15785e+03     2.11780e+00     2.41482e+02     5.05111e-01
    4.31534e-01     1.14682e+03     8.00159e-01     2.37598e+02     2.98471e-01
    4.35624e-01     1.13662e+03     3.21374e+00     2.33718e+02     8.55435e-01
    4.39718e-01     1.12991e+03     9.86266e-01     2.30534e+02     2.16687e-01
    4.43804e-01     1.12002e+03     9.52868e-01     2.27379e+02     3.98320e-01
    4.47892e-01     1.11170e+03     1.84895e+00     2.23563e+02     4.04122e-01
    4.51977e-01     1.10298e+03     1.48197e+00     2.20249e+02     4.20061e-01
    4.56067e-01     1.09472e+03     1.19085e+00     2.17144e+02     2.19881e-01
    4.60165e-01     1.08836e+03     9.33174e-01     2.14275e+02     3.05155e-01
    4.64260e-01     1.08230e+03     6.37059e-01     2.11591e+02     4.50585e-01
    4.68355e-01     1.07462e+03     5.91284e-01     2.08511e+02     2.26431e-01
    4.72450e-01     1.06550e+03     1.30424e+00     2.05200e+02     2.64468e-01
    4.76540e-01     1.05805e+03     1.04478e+00     2.02231e+02     2.11159e-01
    4.80633e-01     1.05168e+03     1.41164e+00     1.99573e+02     5.00068e-01
    4.84718e-01     1.04560e+03     1.30440e+00     1.96888e+02     4.25666e-01
    4.88794e-01     1.03789e+03     2.41733e+00     1.94630e+02     5.27481e-01
    4.92888e-01     1.03286e+03     1.28423e+00     1.92074e+02     3.28062e-01
    4.96984e-01     1.02756e+03     5.74742e-01     1.89494e+02     3.80627e-01
    5.01073e-01     1.01801e+03     1.96952e+00     1.86908e+02     2.56599e-01
    5.05169e-01     1.01264e+03     8.78082e-01     1.84340e+02     1.73609e-01
    5.09268e-01     1.00784e+03     1.19092e+00     1.82216e+02     2.67103e-01
    5.13369e-01     1.00148e+03     1.86564e+00     1.79813e+02     5.93313e-01
    5.17441e-01     9.94605e+02     8.74871e-01     1.77605e+02     2.08497e-01
    5.21516e-01     9.89037e+02     9.74812e-01     1.75575e+02     2.61361e-01
    5.25611e-01     9.83838e+02     1.33815e+00     1.72829e+02     2.80796e-01
    5.29706e-01     9.78966e+02     9.46717e-01     1.71268e+02     2.67566e-01
    5.33801e-01     9.72353e+02     4.96468e-01     1.68825e+02     1.25625e-01
    5.37888e-01     9.68269e+02     6.47649e-01     1.67288e+02     1.31848e-01
    5.41985e-01     9.62143e+02     2.03171e+00     1.65194e+02     2.79813e-01
    5.46091e-01     9.56153e+02     1.22838e+00     1.62931e+02     2.03999e-01
    5.50174e-01     9.50106e+02     1.05370e+00     1.60851e+02     2.56185e-01
    5.54252e-01     9.47551e+02     8.13962e-01     1.59343e+02     2.99521e-01
    5.58346e-01     9.40635e+02     1.33620e+00     1.56914e+02     2.29538e-01
    5.62439e-01     9.37997e+02     7.96488e-01     1.55826e+02     3.38556e-01
    5.66527e-01     9.32433e+02     1.27948e+00     1.53839e+02     2.94414e-01
    5.70616e-01     9.28613e+02     9.44855e-01     1.52227e+02     2.43588e-01
    5.74707e-01     9.23866e+02     7.20778e-01     1.50471e+02     1.86080e-01
    5.78798e-01     9.17597e+02     7.15006e-01     1.48342e+02     2.46259e-01
    5.82883e-01     9.13357e+02     1.48738e+00     1.46799e+02     6.32004e-02
    5.86977e-01     9.09826e+02     7.77624e-01     1.45317e+02     2.07797e-01
    5.91070e-01     9.06860e+02     1.16305e+00     1.43996e+02     2.54367e-01
    5.95166e-01     9.02044e+02     6.49030e-01     1.42308e+02     1.62988e-01
    5.99260e-01     8.97346e+02     7.57129e-01     1.40621e+02     1.97998e-01
    6.03349e-01     8.94151e+02     1.56159e+00     1.39431e+02     3.08298e-01
    6.07445e-01     8.89180e+02     7.54034e-01     1.37859e+02     2.23086e-01
    6.11543e-01     8.84381e+02     7.90633e-01     1.36088e+02     1.71273e-01
    6.15623e-01     8.82136e+02     1.19977e+00     1.34876e+02     9.14559e-02
    6.19704e-01     8.77811e+02     1.01902e+00     1.33524e+02     1.82954e-01
    6.23792e-01     8.73916e+02     1.02332e+00     1.32408e+02     1.58965e-01
    6.27891e-01     8.69732e+02     1.25501e+00     1.30689e+02     3.28446e-01
    6.31991e-01     8.67137e+02     1.15487e+00     1.29585e+02     1.13707e-01
    6.36073e-01     8.62317e+02     1.19634e+00     1.27832e+02     1.06798e-01
    6.40158e-01     8.59240e+02     5.69745e-01     1.26594e+02     8.11427e-02
    6.44244e-01     8.56616e+02     1.17062e+00     1.25762e+02     2.28966e-01
    6.48338e-01     8.53169e+02     5.94418e-01     1.24372e+02     1.80286e-01
    6.52432e-01     8.48467e+02     1.10849e+00     1.23040e+02     1.97593e-01
    6.56514e-01     8.46006e+02     4.17942e-01     1.21988e+02     1.70837e-01
    6.60609e-01     8.43543e+02     7.09175e-01     1.20905e+02     1.70147e-01
    6.64712e-01     8.39469e+02     4.60861e-01     1.19829e+02     2.16409e-01
    6.68801e-01     8.35681e+02     4.63542e-01     1.18383e+02     1.41204e-01
    6.72890e-01     8.32988e+02     6.18953e-01     1.17432e+02     1.49968e-01
    6.76984e-01     8.29662e+02     8.13150e-01     1.16334e+02     9.35284e-02
    6.81074e-01     8.27061e+02     6.26760e-01     1.15317e+02     1.20640e-01
    6.85160e-01     8.24474e+02     8.51011e-01     1.14234e+02     1.00471e-01
    6.89246e-01     8.20791e+02     8.53170e-01     1.13082e+02     2.86479e-01
    6.93336e-01     8.17422e+02     8.59217e-01     1.11903e+02     1.87180e-01
    6.97434e-01     8.14568e+02     1.02874e+00     1.10938e+02     1.09768e-01
    7.01528e-01     8.12277e+02     7.96028e-01     1.10040e+02     1.37693e-01
    7.05618e-01     8.07979e+02     5.70328e-01     1.08999e+02     1.21470e-01
    7.09708e-01     8.06637e+02     7.84384e-01     1.08213e+02     1.15803e-01
    7.13796e-01     8.03985e+02     1.00690e+00     1.07254e+02     1.63022e-01
    7.17892e-01     8.01637e+02     4.79445e-01     1.06282e+02     1.31969e-01
    7.21982e-01     7.98362e+02     5.98694e-01     1.05482e+02     1.00737e-01
    7.26059e-01     7.95605e+02     7.70560e-01     1.04447e+02     1.40374e-01
    7.30145e-01     7.93160e+02     6.05162e-01     1.03600e+02     1.17756e-01
    7.34240e-01     7.89926e+02     5.75276e-01     1.02741e+02     1.68849e-01
    7.38340e-01     7.87775e+02     8.33938e-01     1.01818e+02     1.77434e-01
    7.42427e-01     7.84228e+02     4.94483e-01     1.00874e+02     9.82112e-02
    7.46511e-01     7.83683e+02     2.34882e-01     1.00140e+02     8.20752e-02
    7.50614e-01     7.80204e+02     7.69616e-01     9.91070e+01     1.89701e-01
    7.54706e-01     7.77163e+02     4.36962e-01     9.83203e+01     6.93512e-02
    7.58795e-01     7.74256e+02     2.89082e-01     9.75456e+01     6.28715e-02
    7.62888e-01     7.73224e+02     7.18904e-01     9.69958e+01     5.97787e-02
    7.66986e-01     7.69806e+02     7.74172e-01     9.59795e+01     1.40773e-01
    7.71073e-01     7.67390e+02     5.91066e-01     9.51759e+01     1.01035e-01
    7.75153e-01     7.65457e+02     7.51749e-01     9.45403e+01     1.09192e-01
    7.79241e-01     7.62531e+02     5.10874e-01     9.36681e+01     4.90677e-02
    7.83335e-01     7.61633e+02     6.20238e-01     9.31120e+01     8.16092e-02
    7.87426e-01     7.58910e+02     5.92988e-01     9.22693e+01     1.04776e-01
    7.91513e-01     7.55613e+02     3.62200e-01     9.14251e+01     8.41031e-02
    7.95606e-01     7.54384e+02     4.71041e-01     9.08606e+01     1.23135e-01
    7.99702e-01     7.51617e+02     6.79983e-01     9.01504e+01     1.33215e-01
    8.03798e-01     7.49808e+02     1.19707e+00     8.93925e+01     2.04439e-01
    8.07879e-01     7.46521e+02     5.70246e-01     8.86016e+01     8.50872e-02
    8.11963e-01     7.45198e+02     7.34263e-01     8.79224e+01     1.06919e-01
    8.16059e-01     7.43662e+02     4.92123e-01     8.73716e+01     8.22777e-02
    8.20152e-01     7.41444e+02     5.05583e-01     8.67946e+01     8.37452e-02
    8.24242e-01     7.39499e+02     4.76911e-01     8.60367e+01     5.74534e-02
    8.28331e-01     7.37256e+02     6.54699e-01     8.53508e+01     8.14324e-02
    8.32425e-01     7.35876e+02     6.04737e-01     8.48551e+01     9.36172e-02
    8.36516e-01     7.33942e+02     9.97727e-01     8.43665e+01     6.12652e-02
    8.40610e-01     7.30424e+02     8.68035e-01     8.34377e+01     8.47010e-02
    8.44704e-01     7.28966e+02     5.19168e-01     8.28681e+01     8.96022e-02
    8.48790e-01     7.26862e+02     5.14785e-01     8.21806e+01     1.29211e-01
    8.52876e-01     7.25668e+02     2.84788e-01     8.17742e+01     1.10153e-01
    8.56967e-01     7.22709e+02     5.70926e-01     8.11100e+01     1.40571e-01
    8.61059e-01     7.20971e+02     3.77714e-01     8.04899e+01     6.15426e-02
    8.65147e-01     7.20030e+02     3.46544e-01     8.00205e+01     8.54308e-02
    8.69235e-01     7.17546e+02     1.23208e+00     7.93961e+01     1.58588e-01
    8.73334e-01     7.16066e+02     6.37143e-01     7.88237e+01     7.68421e-02
    8.77429e-01     7.14445e+02     4.05690e-01     7.83369e+01     1.23469e-01
    8.81512e-01     7.12701e+02     4.04567e-01     7.79205e+01     9.67574e-02
    8.85601e-01     7.10141e+02     6.79000e-01     7.72281e+01     9.89378e-02
    8.89691e-01     7.09093e+02     5.41336e-01     7.66073e+01     5.84597e-02
    8.93784e-01     7.07336e+02     3.69780e-01     7.62018e+01     9.00827e-02
    8.97875e-01     7.05336e+02     4.90945e-01     7.56180e+01     9.32361e-02
    9.01960e-01     7.03515e+02     6.44338e-01     7.51411e+01     7.57178e-02
    9.06054e-01     7.02694e+02     5.79400e-01     7.46680e+01     7.96838e-02
    9.10146e-01     7.00555e+02     3.90423e-01     7.41685e+01     4.73556e-02
    9.14237e-01     6.98277e+02     5.79463e-01     7.34877e+01     1.27711e-01
    9.18331e-01     6.96265e+02     2.62982e-01     7.30850e+01     3.62568e-02
    9.22421e-01     6.94808e+02     4.88391e-01     7.26282e+01     9.00299e-02
    9.26509e-01     6.93219e+02     4.78243e-01     7.21610e+01     3.44541e-02
    9.30598e-01     6.91875e+02     7.86407e-01     7.16771e+01     5.98756e-02
    9.34692e-01     6.90255e+02     4.31883e-01     7.12510e+01     5.28594e-02
    9.38787e-01     6.88711e+02     3.75362e-01     7.07754e+01     4.54539e-02
    9.42873e-01     6.86420e+02     4.90176e-01     7.03009e+01     7.73680e-02
    9.46961e-01     6.84831e+02     4.74937e-01     6.98158e+01     7.70759e-02
    9.51054e-01     6.83837e+02     5.80025e-01     6.93220e+01     9.66797e-02
    9.55150e-01     6.81464e+02     6.47714e-01     6.88747e+01     8.09273e-02
    9.59240e-01     6.80898e+02     3.94346e-01     6.85349e+01     7.17282e-02
    9.63327e-01     6.78910e+02     6.47072e-01     6.81390e+01     7.43965e-02
    9.67420e-01     6.77251e+02     6.43231e-01     6.75538e+01     3.23750e-02
    9.71506e-01     6.75505e+02     7.43874e-01     6.71514e+01     3.38467e-02
    9.75588e-01     6.73536e+02     6.21348e-01     6.66754e+01     6.27470e-02
    9.79678e-01     6.73187e+02     4.47067e-01     6.65578e+01     8.76890e-02
    9.83773e-01     6.71404e+02     4.79810e-01     6.58556e+01     5.38182e-02
    9.87866e-01     6.69486e+02     8.06573e-01     6.54727e+01     6.97645e-02
    9.91960e-01     6.67410e+02     2.50063e-01     6.50456e+01     8.80868e-02
    9.96055e-01     6.66477e+02     1.59688e-01     6.48193e+01     5.06005e-02
    1.00015e+00     6.65194e+02     5.93587e-01     6.42894e+01     6.98817e-02
    1.00424e+00     6.64031e+02     5.58341e-01     6.40092e+01     4.35173e-02
    1.00832e+00     6.62867e+02     3.11356e-01     6.37181e+01     3.68444e-02
    1.01242e+00     6.60896e+02     1.76931e-01     6.31948e+01     3.95943e-02
    1.01651e+00     6.59606e+02     5.31432e-01     6.27845e+01     5.41169e-02
    1.02059e+00     6.58376e+02     2.17487e-01     6.24715e+01     5.69040e-02
    1.02468e+00     6.57203e+02     2.83438e-01     6.21087e+01     4.39360e-02
    1.02878e+00     6.55282e+02     4.58640e-01     6.17136e+01     4.60500e-02
    1.03287e+00     6.54010e+02     4.60003e-01     6.13197e+01     9.22818e-02
    1.03695e+00     6.52467e+02     5.82754e-01     6.09690e+01     9.50164e-02
    1.04105e+00     6.51161e+02     4.18870e-01     6.06215e+01     3.36464e-02
    1.04515e+00     6.49691e+02     3.94959e-01     6.02732e+01     4.69214e-02
    1.04923e+00     6.48476e+02     6.85244e-01     5.98593e+01     5.48730e-02
    1.05332e+00     6.47244e+02     3.87043e-01     5.96297e+01     5.92590e-02
    1.05741e+00     6.46115e+02     2.74271e-01     5.92528e+01     5.84493e-02
    1.06150e+00     6.44566e+02     5.83324e-01     5.89709e+01     5.58755e-02
    1.06559e+00     6.43257e+02     2.90641e-01     5.85599e+01     3.85953e-02
    1.06968e+00     6.41912e+02     7.09318e-01     5.82866e+01     8.44342e-02
    1.07377e+00     6.40684e+02     3.55236e-01     5.79452e+01     4.33609e-02
    1.07786e+00     6.39282e+02     2.63969e-01     5.75776e+01     4.83843e-02
    1.08195e+00     6.38381e+02     4.47944e-01     5.72286e+01     3.05733e-02
    1.08605e+00     6.36954e+02     3.58640e-01     5.69744e+01     5.83442e-02
    1.09014e+00     6.35434e+02     3.04133e-01     5.66363e+01     6.24210e-02
    1.09422e+00     6.34246e+02     3.09254e-01     5.63738e+01     4.63451e-02
    1.09832e+00     6.33537e+02     4.28512e-01     5.60417e+01     6.49506e-02
    1.10242e+00     6.31514e+02     2.64491e-01     5.56249e+01     6.82184e-02
    1.10650e+00     6.30371e+02     2.79231e-01     5.53828e+01     5.38826e-02
    1.11059e+00     6.28499e+02     2.59625e-01     5.49700e+01     7.67972e-02
    1.11468e+00     6.27788e+02     4.64825e-01     5.47652e+01     3.06282e-02
    1.11878e+00     6.26885e+02     2.46883e-01     5.44970e+01     6.38674e-02
    1.12287e+00     6.25644e+02     2.60767e-01     5.42652e+01     6.56959e-02
    1.12695e+00     6.24486e+02     3.47408e-01     5.39261e+01     2.94781e-02
    1.13105e+00     6.23666e+02     3.23749e-01     5.37166e+01     4.90972e-02
    1.13514e+00     6.21314e+02     2.73490e-01     5.32557e+01     7.50008e-02
    1.13922e+00     6.20471e+02     4.21105e-01     5.30370e+01     5.47847e-02
    1.14331e+00     6.19102e+02     3.05927e-01     5.27421e+01     7.56383e-02
    1.14741e+00     6.17950e+02     2.47451e-01     5.24758e+01     7.74928e-02
    1.15150e+00     6.16640e+02     2.37275e-01     5.22315e+01     5.30460e-02
    1.15559e+00     6.15330e+02     3.48890e-01     5.18499e+01     3.90394e-02
    1.15968e+00     6.15065e+02     2.99524e-01     5.17677e+01     5.61842e-02
    1.16377e+00     6.13047e+02     3.96118e-01     5.13367e+01     2.55612e-02
    1.16786e+00     6.11973e+02     3.41545e-01     5.11334e+01     7.19167e-02
    1.17195e+00     6.11432e+02     2.38822e-01     5.09050e+01     4.53955e-02
    1.17604e+00     6.10262e+02     4.20074e-01     5.06143e+01     3.61529e-02
    1.18013e+00     6.08252e+02     3.06143e-01     5.03252e+01     4.54751e-02
    1.18422e+00     6.07083e+02     3.32922e-01     5.00302e+01     5.72759e-02
    1.18831e+00     6.06226e+02     4.17644e-01     4.98331e+01     5.76781e-02
    1.19240e+00     6.05280e+02     6.12693e-01     4.95798e+01     4.78737e-02
    1.19649e+00     6.04140e+02     3.95606e-01     4.93836e+01     2.54908e-02
    1.20059e+00     6.02807e+02     2.07406e-01     4.90729e+01     4.53148e-02
    1.20468e+00     6.02246e+02     3.48163e-01     4.88137e+01     3.10574e-02
    1.20877e+00     6.00653e+02     3.44165e-01     4.85636e+01     3.85656e-02
    1.21286e+00     5.99777e+02     3.16935e-01     4.83794e+01     6.81881e-02
    1.21695e+00     5.98694e+02     3.31757e-01     4.81330e+01     5.63469e-02
    1.22104e+00     5.97500e+02     2.72891e-01     4.78208e+01     5.91944e-02
    1.22513e+00     5.96282e+02     3.07503e-01     4.76359e+01     4.34610e-02
    1.22922e+00     5.94868e+02     2.88705e-01     4.73557e+01     3.96148e-02
    1.23330e+00     5.93873e+02     5.28506e-01     4.71527e+01     2.20081e-02
    1.23740e+00     5.92942e+02     3.10972e-01     4.69422e+01     2.06474e-02
    1.24149e+00     5.92064e+02     3.20789e-01     4.67125e+01     5.22289e-02
    1.24558e+00     5.90855e+02     2.17104e-01     4.64740e+01     3.54590e-02
    1.24967e+00     5.89636e+02     2.49754e-01     4.62091e+01     3.43263e-02
    1.25376e+00     5.88913e+02     2.70203e-01     4.59995e+01     2.34033e-02
    1.25785e+00     5.87273e+02     3.92608e-01     4.57820e+01     2.67795e-02
    1.26194e+00     5.86452e+02     2.37191e-01     4.55676e+01     3.20257e-02
    1.26603e+00     5.85439e+02     3.74332e-01     4.53940e+01     3.09387e-02
    1.27012e+00     5.84220e+02     2.60886e-01     4.51651e+01     2.86794e-02
    1.27422e+00     5.83237e+02     3.54119e-01     4.49293e+01     3.37546e-02
    1.27831e+00     5.81718e+02     2.47788e-01     4.47328e+01     2.10817e-02
    1.28240e+00     5.81426e+02     1.17629e-01     4.45104e+01     3.04983e-02
    1.28649e+00     5.80066e+02     4.26692e-01     4.42826e+01     4.77214e-02
    1.29058e+00     5.79065e+02     3.67849e-01     4.40945e+01     3.28186e-02
    1.29467e+00     5.77826e+02     2.35513e-01     4.38708e+01     4.80810e-02
    1.29876e+00     5.77396e+02     2.70180e-01     4.36595e+01     6.84983e-02
    1.30285e+00     5.76169e+02     3.57102e-01     4.34466e+01     4.37967e-02
    1.30694e+00     5.75082e+02     2.29735e-01     4.32623e+01     2.96064e-02
    1.31103e+00     5.73996e+02     2.39958e-01     4.30480e+01     3.40699e-02
    1.31512e+00     5.72927e+02     4.70138e-01     4.28607e+01     2.96557e-02
    1.31921e+00     5.71848e+02     3.11708e-01     4.26651e+01     3.38223e-02
    1.32331e+00     5.70529e+02     2.04908e-01     4.24128e+01     5.84939e-02
    1.32739e+00     5.70205e+02     4.01552e-01     4.23089e+01     2.54537e-02
    1.33148e+00     5.68720e+02     2.22700e-01     4.20755e+01     4.28989e-02
    1.33558e+00     5.67914e+02     4.43952e-01     4.18961e+01     4.21769e-02
    1.33967e+00     5.67170e+02     1.81960e-01     4.16864e+01     2.07254e-02
    1.34376e+00     5.66105e+02     3.15816e-01     4.15076e+01     5.05767e-02
    1.34785e+00     5.65162e+02     2.97647e-01     4.13456e+01     3.25638e-02
    1.35195e+00     5.63968e+02     1.96970e-01     4.11559e+01     4.20009e-02
    1.35603e+00     5.62845e+02     3.71815e-01     4.09748e+01     3.90268e-02
    1.36011e+00     5.61482e+02     3.22578e-01     4.07429e+01     3.62197e-02
    1.36421e+00     5.60498e+02     2.77670e-01     4.05542e+01     2.61087e-02
    1.36830e+00     5.59938e+02     1.83971e-01     4.03921e+01     1.25891e-02
    1.37239e+00     5.58917e+02     3.68834e-01     4.02511e+01     3.30288e-02
    1.37648e+00     5.57595e+02     3.01259e-01     4.00621e+01     3.12060e-02
    1.38057e+00     5.56910e+02     2.49304e-01     3.98755e+01     2.45397e-02
    1.38466e+00     5.56210e+02     2.94812e-01     3.97003e+01     2.68393e-02
    1.38875e+00     5.54788e+02     1.84383e-01     3.95039e+01     1.94557e-02
    1.39285e+00     5.53997e+02     2.13546e-01     3.93416e+01     4.68149e-02
    1.39694e+00     5.52950e+02     3.14360e-01     3.91607e+01     2.08562e-02
    1.40102e+00     5.52212e+02     3.10351e-01     3.89944e+01     3.69154e-02
    1.40512e+00     5.51509e+02     3.21432e-01     3.88739e+01     2.67849e-02
    1.40921e+00     5.50326e+02     2.18068e-01     3.86868e+01     4.00967e-02
    1.41330e+00     5.49189e+02     4.08192e-01     3.84678e+01     3.43393e-02
    1.41739e+00     5.48609e+02     1.71550e-01     3.83471e+01     1.62151e-02
    1.42148e+00     5.47684e+02     2.47090e-01     3.82084e+01     2.31792e-02
    1.42557e+00     5.46525e+02     1.85246e-01     3.80031e+01     1.78876e-02
    1.42966e+00     5.45318e+02     2.22380e-01     3.78125e+01     2.79228e-02
    1.43375e+00     5.44450e+02     2.79780e-01     3.76917e+01     3.80631e-02
    1.43784e+00     5.43574e+02     1.20657e-01     3.75005e+01     4.85895e-02
    1.44193e+00     5.42569e+02     2.78654e-01     3.73713e+01     2.97160e-02
    1.44602e+00     5.41837e+02     1.61316e-01     3.72300e+01     2.43270e-02
    1.45011e+00     5.41084e+02     2.22420e-01     3.70294e+01     3.89762e-02
    1.45420e+00     5.39767e+02     1.84744e-01     3.68920e+01     3.06160e-02
    1.45830e+00     5.38910e+02     2.22243e-01     3.67231e+01     1.78533e-02
    1.46239e+00     5.38401e+02     2.04836e-01     3.65906e+01     3.01491e-02
    1.46648e+00     5.36933e+02     1.87338e-01     3.64302e+01     4.24142e-02
    1.47056e+00     5.36376e+02     2.73668e-01     3.62769e+01     1.89662e-02
    1.47465e+00     5.35120e+02     1.42199e-01     3.61370e+01     2.48933e-02
    1.47874e+00     5.34079e+02     2.88327e-01     3.59169e+01     4.17500e-02
    1.48283e+00     5.33149e+02     1.94188e-01     3.57872e+01     3.24305e-02
    1.48693e+00     5.32253e+02     1.61324e-01     3.56742e+01     1.01865e-02
    1.49102e+00     5.31445e+02     1.76079e-01     3.55088e+01     1.36173e-02
    1.49511e+00     5.30564e+02     9.94916e-02     3.53399e+01     2.02793e-02
    1.49920e+00     5.29821e+02     1.53899e-01     3.52054e+01     1.13201e-02
    1.50329e+00     5.28812e+02     1.70918e-01     3.50675e+01     3.21280e-02
    1.50738e+00     5.28065e+02     1.76528e-01     3.49703e+01     1.82711e-02
    1.51148e+00     5.27073e+02     2.27357e-01     3.47955e+01     2.07937e-02
    1.51557e+00     5.26087e+02     2.05361e-01     3.46577e+01     2.82579e-02
    1.51965e+00     5.24672e+02     1.33499e-01     3.44377e+01     1.95004e-02
    1.52374e+00     5.24389e+02     1.70673e-01     3.44057e+01     3.32702e-02
    1.52784e+00     5.22970e+02     1.49379e-01     3.42142e+01     2.08027e-02
    1.53193e+00     5.22390e+02     1.20539e-01     3.40900e+01     2.41277e-02
    1.53602e+00     5.21394e+02     2.32841e-01     3.39477e+01     3.41040e-02
    1.54011e+00     5.20610e+02     3.57199e-01     3.38018e+01     1.47142e-02
    1.54420e+00     5.19829e+02     3.13792e-01     3.36704e+01     3.30764e-02
    1.54829e+00     5.18627e+02     2.32770e-01     3.35288e+01     3.32394e-02
    1.55238e+00     5.18037e+02     3.12785e-01     3.33887e+01     1.84868e-02
    1.55647e+00     5.17303e+02     1.73285e-01     3.32594e+01     1.90991e-02
    1.56056e+00     5.16171e+02     1.59820e-01     3.31209e+01     1.30462e-02
    1.56465e+00     5.15389e+02     3.08334e-01     3.30135e+01     2.59834e-02
    1.56874e+00     5.14436e+02     2.59870e-01     3.28679e+01     1.49095e-02
    1.57283e+00     5.13502e+02     1.87981e-01     3.27193e+01     2.27798e-02
    1.57693e+00     5.12548e+02     2.41630e-01     3.25846e+01     2.21334e-02
    1.58102e+00     5.11826e+02     1.64731e-01     3.24770e+01     1.81506e-02
    1.58510e+00     5.10729e+02     2.61490e-01     3.23654e+01     1.68201e-02
    1.58919e+00     5.09807e+02     1.89751e-01     3.22092e+01     2.16329e-02
    1.59329e+00     5.09170e+02     1.23186e-01     3.20780e+01     3.44884e-02
    1.59738e+00     5.07902e+02     3.19703e-01     3.19605e+01     5.32787e-02
    1.60147e+00     5.07655e+02     1.91549e-01     3.18346e+01     2.09873e-02
    1.60556e+00     5.06576e+02     1.01797e-01     3.17244e+01     1.64105e-02
    1.60965e+00     5.05677e+02     2.06812e-01     3.15977e+01     2.13518e-02
    1.61374e+00     5.04909e+02     2.60288e-01     3.14590e+01     1.37640e-02
    1.61783e+00     5.03548e+02     1.56982e-01     3.13311e+01     1.07857e-02
    1.62192e+00     5.03301e+02     2.17523e-01     3.12299e+01     3.34039e-02
    1.62601e+00     5.02239e+02     1.88734e-01     3.10959e+01     2.13149e-02
    1.63010e+00     5.01619e+02     8.49480e-02     3.09873e+01     2.33330e-02
    1.63419e+00     5.00603e+02     1.50491e-01     3.08642e+01     2.72114e-02
    1.63828e+00     4.99578e+02     1.34854e-01     3.07300e+01     2.04926e-02
    1.64238e+00     4.98626e+02     1.91067e-01     3.06398e+01     1.26041e-02
    1.64647e+00     4.97987e+02     2.18609e-01     3.04879e+01     2.04018e-02
    1.65055e+00     4.96875e+02     1.57180e-01     3.03665e+01     1.81686e-02
    1.65465e+00     4.96219e+02     2.30658e-01     3.02747e+01     9.06836e-03
    1.65874e+00     4.95414e+02     1.94869e-01     3.01587e+01     1.56074e-02
    1.66283e+00     4.94535e+02     2.44740e-01     3.00866e+01     2.73623e-02
    1.66691e+00     4.93584e+02     2.76144e-01     2.99346e+01     1.95598e-02
    1.67101e+00     4.92797e+02     1.62047e-01     2.97949e+01     1.74684e-02
    1.67510e+00     4.92020e+02     2.89373e-01     2.96917e+01     2.27906e-02
    1.67919e+00     4.90837e+02     2.56714e-01     2.95749e+01     2.03517e-02
    1.68328e+00     4.90396e+02     1.20746e-01     2.94609e+01     2.17549e-02
    1.68737e+00     4.89263e+02     1.99871e-01     2.93147e+01     3.24434e-02
    1.69146e+00     4.88452e+02     2.13802e-01     2.92238e+01     1.22346e-02
    1.69555e+00     4.87676e+02     1.29443e-01     2.91227e+01     8.34036e-03
    1.69964e+00     4.86958e+02     7.77023e-02     2.90294e+01     1.59229e-02
    1.70373e+00     4.85812e+02     1.73440e-01     2.89305e+01     2.45492e-02
    1.70782e+00     4.85217e+02     2.21901e-01     2.88026e+01     2.46309e-02
    1.71191e+00     4.84296e+02     2.66297e-01     2.86989e+01     2.37125e-02
    1.71600e+00     4.83577e+02     6.31688e-02     2.85755e+01     2.01549e-02
    1.72009e+00     4.82681e+02     2.14989e-01     2.84769e+01     1.55935e-02
    1.72418e+00     4.82116e+02     2.05403e-01     2.84197e+01     2.10592e-02
    1.72828e+00     4.81243e+02     2.43385e-01     2.82768e+01     2.10329e-02
    1.73237e+00     4.80161e+02     8.09160e-02     2.81686e+01     3.16054e-02
    1.73646e+00     4.79295e+02     2.11705e-01     2.80517e+01     1.87626e-02
    1.74055e+00     4.78434e+02     1.78413e-01     2.79395e+01     2.76307e-02
    1.74464e+00     4.77688e+02     1.27158e-01     2.78392e+01     1.18928e-02
    1.74874e+00     4.77054e+02     1.42693e-01     2.77359e+01     1.21267e-02
    1.75282e+00     4.75896e+02     1.49231e-01     2.76214e+01     1.39192e-02
    1.75691e+00     4.75495e+02     1.42121e-01     2.75248e+01     1.23582e-02
    1.76100e+00     4.74499e+02     1.91057e-01     2.74251e+01     2.09697e-02
    1.76509e+00     4.73748e+02     1.35742e-01     2.73578e+01     9.57299e-03
    1.76918e+00     4.73056e+02     2.97361e-01     2.72637e+01     1.70722e-02
    1.77327e+00     4.72003e+02     2.60555e-01     2.71494e+01     2.78500e-02
    1.77737e+00     4.71348e+02     1.04357e-01     2.70408e+01     2.05044e-02
    1.78146e+00     4.70385e+02     9.76416e-02     2.69200e+01     2.30887e-02
    1.78554e+00     4.69394e+02     1.34047e-01     2.68341e+01     2.90850e-02
    1.78964e+00     4.68769e+02     2.48345e-01     2.67640e+01     1.00424e-02
    1.79373e+00     4.67898e+02     1.86963e-01     2.66468e+01     1.36394e-02
    1.79782e+00     4.67149e+02     2.13422e-01     2.65654e+01     8.88158e-03
    1.80191e+00     4.66396e+02     1.00981e-01     2.64356e+01     2.36770e-02
    1.80600e+00     4.65639e+02     8.61655e-02     2.63401e+01     2.40987e-02
    1.81009e+00     4.64627e+02     1.95711e-01     2.62677e+01     2.29818e-02
    1.81418e+00     4.63838e+02     2.60168e-01     2.61684e+01     1.64504e-02
    1.81827e+00     4.62716e+02     1.20795e-01     2.60465e+01     8.13796e-03
    1.82236e+00     4.62120e+02     7.76685e-02     2.59694e+01     1.09608e-02
    1.82645e+00     4.61302e+02     9.41314e-02     2.58839e+01     1.59408e-02
    1.83054e+00     4.60338e+02     2.02310e-01     2.57828e+01     2.49549e-02
    1.83463e+00     4.59689e+02     1.75339e-01     2.56811e+01     8.23808e-03
    1.83872e+00     4.58854e+02     1.66393e-01     2.55793e+01     1.19957e-02
    1.84281e+00     4.58309e+02     1.97350e-01     2.55274e+01     1.85537e-02
    1.84691e+00     4.57187e+02     1.72107e-01     2.53968e+01     9.72408e-03
    1.85100e+00     4.56682e+02     1.66537e-01     2.53492e+01     1.25116e-02
    1.85509e+00     4.56106e+02     1.81869e-01     2.52508e+01     7.97209e-03
    1.85918e+00     4.54993e+02     4.01669e-02     2.51555e+01     2.84519e-02
    1.86327e+00     4.54316e+02     2.53753e-01     2.50496e+01     1.62811e-02
    1.86736e+00     4.53468e+02     1.89399e-01     2.49872e+01     1.18947e-02
    1.87145e+00     4.52548e+02     9.94909e-02     2.48782e+01     1.81943e-02
    1.87554e+00     4.51642e+02     4.36387e-02     2.47844e+01     1.92408e-02
    1.87963e+00     4.50828e+02     1.76245e-01     2.46737e+01     1.41563e-02
    1.88372e+00     4.50457e+02     7.35446e-02     2.46277e+01     2.16832e-02
    1.88781e+00     4.49394e+02     1.97195e-01     2.45288e+01     2.58187e-02
    1.89190e+00     4.48442e+02     1.47651e-01     2.44336e+01     1.26479e-02
    1.89599e+00     4.47882e+02     1.26870e-01     2.43496e+01     2.19098e-02
    1.90008e+00     4.47073e+02     1.21287e-01     2.42643e+01     1.67550e-02
    1.90417e+00     4.46192e+02     1.22496e-01     2.41833e+01     1.89439e-02
    1.90827e+00     4.45309e+02     7.10582e-02     2.40935e+01     2.31269e-02
    1.91236e+00     4.44573e+02     1.37389e-01     2.40074e+01     1.74449e-02
    1.91645e+00     4.44052e+02     1.80118e-01     2.39379e+01     1.54932e-02
    1.92054e+00     4.43291e+02     8.36249e-02     2.38367e+01     1.52189e-02
    1.92463e+00     4.42220e+02     1.74932e-01     2.37427e+01     1.01757e-02
    1.92872e+00     4.41287e+02     1.68046e-01     2.36546e+01     1.36310e-02
    1.93281e+00     4.40975e+02     1.40864e-01     2.36018e+01     1.27743e-02
    1.93690e+00     4.39748e+02     2.93678e-01     2.34887e+01     1.21071e-02
    1.94099e+00     4.39087e+02     1.70344e-01     2.34166e+01     1.18897e-02
    1.94508e+00     4.38223e+02     1.91974e-01     2.33175e+01     2.01109e-02
    1.94917e+00     4.37307e+02     5.86962e-02     2.32470e+01     1.18598e-02
    1.95326e+00     4.37053e+02     6.22675e-02     2.31902e+01     1.80351e-02
    1.95735e+00     4.36061e+02     1.01456e-01     2.30790e+01     1.22165e-02
    1.96144e+00     4.35072e+02     9.00559e-02     2.30087e+01     9.11278e-03
    1.96553e+00     4.34436e+02     1.70070e-01     2.29489e+01     1.72129e-02
    1.96962e+00     4.33739e+02     1.70105e-01     2.28850e+01     2.03519e-02
    1.97371e+00     4.32911e+02     1.88083e-01     2.27698e+01     6.70949e-03
    1.97781e+00     4.32324e+02     1.16929e-01     2.26923e+01     1.11697e-02
    1.98190e+00     4.31445e+02     8.63748e-02     2.26268e+01     1.53516e-02
    1.98599e+00     4.30550e+02     2.23243e-01     2.25600e+01     1.71471e-02
    1.99008e+00     4.29690e+02     1.48964e-01     2.24485e+01     1.26631e-02
    1.99417e+00     4.29068e+02     2.29021e-01     2.23927e+01     9.46783e-03
    1.99826e+00     4.28337e+02     2.27709e-01     2.23252e+01     1.14814e-02
    2.00235e+00     4.27554e+02     1.01469e-01     2.22339e+01     1.86391e-02
    2.00644e+00     4.26900e+02     1.92622e-01     2.21590e+01     1.41136e-02
    2.01053e+00     4.25944e+02     1.84446e-01     2.20794e+01     1.32096e-02
    2.01462e+00     4.25294e+02     5.55202e-02     2.20030e+01     8.53058e-03
    2.01871e+00     4.24488e+02     1.24705e-01     2.19114e+01     9.33523e-03
    2.02280e+00     4.23559e+02     1.00258e-01     2.18281e+01     1.74888e-02
    2.02689e+00     4.22901e+02     9.27745e-02     2.17709e+01     8.14437e-03
    2.03098e+00     4.22133e+02     1.60795e-01     2.17007e+01     1.21636e-02
    2.03507e+00     4.21456e+02     2.09952e-01     2.16403e+01     1.98860e-02
    2.03917e+00     4.20566e+02     1.24690e-01     2.15635e+01     1.72956e-02
    2.04325e+00     4.19824e+02     6.10268e-02     2.14829e+01     6.60798e-03
    2.04735e+00     4.19056e+02     1.04972e-01     2.14182e+01     1.38297e-02
    2.05143e+00     4.18399e+02     1.25471e-01     2.13296e+01     1.05990e-02
    2.05552e+00     4.17593e+02     2.15674e-01     2.12566e+01     1.71719e-02
    2.05962e+00     4.16784e+02     1.74143e-01     2.11940e+01     1.15641e-02
    2.06371e+00     4.16083e+02     1.60078e-01     2.11182e+01     1.45470e-02
    2.06780e+00     4.15417e+02     2.14751e-01     2.10540e+01     7.97826e-03
    2.07189e+00     4.14570e+02     1.68039e-01     2.09804e+01     7.16584e-03
    2.07598e+00     4.13755e+02     1.66313e-01     2.09073e+01     1.31568e-02
    2.08007e+00     4.13121e+02     1.45784e-01     2.08289e+01     1.21742e-02
    2.08416e+00     4.12159e+02     7.63905e-02     2.07447e+01     1.26959e-02
    2.08825e+00     4.11599e+02     1.51193e-01     2.06896e+01     1.19531e-02
    2.09234e+00     4.10826e+02     1.32686e-01     2.06240e+01     1.28926e-02
    2.09644e+00     4.09996e+02     1.23383e-01     2.05402e+01     1.38227e-02
    2.10053e+00     4.09165e+02     1.87049e-01     2.04828e+01     1.11109e-02
    2.10461e+00     4.08602e+02     1.73287e-01     2.04168e+01     8.01871e-03
    2.10870e+00     4.07804e+02     1.52698e-01     2.03495e+01     6.32488e-03
    2.11280e+00     4.06961e+02     1.61355e-01     2.02681e+01     1.21888e-02
    2.11688e+00     4.06169e+02     7.03692e-02     2.01988e+01     1.16259e-02
    2.12098e+00     4.05593e+02     1.01884e-01     2.01379e+01     1.29057e-02
    2.12507e+00     4.04751e+02     1.86546e-01     2.00843e+01     9.80302e-03
    2.12916e+00     4.03961e+02     1.23779e-01     2.00063e+01     9.20653e-03
    2.13325e+00     4.03175e+02     1.80417e-01     1.99236e+01     1.29705e-02
    2.13734e+00     4.02529e+02     1.11805e-01     1.98695e+01     1.57746e-02
    2.14143e+00     4.01963e+02     7.64211e-02     1.97953e+01     1.10572e-02
    2.14552e+00     4.01008e+02     5.92978e-02     1.97300e+01     1.09644e-02
    2.14961e+00     4.00299e+02     2.11008e-01     1.96703e+01     2.59319e-02
    2.15370e+00     3.99622e+02     1.56624e-01     1.96131e+01     1.32429e-02
    2.15779e+00     3.98690e+02     1.53687e-01     1.95461e+01     6.14049e-03
    2.16188e+00     3.98001e+02     1.42335e-01     1.94532e+01     9.57804e-03
    2.16597e+00     3.97347e+02     1.53192e-01     1.94056e+01     9.66980e-03
    2.17006e+00     3.96607e+02     1.17952e-01     1.93358e+01     1.51360e-02
    2.17416e+00     3.95993e+02     1.68593e-01     1.92825e+01     8.92443e-03
    2.17825e+00     3.95231e+02     7.97063e-02     1.92242e+01     8.41706e-03
    2.18234e+00     3.94379e+02     1.67084e-01     1.91518e+01     5.47049e-03
    2.18643e+00     3.93608e+02     6.13957e-02     1.90759e+01     1.04492e-02
    2.19052e+00     3.92995e+02     1.28975e-01     1.90218e+01     6.08735e-03
    2.19461e+00     3.92233e+02     1.88882e-01     1.89693e+01     1.77885e-02
    2.19870e+00     3.91289e+02     1.19331e-01     1.88902e+01     9.60783e-03
    2.20279e+00     3.90471e+02     9.62316e-02     1.88080e+01     9.44912e-03
    2.20688e+00     3.89858e+02     9.83914e-02     1.87689e+01     9.37603e-03
    2.21097e+00     3.89247e+02     1.24278e-01     1.87012e+01     6.37238e-03
    2.21506e+00     3.88605e+02     7.99266e-02     1.86434e+01     1.37505e-02
    2.21915e+00     3.87653e+02     1.72818e-01     1.85822e+01     1.44636e-02
    2.22324e+00     3.86855e+02     8.57352e-02     1.84968e+01     6.64200e-03
    2.22733e+00     3.86235e+02     1.42802e-01     1.84629e+01     1.55280e-02
    2.23142e+00     3.85635e+02     9.06376e-02     1.84024e+01     5.32925e-03
    2.23552e+00     3.84786e+02     7.45636e-02     1.83292e+01     1.06374e-02
    2.23961e+00     3.84131e+02     4.26873e-02     1.82650e+01     6.90548e-03
    2.24369e+00     3.83374e+02     1.70512e-01     1.82022e+01     1.21887e-02
    2.24779e+00     3.82860e+02     1.32139e-01     1.81741e+01     4.93721e-03
    2.25188e+00     3.81903e+02     1.19918e-01     1.80913e+01     1.63805e-02
    2.25597e+00     3.81139e+02     1.68884e-01     1.80263e+01     6.94585e-03
    2.26006e+00     3.80480e+02     1.27189e-01     1.79840e+01     5.85490e-03
    2.26415e+00     3.79983e+02     1.39859e-01     1.79139e+01     6.57682e-03
    2.26824e+00     3.78947e+02     1.41106e-01     1.78496e+01     8.59885e-03
    2.27233e+00     3.78431e+02     1.52280e-01     1.77939e+01     1.28305e-02
    2.27642e+00     3.77556e+02     1.72370e-01     1.77350e+01     1.15516e-02
    2.28051e+00     3.76916e+02     1.33846e-01     1.76972e+01     6.71101e-03
    2.28460e+00     3.76126e+02     1.01305e-01     1.76229e+01     3.23207e-03
    2.28869e+00     3.75481e+02     1.00505e-01     1.75714e+01     7.10667e-03
    2.29278e+00     3.74734e+02     1.33848e-01     1.75015e+01     9.96793e-03
    2.29687e+00     3.73989e+02     6.99413e-02     1.74524e+01     7.92708e-03
    2.30096e+00     3.73444e+02     1.26777e-01     1.73985e+01     8.71333e-03
    2.30506e+00     3.72582e+02     1.35593e-01     1.73324e+01     1.04179e-02
    2.30915e+00     3.71788e+02     1.78091e-01     1.72767e+01     7.58683e-03
    2.31324e+00     3.71145e+02     2.00780e-01     1.72220e+01     6.39790e-03
    2.31733e+00     3.70482e+02     9.96935e-02     1.71604e+01     1.89593e-02
    2.32142e+00     3.69696e+02     1.46900e-01     1.71037e+01     4.16862e-03
    2.32551e+00     3.68967e+02     1.48318e-01     1.70449e+01     9.30972e-03
    2.32960e+00     3.68369e+02     1.10332e-01     1.70038e+01     8.91435e-03
    2.33369e+00     3.67483e+02     1.10289e-01     1.69363e+01     6.00883e-03
    2.33778e+00     3.66855e+02     1.02104e-01     1.68727e+01     4.97504e-03
    2.34187e+00     3.66087e+02     1.74914e-01     1.68103e+01     1.13888e-02
    2.34596e+00     3.65557e+02     1.74731e-01     1.67680e+01     7.49483e-03
    2.35005e+00     3.64693e+02     1.82594e-01     1.67057e+01     1.15402e-02
    2.35414e+00     3.64076e+02     1.85637e-01     1.66665e+01     5.93383e-03
    2.35823e+00     3.63294e+02     1.25887e-01     1.65900e+01     8.95320e-03
    2.36232e+00     3.62638e+02     1.32254e-01     1.65458e+01     9.50766e-03
    2.36641e+00     3.61989e+02     9.45458e-02     1.65002e+01     8.81714e-03
    2.37051e+00     3.61203e+02     1.14104e-01     1.64409e+01     4.24431e-03
    2.37460e+00     3.60709e+02     9.55072e-02     1.63950e+01     4.90976e-03
    2.37869e+00     3.59824e+02     1.17505e-01     1.63290e+01     5.81180e-03
    2.38278e+00     3.59176e+02     8.23869e-02     1.62831e+01     8.99032e-03
    2.38687e+00     3.58380e+02     1.81337e-01     1.62209e+01     4.77699e-03
    2.39096e+00     3.57781e+02     7.49416e-02     1.61671e+01     7.51731e-03
    2.39505e+00     3.56949e+02     9.18347e-02     1.61200e+01     4.60731e-03
    2.39914e+00     3.56269e+02     1.38434e-01     1.60627e+01     6.94510e-03
    2.40323e+00     3.55582e+02     1.66955e-01     1.60102e+01     1.38764e-02
    2.40732e+00     3.54924e+02     1.10329e-01     1.59612e+01     4.96093e-03
    2.41141e+00     3.54409e+02     1.72228e-01     1.59186e+01     1.13823e-02
    2.41550e+00     3.53642e+02     1.73484e-01     1.58629e+01     7.81554e-03
    2.41959e+00     3.52801e+02     9.69634e-02     1.58063e+01     7.25391e-03
    2.42368e+00     3.52076e+02     1.03104e-01     1.57594e+01     7.02771e-03
    2.42777e+00     3.51445e+02     8.69188e-02     1.57165e+01     8.05170e-03
    2.43187e+00     3.50817e+02     7.00674e-02     1.56539e+01     9.50940e-03
    2.43596e+00     3.50251e+02     9.63794e-02     1.56133e+01     8.54306e-03
    2.44004e+00     3.49392e+02     1.31940e-01     1.55528e+01     6.98857e-03
    2.44414e+00     3.48546e+02     1.10534e-01     1.54956e+01     6.94545e-03
    2.44823e+00     3.47930e+02     1.37726e-01     1.54510e+01     4.80372e-03
    2.45232e+00     3.47200e+02     6.18584e-02     1.54016e+01     9.33511e-03
    2.45640e+00     3.46682e+02     9.02726e-02     1.53542e+01     5.72970e-03
    2.46050e+00     3.45876e+02     8.08485e-02     1.53020e+01     6.21354e-03
    2.46459e+00     3.45089e+02     1.82269e-01     1.52439e+01     9.07239e-03
    2.46868e+00     3.44719e+02     1.11827e-01     1.52066e+01     5.02113e-03
    2.47277e+00     3.43861e+02     7.48590e-02     1.51580e+01     1.05826e-02
    2.47686e+00     3.43110e+02     7.09536e-02     1.51080e+01     4.86495e-03
    2.48095e+00     3.42618e+02     1.54824e-01     1.50563e+01     6.00509e-03
    2.48504e+00     3.41900e+02     1.15273e-01     1.50068e+01     9.31758e-03
    2.48913e+00     3.41133e+02     1.39506e-01     1.49552e+01     2.66909e-03
    2.49322e+00     3.40459e+02     8.85421e-02     1.49123e+01     3.80017e-03
    2.49731e+00     3.39882e+02     1.68877e-01     1.48618e+01     2.13273e-03
    2.50141e+00     3.39258e+02     9.08915e-02     1.48304e+01     6.74813e-03
    2.50550e+00     3.38417e+02     1.04162e-01     1.47693e+01     4.63475e-03
    2.50959e+00     3.37794e+02     1.11255e-01     1.47189e+01     9.43496e-03
    2.51368e+00     3.37077e+02     7.73624e-02     1.46698e+01     1.32681e-02
    2.51777e+00     3.36375e+02     1.16590e-01     1.46172e+01     3.28802e-03
    2.52186e+00     3.35784e+02     1.16557e-01     1.45773e+01     6.01759e-03
    2.52595e+00     3.35213e+02     6.81724e-02     1.45341e+01     8.34477e-03
    2.53004e+00     3.34365e+02     7.70223e-02     1.44913e+01     9.65703e-03
    2.53413e+00     3.33838e+02     7.60275e-02     1.44395e+01     9.38780e-03
    2.53822e+00     3.33164e+02     5.24481e-02     1.43908e+01     3.19253e-03
    2.54231e+00     3.32302e+02     4.46006e-02     1.43402e+01     5.45827e-03
    2.54640e+00     3.31747e+02     1.40268e-01     1.42947e+01     9.25445e-03
    2.55049e+00     3.31122e+02     2.84331e-02     1.42512e+01     6.23186e-03
    2.55458e+00     3.30230e+02     1.50275e-01     1.41978e+01     5.62541e-03
    2.55867e+00     3.29793e+02     1.29529e-01     1.41588e+01     7.59934e-03
    2.56276e+00     3.28927e+02     1.30251e-01     1.41086e+01     9.80024e-03
    2.56685e+00     3.28391e+02     1.12547e-01     1.40665e+01     4.67070e-03
    2.57095e+00     3.27673e+02     6.52540e-02     1.40218e+01     5.43248e-03
    2.57504e+00     3.27078e+02     1.32473e-01     1.39768e+01     7.62758e-03
    2.57913e+00     3.26427e+02     1.58347e-01     1.39257e+01     6.62249e-03
    2.58322e+00     3.25719e+02     6.68257e-02     1.38807e+01     7.43712e-03
    2.58731e+00     3.24998e+02     8.80997e-02     1.38521e+01     6.97330e-03
    2.59140e+00     3.24484e+02     9.97734e-02     1.37926e+01     4.65554e-03
    2.59549e+00     3.23819e+02     9.00878e-02     1.37576e+01     8.67016e-03
    2.59958e+00     3.23176e+02     7.13759e-02     1.37046e+01     1.73534e-03
    2.60367e+00     3.22410e+02     1.03009e-01     1.36660e+01     2.49625e-03
    2.60776e+00     3.21771e+02     5.37874e-02     1.36198e+01     5.74472e-03
    2.61185e+00     3.21065e+02     1.31955e-01     1.35745e+01     6.95975e-03
    2.61594e+00     3.20417e+02     5.33920e-02     1.35218e+01     5.99692e-03
    2.62003e+00     3.19718e+02     1.00791e-01     1.34842e+01     5.11283e-03
    2.62412e+00     3.19119e+02     1.21645e-01     1.34310e+01     7.28282e-03
    2.62821e+00     3.18512e+02     6.83850e-02     1.33915e+01     5.62323e-03
    2.63230e+00     3.17851e+02     9.85237e-02     1.33521e+01     5.37276e-03
    2.63640e+00     3.17161e+02     8.26312e-02     1.33119e+01     5.13112e-03
    2.64049e+00     3.16544e+02     3.78807e-02     1.32706e+01     6.08460e-03
    2.64457e+00     3.15815e+02     1.11586e-01     1.32188e+01     5.14126e-03
    2.64867e+00     3.15254e+02     1.00509e-01     1.31845e+01     4.41195e-03
    2.65276e+00     3.14578e+02     6.32985e-02     1.31383e+01     7.52531e-03
    2.65685e+00     3.13990e+02     7.97442e-02     1.30993e+01     2.25480e-03
    2.66094e+00     3.13387e+02     9.12685e-02     1.30689e+01     5.89397e-03
    2.66503e+00     3.12606e+02     6.37972e-02     1.30160e+01     2.42177e-03
    2.66912e+00     3.12039e+02     9.57310e-02     1.29714e+01     5.78378e-03
    2.67321e+00     3.11426e+02     1.04754e-01     1.29405e+01     2.90903e-03
    2.67730e+00     3.10714e+02     1.46964e-01     1.28910e+01     6.22323e-03
    2.68139e+00     3.10113e+02     1.07305e-01     1.28485e+01     4.90385e-03
    2.68548e+00     3.09290e+02     8.43008e-02     1.27954e+01     1.08695e-02
    2.68957e+00     3.08800e+02     5.10307e-02     1.27633e+01     7.18429e-03
    2.69366e+00     3.08192e+02     8.45284e-02     1.27249e+01     1.06783e-02
    2.69776e+00     3.07439e+02     2.15303e-02     1.26845e+01     6.73225e-03
    2.70185e+00     3.06925e+02     7.18445e-02     1.26481e+01     7.64206e-03
    2.70594e+00     3.06280e+02     9.50680e-02     1.26083e+01     7.83210e-03
    2.71003e+00     3.05476e+02     9.07042e-02     1.25575e+01     6.86630e-03
    2.71412e+00     3.05144e+02     7.54071e-02     1.25282e+01     8.68731e-03
    2.71821e+00     3.04340e+02     8.30834e-02     1.24855e+01     8.10065e-03
    2.72230e+00     3.03642e+02     1.30504e-01     1.24439e+01     3.96273e-03
    2.72639e+00     3.02937e+02     1.11441e-01     1.23892e+01     5.38030e-03
    2.73048e+00     3.02331e+02     1.38402e-01     1.23534e+01     1.03380e-02
    2.73457e+00     3.01854e+02     8.88139e-02     1.23161e+01     4.71852e-03
    2.73866e+00     3.01122e+02     8.80803e-02     1.22859e+01     1.63031e-03
    2.74275e+00     3.00611e+02     7.49831e-02     1.22438e+01     4.83021e-03
    2.74684e+00     2.99905e+02     8.50732e-02     1.22011e+01     6.52930e-03
    2.75093e+00     2.99301e+02     6.16919e-02     1.21689e+01     5.33447e-03
    2.75502e+00     2.98585e+02     5.94840e-02     1.21207e+01     8.26203e-03
    2.75911e+00     2.98018e+02     9.89893e-02     1.20829e+01     2.28633e-03
    2.76320e+00     2.97355e+02     9.43564e-02     1.20441e+01     3.80648e-03
    2.76730e+00     2.96840e+02     9.08726e-02     1.20045e+01     7.23087e-03
    2.77139e+00     2.96240e+02     1.17928e-01     1.19736e+01     6.86637e-03
    2.77548e+00     2.95558e+02     3.53446e-02     1.19275e+01     3.10521e-03
    2.77957e+00     2.94874e+02     1.16741e-01     1.18910e+01     4.06890e-03
    2.78366e+00     2.94243e+02     9.56131e-02     1.18580e+01     4.29011e-03
    2.78775e+00     2.93661e+02     1.08442e-01     1.18179e+01     7.70863e-03
    2.79184e+00     2.93214e+02     9.48037e-02     1.17869e+01     5.83303e-03
    2.79593e+00     2.92467e+02     7.63631e-02     1.17419e+01     5.12121e-03
    2.80002e+00     2.91674e+02     8.38811e-02     1.16943e+01     3.67487e-03
    2.80411e+00     2.91153e+02     6.76949e-02     1.16666e+01     2.63140e-03
    2.80820e+00     2.90551e+02     6.37326e-02     1.16276e+01     7.75928e-03
    2.81229e+00     2.89986e+02     4.44549e-02     1.15932e+01     5.00586e-03
    2.81638e+00     2.89327e+02     7.43939e-02     1.15504e+01     5.88590e-03
    2.82047e+00     2.88775e+02     8.42788e-02     1.15219e+01     3.78185e-03
    2.82457e+00     2.88040e+02     7.59802e-02     1.14726e+01     4.08483e-03
    2.82866e+00     2.87608e+02     7.12316e-02     1.14461e+01     7.76790e-03
    2.83275e+00     2.86893e+02     7.25887e-02     1.13994e+01     4.19135e-03
    2.83684e+00     2.86356e+02     1.18101e-01     1.13707e+01     2.69840e-03
    2.84093e+00     2.85684e+02     4.99758e-02     1.13270e+01     6.26481e-03
    2.84502e+00     2.85049e+02     8.45054e-02     1.12869e+01     4.94708e-03
    2.84911e+00     2.84407e+02     9.75217e-02     1.12580e+01     4.60323e-03
    2.85320e+00     2.83830e+02     8.10996e-02     1.12183e+01     6.60358e-03
    2.85729e+00     2.83300e+02     7.23075e-02     1.11868e+01     7.80114e-03
    2.86138e+00     2.82693e+02     4.01787e-02     1.11596e+01     6.01749e-03
    2.86547e+00     2.82028e+02     1.30755e-01     1.11118e+01     5.69190e-03
    2.86956e+00     2.81527e+02     5.09498e-02     1.10868e+01     2.72388e-03
    2.87365e+00     2.80941e+02     6.61638e-02     1.10480e+01     3.55441e-03
    2.87774e+00     2.80250e+02     4.95830e-02     1.10092e+01     5.04613e-03
    2.88183e+00     2.79714e+02     6.09660e-02     1.09788e+01     4.46113e-03
    2.88592e+00     2.79166e+02     7.97698e-02     1.09377e+01     7.02548e-03
    2.89001e+00     2.78491e+02     1.07749e-01     1.09076e+01     5.41431e-03
    2.89410e+00     2.77924e+02     4.09204e-02     1.08670e+01     4.87361e-03
    2.89820e+00     2.77287e+02     1.18948e-01     1.08355e+01     7.16697e-03
    2.90229e+00     2.76693e+02     5.57537e-02     1.08031e+01     3.29118e-03
    2.90638e+00     2.76143e+02     7.48558e-02     1.07721e+01     3.45364e-03
    2.91047e+00     2.75495e+02     7.41092e-02     1.07336e+01     3.78546e-03
    2.91456e+00     2.74940e+02     5.52881e-02     1.06988e+01     4.11620e-03
    2.91865e+00     2.74333e+02     7.49737e-02     1.06597e+01     6.05990e-03
    2.92274e+00     2.73819e+02     8.16657e-02     1.06292e+01     5.24182e-03
    2.92683e+00     2.73165e+02     1.05231e-01     1.05987e+01     4.43769e-03
    2.93092e+00     2.72612e+02     8.09157e-02     1.05592e+01     5.04121e-03
    2.93501e+00     2.72032e+02     6.45163e-02     1.05335e+01     3.17553e-03
    2.93910e+00     2.71453e+02     7.38337e-02     1.04975e+01     6.09304e-03
    2.94319e+00     2.70750e+02     2.79695e-02     1.04604e+01     4.39845e-03
    2.94728e+00     2.70232e+02     8.55651e-02     1.04282e+01     3.37813e-03
    2.95137e+00     2.69695e+02     7.74341e-02     1.03946e+01     3.15417e-03
    2.95546e+00     2.69084e+02     9.75733e-02     1.03620e+01     1.85720e-03
    2.95955e+00     2.68486e+02     6.04966e-02     1.03277e+01     1.64138e-03
    2.96364e+00     2.67962e+02     1.29547e-01     1.02962e+01     4.26037e-03
    2.96774e+00     2.67331e+02     7.94979e-02     1.02621e+01     3.47894e-03
    2.97183e+00     2.66742e+02     1.02485e-01     1.02308e+01     2.65933e-03
    2.97592e+00     2.66217e+02     6.64185e-02     1.01952e+01     7.04596e-03
    2.98001e+00     2.65617e+02     4.84051e-02     1.01660e+01     5.65015e-03
    2.98410e+00     2.64996e+02     4.13523e-02     1.01282e+01     4.18783e-03
    2.98819e+00     2.64359e+02     8.23971e-02     1.00933e+01     3.56904e-03
    2.99228e+00     2.63884e+02     6.89557e-02     1.00576e+01     6.72803e-03
    2.99637e+00     2.63363e+02     6.29014e-02     1.00373e+01     2.47764e-03
    3.00046e+00     2.62785e+02     1.24661e-01     9.99997e+00     4.45395e-03
    3.00455e+00     2.62151e+02     4.99315e-02     9.96470e+00     3.31149e-03
    3.00864e+00     2.61578e+02     4.04227e-02     9.94284e+00     2.23881e-03
    3.01273e+00     2.61092e+02     6.57812e-02     9.90568e+00     4.68050e-03
    3.01682e+00     2.60495e+02     6.26235e-02     9.87769e+00     3.66036e-03
    3.02091e+00     2.59949e+02     3.67347e-02     9.84944e+00     2.86943e-03
    3.02500e+00     2.59418e+02     7.19925e-02     9.81245e+00     4.77200e-03
    3.02910e+00     2.58778e+02     7.48246e-02     9.78418e+00     3.34388e-03
    3.03319e+00     2.58176e+02     8.45166e-02     9.74945e+00     2.69793e-03
    3.03728e+00     2.57696e+02     5.78621e-02     9.72069e+00     2.72247e-03
    3.04137e+00     2.57101e+02     7.65684e-02     9.69128e+00     4.77446e-03
    3.04546e+00     2.56574e+02     5.15391e-02     9.65765e+00     3.43138e-03
    3.04955e+00     2.56001e+02     5.95661e-02     9.63169e+00     3.41077e-03
    3.05364e+00     2.55442e+02     6.47441e-02     9.59537e+00     3.89914e-03
    3.05773e+00     2.54838e+02     6.09842e-02     9.56369e+00     3.98694e-03
    3.06182e+00     2.54309e+02     9.00369e-02     9.53339e+00     2.07921e-03
    3.06591e+00     2.53749e+02     4.58524e-02     9.50300e+00     4.36761e-03
    3.07000e+00     2.53243e+02     7.43853e-02     9.47503e+00     1.87331e-03
    3.07409e+00     2.52615e+02     7.64438e-02     9.43938e+00     2.01869e-03
    3.07818e+00     2.52068e+02     3.49472e-02     9.41173e+00     4.15363e-03
    3.08227e+00     2.51520e+02     6.63518e-02     9.38766e+00     2.80697e-03
    3.08636e+00     2.50989e+02     4.99715e-02     9.35095e+00     3.33081e-03
    3.09045e+00     2.50421e+02     7.36833e-02     9.32190e+00     5.84338e-03
    3.09454e+00     2.49845e+02     8.01104e-02     9.29120e+00     4.69139e-03
    3.09863e+00     2.49364e+02     9.62229e-02     9.26630e+00     3.24852e-03
    3.10272e+00     2.48716e+02     5.16662e-02     9.23086e+00     3.03358e-03
    3.10682e+00     2.48215e+02     6.62406e-02     9.19885e+00     3.95420e-03
    3.11091e+00     2.47710e+02     4.22794e-02     9.17559e+00     1.91056e-03
    3.11500e+00     2.47152e+02     4.37380e-02     9.14323e+00     1.57800e-03
    3.11909e+00     2.46719e+02     2.99007e-02     9.12066e+00     3.72947e-03
    3.12318e+00     2.46138e+02     8.08486e-02     9.08780e+00     2.80884e-03
    3.12727e+00     2.45516e+02     5.88062e-02     9.05797e+00     2.60302e-03
    3.13136e+00     2.45031e+02     7.46577e-02     9.03161e+00     4.16550e-03
    3.13545e+00     2.44449e+02     1.00827e-01     8.99989e+00     4.87351e-03
    3.13954e+00     2.43872e+02     6.45205e-02     8.97291e+00     3.09580e-03
    3.14363e+00     2.43366e+02     1.03906e-01     8.94220e+00     4.74563e-03
    3.14772e+00     2.42934e+02     5.73963e-02     8.92079e+00     2.97396e-03
    3.15181e+00     2.42324e+02     5.15708e-02     8.88574e+00     3.67894e-03
    3.15590e+00     2.41793e+02     9.55840e-02     8.86037e+00     6.49852e-03
    3.16000e+00     2.41297e+02     5.14168e-02     8.82900e+00     2.82823e-03
    3.16409e+00     2.40749e+02     4.06274e-02     8.80747e+00     5.09268e-03
    3.16818e+00     2.40214e+02     7.63750e-02     8.77205e+00     4.39615e-03
    3.17227e+00     2.39705e+02     5.85736e-02     8.74714e+00     5.38827e-03
    3.17636e+00     2.39126e+02     4.67225e-02     8.71946e+00     3.40276e-03
    3.18045e+00     2.38611e+02     4.50689e-02     8.69268e+00     2.37545e-03
    3.18454e+00     2.38050e+02     1.13854e-01     8.66376e+00     4.15312e-03
    3.18863e+00     2.37597e+02     3.19931e-02     8.63808e+00     2.77085e-03
    3.19272e+00     2.37104e+02     5.62382e-02     8.61302e+00     5.49520e-03
    3.19681e+00     2.36504e+02     4.47278e-02     8.58400e+00     2.30145e-03
    3.20090e+00     2.36074e+02     5.74720e-02     8.56520e+00     2.34690e-03
    3.20499e+00     2.35464e+02     4.59401e-02     8.52919e+00     1.17251e-03
    3.20908e+00     2.35015e+02     4.62532e-02     8.50306e+00     3.54709e-03
    3.21317e+00     2.34426e+02     3.75138e-02     8.47503e+00     2.80195e-03
    3.21726e+00     2.33967e+02     5.48890e-02     8.44798e+00     5.29552e-03
    3.22135e+00     2.33509e+02     5.36112e-02     8.42504e+00     2.23574e-03
    3.22545e+00     2.32887e+02     6.97691e-02     8.39281e+00     3.07309e-03
    3.22954e+00     2.32336e+02     4.93420e-02     8.36465e+00     2.40686e-03
    3.23363e+00     2.31903e+02     3.53400e-02     8.34359e+00     4.38713e-03
    3.23772e+00     2.31393e+02     8.65327e-02     8.31932e+00     3.62834e-03
    3.24181e+00     2.30932e+02     5.79460e-02     8.29158e+00     2.68415e-03
    3.24590e+00     2.30338e+02     7.29697e-02     8.26460e+00     2.16435e-03
    3.24999e+00     2.29817e+02     8.66865e-02     8.24028e+00     2.32225e-03
    3.25408e+00     2.29362e+02     4.02040e-02     8.21239e+00     2.92775e-03
    3.25817e+00     2.28869e+02     2.89431e-02     8.18885e+00     2.35297e-03
    3.26226e+00     2.28332e+02     8.17999e-02     8.16212e+00     5.23523e-03
    3.26635e+00     2.27846e+02     3.65667e-02     8.13717e+00     2.59122e-03
    3.27044e+00     2.27357e+02     1.05479e-01     8.11072e+00     4.53131e-03
    3.27453e+00     2.26795e+02     8.83971e-02     8.08003e+00     2.45837e-03
    3.27862e+00     2.26292e+02     5.87238e-02     8.05840e+00     1.46570e-03
    3.28271e+00     2.25848e+02     5.18270e-02     8.02835e+00     2.76298e-03
    3.28681e+00     2.25387e+02     6.64802e-02     8.00992e+00     1.96198e-03
    3.29090e+00     2.24833e+02     4.25969e-02     7.98310e+00     2.52121e-03
    3.29499e+00     2.24333e+02     8.33649e-02     7.95545e+00     3.76420e-03
    3.29908e+00     2.23809e+02     7.11622e-02     7.92945e+00     3.11136e-03
    3.30317e+00     2.23306e+02     8.27805e-02     7.90622e+00     3.25596e-03
    3.30725e+00     2.22879e+02     6.30157e-02     7.88181e+00     3.80956e-03
    3.31135e+00     2.22435e+02     4.49423e-02     7.85971e+00     2.77689e-03
    3.31544e+00     2.21838e+02     3.16041e-02     7.83457e+00     1.23940e-03
    3.31953e+00     2.21333e+02     6.85396e-02     7.80554e+00     1.87627e-03
    3.32362e+00     2.20905e+02     2.66830e-02     7.78187e+00     2.47793e-03
    3.32771e+00     2.20373e+02     3.84349e-02     7.75893e+00     4.43107e-03
    3.33180e+00     2.19961e+02     4.76963e-02     7.73637e+00     2.89384e-03
    3.33589e+00     2.19478e+02     1.13338e-01     7.71235e+00     3.32512e-03
    3.33998e+00     2.18900e+02     5.19740e-02     7.68419e+00     2.70775e-03
    3.34407e+00     2.18537e+02     8.52690e-02     7.66435e+00     3.22490e-03
    3.34816e+00     2.17973e+02     7.38290e-02     7.63990e+00     1.50516e-03
    3.35226e+00     2.17575e+02     5.04265e-02     7.61591e+00     4.77316e-03
    3.35634e+00     2.17078e+02     5.64628e-02     7.59202e+00     2.15760e-03
    3.36043e+00     2.16583e+02     5.80794e-02     7.56745e+00     1.26691e-03
    3.36453e+00     2.16076e+02     6.51908e-02     7.54208e+00     2.35424e-03
    3.36862e+00     2.15606e+02     5.17402e-02     7.51525e+00     2.63283e-03
    3.37271e+00     2.15128e+02     7.26288e-02     7.49458e+00     2.70274e-03
    3.37680e+00     2.14634e+02     5.59404e-02     7.47346e+00     1.27215e-03
    3.38089e+00     2.14089e+02     5.19560e-02     7.44470e+00     2.49205e-03
    3.38498e+00     2.13695e+02     6.66681e-02     7.42721e+00     4.04591e-03
    3.38907e+00     2.13178e+02     5.17176e-02     7.40364e+00     2.43949e-03
    3.39316e+00     2.12746e+02     5.50651e-02     7.37808e+00     2.07931e-03
    3.39725e+00     2.12288e+02     1.99928e-02     7.35600e+00     2.54994e-03
    3.40134e+00     2.11858e+02     7.04493e-02     7.33506e+00     1.28003e-03
    3.40543e+00     2.11398e+02     7.43327e-02     7.31154e+00     2.44933e-03
    3.40952e+00     2.10935e+02     8.47536e-02     7.29061e+00     2.25671e-03
    3.41362e+00     2.10445e+02     7.11076e-02     7.26187e+00     3.12402e-03
    3.41770e+00     2.09913e+02     4.26254e-02     7.23989e+00     1.85584e-03
    3.42179e+00     2.09560e+02     5.83103e-02     7.21882e+00     3.33548e-03
    3.42588e+00     2.09037e+02     5.24635e-02     7.19722e+00     1.02226e-03
    3.42997e+00     2.08544e+02     5.35991e-02     7.17635e+00     1.30664e-03
    3.43406e+00     2.08095e+02     4.42335e-02     7.15240e+00     2.03331e-03
    3.43816e+00     2.07686e+02     4.66994e-02     7.13346e+00     1.35715e-03
    3.44225e+00     2.07161e+02     5.45025e-02     7.10666e+00     2.72040e-03
    3.44634e+00     2.06747e+02     5.52275e-02     7.08578e+00     2.02906e-03
    3.45043e+00     2.06270e+02     3.93563e-02     7.06594e+00     1.91821e-03
    3.45452e+00     2.05853e+02     2.73256e-02     7.04085e+00     1.81272e-03
    3.45861e+00     2.05386e+02     3.30618e-02     7.02166e+00     1.10428e-03
    3.46270e+00     2.04924e+02     5.30937e-02     6.99829e+00     1.30916e-03
    3.46679e+00     2.04441e+02     6.20928e-02     6.97677e+00     3.74687e-03
    3.47088e+00     2.04110e+02     3.85053e-02     6.96012e+00     2.55874e-03
    3.47497e+00     2.03618e+02     7.97644e-02     6.93869e+00     2.16148e-03
    3.47906e+00     2.03207e+02     4.14195e-02     6.91454e+00     2.99334e-03
    3.48315e+00     2.02667e+02     5.51678e-02     6.89090e+00     8.17153e-04
    3.48725e+00     2.02294e+02     4.07527e-02     6.87306e+00     2.32030e-03
    3.49134e+00     2.01844e+02     7.80819e-02     6.85078e+00     1.29930e-03
    3.49543e+00     2.01370e+02     6.93465e-02     6.82782e+00     2.71754e-03
    3.49952e+00     2.00883e+02     5.67422e-02     6.80757e+00     1.83999e-03
    3.50361e+00     2.00521e+02     4.88106e-02     6.78891e+00     1.81769e-03
    3.50770e+00     2.00059e+02     9.41228e-02     6.76778e+00     3.07430e-03
    3.51179e+00     1.99611e+02     2.27346e-02     6.74608e+00     2.57643e-03
    3.51588e+00     1.99195e+02     4.97322e-02     6.72551e+00     1.65776e-03
    3.51997e+00     1.98751e+02     5.23646e-02     6.70871e+00     1.47969e-03
    3.52406e+00     1.98264e+02     3.62316e-02     6.68613e+00     1.51278e-03
    3.52815e+00     1.97913e+02     5.00155e-02     6.66371e+00     2.62009e-03
    3.53224e+00     1.97462e+02     5.88526e-02     6.64655e+00     1.55321e-03
    3.53633e+00     1.97079e+02     4.20615e-02     6.62587e+00     1.83723e-03
    3.54042e+00     1.96632e+02     8.90386e-02     6.60427e+00     2.99912e-03
    3.54451e+00     1.96163e+02     2.92154e-02     6.58233e+00     1.14550e-03
    3.54860e+00     1.95748e+02     4.61877e-02     6.56269e+00     1.16750e-03
    3.55270e+00     1.95345e+02     6.48102e-02     6.54237e+00     1.84914e-03
    3.55679e+00     1.94888e+02     7.41290e-02     6.52451e+00     2.31119e-03
    3.56088e+00     1.94489e+02     5.25857e-02     6.50522e+00     3.32649e-03
    3.56497e+00     1.94052e+02     6.35623e-02     6.48462e+00     2.69897e-03
    3.56906e+00     1.93625e+02     4.08659e-02     6.46373e+00     1.87662e-03
    3.57315e+00     1.93225e+02     6.27107e-02     6.44457e+00     1.37264e-03
    3.57724e+00     1.92783e+02     6.04466e-02     6.42216e+00     3.80842e-03
    3.58133e+00     1.92366e+02     4.54275e-02     6.40616e+00     2.72259e-03
    3.58542e+00     1.92001e+02     3.92417e-02     6.38839e+00     2.22085e-03
    3.58951e+00     1.91528e+02     5.41183e-02     6.36708e+00     1.63266e-03
    3.59360e+00     1.91188e+02     5.95626e-02     6.34937e+00     3.61773e-03
    3.59769e+00     1.90715e+02     6.53264e-02     6.33047e+00     2.66873e-03
    3.60178e+00     1.90300e+02     4.62514e-02     6.30994e+00     2.87827e-03
    3.60587e+00     1.89869e+02     1.89803e-02     6.29192e+00     1.79998e-03
    3.60996e+00     1.89496e+02     5.16412e-02     6.27003e+00     1.90078e-03
    3.61405e+00     1.89125e+02     4.16107e-02     6.25482e+00     1.60845e-03
    3.61814e+00     1.88653e+02     2.95643e-02     6.23485e+00     1.67343e-03
    3.62224e+00     1.88228e+02     3.04709e-02     6.21548e+00     2.98819e-03
    3.62633e+00     1.87881e+02     6.84721e-02     6.19793e+00     3.29510e-03
    3.63042e+00     1.87490e+02     3.46464e-02     6.18304e+00     9.98886e-04
    3.63451e+00     1.87054e+02     3.59310e-02     6.15973e+00     1.32097e-03
    3.63860e+00     1.86713e+02     4.09948e-02     6.14419e+00     3.05945e-03
    3.64269e+00     1.86239e+02     4.50575e-02     6.12328e+00     2.48508e-03
    3.64678e+00     1.85841e+02     3.42799e-02     6.10405e+00     1.70528e-03
    3.65087e+00     1.85449e+02     6.18796e-02     6.08773e+00     3.30556e-03
    3.65496e+00     1.85040e+02     5.18143e-02     6.06782e+00     1.08002e-03
    3.65905e+00     1.84637e+02     4.27671e-02     6.04687e+00     1.08176e-03
    3.66314e+00     1.84272e+02     6.45205e-02     6.03193e+00     1.04193e-03
    3.66723e+00     1.83868e+02     2.85303e-02     6.01479e+00     2.64784e-03
    3.67132e+00     1.83441e+02     3.42135e-02     5.99467e+00     2.68892e-03
    3.67541e+00     1.83157e+02     7.60576e-02     5.97859e+00     1.62765e-03
    3.67950e+00     1.82710e+02     2.53728e-02     5.95923e+00     8.54590e-04
    3.68359e+00     1.82303e+02     5.51340e-02     5.94280e+00     3.38500e-03
    3.68769e+00     1.81953e+02     3.73410e-02     5.92586e+00     1.39517e-03
    3.69177e+00     1.81561e+02     6.69658e-02     5.90625e+00     2.42752e-03
    3.69587e+00     1.81116e+02     7.17480e-02     5.89000e+00     2.93500e-03
    3.69996e+00     1.80738e+02     7.36023e-02     5.87229e+00     2.40625e-03
    3.70405e+00     1.80342e+02     5.43970e-02     5.85326e+00     1.55233e-03
    3.70814e+00     1.79997e+02     4.74085e-02     5.84047e+00     1.59795e-03
    3.71223e+00     1.79686e+02     6.15850e-02     5.82321e+00     2.41525e-03
    3.71632e+00     1.79275e+02     4.08221e-02     5.80692e+00     2.18528e-03
    3.72041e+00     1.78846e+02     3.53145e-02     5.78905e+00     1.66769e-03
    3.72450e+00     1.78487e+02     4.97002e-02     5.77081e+00     2.67969e-03
    3.72859e+00     1.78078e+02     5.86665e-02     5.75446e+00     1.90827e-03
    3.73268e+00     1.77714e+02     4.88640e-02     5.73560e+00     1.96997e-03
    3.73677e+00     1.77316e+02     6.90234e-02     5.71893e+00     2.86098e-03
    3.74086e+00     1.77008e+02     4.76836e-02     5.70434e+00     1.27630e-03
    3.74495e+00     1.76638e+02     4.02996e-02     5.68864e+00     2.22783e-03
    3.74905e+00     1.76184e+02     1.61488e-02     5.67212e+00     2.38010e-03
    3.75313e+00     1.75847e+02     3.39413e-02     5.65429e+00     1.56063e-03
    3.75722e+00     1.75494e+02     5.66445e-02     5.63782e+00     1.46475e-03
    3.76131e+00     1.75196e+02     4.15651e-02     5.62331e+00     2.71805e-03
    3.76541e+00     1.74793e+02     3.90632e-02     5.60684e+00     2.61914e-03
    3.76950e+00     1.74416e+02     4.38342e-02     5.58973e+00     1.53146e-03
    3.77359e+00     1.74060e+02     4.46588e-02     5.57345e+00     2.63576e-03
    3.77768e+00     1.73700e+02     4.48452e-02     5.55719e+00     1.71756e-03
    3.78177e+00     1.73339e+02     5.10021e-02     5.54178e+00     2.50592e-03
    3.78586e+00     1.73017e+02     4.29084e-02     5.52676e+00     2.14526e-03
    3.78995e+00     1.72631e+02     4.56679e-02     5.51002e+00     1.61487e-03
    3.79404e+00     1.72259e+02     4.25029e-02     5.49431e+00     1.47969e-03
    3.79813e+00     1.71932e+02     4.54795e-02     5.47946e+00     1.36212e-03
    3.80222e+00     1.71519e+02     4.55156e-02     5.46193e+00     1.59843e-03
    3.80632e+00     1.71180e+02     1.69395e-02     5.44604e+00     1.01915e-03
    3.81040e+00     1.70878e+02     3.10951e-02     5.43347e+00     2.19346e-03
    3.81449e+00     1.70517e+02     3.26543e-02     5.41816e+00     1.81767e-03
    3.81859e+00     1.70088e+02     4.49216e-02     5.40192e+00     2.82638e-03
    3.82268e+00     1.69826e+02     6.41163e-02     5.38740e+00     1.36266e-03
    3.82677e+00     1.69442e+02     4.37151e-02     5.37056e+00     1.51404e-03
    3.83086e+00     1.69113e+02     4.44765e-02     5.35623e+00     1.05443e-03
    3.83495e+00     1.68733e+02     4.26457e-02     5.33692e+00     1.27417e-03
    3.83904e+00     1.68398e+02     3.96697e-02     5.32695e+00     1.92573e-03
    3.84313e+00     1.68076e+02     5.84528e-02     5.31116e+00     1.39319e-03
    3.84722e+00     1.67709e+02     5.18412e-02     5.29686e+00     1.41450e-03
    3.85131e+00     1.67324e+02     2.91825e-02     5.27739e+00     1.43414e-03
    3.85540e+00     1.66997e+02     2.87738e-02     5.26524e+00     1.27660e-03
    3.85949e+00     1.66673e+02     5.30116e-02     5.25139e+00     1.26136e-03
    3.86358e+00     1.66341e+02     3.29577e-02     5.23751e+00     1.51748e-03
    3.86768e+00     1.66032e+02     4.07634e-02     5.22078e+00     7.84382e-04
    3.87177e+00     1.65676e+02     3.53248e-02     5.20742e+00     1.79318e-03
    3.87585e+00     1.65378e+02     4.06768e-02     5.19388e+00     2.07885e-03
    3.87994e+00     1.65025e+02     3.37815e-02     5.17958e+00     1.41302e-03
    3.88403e+00     1.64696e+02     3.57215e-02     5.16666e+00     9.55716e-04
    3.88813e+00     1.64299e+02     5.42548e-02     5.14863e+00     1.72532e-03
    3.89222e+00     1.64028e+02     3.44659e-02     5.13805e+00     1.61111e-03
    3.89631e+00     1.63724e+02     4.27912e-02     5.12305e+00     9.93365e-04
    3.90040e+00     1.63386e+02     3.17010e-02     5.10740e+00     7.88033e-04
    3.90449e+00     1.63051e+02     3.35394e-02     5.09267e+00     1.30177e-03
    3.90858e+00     1.62689e+02     5.80558e-02     5.07975e+00     1.19112e-03
    3.91267e+00     1.62335e+02     4.31990e-02     5.06283e+00     1.43360e-03
    3.91676e+00     1.62052e+02     4.81878e-02     5.05193e+00     2.04694e-03
    3.92085e+00     1.61769e+02     3.46803e-02     5.03910e+00     1.94502e-03
    3.92494e+00     1.61408e+02     3.85821e-02     5.02433e+00     5.18343e-04
    3.92903e+00     1.61086e+02     1.93703e-02     5.01212e+00     1.07651e-03
    3.93312e+00     1.60777e+02     4.35868e-02     4.99773e+00     1.40026e-03
    3.93721e+00     1.60494e+02     3.83964e-02     4.98500e+00     3.14888e-03
    3.94130e+00     1.60134e+02     3.97851e-02     4.97305e+00     1.23195e-03
    3.94539e+00     1.59853e+02     3.17405e-02     4.95996e+00     1.95212e-03
    3.94949e+00     1.59515e+02     2.37338e-02     4.94527e+00     1.37781e-03
    3.95358e+00     1.59226e+02     4.86824e-02     4.93262e+00     2.23032e-03
    3.95767e+00     1.58901e+02     6.23803e-02     4.91806e+00     1.29573e-03
    3.96176e+00     1.58607e+02     4.37277e-02     4.90654e+00     1.47629e-03
    3.96585e+00     1.58299e+02     4.82034e-02     4.89208e+00     1.38078e-03
    3.96994e+00     1.57972e+02     4.34820e-02     4.88196e+00     1.15037e-03
    3.97403e+00     1.57650e+02     4.46839e-02     4.86454e+00     1.40322e-03
    3.97812e+00     1.57378e+02     3.85884e-02     4.85338e+00     9.80999e-04
    3.98221e+00     1.57038e+02     5.62180e-02     4.84041e+00     1.69313e-03
    3.98630e+00     1.56775e+02     5.15205e-02     4.82768e+00     1.59473e-03
    3.99039e+00     1.56440e+02     4.93610e-02     4.81348e+00     2.48630e-03
    3.99448e+00     1.56169e+02     1.61004e-02     4.80432e+00     1.33458e-03
    3.99857e+00     1.55860e+02     3.53806e-02     4.79254e+00     6.83324e-04
    4.00266e+00     1.55552e+02     5.27211e-02     4.77858e+00     3.05011e-03
    4.00675e+00     1.55259e+02     3.24796e-02     4.76535e+00     8.51019e-04
    4.01085e+00     1.54966e+02     2.46146e-02     4.75514e+00     1.16619e-03
    4.01494e+00     1.54707e+02     3.78549e-02     4.74275e+00     1.18749e-03
    4.01902e+00     1.54385e+02     5.85437e-02     4.72916e+00     1.40272e-03
    4.02312e+00     1.54092e+02     5.42292e-02     4.71800e+00     1.09692e-03
    4.02721e+00     1.53778e+02     5.12710e-02     4.70397e+00     9.10279e-04
    4.03130e+00     1.53519e+02     3.32489e-02     4.69160e+00     6.75913e-04
    4.03539e+00     1.53238e+02     3.78614e-02     4.67892e+00     2.21803e-03
    4.03948e+00     1.52897e+02     3.56291e-02     4.66850e+00     9.59012e-04
    4.04357e+00     1.52678e+02     3.12119e-02     4.65601e+00     1.83012e-03
    4.04766e+00     1.52379e+02     3.03899e-02     4.64411e+00     8.74561e-04
    4.05175e+00     1.52041e+02     4.92100e-02     4.63126e+00     1.10449e-03
    4.05584e+00     1.51755e+02     2.59217e-02     4.62275e+00     1.26837e-03
    4.05993e+00     1.51507e+02     4.58348e-02     4.61211e+00     1.75933e-03
    4.06402e+00     1.51226e+02     3.44989e-02     4.59807e+00     1.92549e-03
    4.06811e+00     1.50966e+02     3.79674e-02     4.58673e+00     1.40315e-03
    4.07220e+00     1.50674e+02     4.45676e-02     4.57373e+00     1.48636e-03
    4.07630e+00     1.50420e+02     3.57607e-02     4.56625e+00     2.67909e-03
    4.08038e+00     1.50074e+02     2.42439e-02     4.55258e+00     1.04913e-03
    4.08447e+00     1.49798e+02     3.57473e-02     4.54022e+00     1.46939e-03
    4.08857e+00     1.49534e+02     4.34132e-02     4.53032e+00     6.03441e-04
    4.09266e+00     1.49275e+02     3.73627e-02     4.51859e+00     1.55396e-03
    4.09675e+00     1.49029e+02     3.69285e-02     4.50840e+00     8.36841e-04
    4.10084e+00     1.48731e+02     4.98144e-02     4.50023e+00     1.07532e-03
    4.10493e+00     1.48457e+02     3.39418e-02     4.48523e+00     1.29617e-03
    4.10902e+00     1.48154e+02     2.68170e-02     4.47330e+00     1.32048e-03
    4.11311e+00     1.47965e+02     2.75426e-02     4.46773e+00     1.28520e-03
    4.11720e+00     1.47668e+02     4.33052e-02     4.45570e+00     9.18582e-04
    4.12129e+00     1.47410e+02     2.32719e-02     4.44253e+00     2.04194e-03
    4.12538e+00     1.47165e+02     4.25985e-02     4.43206e+00     1.72372e-03
    4.12947e+00     1.46886e+02     5.77432e-02     4.42314e+00     2.04067e-03
    4.13356e+00     1.46630e+02     3.47042e-02     4.41141e+00     7.76882e-04
    4.13765e+00     1.46378e+02     1.26537e-02     4.39829e+00     1.00402e-03
    4.14175e+00     1.46099e+02     1.91239e-02     4.38999e+00     1.17953e-03
    4.14584e+00     1.45827e+02     5.08772e-02     4.37932e+00     9.25595e-04
    4.14993e+00     1.45619e+02     3.85598e-02     4.36899e+00     1.68068e-03
    4.15402e+00     1.45287e+02     2.46638e-02     4.35905e+00     1.15680e-03
    4.15811e+00     1.45086e+02     3.81308e-02     4.34871e+00     1.29507e-03
    4.16220e+00     1.44835e+02     3.03527e-02     4.33903e+00     1.14470e-03
    4.16629e+00     1.44516e+02     1.67490e-02     4.32650e+00     1.50721e-03
    4.17038e+00     1.44302e+02     3.53537e-02     4.32032e+00     1.06467e-03
    4.17447e+00     1.44096e+02     4.03347e-02     4.31060e+00     4.44139e-04
    4.17856e+00     1.43819e+02     3.15480e-02     4.29916e+00     2.50315e-03
    4.18265e+00     1.43592e+02     2.57805e-02     4.28801e+00     1.52755e-03
    4.18674e+00     1.43296e+02     4.83559e-02     4.27922e+00     1.22453e-03
