# Real space auto- and cross-spectra.
# z=0.500, 12.000<lgM<12.500
#      k[h/Mpc]            P_hh            P_hm            P_mm
    0.00000e+00     0.00000e+00     0.00000e+00     0.00000e+00
    5.79404e-03     7.70442e+03     7.25142e+03     7.31825e+03
    1.04717e-02     1.06039e+04     9.95361e+03     1.00125e+04
    1.42665e-02     1.54630e+04     1.43742e+04     1.40372e+04
    1.81228e-02     1.89251e+04     1.77119e+04     1.73270e+04
    2.24845e-02     1.54972e+04     1.46804e+04     1.45849e+04
    2.64508e-02     1.66698e+04     1.54254e+04     1.50078e+04
    3.04474e-02     1.16776e+04     1.06434e+04     1.04176e+04
    3.47320e-02     1.13605e+04     1.06583e+04     1.06743e+04
    3.88308e-02     9.85588e+03     8.94856e+03     8.77884e+03
    4.28140e-02     9.52261e+03     8.71339e+03     8.60599e+03
    4.68856e-02     8.67144e+03     7.83575e+03     7.73101e+03
    5.09858e-02     8.16218e+03     7.41845e+03     7.40327e+03
    5.51458e-02     7.43090e+03     6.70938e+03     6.75274e+03
    5.92243e-02     7.14128e+03     6.45093e+03     6.47734e+03
    6.32864e-02     6.93062e+03     6.19077e+03     6.14447e+03
    6.73674e-02     6.74088e+03     6.06766e+03     6.09953e+03
    7.14960e-02     6.43314e+03     5.73037e+03     5.72258e+03
    7.55894e-02     6.01727e+03     5.29795e+03     5.29508e+03
    7.96660e-02     5.60909e+03     4.93406e+03     4.93882e+03
    8.38183e-02     5.38285e+03     4.68419e+03     4.65947e+03
    8.78941e-02     4.87426e+03     4.19435e+03     4.19687e+03
    9.19238e-02     4.42451e+03     3.81564e+03     3.89161e+03
    9.60446e-02     4.21802e+03     3.57450e+03     3.58918e+03
    1.00128e-01     3.89397e+03     3.26975e+03     3.32413e+03
    1.04209e-01     3.73769e+03     3.10794e+03     3.15104e+03
    1.08333e-01     3.48538e+03     2.88911e+03     2.95038e+03
    1.12448e-01     3.47338e+03     2.88138e+03     2.94229e+03
    1.16521e-01     3.36114e+03     2.76839e+03     2.83599e+03
    1.20596e-01     3.21889e+03     2.61748e+03     2.67206e+03
    1.24665e-01     3.21257e+03     2.61865e+03     2.66518e+03
    1.28771e-01     3.07051e+03     2.48627e+03     2.54700e+03
    1.32874e-01     2.92625e+03     2.35343e+03     2.42245e+03
    1.36975e-01     2.84284e+03     2.24897e+03     2.29105e+03
    1.41075e-01     2.67671e+03     2.11999e+03     2.18606e+03
    1.45172e-01     2.58280e+03     2.03809e+03     2.11303e+03
    1.49268e-01     2.42670e+03     1.87378e+03     1.94866e+03
    1.53330e-01     2.39844e+03     1.84024e+03     1.90547e+03
    1.57416e-01     2.31427e+03     1.75878e+03     1.83317e+03
    1.61514e-01     2.18690e+03     1.65589e+03     1.74543e+03
    1.65592e-01     2.09831e+03     1.57572e+03     1.67467e+03
    1.69693e-01     2.07169e+03     1.53408e+03     1.61421e+03
    1.73803e-01     1.96790e+03     1.44674e+03     1.53972e+03
    1.77905e-01     1.94690e+03     1.42665e+03     1.51569e+03
    1.82001e-01     1.91210e+03     1.38928e+03     1.47671e+03
    1.86092e-01     1.86924e+03     1.34768e+03     1.43082e+03
    1.90161e-01     1.83037e+03     1.31848e+03     1.41099e+03
    1.94237e-01     1.74679e+03     1.23015e+03     1.32060e+03
    1.98334e-01     1.74239e+03     1.24569e+03     1.34047e+03
    2.02427e-01     1.70491e+03     1.19200e+03     1.28535e+03
    2.06523e-01     1.63024e+03     1.13700e+03     1.24115e+03
    2.10626e-01     1.60554e+03     1.10438e+03     1.20017e+03
    2.14724e-01     1.55924e+03     1.05904e+03     1.15488e+03
    2.18827e-01     1.53679e+03     1.04435e+03     1.13867e+03
    2.22903e-01     1.49866e+03     1.01193e+03     1.11314e+03
    2.26990e-01     1.46692e+03     9.75624e+02     1.07256e+03
    2.31084e-01     1.42471e+03     9.50267e+02     1.05061e+03
    2.35153e-01     1.39494e+03     9.05740e+02     1.00386e+03
    2.39244e-01     1.37010e+03     8.87059e+02     9.91768e+02
    2.43338e-01     1.34021e+03     8.60716e+02     9.60318e+02
    2.47445e-01     1.33170e+03     8.51103e+02     9.45284e+02
    2.51539e-01     1.27868e+03     8.12874e+02     9.20959e+02
    2.55609e-01     1.28418e+03     8.08045e+02     9.06468e+02
    2.59718e-01     1.24804e+03     7.80007e+02     8.84845e+02
    2.63814e-01     1.22440e+03     7.55459e+02     8.61143e+02
    2.67904e-01     1.21125e+03     7.40484e+02     8.41434e+02
    2.71993e-01     1.18892e+03     7.18924e+02     8.22840e+02
    2.76068e-01     1.18019e+03     7.07994e+02     8.08318e+02
    2.80171e-01     1.15928e+03     6.93430e+02     7.91711e+02
    2.84268e-01     1.12588e+03     6.64252e+02     7.69291e+02
    2.88346e-01     1.11126e+03     6.51215e+02     7.56103e+02
    2.92426e-01     1.10098e+03     6.37268e+02     7.42030e+02
    2.96514e-01     1.07622e+03     6.24145e+02     7.29956e+02
    3.00627e-01     1.06702e+03     6.14468e+02     7.17426e+02
    3.04729e-01     1.04687e+03     5.93499e+02     6.97172e+02
    3.08821e-01     1.04317e+03     5.85910e+02     6.90685e+02
    3.12919e-01     1.02629e+03     5.73058e+02     6.78248e+02
    3.16999e-01     1.01449e+03     5.65139e+02     6.71905e+02
    3.21078e-01     9.96820e+02     5.46239e+02     6.49089e+02
    3.25167e-01     9.84774e+02     5.35376e+02     6.39867e+02
    3.29247e-01     9.66370e+02     5.24482e+02     6.28869e+02
    3.33333e-01     9.57645e+02     5.16599e+02     6.19972e+02
    3.37443e-01     9.47649e+02     5.03294e+02     6.09291e+02
    3.41545e-01     9.36946e+02     4.98887e+02     6.02237e+02
    3.45625e-01     9.22622e+02     4.83696e+02     5.91502e+02
    3.49715e-01     9.08473e+02     4.73494e+02     5.79498e+02
    3.53817e-01     9.07167e+02     4.65083e+02     5.67875e+02
    3.57906e-01     8.92367e+02     4.53452e+02     5.58946e+02
    3.61975e-01     8.75631e+02     4.42279e+02     5.48483e+02
    3.66071e-01     8.79328e+02     4.41215e+02     5.45726e+02
    3.70189e-01     8.62756e+02     4.32015e+02     5.35924e+02
    3.74277e-01     8.52540e+02     4.18952e+02     5.25712e+02
    3.78356e-01     8.48281e+02     4.13267e+02     5.16716e+02
    3.82448e-01     8.45340e+02     4.08752e+02     5.11414e+02
    3.86535e-01     8.30419e+02     3.98435e+02     5.04299e+02
    3.90624e-01     8.25009e+02     3.95284e+02     5.02082e+02
    3.94706e-01     8.19127e+02     3.88977e+02     4.94578e+02
    3.98794e-01     8.08759e+02     3.79454e+02     4.82669e+02
    4.02896e-01     8.01396e+02     3.72202e+02     4.76644e+02
    4.06986e-01     8.00208e+02     3.71919e+02     4.73187e+02
    4.11069e-01     7.86648e+02     3.60547e+02     4.65150e+02
    4.15170e-01     7.81008e+02     3.55392e+02     4.60423e+02
    4.19263e-01     7.75049e+02     3.50047e+02     4.53427e+02
    4.23353e-01     7.68803e+02     3.44226e+02     4.49812e+02
    4.27447e-01     7.60351e+02     3.35243e+02     4.38366e+02
    4.31534e-01     7.57295e+02     3.35166e+02     4.39176e+02
    4.35624e-01     7.47608e+02     3.24377e+02     4.28023e+02
    4.39718e-01     7.48801e+02     3.23904e+02     4.26157e+02
    4.43804e-01     7.39826e+02     3.20117e+02     4.22451e+02
    4.47892e-01     7.32572e+02     3.12456e+02     4.15231e+02
    4.51977e-01     7.34704e+02     3.10005e+02     4.10527e+02
    4.56067e-01     7.24443e+02     3.04892e+02     4.08036e+02
    4.60165e-01     7.18149e+02     2.99356e+02     4.00576e+02
    4.64260e-01     7.19823e+02     2.98478e+02     3.98032e+02
    4.68355e-01     7.07489e+02     2.89840e+02     3.89423e+02
    4.72450e-01     7.04767e+02     2.87588e+02     3.86552e+02
    4.76540e-01     6.99536e+02     2.83677e+02     3.83662e+02
    4.80633e-01     6.97596e+02     2.81208e+02     3.79551e+02
    4.84718e-01     6.87933e+02     2.72631e+02     3.75657e+02
    4.88794e-01     6.83649e+02     2.69060e+02     3.69886e+02
    4.92888e-01     6.78333e+02     2.64861e+02     3.67036e+02
    4.96984e-01     6.79043e+02     2.64343e+02     3.64139e+02
    5.01073e-01     6.69766e+02     2.59817e+02     3.59038e+02
    5.05169e-01     6.66692e+02     2.55382e+02     3.55474e+02
    5.09268e-01     6.61337e+02     2.52083e+02     3.51870e+02
    5.13369e-01     6.62497e+02     2.51036e+02     3.49459e+02
    5.17441e-01     6.61457e+02     2.48870e+02     3.46820e+02
    5.21516e-01     6.57882e+02     2.45197e+02     3.44697e+02
    5.25611e-01     6.47963e+02     2.39662e+02     3.39021e+02
    5.29706e-01     6.45643e+02     2.37045e+02     3.34860e+02
    5.33801e-01     6.38710e+02     2.32658e+02     3.31270e+02
    5.37888e-01     6.37064e+02     2.30380e+02     3.30298e+02
    5.41985e-01     6.36083e+02     2.29211e+02     3.27366e+02
    5.46091e-01     6.33719e+02     2.26493e+02     3.23267e+02
    5.50174e-01     6.28331e+02     2.22790e+02     3.19728e+02
    5.54252e-01     6.27544e+02     2.19230e+02     3.15603e+02
    5.58346e-01     6.22771e+02     2.17179e+02     3.14119e+02
    5.62439e-01     6.18905e+02     2.14521e+02     3.11161e+02
    5.66527e-01     6.12626e+02     2.09858e+02     3.06972e+02
    5.70616e-01     6.14075e+02     2.09596e+02     3.06994e+02
    5.74707e-01     6.08666e+02     2.06392e+02     3.03248e+02
    5.78798e-01     6.08737e+02     2.04035e+02     3.00955e+02
    5.82883e-01     6.05714e+02     2.02170e+02     2.98108e+02
    5.86977e-01     6.03796e+02     1.99025e+02     2.95423e+02
    5.91070e-01     5.99150e+02     1.97702e+02     2.92485e+02
    5.95166e-01     5.94153e+02     1.95105e+02     2.89430e+02
    5.99260e-01     5.91404e+02     1.91546e+02     2.87615e+02
    6.03349e-01     5.90748e+02     1.90523e+02     2.85220e+02
    6.07445e-01     5.87362e+02     1.87696e+02     2.83379e+02
    6.11543e-01     5.87243e+02     1.85974e+02     2.81082e+02
    6.15623e-01     5.84314e+02     1.84109e+02     2.78776e+02
    6.19704e-01     5.80144e+02     1.81977e+02     2.75821e+02
    6.23792e-01     5.76413e+02     1.80246e+02     2.74215e+02
    6.27891e-01     5.75049e+02     1.78823e+02     2.72536e+02
    6.31991e-01     5.76479e+02     1.76193e+02     2.68674e+02
    6.36073e-01     5.71846e+02     1.74428e+02     2.67275e+02
    6.40158e-01     5.69333e+02     1.71606e+02     2.64721e+02
    6.44244e-01     5.66568e+02     1.69849e+02     2.62557e+02
    6.48338e-01     5.66190e+02     1.67968e+02     2.61351e+02
    6.52432e-01     5.63882e+02     1.67918e+02     2.59930e+02
    6.56514e-01     5.58906e+02     1.65117e+02     2.57909e+02
    6.60609e-01     5.57884e+02     1.63113e+02     2.54985e+02
    6.64712e-01     5.55913e+02     1.62087e+02     2.54426e+02
    6.68801e-01     5.54645e+02     1.60151e+02     2.51906e+02
    6.72890e-01     5.50967e+02     1.57538e+02     2.50080e+02
    6.76984e-01     5.49432e+02     1.56175e+02     2.48248e+02
    6.81074e-01     5.47372e+02     1.55558e+02     2.47087e+02
    6.85160e-01     5.45095e+02     1.54554e+02     2.45670e+02
    6.89246e-01     5.43826e+02     1.52598e+02     2.43188e+02
    6.93336e-01     5.40694e+02     1.50470e+02     2.41022e+02
    6.97434e-01     5.42297e+02     1.49129e+02     2.38594e+02
    7.01528e-01     5.40755e+02     1.47531e+02     2.37728e+02
    7.05618e-01     5.36035e+02     1.46132e+02     2.36388e+02
    7.09708e-01     5.34911e+02     1.44823e+02     2.34647e+02
    7.13796e-01     5.34497e+02     1.43190e+02     2.32594e+02
    7.17892e-01     5.31801e+02     1.41776e+02     2.30888e+02
    7.21982e-01     5.29337e+02     1.39534e+02     2.28787e+02
    7.26059e-01     5.28279e+02     1.39083e+02     2.28511e+02
    7.30145e-01     5.25256e+02     1.37545e+02     2.25420e+02
    7.34240e-01     5.24417e+02     1.36981e+02     2.24955e+02
    7.38340e-01     5.21610e+02     1.36230e+02     2.23982e+02
    7.42427e-01     5.19827e+02     1.35147e+02     2.22495e+02
    7.46511e-01     5.20166e+02     1.33086e+02     2.21468e+02
    7.50614e-01     5.17381e+02     1.31483e+02     2.18874e+02
    7.54706e-01     5.15722e+02     1.29920e+02     2.17331e+02
    7.58795e-01     5.12822e+02     1.29560e+02     2.16239e+02
    7.62888e-01     5.12415e+02     1.27654e+02     2.14621e+02
    7.66986e-01     5.12233e+02     1.26708e+02     2.13612e+02
    7.71073e-01     5.10835e+02     1.26257e+02     2.12094e+02
    7.75153e-01     5.07441e+02     1.24299e+02     2.10442e+02
    7.79241e-01     5.06947e+02     1.23697e+02     2.09287e+02
    7.83335e-01     5.05964e+02     1.22369e+02     2.07597e+02
    7.87426e-01     5.03743e+02     1.21543e+02     2.07184e+02
    7.91513e-01     5.03869e+02     1.19841e+02     2.04589e+02
    7.95606e-01     5.00993e+02     1.18741e+02     2.03394e+02
    7.99702e-01     5.02135e+02     1.18955e+02     2.02627e+02
    8.03798e-01     4.99531e+02     1.18107e+02     2.01809e+02
    8.07879e-01     4.96572e+02     1.16079e+02     2.00506e+02
    8.11963e-01     4.95062e+02     1.15579e+02     1.99552e+02
    8.16059e-01     4.93993e+02     1.14186e+02     1.97566e+02
    8.20152e-01     4.92294e+02     1.13592e+02     1.96385e+02
    8.24242e-01     4.92331e+02     1.12407e+02     1.95060e+02
    8.28331e-01     4.91461e+02     1.11995e+02     1.94537e+02
    8.32425e-01     4.88971e+02     1.10782e+02     1.93633e+02
    8.36516e-01     4.88978e+02     1.09595e+02     1.91266e+02
    8.40610e-01     4.84483e+02     1.07358e+02     1.89730e+02
    8.44704e-01     4.85483e+02     1.07762e+02     1.89711e+02
    8.48790e-01     4.84517e+02     1.06486e+02     1.88504e+02
    8.52876e-01     4.82702e+02     1.05489e+02     1.87094e+02
    8.56967e-01     4.81812e+02     1.05064e+02     1.86958e+02
    8.61059e-01     4.80766e+02     1.03989e+02     1.85432e+02
    8.65147e-01     4.79619e+02     1.03904e+02     1.84675e+02
    8.69235e-01     4.79372e+02     1.02375e+02     1.83060e+02
    8.73334e-01     4.76760e+02     1.01814e+02     1.81913e+02
    8.77429e-01     4.74610e+02     1.00803e+02     1.80804e+02
    8.81512e-01     4.74707e+02     1.00573e+02     1.79857e+02
    8.85601e-01     4.73241e+02     9.90453e+01     1.79112e+02
    8.89691e-01     4.72422e+02     9.83087e+01     1.77962e+02
    8.93784e-01     4.73110e+02     9.78622e+01     1.76889e+02
    8.97875e-01     4.69632e+02     9.70721e+01     1.75996e+02
    9.01960e-01     4.68397e+02     9.62817e+01     1.74155e+02
    9.06054e-01     4.68401e+02     9.57071e+01     1.74148e+02
    9.10146e-01     4.66966e+02     9.48581e+01     1.73396e+02
    9.14237e-01     4.65858e+02     9.39521e+01     1.71615e+02
    9.18331e-01     4.64992e+02     9.36746e+01     1.71240e+02
    9.22421e-01     4.63681e+02     9.29819e+01     1.70444e+02
    9.26509e-01     4.61228e+02     9.25615e+01     1.69153e+02
    9.30598e-01     4.61522e+02     9.14057e+01     1.67798e+02
    9.34692e-01     4.60968e+02     9.07504e+01     1.67644e+02
    9.38787e-01     4.57924e+02     8.92492e+01     1.66585e+02
    9.42873e-01     4.59397e+02     8.89710e+01     1.65460e+02
    9.46961e-01     4.57772e+02     8.90095e+01     1.64721e+02
    9.51054e-01     4.55677e+02     8.81002e+01     1.63737e+02
    9.55150e-01     4.55385e+02     8.75023e+01     1.63033e+02
    9.59240e-01     4.56150e+02     8.71883e+01     1.62019e+02
    9.63327e-01     4.53226e+02     8.63472e+01     1.61629e+02
    9.67420e-01     4.51870e+02     8.48831e+01     1.60298e+02
    9.71506e-01     4.52279e+02     8.51018e+01     1.59675e+02
    9.75588e-01     4.49468e+02     8.39066e+01     1.58639e+02
    9.79678e-01     4.49749e+02     8.34948e+01     1.57921e+02
    9.83773e-01     4.48681e+02     8.28005e+01     1.56997e+02
    9.87866e-01     4.48113e+02     8.22928e+01     1.56201e+02
    9.91960e-01     4.46456e+02     8.14626e+01     1.55088e+02
    9.96055e-01     4.46109e+02     8.14335e+01     1.54491e+02
    1.00015e+00     4.44489e+02     8.03512e+01     1.53568e+02
    1.00424e+00     4.43914e+02     8.01858e+01     1.52828e+02
    1.00832e+00     4.41884e+02     7.91600e+01     1.51971e+02
    1.01242e+00     4.43610e+02     7.94946e+01     1.51412e+02
    1.01651e+00     4.40134e+02     7.84967e+01     1.50748e+02
    1.02059e+00     4.40964e+02     7.81896e+01     1.50046e+02
    1.02468e+00     4.39571e+02     7.77614e+01     1.48821e+02
    1.02878e+00     4.37741e+02     7.70118e+01     1.48016e+02
    1.03287e+00     4.37808e+02     7.61535e+01     1.47336e+02
    1.03695e+00     4.36396e+02     7.57679e+01     1.46801e+02
    1.04105e+00     4.36395e+02     7.53584e+01     1.45864e+02
    1.04515e+00     4.36077e+02     7.50102e+01     1.45071e+02
    1.04923e+00     4.34199e+02     7.39864e+01     1.44617e+02
    1.05332e+00     4.32988e+02     7.36079e+01     1.43716e+02
    1.05741e+00     4.32555e+02     7.35828e+01     1.43260e+02
    1.06150e+00     4.31611e+02     7.29956e+01     1.42593e+02
    1.06559e+00     4.30886e+02     7.24385e+01     1.41500e+02
    1.06968e+00     4.29100e+02     7.16101e+01     1.40631e+02
    1.07377e+00     4.28471e+02     7.15796e+01     1.40141e+02
    1.07786e+00     4.28335e+02     7.12432e+01     1.39613e+02
    1.08195e+00     4.26717e+02     7.02193e+01     1.38703e+02
    1.08605e+00     4.26749e+02     6.96708e+01     1.37979e+02
    1.09014e+00     4.25960e+02     6.91607e+01     1.37095e+02
    1.09422e+00     4.25072e+02     6.89884e+01     1.36655e+02
    1.09832e+00     4.23574e+02     6.83660e+01     1.35851e+02
    1.10242e+00     4.22957e+02     6.83763e+01     1.35521e+02
    1.10650e+00     4.22200e+02     6.77528e+01     1.34671e+02
    1.11059e+00     4.21165e+02     6.74873e+01     1.34063e+02
    1.11468e+00     4.19938e+02     6.67906e+01     1.33265e+02
    1.11878e+00     4.19152e+02     6.62605e+01     1.32772e+02
    1.12287e+00     4.19291e+02     6.60848e+01     1.32079e+02
    1.12695e+00     4.18927e+02     6.54691e+01     1.31189e+02
    1.13105e+00     4.16719e+02     6.54904e+01     1.30660e+02
    1.13514e+00     4.16376e+02     6.49069e+01     1.30068e+02
    1.13922e+00     4.15458e+02     6.42628e+01     1.29710e+02
    1.14331e+00     4.14698e+02     6.41228e+01     1.28565e+02
    1.14741e+00     4.13755e+02     6.33817e+01     1.28295e+02
    1.15150e+00     4.13550e+02     6.32251e+01     1.27462e+02
    1.15559e+00     4.12449e+02     6.25692e+01     1.26867e+02
    1.15968e+00     4.11536e+02     6.19915e+01     1.26144e+02
    1.16377e+00     4.11122e+02     6.14202e+01     1.25648e+02
    1.16786e+00     4.11387e+02     6.17895e+01     1.25456e+02
    1.17195e+00     4.10100e+02     6.10101e+01     1.24788e+02
    1.17604e+00     4.07691e+02     6.04249e+01     1.23536e+02
    1.18013e+00     4.07002e+02     6.02155e+01     1.23268e+02
    1.18422e+00     4.07519e+02     6.02040e+01     1.22687e+02
    1.18831e+00     4.07187e+02     5.97578e+01     1.22043e+02
    1.19240e+00     4.05994e+02     5.93617e+01     1.21492e+02
    1.19649e+00     4.04585e+02     5.92237e+01     1.20682e+02
    1.20059e+00     4.05569e+02     5.90614e+01     1.20483e+02
    1.20468e+00     4.03373e+02     5.82097e+01     1.19759e+02
    1.20877e+00     4.02530e+02     5.76319e+01     1.19254e+02
    1.21286e+00     4.02597e+02     5.74883e+01     1.18743e+02
    1.21695e+00     4.01975e+02     5.74259e+01     1.18060e+02
    1.22104e+00     4.01640e+02     5.71803e+01     1.17604e+02
    1.22513e+00     4.00945e+02     5.67732e+01     1.17381e+02
    1.22922e+00     4.00048e+02     5.64147e+01     1.16745e+02
    1.23330e+00     3.98777e+02     5.59445e+01     1.15815e+02
    1.23740e+00     3.97937e+02     5.58654e+01     1.15235e+02
    1.24149e+00     3.97833e+02     5.52782e+01     1.14579e+02
    1.24558e+00     3.96813e+02     5.48767e+01     1.14111e+02
    1.24967e+00     3.95456e+02     5.48400e+01     1.13937e+02
    1.25376e+00     3.95442e+02     5.45774e+01     1.12938e+02
    1.25785e+00     3.95322e+02     5.40712e+01     1.12742e+02
    1.26194e+00     3.93533e+02     5.38845e+01     1.12271e+02
    1.26603e+00     3.93292e+02     5.34607e+01     1.11600e+02
    1.27012e+00     3.92484e+02     5.34562e+01     1.11130e+02
    1.27422e+00     3.91972e+02     5.28405e+01     1.10492e+02
    1.27831e+00     3.91443e+02     5.28149e+01     1.10104e+02
    1.28240e+00     3.90866e+02     5.25120e+01     1.09706e+02
    1.28649e+00     3.89988e+02     5.19434e+01     1.08847e+02
    1.29058e+00     3.89306e+02     5.16129e+01     1.08355e+02
    1.29467e+00     3.89513e+02     5.14711e+01     1.08049e+02
    1.29876e+00     3.88291e+02     5.10148e+01     1.07457e+02
    1.30285e+00     3.86436e+02     5.04466e+01     1.06826e+02
    1.30694e+00     3.86640e+02     5.05515e+01     1.06603e+02
    1.31103e+00     3.85696e+02     5.03273e+01     1.06085e+02
    1.31512e+00     3.84725e+02     4.97625e+01     1.05403e+02
    1.31921e+00     3.85133e+02     4.98074e+01     1.04905e+02
    1.32331e+00     3.83992e+02     4.95393e+01     1.04718e+02
    1.32739e+00     3.84153e+02     4.96346e+01     1.03966e+02
    1.33148e+00     3.82201e+02     4.89729e+01     1.03567e+02
    1.33558e+00     3.81937e+02     4.87936e+01     1.02879e+02
    1.33967e+00     3.80820e+02     4.82921e+01     1.02582e+02
    1.34376e+00     3.81081e+02     4.80161e+01     1.02033e+02
    1.34785e+00     3.80276e+02     4.78906e+01     1.01759e+02
    1.35195e+00     3.79762e+02     4.73658e+01     1.00932e+02
    1.35603e+00     3.78437e+02     4.74366e+01     1.00696e+02
    1.36011e+00     3.78690e+02     4.72736e+01     1.00232e+02
    1.36421e+00     3.77294e+02     4.66514e+01     9.96025e+01
    1.36830e+00     3.76301e+02     4.64290e+01     9.91228e+01
    1.37239e+00     3.75706e+02     4.64961e+01     9.91984e+01
    1.37648e+00     3.76302e+02     4.61667e+01     9.83441e+01
    1.38057e+00     3.74682e+02     4.56424e+01     9.79134e+01
    1.38466e+00     3.73789e+02     4.53664e+01     9.73565e+01
    1.38875e+00     3.73938e+02     4.54451e+01     9.70462e+01
    1.39285e+00     3.72863e+02     4.47967e+01     9.63361e+01
    1.39694e+00     3.71996e+02     4.49355e+01     9.63686e+01
    1.40102e+00     3.71594e+02     4.44535e+01     9.59007e+01
    1.40512e+00     3.71197e+02     4.43162e+01     9.51961e+01
    1.40921e+00     3.70247e+02     4.40610e+01     9.48326e+01
    1.41330e+00     3.69735e+02     4.40196e+01     9.43486e+01
    1.41739e+00     3.69051e+02     4.37491e+01     9.39419e+01
    1.42148e+00     3.68606e+02     4.33794e+01     9.34064e+01
    1.42557e+00     3.68344e+02     4.31875e+01     9.27915e+01
    1.42966e+00     3.66847e+02     4.29800e+01     9.25874e+01
    1.43375e+00     3.66958e+02     4.24726e+01     9.21529e+01
    1.43784e+00     3.65843e+02     4.26139e+01     9.17569e+01
    1.44193e+00     3.66652e+02     4.23627e+01     9.12226e+01
    1.44602e+00     3.64872e+02     4.19574e+01     9.07640e+01
    1.45011e+00     3.64773e+02     4.19494e+01     9.02790e+01
    1.45420e+00     3.64121e+02     4.18354e+01     9.01026e+01
    1.45830e+00     3.63149e+02     4.15652e+01     8.98007e+01
    1.46239e+00     3.62039e+02     4.14329e+01     8.93172e+01
    1.46648e+00     3.62192e+02     4.12767e+01     8.90365e+01
    1.47056e+00     3.60674e+02     4.06695e+01     8.83884e+01
    1.47465e+00     3.60607e+02     4.04834e+01     8.78522e+01
    1.47874e+00     3.59804e+02     4.05919e+01     8.74792e+01
    1.48283e+00     3.59701e+02     4.01017e+01     8.72475e+01
    1.48693e+00     3.58279e+02     4.02423e+01     8.67077e+01
    1.49102e+00     3.58328e+02     4.01069e+01     8.64896e+01
    1.49511e+00     3.57098e+02     3.97031e+01     8.60106e+01
    1.49920e+00     3.57308e+02     3.94171e+01     8.56324e+01
    1.50329e+00     3.57121e+02     3.94066e+01     8.53268e+01
    1.50738e+00     3.56039e+02     3.91197e+01     8.50041e+01
    1.51148e+00     3.55675e+02     3.90962e+01     8.45306e+01
    1.51557e+00     3.54881e+02     3.88682e+01     8.40265e+01
    1.51965e+00     3.53444e+02     3.84405e+01     8.36208e+01
    1.52374e+00     3.53741e+02     3.86121e+01     8.32881e+01
    1.52784e+00     3.52669e+02     3.81527e+01     8.30016e+01
    1.53193e+00     3.52098e+02     3.78089e+01     8.26348e+01
    1.53602e+00     3.52702e+02     3.79131e+01     8.20964e+01
    1.54011e+00     3.51315e+02     3.76235e+01     8.17069e+01
    1.54420e+00     3.50287e+02     3.74799e+01     8.14640e+01
    1.54829e+00     3.49833e+02     3.73997e+01     8.10553e+01
    1.55238e+00     3.49345e+02     3.70817e+01     8.07059e+01
    1.55647e+00     3.48750e+02     3.68087e+01     8.01762e+01
    1.56056e+00     3.48646e+02     3.69097e+01     7.98130e+01
    1.56465e+00     3.48273e+02     3.65571e+01     7.95438e+01
    1.56874e+00     3.48107e+02     3.66925e+01     7.92529e+01
    1.57283e+00     3.46342e+02     3.62496e+01     7.89002e+01
    1.57693e+00     3.45749e+02     3.59919e+01     7.83382e+01
    1.58102e+00     3.45256e+02     3.59811e+01     7.82007e+01
    1.58510e+00     3.44288e+02     3.59606e+01     7.78418e+01
    1.58919e+00     3.43872e+02     3.55165e+01     7.74079e+01
    1.59329e+00     3.43680e+02     3.54458e+01     7.70570e+01
    1.59738e+00     3.43494e+02     3.53777e+01     7.67431e+01
    1.60147e+00     3.42046e+02     3.51843e+01     7.63057e+01
    1.60556e+00     3.42193e+02     3.48984e+01     7.60056e+01
    1.60965e+00     3.40915e+02     3.46836e+01     7.55431e+01
    1.61374e+00     3.41458e+02     3.45485e+01     7.52685e+01
    1.61783e+00     3.40187e+02     3.43408e+01     7.49110e+01
    1.62192e+00     3.40161e+02     3.44574e+01     7.46690e+01
    1.62601e+00     3.39050e+02     3.42600e+01     7.42233e+01
    1.63010e+00     3.38214e+02     3.40931e+01     7.39747e+01
    1.63419e+00     3.37567e+02     3.38790e+01     7.36200e+01
    1.63828e+00     3.36828e+02     3.36252e+01     7.31593e+01
    1.64238e+00     3.36492e+02     3.37121e+01     7.28993e+01
    1.64647e+00     3.36169e+02     3.33709e+01     7.25506e+01
    1.65055e+00     3.36226e+02     3.34538e+01     7.22920e+01
    1.65465e+00     3.34869e+02     3.31020e+01     7.19245e+01
    1.65874e+00     3.34415e+02     3.28004e+01     7.15450e+01
    1.66283e+00     3.33894e+02     3.28164e+01     7.13442e+01
    1.66691e+00     3.33230e+02     3.25385e+01     7.08721e+01
    1.67101e+00     3.32764e+02     3.24579e+01     7.06214e+01
    1.67510e+00     3.32497e+02     3.24960e+01     7.02809e+01
    1.67919e+00     3.31576e+02     3.20277e+01     6.99938e+01
    1.68328e+00     3.31706e+02     3.20758e+01     6.96585e+01
    1.68737e+00     3.30910e+02     3.19026e+01     6.93459e+01
    1.69146e+00     3.30246e+02     3.18972e+01     6.90803e+01
    1.69555e+00     3.29554e+02     3.16859e+01     6.86726e+01
    1.69964e+00     3.28814e+02     3.15857e+01     6.83175e+01
    1.70373e+00     3.28552e+02     3.14705e+01     6.80875e+01
    1.70782e+00     3.27794e+02     3.13136e+01     6.77782e+01
    1.71191e+00     3.28220e+02     3.13557e+01     6.75321e+01
    1.71600e+00     3.26285e+02     3.09066e+01     6.71723e+01
    1.72009e+00     3.26576e+02     3.09188e+01     6.68278e+01
    1.72418e+00     3.25612e+02     3.08082e+01     6.64775e+01
    1.72828e+00     3.25376e+02     3.07691e+01     6.62658e+01
    1.73237e+00     3.24426e+02     3.03673e+01     6.57427e+01
    1.73646e+00     3.24244e+02     3.02500e+01     6.55219e+01
    1.74055e+00     3.23674e+02     3.02274e+01     6.53059e+01
    1.74464e+00     3.22615e+02     3.00013e+01     6.49645e+01
    1.74874e+00     3.22473e+02     3.00344e+01     6.47586e+01
    1.75282e+00     3.22233e+02     2.98206e+01     6.44883e+01
    1.75691e+00     3.21449e+02     2.96711e+01     6.40574e+01
    1.76100e+00     3.20522e+02     2.96439e+01     6.38971e+01
    1.76509e+00     3.20526e+02     2.93952e+01     6.33641e+01
    1.76918e+00     3.19713e+02     2.92519e+01     6.32358e+01
    1.77327e+00     3.19226e+02     2.94157e+01     6.29961e+01
    1.77737e+00     3.19017e+02     2.91133e+01     6.27088e+01
    1.78146e+00     3.17955e+02     2.90243e+01     6.24451e+01
    1.78554e+00     3.17111e+02     2.89437e+01     6.19219e+01
    1.78964e+00     3.17127e+02     2.86754e+01     6.17253e+01
    1.79373e+00     3.16545e+02     2.86510e+01     6.15409e+01
    1.79782e+00     3.15825e+02     2.85282e+01     6.11982e+01
    1.80191e+00     3.15714e+02     2.84196e+01     6.08610e+01
    1.80600e+00     3.15579e+02     2.83851e+01     6.07155e+01
    1.81009e+00     3.14479e+02     2.82518e+01     6.04357e+01
    1.81418e+00     3.13741e+02     2.79869e+01     5.99850e+01
    1.81827e+00     3.13293e+02     2.78287e+01     5.97511e+01
    1.82236e+00     3.12723e+02     2.78559e+01     5.94917e+01
    1.82645e+00     3.12300e+02     2.77097e+01     5.92841e+01
    1.83054e+00     3.11437e+02     2.74015e+01     5.89467e+01
    1.83463e+00     3.11022e+02     2.73642e+01     5.86965e+01
    1.83872e+00     3.10481e+02     2.72185e+01     5.84057e+01
    1.84281e+00     3.10284e+02     2.71676e+01     5.81653e+01
    1.84691e+00     3.09620e+02     2.71186e+01     5.78054e+01
    1.85100e+00     3.09120e+02     2.68966e+01     5.75770e+01
    1.85509e+00     3.08396e+02     2.69266e+01     5.73268e+01
    1.85918e+00     3.08278e+02     2.67590e+01     5.71065e+01
    1.86327e+00     3.07288e+02     2.65981e+01     5.68051e+01
    1.86736e+00     3.06599e+02     2.66380e+01     5.66392e+01
    1.87145e+00     3.06121e+02     2.64252e+01     5.62351e+01
    1.87554e+00     3.06437e+02     2.65216e+01     5.61138e+01
    1.87963e+00     3.05648e+02     2.63551e+01     5.58246e+01
    1.88372e+00     3.05085e+02     2.61752e+01     5.55996e+01
    1.88781e+00     3.03995e+02     2.61515e+01     5.52782e+01
    1.89190e+00     3.03734e+02     2.59753e+01     5.49736e+01
    1.89599e+00     3.03502e+02     2.59012e+01     5.46968e+01
    1.90008e+00     3.02722e+02     2.58002e+01     5.44304e+01
    1.90417e+00     3.02302e+02     2.56974e+01     5.42638e+01
    1.90827e+00     3.01883e+02     2.56669e+01     5.39582e+01
    1.91236e+00     3.01688e+02     2.53501e+01     5.37563e+01
    1.91645e+00     3.00802e+02     2.53660e+01     5.34874e+01
    1.92054e+00     2.99961e+02     2.51477e+01     5.32531e+01
    1.92463e+00     2.99316e+02     2.51646e+01     5.29642e+01
    1.92872e+00     2.98796e+02     2.50370e+01     5.27343e+01
    1.93281e+00     2.98872e+02     2.49382e+01     5.25084e+01
    1.93690e+00     2.97835e+02     2.48864e+01     5.23166e+01
    1.94099e+00     2.97774e+02     2.48086e+01     5.19134e+01
    1.94508e+00     2.96671e+02     2.47909e+01     5.18600e+01
    1.94917e+00     2.96523e+02     2.45436e+01     5.15171e+01
    1.95326e+00     2.95758e+02     2.45198e+01     5.12733e+01
    1.95735e+00     2.95420e+02     2.44380e+01     5.10876e+01
    1.96144e+00     2.94435e+02     2.42793e+01     5.08023e+01
    1.96553e+00     2.94457e+02     2.43044e+01     5.05212e+01
    1.96962e+00     2.94469e+02     2.42125e+01     5.02900e+01
    1.97371e+00     2.93559e+02     2.40358e+01     5.00365e+01
    1.97781e+00     2.92792e+02     2.39569e+01     4.98483e+01
    1.98190e+00     2.91981e+02     2.38439e+01     4.96725e+01
    1.98599e+00     2.91698e+02     2.37322e+01     4.93567e+01
    1.99008e+00     2.91098e+02     2.36821e+01     4.91517e+01
    1.99417e+00     2.90682e+02     2.34865e+01     4.89878e+01
    1.99826e+00     2.90396e+02     2.35085e+01     4.87358e+01
    2.00235e+00     2.89830e+02     2.33604e+01     4.84944e+01
    2.00644e+00     2.89416e+02     2.33798e+01     4.82178e+01
    2.01053e+00     2.88877e+02     2.31754e+01     4.80053e+01
    2.01462e+00     2.87897e+02     2.30448e+01     4.78018e+01
    2.01871e+00     2.87960e+02     2.30960e+01     4.76092e+01
    2.02280e+00     2.87526e+02     2.29973e+01     4.73249e+01
    2.02689e+00     2.86647e+02     2.28739e+01     4.71078e+01
    2.03098e+00     2.86105e+02     2.27185e+01     4.69256e+01
    2.03507e+00     2.85489e+02     2.26005e+01     4.67509e+01
    2.03917e+00     2.85189e+02     2.25894e+01     4.64457e+01
    2.04325e+00     2.84618e+02     2.25435e+01     4.62651e+01
    2.04735e+00     2.84075e+02     2.24189e+01     4.60329e+01
    2.05143e+00     2.83934e+02     2.23765e+01     4.58064e+01
    2.05552e+00     2.82860e+02     2.21677e+01     4.55465e+01
    2.05962e+00     2.82771e+02     2.21807e+01     4.53973e+01
    2.06371e+00     2.82275e+02     2.21496e+01     4.52498e+01
    2.06780e+00     2.81234e+02     2.18582e+01     4.49285e+01
    2.07189e+00     2.81032e+02     2.19392e+01     4.48104e+01
    2.07598e+00     2.80517e+02     2.17998e+01     4.45462e+01
    2.08007e+00     2.80256e+02     2.17285e+01     4.43060e+01
    2.08416e+00     2.79327e+02     2.15594e+01     4.41393e+01
    2.08825e+00     2.79019e+02     2.16446e+01     4.38574e+01
    2.09234e+00     2.78407e+02     2.15680e+01     4.36948e+01
    2.09644e+00     2.78202e+02     2.15052e+01     4.35290e+01
    2.10053e+00     2.77481e+02     2.13353e+01     4.32759e+01
    2.10461e+00     2.77368e+02     2.13628e+01     4.30696e+01
    2.10870e+00     2.76827e+02     2.13264e+01     4.29259e+01
    2.11280e+00     2.76508e+02     2.11864e+01     4.26619e+01
    2.11688e+00     2.75657e+02     2.10303e+01     4.25119e+01
    2.12098e+00     2.74965e+02     2.10171e+01     4.22563e+01
    2.12507e+00     2.74698e+02     2.09768e+01     4.20458e+01
    2.12916e+00     2.73977e+02     2.09469e+01     4.18843e+01
    2.13325e+00     2.73662e+02     2.06776e+01     4.17152e+01
    2.13734e+00     2.72989e+02     2.07177e+01     4.15314e+01
    2.14143e+00     2.72864e+02     2.06806e+01     4.12865e+01
    2.14552e+00     2.71880e+02     2.06223e+01     4.10983e+01
    2.14961e+00     2.71710e+02     2.05181e+01     4.09441e+01
    2.15370e+00     2.71045e+02     2.04782e+01     4.07096e+01
    2.15779e+00     2.71101e+02     2.03926e+01     4.04640e+01
    2.16188e+00     2.69879e+02     2.02437e+01     4.03270e+01
    2.16597e+00     2.69837e+02     2.01589e+01     4.01409e+01
    2.17006e+00     2.69239e+02     2.02058e+01     3.99738e+01
    2.17416e+00     2.68561e+02     2.00825e+01     3.97583e+01
    2.17825e+00     2.68008e+02     2.00402e+01     3.95779e+01
    2.18234e+00     2.67658e+02     1.98607e+01     3.94198e+01
    2.18643e+00     2.66619e+02     1.98254e+01     3.91851e+01
    2.19052e+00     2.66683e+02     1.97426e+01     3.89854e+01
    2.19461e+00     2.66193e+02     1.96763e+01     3.87867e+01
    2.19870e+00     2.65505e+02     1.96731e+01     3.86051e+01
    2.20279e+00     2.65171e+02     1.95762e+01     3.84502e+01
    2.20688e+00     2.64493e+02     1.95405e+01     3.82192e+01
    2.21097e+00     2.64061e+02     1.92805e+01     3.80889e+01
    2.21506e+00     2.63785e+02     1.93095e+01     3.78855e+01
    2.21915e+00     2.63151e+02     1.92790e+01     3.77102e+01
    2.22324e+00     2.62502e+02     1.92463e+01     3.75468e+01
    2.22733e+00     2.62466e+02     1.92251e+01     3.73465e+01
    2.23142e+00     2.61761e+02     1.90765e+01     3.71942e+01
    2.23552e+00     2.61477e+02     1.89910e+01     3.69754e+01
    2.23961e+00     2.60714e+02     1.89948e+01     3.68276e+01
    2.24369e+00     2.60396e+02     1.88738e+01     3.66151e+01
    2.24779e+00     2.59958e+02     1.89189e+01     3.65415e+01
    2.25188e+00     2.59325e+02     1.87835e+01     3.63052e+01
    2.25597e+00     2.59100e+02     1.86574e+01     3.61830e+01
    2.26006e+00     2.58678e+02     1.86421e+01     3.59652e+01
    2.26415e+00     2.58321e+02     1.85528e+01     3.58001e+01
    2.26824e+00     2.57346e+02     1.84237e+01     3.56109e+01
    2.27233e+00     2.56780e+02     1.83395e+01     3.54173e+01
    2.27642e+00     2.56335e+02     1.83622e+01     3.52741e+01
    2.28051e+00     2.55980e+02     1.83494e+01     3.50747e+01
    2.28460e+00     2.55537e+02     1.82594e+01     3.49451e+01
    2.28869e+00     2.54964e+02     1.81851e+01     3.47477e+01
    2.29278e+00     2.54715e+02     1.81831e+01     3.45948e+01
    2.29687e+00     2.53992e+02     1.80908e+01     3.44015e+01
    2.30096e+00     2.53580e+02     1.80284e+01     3.42396e+01
    2.30506e+00     2.53039e+02     1.79556e+01     3.41130e+01
    2.30915e+00     2.52597e+02     1.78473e+01     3.39016e+01
    2.31324e+00     2.52043e+02     1.78069e+01     3.37720e+01
    2.31733e+00     2.51564e+02     1.77342e+01     3.36403e+01
    2.32142e+00     2.51258e+02     1.76585e+01     3.34551e+01
    2.32551e+00     2.50763e+02     1.76265e+01     3.32937e+01
    2.32960e+00     2.50440e+02     1.75718e+01     3.30373e+01
    2.33369e+00     2.49783e+02     1.74781e+01     3.29396e+01
    2.33778e+00     2.49086e+02     1.73947e+01     3.27773e+01
    2.34187e+00     2.48991e+02     1.73882e+01     3.26261e+01
    2.34596e+00     2.48550e+02     1.73048e+01     3.24448e+01
    2.35005e+00     2.47817e+02     1.71855e+01     3.23239e+01
    2.35414e+00     2.47325e+02     1.72167e+01     3.21748e+01
    2.35823e+00     2.46999e+02     1.70811e+01     3.19800e+01
    2.36232e+00     2.46242e+02     1.70423e+01     3.18400e+01
    2.36641e+00     2.45823e+02     1.70312e+01     3.16865e+01
    2.37051e+00     2.45588e+02     1.69433e+01     3.15529e+01
    2.37460e+00     2.44903e+02     1.69083e+01     3.13963e+01
    2.37869e+00     2.44420e+02     1.67799e+01     3.12340e+01
    2.38278e+00     2.44065e+02     1.67305e+01     3.10872e+01
    2.38687e+00     2.43620e+02     1.67154e+01     3.09218e+01
    2.39096e+00     2.43056e+02     1.66487e+01     3.07652e+01
    2.39505e+00     2.42605e+02     1.66274e+01     3.06528e+01
    2.39914e+00     2.41853e+02     1.65064e+01     3.04505e+01
    2.40323e+00     2.41925e+02     1.65148e+01     3.03456e+01
    2.40732e+00     2.41136e+02     1.64370e+01     3.02044e+01
    2.41141e+00     2.40713e+02     1.65046e+01     3.00393e+01
    2.41550e+00     2.40119e+02     1.63128e+01     2.98799e+01
    2.41959e+00     2.39767e+02     1.63249e+01     2.97551e+01
    2.42368e+00     2.39362e+02     1.62164e+01     2.96627e+01
    2.42777e+00     2.39390e+02     1.63009e+01     2.94614e+01
    2.43187e+00     2.38551e+02     1.61915e+01     2.93313e+01
    2.43596e+00     2.37806e+02     1.60891e+01     2.92127e+01
    2.44004e+00     2.37769e+02     1.60068e+01     2.90202e+01
    2.44414e+00     2.37027e+02     1.60070e+01     2.88934e+01
    2.44823e+00     2.36660e+02     1.59330e+01     2.87422e+01
    2.45232e+00     2.36028e+02     1.58241e+01     2.86283e+01
    2.45640e+00     2.35676e+02     1.57556e+01     2.84305e+01
    2.46050e+00     2.35079e+02     1.57718e+01     2.83325e+01
    2.46459e+00     2.35049e+02     1.57516e+01     2.81672e+01
    2.46868e+00     2.34051e+02     1.56380e+01     2.80291e+01
    2.47277e+00     2.33594e+02     1.55787e+01     2.78870e+01
    2.47686e+00     2.33077e+02     1.55172e+01     2.77638e+01
    2.48095e+00     2.32921e+02     1.55319e+01     2.76595e+01
    2.48504e+00     2.32330e+02     1.54606e+01     2.75021e+01
    2.48913e+00     2.31643e+02     1.53429e+01     2.73811e+01
    2.49322e+00     2.31645e+02     1.53980e+01     2.72513e+01
    2.49731e+00     2.31149e+02     1.53463e+01     2.71450e+01
    2.50141e+00     2.30820e+02     1.52645e+01     2.69557e+01
    2.50550e+00     2.30259e+02     1.51895e+01     2.68319e+01
    2.50959e+00     2.29715e+02     1.52349e+01     2.67195e+01
    2.51368e+00     2.29109e+02     1.50465e+01     2.65709e+01
    2.51777e+00     2.28604e+02     1.50494e+01     2.64474e+01
    2.52186e+00     2.28466e+02     1.50343e+01     2.62949e+01
    2.52595e+00     2.27952e+02     1.50052e+01     2.62103e+01
    2.53004e+00     2.27512e+02     1.48724e+01     2.60570e+01
    2.53413e+00     2.26998e+02     1.48197e+01     2.59272e+01
    2.53822e+00     2.26388e+02     1.48811e+01     2.58289e+01
    2.54231e+00     2.26168e+02     1.47614e+01     2.56980e+01
    2.54640e+00     2.25547e+02     1.47746e+01     2.56009e+01
    2.55049e+00     2.25239e+02     1.46436e+01     2.54180e+01
    2.55458e+00     2.24865e+02     1.46483e+01     2.52707e+01
    2.55867e+00     2.24059e+02     1.45716e+01     2.51649e+01
    2.56276e+00     2.23816e+02     1.44676e+01     2.50336e+01
    2.56685e+00     2.23563e+02     1.44693e+01     2.49008e+01
    2.57095e+00     2.22956e+02     1.44277e+01     2.48133e+01
    2.57504e+00     2.22748e+02     1.44410e+01     2.47225e+01
    2.57913e+00     2.22401e+02     1.43652e+01     2.45688e+01
    2.58322e+00     2.21526e+02     1.42629e+01     2.44391e+01
    2.58731e+00     2.21240e+02     1.42167e+01     2.43044e+01
    2.59140e+00     2.20508e+02     1.41432e+01     2.41953e+01
    2.59549e+00     2.20146e+02     1.41018e+01     2.40783e+01
    2.59958e+00     2.19984e+02     1.41536e+01     2.39702e+01
    2.60367e+00     2.19241e+02     1.40773e+01     2.38735e+01
    2.60776e+00     2.19025e+02     1.39837e+01     2.36970e+01
    2.61185e+00     2.18441e+02     1.39884e+01     2.36088e+01
    2.61594e+00     2.17992e+02     1.39718e+01     2.35238e+01
    2.62003e+00     2.17550e+02     1.39096e+01     2.33535e+01
    2.62412e+00     2.17565e+02     1.38724e+01     2.32588e+01
    2.62821e+00     2.16659e+02     1.37742e+01     2.31445e+01
    2.63230e+00     2.16134e+02     1.37458e+01     2.30401e+01
    2.63640e+00     2.15876e+02     1.36919e+01     2.29207e+01
    2.64049e+00     2.15597e+02     1.36693e+01     2.28092e+01
    2.64457e+00     2.14876e+02     1.36036e+01     2.26789e+01
    2.64867e+00     2.14445e+02     1.35653e+01     2.25604e+01
    2.65276e+00     2.14231e+02     1.35538e+01     2.24890e+01
    2.65685e+00     2.13720e+02     1.34885e+01     2.23328e+01
    2.66094e+00     2.13257e+02     1.34017e+01     2.22308e+01
    2.66503e+00     2.12946e+02     1.33984e+01     2.21411e+01
    2.66912e+00     2.12239e+02     1.33291e+01     2.20125e+01
    2.67321e+00     2.12176e+02     1.32937e+01     2.19235e+01
    2.67730e+00     2.11363e+02     1.32669e+01     2.18006e+01
    2.68139e+00     2.11075e+02     1.32271e+01     2.16813e+01
    2.68548e+00     2.10843e+02     1.32103e+01     2.15799e+01
    2.68957e+00     2.10108e+02     1.31152e+01     2.14746e+01
    2.69366e+00     2.09671e+02     1.31562e+01     2.13710e+01
    2.69776e+00     2.09357e+02     1.30746e+01     2.12583e+01
    2.70185e+00     2.08745e+02     1.29902e+01     2.11772e+01
    2.70594e+00     2.08529e+02     1.29267e+01     2.10394e+01
    2.71003e+00     2.08104e+02     1.29419e+01     2.09622e+01
    2.71412e+00     2.07621e+02     1.28979e+01     2.08498e+01
    2.71821e+00     2.07186e+02     1.27684e+01     2.07416e+01
    2.72230e+00     2.06801e+02     1.28285e+01     2.06348e+01
    2.72639e+00     2.06526e+02     1.27453e+01     2.05275e+01
    2.73048e+00     2.05972e+02     1.27563e+01     2.04170e+01
    2.73457e+00     2.05350e+02     1.26520e+01     2.03254e+01
    2.73866e+00     2.04986e+02     1.26613e+01     2.02401e+01
    2.74275e+00     2.04637e+02     1.25686e+01     2.01154e+01
    2.74684e+00     2.04172e+02     1.25810e+01     2.00066e+01
    2.75093e+00     2.03792e+02     1.24935e+01     1.99131e+01
    2.75502e+00     2.03392e+02     1.24849e+01     1.98058e+01
    2.75911e+00     2.03084e+02     1.24768e+01     1.97301e+01
    2.76320e+00     2.02505e+02     1.24221e+01     1.96343e+01
    2.76730e+00     2.02136e+02     1.23471e+01     1.95140e+01
    2.77139e+00     2.01713e+02     1.23666e+01     1.94575e+01
    2.77548e+00     2.01325e+02     1.22793e+01     1.93162e+01
    2.77957e+00     2.01085e+02     1.22574e+01     1.92309e+01
    2.78366e+00     2.00363e+02     1.21995e+01     1.91325e+01
    2.78775e+00     2.00019e+02     1.21405e+01     1.90363e+01
    2.79184e+00     1.99564e+02     1.21232e+01     1.89486e+01
    2.79593e+00     1.99238e+02     1.21215e+01     1.88469e+01
    2.80002e+00     1.98984e+02     1.20762e+01     1.87583e+01
    2.80411e+00     1.98205e+02     1.19770e+01     1.86438e+01
    2.80820e+00     1.97985e+02     1.19849e+01     1.85602e+01
    2.81229e+00     1.97605e+02     1.19593e+01     1.84569e+01
    2.81638e+00     1.97051e+02     1.19570e+01     1.83973e+01
    2.82047e+00     1.96696e+02     1.18647e+01     1.82765e+01
    2.82457e+00     1.96158e+02     1.18169e+01     1.81907e+01
    2.82866e+00     1.95957e+02     1.18103e+01     1.81227e+01
    2.83275e+00     1.95530e+02     1.17732e+01     1.80033e+01
    2.83684e+00     1.95009e+02     1.16856e+01     1.79140e+01
    2.84093e+00     1.94618e+02     1.16826e+01     1.78247e+01
    2.84502e+00     1.94287e+02     1.16436e+01     1.77473e+01
    2.84911e+00     1.93809e+02     1.16314e+01     1.76477e+01
    2.85320e+00     1.93487e+02     1.15498e+01     1.75561e+01
    2.85729e+00     1.92913e+02     1.15320e+01     1.74626e+01
    2.86138e+00     1.92696e+02     1.15331e+01     1.73816e+01
    2.86547e+00     1.92419e+02     1.14813e+01     1.73029e+01
    2.86956e+00     1.91827e+02     1.14558e+01     1.72198e+01
    2.87365e+00     1.91239e+02     1.14130e+01     1.71139e+01
    2.87774e+00     1.91061e+02     1.13584e+01     1.70390e+01
    2.88183e+00     1.90518e+02     1.13306e+01     1.69472e+01
    2.88592e+00     1.90123e+02     1.12856e+01     1.68679e+01
    2.89001e+00     1.89852e+02     1.12654e+01     1.67839e+01
    2.89410e+00     1.89301e+02     1.12091e+01     1.66772e+01
    2.89820e+00     1.88985e+02     1.11916e+01     1.66106e+01
    2.90229e+00     1.88422e+02     1.11457e+01     1.65388e+01
    2.90638e+00     1.88117e+02     1.11202e+01     1.64301e+01
    2.91047e+00     1.87787e+02     1.10870e+01     1.63660e+01
    2.91456e+00     1.87325e+02     1.10922e+01     1.62686e+01
    2.91865e+00     1.87014e+02     1.10014e+01     1.61988e+01
    2.92274e+00     1.86572e+02     1.09912e+01     1.61070e+01
    2.92683e+00     1.86096e+02     1.09263e+01     1.60166e+01
    2.93092e+00     1.85855e+02     1.08928e+01     1.59439e+01
    2.93501e+00     1.85479e+02     1.08980e+01     1.58625e+01
    2.93910e+00     1.84873e+02     1.08363e+01     1.57848e+01
    2.94319e+00     1.84616e+02     1.07654e+01     1.56942e+01
    2.94728e+00     1.84322e+02     1.07637e+01     1.56265e+01
    2.95137e+00     1.83760e+02     1.07506e+01     1.55615e+01
    2.95546e+00     1.83480e+02     1.07302e+01     1.54743e+01
    2.95955e+00     1.83008e+02     1.06682e+01     1.53983e+01
    2.96364e+00     1.82780e+02     1.06514e+01     1.53141e+01
    2.96774e+00     1.82178e+02     1.06407e+01     1.52447e+01
    2.97183e+00     1.81971e+02     1.06234e+01     1.51579e+01
    2.97592e+00     1.81461e+02     1.05641e+01     1.50840e+01
    2.98001e+00     1.80970e+02     1.04999e+01     1.49962e+01
    2.98410e+00     1.80651e+02     1.04599e+01     1.49207e+01
    2.98819e+00     1.80242e+02     1.04385e+01     1.48474e+01
    2.99228e+00     1.79953e+02     1.04015e+01     1.47826e+01
    2.99637e+00     1.79551e+02     1.03676e+01     1.46939e+01
    3.00046e+00     1.79162e+02     1.03431e+01     1.46238e+01
    3.00455e+00     1.78875e+02     1.03365e+01     1.45595e+01
    3.00864e+00     1.78321e+02     1.03076e+01     1.44804e+01
    3.01273e+00     1.78031e+02     1.02390e+01     1.43881e+01
    3.01682e+00     1.77583e+02     1.01845e+01     1.43155e+01
    3.02091e+00     1.77294e+02     1.01968e+01     1.42518e+01
    3.02500e+00     1.76883e+02     1.01434e+01     1.41876e+01
    3.02910e+00     1.76395e+02     1.01484e+01     1.41052e+01
    3.03319e+00     1.75957e+02     1.00809e+01     1.40204e+01
    3.03728e+00     1.75671e+02     1.00803e+01     1.39600e+01
    3.04137e+00     1.75345e+02     1.00092e+01     1.38964e+01
    3.04546e+00     1.75051e+02     1.00128e+01     1.38068e+01
    3.04955e+00     1.74659e+02     1.00018e+01     1.37500e+01
    3.05364e+00     1.74187e+02     9.94853e+00     1.36844e+01
    3.05773e+00     1.73780e+02     9.92441e+00     1.36135e+01
    3.06182e+00     1.73343e+02     9.85044e+00     1.35429e+01
    3.06591e+00     1.73103e+02     9.83947e+00     1.34807e+01
    3.07000e+00     1.72803e+02     9.81953e+00     1.33960e+01
    3.07409e+00     1.72264e+02     9.79186e+00     1.33374e+01
    3.07818e+00     1.71857e+02     9.76006e+00     1.32791e+01
    3.08227e+00     1.71439e+02     9.73314e+00     1.32047e+01
    3.08636e+00     1.71094e+02     9.71531e+00     1.31424e+01
    3.09045e+00     1.70847e+02     9.69065e+00     1.30680e+01
    3.09454e+00     1.70348e+02     9.61417e+00     1.29771e+01
    3.09863e+00     1.69943e+02     9.58424e+00     1.29385e+01
    3.10272e+00     1.69667e+02     9.57534e+00     1.28715e+01
    3.10682e+00     1.69216e+02     9.53468e+00     1.27920e+01
    3.11091e+00     1.68939e+02     9.51188e+00     1.27416e+01
    3.11500e+00     1.68604e+02     9.48207e+00     1.26692e+01
    3.11909e+00     1.68206e+02     9.47448e+00     1.26102e+01
    3.12318e+00     1.67710e+02     9.42096e+00     1.25463e+01
    3.12727e+00     1.67499e+02     9.40964e+00     1.24749e+01
    3.13136e+00     1.67240e+02     9.37312e+00     1.23979e+01
    3.13545e+00     1.66692e+02     9.32432e+00     1.23430e+01
    3.13954e+00     1.66330e+02     9.28729e+00     1.22812e+01
    3.14363e+00     1.66187e+02     9.32642e+00     1.22310e+01
    3.14772e+00     1.65589e+02     9.26173e+00     1.21569e+01
    3.15181e+00     1.65223e+02     9.25538e+00     1.20958e+01
    3.15590e+00     1.64811e+02     9.18684e+00     1.20425e+01
    3.16000e+00     1.64419e+02     9.15052e+00     1.19779e+01
    3.16409e+00     1.64182e+02     9.16508e+00     1.19126e+01
    3.16818e+00     1.63722e+02     9.10338e+00     1.18449e+01
    3.17227e+00     1.63457e+02     9.09381e+00     1.17800e+01
    3.17636e+00     1.63081e+02     9.04787e+00     1.17271e+01
    3.18045e+00     1.62744e+02     9.00130e+00     1.16587e+01
    3.18454e+00     1.62322e+02     9.01406e+00     1.16030e+01
    3.18863e+00     1.62004e+02     8.99143e+00     1.15427e+01
    3.19272e+00     1.61656e+02     8.96598e+00     1.14868e+01
    3.19681e+00     1.61458e+02     8.93766e+00     1.14360e+01
    3.20090e+00     1.60930e+02     8.85255e+00     1.13536e+01
    3.20499e+00     1.60510e+02     8.85903e+00     1.13044e+01
    3.20908e+00     1.60266e+02     8.82574e+00     1.12638e+01
    3.21317e+00     1.59869e+02     8.85820e+00     1.12005e+01
    3.21726e+00     1.59578e+02     8.79577e+00     1.11461e+01
    3.22135e+00     1.59274e+02     8.76363e+00     1.10901e+01
    3.22545e+00     1.58864e+02     8.72981e+00     1.10281e+01
    3.22954e+00     1.58544e+02     8.73049e+00     1.09632e+01
    3.23363e+00     1.58172e+02     8.68545e+00     1.09220e+01
    3.23772e+00     1.57886e+02     8.65123e+00     1.08528e+01
    3.24181e+00     1.57393e+02     8.61874e+00     1.07922e+01
    3.24590e+00     1.57143e+02     8.59835e+00     1.07330e+01
    3.24999e+00     1.56773e+02     8.56401e+00     1.06903e+01
    3.25408e+00     1.56450e+02     8.55720e+00     1.06307e+01
    3.25817e+00     1.56227e+02     8.52024e+00     1.05824e+01
    3.26226e+00     1.55891e+02     8.49601e+00     1.05268e+01
    3.26635e+00     1.55445e+02     8.42973e+00     1.04607e+01
    3.27044e+00     1.55189e+02     8.44622e+00     1.04293e+01
    3.27453e+00     1.54733e+02     8.41477e+00     1.03606e+01
    3.27862e+00     1.54488e+02     8.40372e+00     1.03109e+01
    3.28271e+00     1.54074e+02     8.37410e+00     1.02635e+01
    3.28681e+00     1.53651e+02     8.34137e+00     1.02073e+01
    3.29090e+00     1.53359e+02     8.30730e+00     1.01552e+01
    3.29499e+00     1.53065e+02     8.29598e+00     1.00962e+01
    3.29908e+00     1.52786e+02     8.27588e+00     1.00589e+01
    3.30317e+00     1.52411e+02     8.23325e+00     9.99216e+00
    3.30725e+00     1.52031e+02     8.21129e+00     9.95197e+00
    3.31135e+00     1.51701e+02     8.18746e+00     9.89043e+00
    3.31544e+00     1.51363e+02     8.16223e+00     9.84414e+00
    3.31953e+00     1.51077e+02     8.14541e+00     9.79250e+00
    3.32362e+00     1.50776e+02     8.11737e+00     9.74711e+00
    3.32771e+00     1.50355e+02     8.09390e+00     9.69419e+00
    3.33180e+00     1.50112e+02     8.06783e+00     9.64200e+00
    3.33589e+00     1.49655e+02     8.04330e+00     9.59616e+00
    3.33998e+00     1.49337e+02     8.01491e+00     9.54137e+00
    3.34407e+00     1.49034e+02     7.98249e+00     9.49345e+00
    3.34816e+00     1.48752e+02     7.94858e+00     9.44287e+00
    3.35226e+00     1.48491e+02     7.93677e+00     9.40040e+00
    3.35634e+00     1.48078e+02     7.91151e+00     9.34403e+00
    3.36043e+00     1.47828e+02     7.90382e+00     9.30049e+00
    3.36453e+00     1.47472e+02     7.85832e+00     9.25075e+00
    3.36862e+00     1.47220e+02     7.84892e+00     9.20894e+00
    3.37271e+00     1.46794e+02     7.81150e+00     9.15572e+00
    3.37680e+00     1.46434e+02     7.76777e+00     9.11228e+00
    3.38089e+00     1.46097e+02     7.77176e+00     9.05766e+00
    3.38498e+00     1.45856e+02     7.74231e+00     9.02154e+00
    3.38907e+00     1.45520e+02     7.72546e+00     8.97156e+00
    3.39316e+00     1.45223e+02     7.70214e+00     8.92471e+00
    3.39725e+00     1.44855e+02     7.67915e+00     8.88142e+00
    3.40134e+00     1.44523e+02     7.64708e+00     8.83262e+00
    3.40543e+00     1.44285e+02     7.61427e+00     8.78676e+00
    3.40952e+00     1.43860e+02     7.60517e+00     8.74539e+00
    3.41362e+00     1.43685e+02     7.59964e+00     8.69908e+00
    3.41770e+00     1.43251e+02     7.55969e+00     8.65516e+00
    3.42179e+00     1.43000e+02     7.52810e+00     8.60580e+00
    3.42588e+00     1.42671e+02     7.50785e+00     8.56570e+00
    3.42997e+00     1.42299e+02     7.49114e+00     8.52630e+00
    3.43406e+00     1.41975e+02     7.45261e+00     8.47773e+00
    3.43816e+00     1.41905e+02     7.45932e+00     8.44230e+00
    3.44225e+00     1.41304e+02     7.41970e+00     8.39936e+00
    3.44634e+00     1.41124e+02     7.40940e+00     8.35002e+00
    3.45043e+00     1.40778e+02     7.37053e+00     8.30693e+00
    3.45452e+00     1.40542e+02     7.36633e+00     8.26590e+00
    3.45861e+00     1.40197e+02     7.34683e+00     8.22495e+00
    3.46270e+00     1.39919e+02     7.32569e+00     8.18182e+00
    3.46679e+00     1.39628e+02     7.28277e+00     8.14291e+00
    3.47088e+00     1.39258e+02     7.25766e+00     8.09006e+00
    3.47497e+00     1.38877e+02     7.24681e+00     8.05555e+00
    3.47906e+00     1.38639e+02     7.21375e+00     8.01411e+00
    3.48315e+00     1.38360e+02     7.20564e+00     7.97377e+00
    3.48725e+00     1.37969e+02     7.17836e+00     7.92985e+00
    3.49134e+00     1.37749e+02     7.14561e+00     7.88785e+00
    3.49543e+00     1.37400e+02     7.13033e+00     7.84920e+00
    3.49952e+00     1.37217e+02     7.11141e+00     7.81309e+00
    3.50361e+00     1.36841e+02     7.10819e+00     7.77125e+00
    3.50770e+00     1.36662e+02     7.08579e+00     7.73222e+00
    3.51179e+00     1.36143e+02     7.06300e+00     7.68622e+00
    3.51588e+00     1.35840e+02     7.01454e+00     7.65195e+00
    3.51997e+00     1.35645e+02     7.00211e+00     7.61674e+00
    3.52406e+00     1.35386e+02     7.00269e+00     7.57799e+00
    3.52815e+00     1.34968e+02     6.98318e+00     7.53525e+00
    3.53224e+00     1.34726e+02     6.96001e+00     7.50519e+00
    3.53633e+00     1.34534e+02     6.92407e+00     7.46188e+00
    3.54042e+00     1.34161e+02     6.90218e+00     7.42685e+00
    3.54451e+00     1.33861e+02     6.88876e+00     7.38019e+00
    3.54860e+00     1.33579e+02     6.87532e+00     7.35522e+00
    3.55270e+00     1.33347e+02     6.84606e+00     7.30678e+00
    3.55679e+00     1.33075e+02     6.83762e+00     7.27220e+00
    3.56088e+00     1.32612e+02     6.78174e+00     7.24004e+00
    3.56497e+00     1.32374e+02     6.79426e+00     7.19554e+00
    3.56906e+00     1.32142e+02     6.76850e+00     7.16387e+00
    3.57315e+00     1.31917e+02     6.76167e+00     7.13248e+00
    3.57724e+00     1.31587e+02     6.73357e+00     7.09450e+00
    3.58133e+00     1.31216e+02     6.70842e+00     7.05155e+00
    3.58542e+00     1.31030e+02     6.69730e+00     7.01986e+00
    3.58951e+00     1.30755e+02     6.66423e+00     6.98392e+00
    3.59360e+00     1.30443e+02     6.66486e+00     6.95106e+00
    3.59769e+00     1.30125e+02     6.62173e+00     6.91433e+00
    3.60178e+00     1.29863e+02     6.62718e+00     6.87876e+00
    3.60587e+00     1.29623e+02     6.57444e+00     6.84777e+00
    3.60996e+00     1.29344e+02     6.57326e+00     6.81845e+00
    3.61405e+00     1.29084e+02     6.55966e+00     6.77768e+00
    3.61814e+00     1.28791e+02     6.53328e+00     6.74108e+00
    3.62224e+00     1.28485e+02     6.49917e+00     6.71018e+00
    3.62633e+00     1.28220e+02     6.49444e+00     6.67942e+00
    3.63042e+00     1.27989e+02     6.47428e+00     6.63679e+00
    3.63451e+00     1.27688e+02     6.45419e+00     6.60907e+00
    3.63860e+00     1.27413e+02     6.43781e+00     6.57395e+00
    3.64269e+00     1.27168e+02     6.41210e+00     6.53657e+00
    3.64678e+00     1.26902e+02     6.40736e+00     6.50884e+00
    3.65087e+00     1.26508e+02     6.37806e+00     6.47789e+00
    3.65496e+00     1.26360e+02     6.37760e+00     6.44629e+00
    3.65905e+00     1.26066e+02     6.35127e+00     6.41246e+00
    3.66314e+00     1.25843e+02     6.32310e+00     6.37656e+00
    3.66723e+00     1.25580e+02     6.29761e+00     6.34900e+00
    3.67132e+00     1.25270e+02     6.28566e+00     6.31599e+00
    3.67541e+00     1.24962e+02     6.26468e+00     6.28572e+00
    3.67950e+00     1.24707e+02     6.23878e+00     6.25254e+00
    3.68359e+00     1.24492e+02     6.23755e+00     6.21964e+00
    3.68769e+00     1.24162e+02     6.22767e+00     6.19361e+00
    3.69177e+00     1.23884e+02     6.18536e+00     6.16322e+00
    3.69587e+00     1.23603e+02     6.18724e+00     6.13087e+00
    3.69996e+00     1.23381e+02     6.16166e+00     6.09865e+00
    3.70405e+00     1.23054e+02     6.13555e+00     6.06891e+00
    3.70814e+00     1.22948e+02     6.12953e+00     6.04091e+00
    3.71223e+00     1.22578e+02     6.09623e+00     6.01241e+00
    3.71632e+00     1.22354e+02     6.08703e+00     5.98062e+00
    3.72041e+00     1.22107e+02     6.07595e+00     5.95697e+00
    3.72450e+00     1.21942e+02     6.06072e+00     5.92603e+00
    3.72859e+00     1.21544e+02     6.04467e+00     5.89650e+00
    3.73268e+00     1.21321e+02     6.02698e+00     5.86914e+00
    3.73677e+00     1.21067e+02     5.99462e+00     5.82905e+00
    3.74086e+00     1.20836e+02     5.98696e+00     5.80614e+00
    3.74495e+00     1.20565e+02     5.97938e+00     5.78024e+00
    3.74905e+00     1.20400e+02     5.95985e+00     5.75255e+00
    3.75313e+00     1.20049e+02     5.93153e+00     5.72108e+00
    3.75722e+00     1.19793e+02     5.91778e+00     5.69554e+00
    3.76131e+00     1.19578e+02     5.90170e+00     5.66604e+00
    3.76541e+00     1.19423e+02     5.90153e+00     5.64114e+00
    3.76950e+00     1.19046e+02     5.86900e+00     5.60915e+00
    3.77359e+00     1.18789e+02     5.85304e+00     5.58279e+00
    3.77768e+00     1.18517e+02     5.83251e+00     5.55675e+00
    3.78177e+00     1.18316e+02     5.81797e+00     5.53291e+00
    3.78586e+00     1.18080e+02     5.81230e+00     5.50694e+00
    3.78995e+00     1.17922e+02     5.79401e+00     5.47976e+00
    3.79404e+00     1.17587e+02     5.77530e+00     5.44961e+00
    3.79813e+00     1.17350e+02     5.76655e+00     5.42711e+00
    3.80222e+00     1.17066e+02     5.73854e+00     5.39951e+00
    3.80632e+00     1.16953e+02     5.72422e+00     5.37160e+00
    3.81040e+00     1.16655e+02     5.70657e+00     5.34451e+00
    3.81449e+00     1.16400e+02     5.69079e+00     5.32043e+00
    3.81859e+00     1.16118e+02     5.68771e+00     5.29676e+00
    3.82268e+00     1.15918e+02     5.68715e+00     5.27338e+00
    3.82677e+00     1.15680e+02     5.64503e+00     5.24140e+00
    3.83086e+00     1.15474e+02     5.63183e+00     5.22230e+00
    3.83495e+00     1.15237e+02     5.61198e+00     5.19701e+00
    3.83904e+00     1.14958e+02     5.59073e+00     5.16998e+00
    3.84313e+00     1.14720e+02     5.57925e+00     5.14541e+00
    3.84722e+00     1.14472e+02     5.57343e+00     5.12230e+00
    3.85131e+00     1.14220e+02     5.55198e+00     5.09837e+00
    3.85540e+00     1.14085e+02     5.53729e+00     5.07317e+00
    3.85949e+00     1.13749e+02     5.52641e+00     5.05027e+00
    3.86358e+00     1.13550e+02     5.51863e+00     5.03153e+00
    3.86768e+00     1.13257e+02     5.48373e+00     5.00502e+00
    3.87177e+00     1.13124e+02     5.48562e+00     4.97981e+00
    3.87585e+00     1.12923e+02     5.47572e+00     4.95475e+00
    3.87994e+00     1.12625e+02     5.45926e+00     4.93198e+00
    3.88403e+00     1.12359e+02     5.43580e+00     4.90832e+00
    3.88813e+00     1.12238e+02     5.42640e+00     4.89117e+00
    3.89222e+00     1.11989e+02     5.39728e+00     4.86114e+00
    3.89631e+00     1.11890e+02     5.40187e+00     4.84066e+00
    3.90040e+00     1.11529e+02     5.37986e+00     4.81906e+00
    3.90449e+00     1.11336e+02     5.37148e+00     4.79688e+00
    3.90858e+00     1.11127e+02     5.35711e+00     4.77291e+00
    3.91267e+00     1.10822e+02     5.33756e+00     4.75443e+00
    3.91676e+00     1.10554e+02     5.31450e+00     4.72684e+00
    3.92085e+00     1.10452e+02     5.30002e+00     4.70838e+00
    3.92494e+00     1.10171e+02     5.28436e+00     4.68549e+00
    3.92903e+00     1.09993e+02     5.27394e+00     4.66427e+00
    3.93312e+00     1.09712e+02     5.25730e+00     4.64187e+00
    3.93721e+00     1.09548e+02     5.22232e+00     4.62005e+00
    3.94130e+00     1.09333e+02     5.22656e+00     4.59849e+00
    3.94539e+00     1.09087e+02     5.20873e+00     4.57591e+00
    3.94949e+00     1.08981e+02     5.20492e+00     4.55975e+00
    3.95358e+00     1.08716e+02     5.19377e+00     4.53862e+00
    3.95767e+00     1.08518e+02     5.18043e+00     4.51933e+00
    3.96176e+00     1.08312e+02     5.17249e+00     4.49784e+00
    3.96585e+00     1.08084e+02     5.14787e+00     4.47966e+00
    3.96994e+00     1.07776e+02     5.12586e+00     4.45915e+00
    3.97403e+00     1.07627e+02     5.12388e+00     4.43754e+00
    3.97812e+00     1.07386e+02     5.11422e+00     4.41648e+00
    3.98221e+00     1.07282e+02     5.11193e+00     4.40032e+00
    3.98630e+00     1.06984e+02     5.07821e+00     4.37590e+00
    3.99039e+00     1.06834e+02     5.07947e+00     4.35945e+00
    3.99448e+00     1.06616e+02     5.05811e+00     4.33499e+00
    3.99857e+00     1.06414e+02     5.04850e+00     4.32160e+00
    4.00266e+00     1.06248e+02     5.03323e+00     4.30071e+00
    4.00675e+00     1.06032e+02     5.02227e+00     4.28231e+00
    4.01085e+00     1.05827e+02     5.01673e+00     4.26511e+00
    4.01494e+00     1.05519e+02     4.99093e+00     4.24440e+00
    4.01902e+00     1.05276e+02     4.98020e+00     4.22557e+00
    4.02312e+00     1.05189e+02     4.96548e+00     4.20676e+00
    4.02721e+00     1.04984e+02     4.95640e+00     4.19112e+00
    4.03130e+00     1.04787e+02     4.94631e+00     4.17210e+00
    4.03539e+00     1.04554e+02     4.92374e+00     4.15122e+00
    4.03948e+00     1.04399e+02     4.92204e+00     4.13662e+00
    4.04357e+00     1.04176e+02     4.91204e+00     4.11713e+00
    4.04766e+00     1.03953e+02     4.88775e+00     4.09962e+00
    4.05175e+00     1.03837e+02     4.88172e+00     4.08329e+00
    4.05584e+00     1.03583e+02     4.86695e+00     4.06504e+00
    4.05993e+00     1.03435e+02     4.87242e+00     4.04774e+00
    4.06402e+00     1.03184e+02     4.84889e+00     4.03201e+00
    4.06811e+00     1.03078e+02     4.83892e+00     4.01363e+00
    4.07220e+00     1.02795e+02     4.82925e+00     3.99749e+00
    4.07630e+00     1.02600e+02     4.81220e+00     3.98191e+00
    4.08038e+00     1.02451e+02     4.80053e+00     3.96580e+00
    4.08447e+00     1.02221e+02     4.77892e+00     3.94722e+00
    4.08857e+00     1.02058e+02     4.77200e+00     3.93337e+00
    4.09266e+00     1.01899e+02     4.75940e+00     3.91506e+00
    4.09675e+00     1.01796e+02     4.75818e+00     3.89662e+00
    4.10084e+00     1.01533e+02     4.75099e+00     3.88419e+00
    4.10493e+00     1.01319e+02     4.73234e+00     3.86644e+00
    4.10902e+00     1.01137e+02     4.71805e+00     3.85062e+00
    4.11311e+00     1.00972e+02     4.70425e+00     3.83644e+00
    4.11720e+00     1.00835e+02     4.69246e+00     3.81752e+00
    4.12129e+00     1.00617e+02     4.68392e+00     3.80400e+00
    4.12538e+00     1.00422e+02     4.67615e+00     3.78897e+00
    4.12947e+00     1.00225e+02     4.65642e+00     3.77451e+00
    4.13356e+00     1.00072e+02     4.65797e+00     3.75833e+00
    4.13765e+00     9.98179e+01     4.63483e+00     3.74464e+00
    4.14175e+00     9.96693e+01     4.63402e+00     3.72972e+00
    4.14584e+00     9.95542e+01     4.61692e+00     3.71577e+00
    4.14993e+00     9.93573e+01     4.60035e+00     3.69761e+00
    4.15402e+00     9.92147e+01     4.59786e+00     3.68523e+00
    4.15811e+00     9.90140e+01     4.58041e+00     3.67134e+00
    4.16220e+00     9.87488e+01     4.56463e+00     3.65416e+00
    4.16629e+00     9.86797e+01     4.56316e+00     3.64178e+00
    4.17038e+00     9.84973e+01     4.55300e+00     3.62636e+00
    4.17447e+00     9.82583e+01     4.53589e+00     3.61247e+00
    4.17856e+00     9.81435e+01     4.52895e+00     3.59685e+00
    4.18265e+00     9.79862e+01     4.52413e+00     3.58663e+00
    4.18674e+00     9.78074e+01     4.51179e+00     3.57060e+00
