# Real space auto- and cross-spectra.
# z=3.000, 13.000<lgM<13.500
#      k[h/Mpc]            P_hh            P_hm            P_mm
    0.00000e+00     0.00000e+00     0.00000e+00     0.00000e+00
    5.79404e-03     2.12171e+05     1.06198e+04     1.23734e+03
    1.04717e-02     2.08573e+05     9.28625e+03     1.69276e+03
    1.42665e-02     2.79625e+05     1.62296e+04     2.38043e+03
    1.81228e-02     3.54989e+05     2.15906e+04     2.94852e+03
    2.24845e-02     3.08616e+05     1.89998e+04     2.47125e+03
    2.64508e-02     3.07391e+05     1.87911e+04     2.55011e+03
    3.04474e-02     2.77856e+05     1.34530e+04     1.77408e+03
    3.47320e-02     2.69141e+05     1.45330e+04     1.81199e+03
    3.88308e-02     2.59987e+05     1.20178e+04     1.49955e+03
    4.28140e-02     2.58054e+05     1.16315e+04     1.46707e+03
    4.68856e-02     2.52124e+05     9.95444e+03     1.31315e+03
    5.09858e-02     2.54504e+05     9.94426e+03     1.26088e+03
    5.51458e-02     2.39434e+05     8.80920e+03     1.14999e+03
    5.92243e-02     2.52151e+05     8.85870e+03     1.10590e+03
    6.32864e-02     2.29612e+05     8.02356e+03     1.04934e+03
    6.73674e-02     2.41450e+05     8.26231e+03     1.04356e+03
    7.14960e-02     2.37224e+05     7.91037e+03     9.80030e+02
    7.55894e-02     2.31208e+05     7.05208e+03     9.03599e+02
    7.96660e-02     2.28114e+05     6.76331e+03     8.45956e+02
    8.38183e-02     2.21888e+05     6.27465e+03     7.91691e+02
    8.78941e-02     2.17748e+05     5.63358e+03     7.12855e+02
    9.19238e-02     2.17484e+05     5.63887e+03     6.55270e+02
    9.60446e-02     2.08511e+05     4.78929e+03     6.04734e+02
    1.00128e-01     2.08443e+05     4.58132e+03     5.61336e+02
    1.04209e-01     2.04022e+05     4.25081e+03     5.25812e+02
    1.08333e-01     2.09709e+05     4.31791e+03     4.92008e+02
    1.12448e-01     2.01137e+05     3.97860e+03     4.94524e+02
    1.16521e-01     2.04270e+05     4.01269e+03     4.68788e+02
    1.20596e-01     1.99210e+05     3.79423e+03     4.47751e+02
    1.24665e-01     1.92749e+05     3.53107e+03     4.46567e+02
    1.28771e-01     1.98800e+05     3.54076e+03     4.24484e+02
    1.32874e-01     1.95050e+05     3.45340e+03     4.10178e+02
    1.36975e-01     1.97271e+05     3.25174e+03     3.84205e+02
    1.41075e-01     1.95845e+05     3.11040e+03     3.64237e+02
    1.45172e-01     1.92428e+05     2.93737e+03     3.48064e+02
    1.49268e-01     1.92893e+05     2.78137e+03     3.18320e+02
    1.53330e-01     1.88104e+05     2.67006e+03     3.08868e+02
    1.57416e-01     1.87004e+05     2.60282e+03     2.91989e+02
    1.61514e-01     1.84827e+05     2.41583e+03     2.78915e+02
    1.65592e-01     1.86607e+05     2.29075e+03     2.64681e+02
    1.69693e-01     1.87481e+05     2.31647e+03     2.56650e+02
    1.73803e-01     1.83523e+05     2.16415e+03     2.41811e+02
    1.77905e-01     1.82293e+05     2.15371e+03     2.39522e+02
    1.82001e-01     1.82330e+05     2.04842e+03     2.32447e+02
    1.86092e-01     1.84337e+05     2.05946e+03     2.27017e+02
    1.90161e-01     1.84216e+05     2.02237e+03     2.20115e+02
    1.94237e-01     1.80664e+05     1.86171e+03     2.06996e+02
    1.98334e-01     1.81937e+05     1.97442e+03     2.09886e+02
    2.02427e-01     1.78412e+05     1.86652e+03     2.01831e+02
    2.06523e-01     1.77677e+05     1.75910e+03     1.90604e+02
    2.10626e-01     1.80446e+05     1.72886e+03     1.84321e+02
    2.14724e-01     1.79228e+05     1.67051e+03     1.75363e+02
    2.18827e-01     1.77607e+05     1.63610e+03     1.72388e+02
    2.22903e-01     1.77522e+05     1.55395e+03     1.64923e+02
    2.26990e-01     1.76198e+05     1.51737e+03     1.57389e+02
    2.31084e-01     1.74182e+05     1.50452e+03     1.52862e+02
    2.35153e-01     1.74247e+05     1.40729e+03     1.47062e+02
    2.39244e-01     1.74194e+05     1.41345e+03     1.44377e+02
    2.43338e-01     1.74150e+05     1.37711e+03     1.40235e+02
    2.47445e-01     1.74547e+05     1.34775e+03     1.38364e+02
    2.51539e-01     1.73088e+05     1.32680e+03     1.33659e+02
    2.55609e-01     1.71811e+05     1.28231e+03     1.31435e+02
    2.59718e-01     1.70971e+05     1.25020e+03     1.27526e+02
    2.63814e-01     1.71656e+05     1.20085e+03     1.23202e+02
    2.67904e-01     1.73212e+05     1.21723e+03     1.20131e+02
    2.71993e-01     1.70716e+05     1.16216e+03     1.17545e+02
    2.76068e-01     1.68604e+05     1.16529e+03     1.12879e+02
    2.80171e-01     1.71053e+05     1.14663e+03     1.10429e+02
    2.84268e-01     1.70909e+05     1.09435e+03     1.06767e+02
    2.88346e-01     1.69173e+05     1.03685e+03     1.03239e+02
    2.92426e-01     1.69010e+05     1.05786e+03     1.00913e+02
    2.96514e-01     1.68702e+05     1.02704e+03     9.79551e+01
    3.00627e-01     1.67752e+05     1.02065e+03     9.64915e+01
    3.04729e-01     1.67436e+05     9.88914e+02     9.37056e+01
    3.08821e-01     1.68079e+05     1.00467e+03     9.24172e+01
    3.12919e-01     1.68180e+05     9.57406e+02     9.04762e+01
    3.16999e-01     1.66664e+05     9.48901e+02     8.78276e+01
    3.21078e-01     1.66554e+05     9.25511e+02     8.53299e+01
    3.25167e-01     1.65458e+05     9.29205e+02     8.46655e+01
    3.29247e-01     1.65068e+05     9.03815e+02     8.14658e+01
    3.33333e-01     1.67367e+05     8.73146e+02     8.03567e+01
    3.37443e-01     1.64943e+05     8.66796e+02     7.81982e+01
    3.41545e-01     1.65489e+05     8.47921e+02     7.63740e+01
    3.45625e-01     1.64524e+05     8.35163e+02     7.42531e+01
    3.49715e-01     1.64216e+05     8.21227e+02     7.31753e+01
    3.53817e-01     1.65276e+05     8.17568e+02     7.12267e+01
    3.57906e-01     1.63762e+05     7.89319e+02     6.96050e+01
    3.61975e-01     1.63345e+05     7.78714e+02     6.82114e+01
    3.66071e-01     1.63139e+05     7.88201e+02     6.71731e+01
    3.70189e-01     1.63039e+05     7.67936e+02     6.59934e+01
    3.74277e-01     1.62465e+05     7.36540e+02     6.45916e+01
    3.78356e-01     1.62405e+05     7.59546e+02     6.30184e+01
    3.82448e-01     1.62524e+05     7.45001e+02     6.18954e+01
    3.86535e-01     1.62185e+05     7.34517e+02     6.09166e+01
    3.90624e-01     1.61808e+05     7.18912e+02     6.05887e+01
    3.94706e-01     1.61418e+05     6.94076e+02     5.88159e+01
    3.98794e-01     1.60439e+05     6.98304e+02     5.76250e+01
    4.02896e-01     1.60769e+05     6.87650e+02     5.67004e+01
    4.06986e-01     1.59523e+05     6.69591e+02     5.55347e+01
    4.11069e-01     1.60199e+05     6.72646e+02     5.41397e+01
    4.15170e-01     1.59664e+05     6.43930e+02     5.31402e+01
    4.19263e-01     1.59519e+05     6.34571e+02     5.20320e+01
    4.23353e-01     1.58820e+05     6.26802e+02     5.12640e+01
    4.27447e-01     1.59117e+05     6.23291e+02     5.03550e+01
    4.31534e-01     1.59624e+05     6.22115e+02     4.95180e+01
    4.35624e-01     1.59683e+05     6.12281e+02     4.84945e+01
    4.39718e-01     1.57343e+05     6.01103e+02     4.75648e+01
    4.43804e-01     1.57716e+05     5.99326e+02     4.71505e+01
    4.47892e-01     1.57779e+05     5.89512e+02     4.61392e+01
    4.51977e-01     1.58146e+05     5.92081e+02     4.56821e+01
    4.56067e-01     1.58668e+05     5.89812e+02     4.46602e+01
    4.60165e-01     1.57300e+05     5.78489e+02     4.38269e+01
    4.64260e-01     1.57597e+05     5.59495e+02     4.35551e+01
    4.68355e-01     1.57072e+05     5.61638e+02     4.26733e+01
    4.72450e-01     1.57387e+05     5.56946e+02     4.16374e+01
    4.76540e-01     1.56787e+05     5.43003e+02     4.12117e+01
    4.80633e-01     1.56559e+05     5.50594e+02     4.06395e+01
    4.84718e-01     1.57488e+05     5.35631e+02     3.97416e+01
    4.88794e-01     1.57056e+05     5.33054e+02     3.88795e+01
    4.92888e-01     1.56079e+05     5.29835e+02     3.87457e+01
    4.96984e-01     1.56558e+05     5.26783e+02     3.82160e+01
    5.01073e-01     1.56403e+05     5.25826e+02     3.76305e+01
    5.05169e-01     1.55704e+05     5.16401e+02     3.68566e+01
    5.09268e-01     1.55770e+05     5.03982e+02     3.60700e+01
    5.13369e-01     1.55462e+05     5.04471e+02     3.58458e+01
    5.17441e-01     1.55383e+05     4.97588e+02     3.52549e+01
    5.21516e-01     1.55526e+05     4.94210e+02     3.48160e+01
    5.25611e-01     1.54497e+05     4.90949e+02     3.42603e+01
    5.29706e-01     1.55152e+05     4.88524e+02     3.39796e+01
    5.33801e-01     1.54521e+05     4.76033e+02     3.32856e+01
    5.37888e-01     1.54415e+05     4.75501e+02     3.28427e+01
    5.41985e-01     1.54721e+05     4.79705e+02     3.25119e+01
    5.46091e-01     1.54738e+05     4.72577e+02     3.20023e+01
    5.50174e-01     1.54257e+05     4.60119e+02     3.15035e+01
    5.54252e-01     1.53972e+05     4.61588e+02     3.11242e+01
    5.58346e-01     1.54192e+05     4.55629e+02     3.06211e+01
    5.62439e-01     1.53720e+05     4.49067e+02     3.01934e+01
    5.66527e-01     1.53432e+05     4.45604e+02     2.98788e+01
    5.70616e-01     1.53447e+05     4.40857e+02     2.94882e+01
    5.74707e-01     1.52931e+05     4.37909e+02     2.90477e+01
    5.78798e-01     1.53294e+05     4.33715e+02     2.84750e+01
    5.82883e-01     1.52651e+05     4.17805e+02     2.81702e+01
    5.86977e-01     1.53248e+05     4.29449e+02     2.79013e+01
    5.91070e-01     1.52004e+05     4.19551e+02     2.75326e+01
    5.95166e-01     1.51937e+05     4.26134e+02     2.72690e+01
    5.99260e-01     1.51826e+05     4.16968e+02     2.67377e+01
    6.03349e-01     1.52242e+05     4.20797e+02     2.65801e+01
    6.07445e-01     1.51685e+05     4.11422e+02     2.62150e+01
    6.11543e-01     1.51805e+05     4.09786e+02     2.58024e+01
    6.15623e-01     1.51358e+05     4.04780e+02     2.56163e+01
    6.19704e-01     1.52034e+05     3.97759e+02     2.51098e+01
    6.23792e-01     1.51102e+05     4.04378e+02     2.49007e+01
    6.27891e-01     1.51041e+05     3.93251e+02     2.46789e+01
    6.31991e-01     1.51167e+05     3.89815e+02     2.43548e+01
    6.36073e-01     1.50541e+05     3.92714e+02     2.39715e+01
    6.40158e-01     1.51286e+05     3.85195e+02     2.36315e+01
    6.44244e-01     1.50228e+05     3.80927e+02     2.34139e+01
    6.48338e-01     1.50623e+05     3.77161e+02     2.31049e+01
    6.52432e-01     1.50376e+05     3.79380e+02     2.28082e+01
    6.56514e-01     1.49571e+05     3.78471e+02     2.26116e+01
    6.60609e-01     1.50409e+05     3.71453e+02     2.22588e+01
    6.64712e-01     1.49678e+05     3.68368e+02     2.20876e+01
    6.68801e-01     1.49613e+05     3.66283e+02     2.18864e+01
    6.72890e-01     1.49359e+05     3.66018e+02     2.15060e+01
    6.76984e-01     1.49918e+05     3.65614e+02     2.13429e+01
    6.81074e-01     1.47719e+05     3.56933e+02     2.09310e+01
    6.85160e-01     1.49229e+05     3.58946e+02     2.08552e+01
    6.89246e-01     1.48651e+05     3.58088e+02     2.06367e+01
    6.93336e-01     1.48401e+05     3.47138e+02     2.04213e+01
    6.97434e-01     1.48397e+05     3.52316e+02     2.00858e+01
    7.01528e-01     1.47917e+05     3.44545e+02     1.98989e+01
    7.05618e-01     1.47699e+05     3.41830e+02     1.97404e+01
    7.09708e-01     1.48437e+05     3.43040e+02     1.94948e+01
    7.13796e-01     1.47636e+05     3.36943e+02     1.94119e+01
    7.17892e-01     1.47102e+05     3.32078e+02     1.90749e+01
    7.21982e-01     1.47200e+05     3.34394e+02     1.88739e+01
    7.26059e-01     1.46771e+05     3.30748e+02     1.86613e+01
    7.30145e-01     1.47482e+05     3.31178e+02     1.85034e+01
    7.34240e-01     1.46626e+05     3.29500e+02     1.82706e+01
    7.38340e-01     1.46297e+05     3.28889e+02     1.81946e+01
    7.42427e-01     1.46962e+05     3.27293e+02     1.79060e+01
    7.46511e-01     1.46610e+05     3.24636e+02     1.77059e+01
    7.50614e-01     1.46339e+05     3.19496e+02     1.75780e+01
    7.54706e-01     1.45828e+05     3.16523e+02     1.73622e+01
    7.58795e-01     1.46123e+05     3.14366e+02     1.71732e+01
    7.62888e-01     1.45800e+05     3.12984e+02     1.69904e+01
    7.66986e-01     1.45764e+05     3.11434e+02     1.68959e+01
    7.71073e-01     1.45454e+05     3.09884e+02     1.66847e+01
    7.75153e-01     1.45228e+05     3.09898e+02     1.65561e+01
    7.79241e-01     1.45269e+05     3.07043e+02     1.64037e+01
    7.83335e-01     1.44747e+05     3.07523e+02     1.61841e+01
    7.87426e-01     1.44963e+05     3.05775e+02     1.60731e+01
    7.91513e-01     1.44828e+05     3.04949e+02     1.59578e+01
    7.95606e-01     1.44885e+05     3.03872e+02     1.57863e+01
    7.99702e-01     1.44601e+05     3.02546e+02     1.56507e+01
    8.03798e-01     1.44212e+05     2.99107e+02     1.54254e+01
    8.07879e-01     1.44484e+05     2.99100e+02     1.53050e+01
    8.11963e-01     1.44217e+05     2.95117e+02     1.51436e+01
    8.16059e-01     1.43685e+05     2.92649e+02     1.50245e+01
    8.20152e-01     1.43671e+05     2.88157e+02     1.48704e+01
    8.24242e-01     1.44421e+05     2.92263e+02     1.46950e+01
    8.28331e-01     1.43756e+05     2.89585e+02     1.45596e+01
    8.32425e-01     1.43448e+05     2.86924e+02     1.44723e+01
    8.36516e-01     1.43590e+05     2.83597e+02     1.43423e+01
    8.40610e-01     1.43314e+05     2.83596e+02     1.42188e+01
    8.44704e-01     1.43233e+05     2.80721e+02     1.40343e+01
    8.48790e-01     1.42805e+05     2.78560e+02     1.38866e+01
    8.52876e-01     1.42706e+05     2.80196e+02     1.38133e+01
    8.56967e-01     1.42840e+05     2.78016e+02     1.36573e+01
    8.61059e-01     1.42569e+05     2.75195e+02     1.35666e+01
    8.65147e-01     1.42181e+05     2.74045e+02     1.34281e+01
    8.69235e-01     1.42083e+05     2.72379e+02     1.33130e+01
    8.73334e-01     1.42206e+05     2.70375e+02     1.32136e+01
    8.77429e-01     1.42038e+05     2.69630e+02     1.30848e+01
    8.81512e-01     1.41506e+05     2.71974e+02     1.30163e+01
    8.85601e-01     1.41921e+05     2.67425e+02     1.28835e+01
    8.89691e-01     1.41479e+05     2.63993e+02     1.27367e+01
    8.93784e-01     1.41154e+05     2.67258e+02     1.26367e+01
    8.97875e-01     1.41307e+05     2.61633e+02     1.25576e+01
    9.01960e-01     1.41033e+05     2.60440e+02     1.23934e+01
    9.06054e-01     1.41184e+05     2.58493e+02     1.22540e+01
    9.10146e-01     1.41010e+05     2.60962e+02     1.22214e+01
    9.14237e-01     1.40579e+05     2.58286e+02     1.20701e+01
    9.18331e-01     1.40631e+05     2.55871e+02     1.19972e+01
    9.22421e-01     1.40481e+05     2.55594e+02     1.19037e+01
    9.26509e-01     1.40107e+05     2.54963e+02     1.18081e+01
    9.30598e-01     1.40010e+05     2.50829e+02     1.17049e+01
    9.34692e-01     1.40300e+05     2.54789e+02     1.16669e+01
    9.38787e-01     1.40172e+05     2.51391e+02     1.15750e+01
    9.42873e-01     1.39524e+05     2.47345e+02     1.14252e+01
    9.46961e-01     1.39372e+05     2.50289e+02     1.13547e+01
    9.51054e-01     1.39699e+05     2.45869e+02     1.12522e+01
    9.55150e-01     1.39760e+05     2.50515e+02     1.11798e+01
    9.59240e-01     1.39541e+05     2.44846e+02     1.10625e+01
    9.63327e-01     1.39477e+05     2.44753e+02     1.09781e+01
    9.67420e-01     1.39242e+05     2.43635e+02     1.08829e+01
    9.71506e-01     1.39144e+05     2.43865e+02     1.07729e+01
    9.75588e-01     1.38452e+05     2.40511e+02     1.06813e+01
    9.79678e-01     1.38612e+05     2.43099e+02     1.06778e+01
    9.83773e-01     1.38697e+05     2.40338e+02     1.05422e+01
    9.87866e-01     1.38871e+05     2.38458e+02     1.04415e+01
    9.91960e-01     1.38352e+05     2.35805e+02     1.04037e+01
    9.96055e-01     1.38105e+05     2.35436e+02     1.02884e+01
    1.00015e+00     1.37925e+05     2.34032e+02     1.02263e+01
    1.00424e+00     1.38012e+05     2.32970e+02     1.01468e+01
    1.00832e+00     1.37784e+05     2.37173e+02     1.00844e+01
    1.01242e+00     1.37548e+05     2.32441e+02     9.99211e+00
    1.01651e+00     1.37573e+05     2.31801e+02     9.91451e+00
    1.02059e+00     1.37100e+05     2.30889e+02     9.85796e+00
    1.02468e+00     1.37326e+05     2.29800e+02     9.78122e+00
    1.02878e+00     1.37185e+05     2.31323e+02     9.69247e+00
    1.03287e+00     1.36843e+05     2.27493e+02     9.64460e+00
    1.03695e+00     1.36924e+05     2.25735e+02     9.55577e+00
    1.04105e+00     1.36263e+05     2.22916e+02     9.46199e+00
    1.04515e+00     1.36645e+05     2.22530e+02     9.41053e+00
    1.04923e+00     1.36030e+05     2.23259e+02     9.33710e+00
    1.05332e+00     1.35579e+05     2.22458e+02     9.28701e+00
    1.05741e+00     1.35949e+05     2.20927e+02     9.18588e+00
    1.06150e+00     1.36011e+05     2.22481e+02     9.13299e+00
    1.06559e+00     1.35339e+05     2.18929e+02     9.05344e+00
    1.06968e+00     1.35547e+05     2.18878e+02     9.00920e+00
    1.07377e+00     1.35460e+05     2.16914e+02     8.93012e+00
    1.07786e+00     1.35515e+05     2.17301e+02     8.86392e+00
    1.08195e+00     1.35132e+05     2.15569e+02     8.80058e+00
    1.08605e+00     1.35381e+05     2.16182e+02     8.77505e+00
    1.09014e+00     1.35066e+05     2.17383e+02     8.71141e+00
    1.09422e+00     1.34453e+05     2.12660e+02     8.61974e+00
    1.09832e+00     1.34483e+05     2.14201e+02     8.57060e+00
    1.10242e+00     1.34155e+05     2.12092e+02     8.51447e+00
    1.10650e+00     1.34271e+05     2.10133e+02     8.43621e+00
    1.11059e+00     1.34240e+05     2.10270e+02     8.37136e+00
    1.11468e+00     1.34021e+05     2.07468e+02     8.30924e+00
    1.11878e+00     1.33949e+05     2.07628e+02     8.26603e+00
    1.12287e+00     1.33921e+05     2.05872e+02     8.20042e+00
    1.12695e+00     1.33784e+05     2.06136e+02     8.15890e+00
    1.13105e+00     1.33449e+05     2.05854e+02     8.09914e+00
    1.13514e+00     1.33439e+05     2.05487e+02     8.05564e+00
    1.13922e+00     1.33619e+05     2.04411e+02     7.99832e+00
    1.14331e+00     1.32987e+05     2.04121e+02     7.93394e+00
    1.14741e+00     1.32953e+05     2.04316e+02     7.89540e+00
    1.15150e+00     1.32806e+05     2.02260e+02     7.84301e+00
    1.15559e+00     1.32837e+05     2.01458e+02     7.73935e+00
    1.15968e+00     1.32632e+05     2.00553e+02     7.71520e+00
    1.16377e+00     1.32593e+05     2.00689e+02     7.65474e+00
    1.16786e+00     1.32439e+05     1.99886e+02     7.63983e+00
    1.17195e+00     1.31968e+05     1.98610e+02     7.54845e+00
    1.17604e+00     1.32001e+05     1.98545e+02     7.53493e+00
    1.18013e+00     1.31980e+05     1.95107e+02     7.45778e+00
    1.18422e+00     1.31777e+05     1.96738e+02     7.42485e+00
    1.18831e+00     1.31475e+05     1.95013e+02     7.36661e+00
    1.19240e+00     1.31604e+05     1.96402e+02     7.32714e+00
    1.19649e+00     1.31151e+05     1.95530e+02     7.29055e+00
    1.20059e+00     1.31481e+05     1.94648e+02     7.23374e+00
    1.20468e+00     1.31105e+05     1.93100e+02     7.18319e+00
    1.20877e+00     1.30682e+05     1.91520e+02     7.13169e+00
    1.21286e+00     1.30810e+05     1.90371e+02     7.09551e+00
    1.21695e+00     1.30680e+05     1.90244e+02     7.04111e+00
    1.22104e+00     1.30556e+05     1.90563e+02     7.00255e+00
    1.22513e+00     1.30745e+05     1.90436e+02     6.94347e+00
    1.22922e+00     1.30142e+05     1.87324e+02     6.92031e+00
    1.23330e+00     1.30280e+05     1.88357e+02     6.86745e+00
    1.23740e+00     1.30043e+05     1.87225e+02     6.81673e+00
    1.24149e+00     1.29886e+05     1.86903e+02     6.78145e+00
    1.24558e+00     1.29983e+05     1.86549e+02     6.75027e+00
    1.24967e+00     1.29215e+05     1.84603e+02     6.69081e+00
    1.25376e+00     1.29135e+05     1.84665e+02     6.64864e+00
    1.25785e+00     1.29016e+05     1.83046e+02     6.58247e+00
    1.26194e+00     1.28802e+05     1.83271e+02     6.56723e+00
    1.26603e+00     1.28835e+05     1.84487e+02     6.52256e+00
    1.27012e+00     1.29065e+05     1.83470e+02     6.48402e+00
    1.27422e+00     1.28603e+05     1.81565e+02     6.45220e+00
    1.27831e+00     1.28362e+05     1.81911e+02     6.41703e+00
    1.28240e+00     1.28304e+05     1.81341e+02     6.37115e+00
    1.28649e+00     1.28425e+05     1.80145e+02     6.33895e+00
    1.29058e+00     1.28038e+05     1.78716e+02     6.29116e+00
    1.29467e+00     1.28017e+05     1.78519e+02     6.23543e+00
    1.29876e+00     1.27731e+05     1.78410e+02     6.20638e+00
    1.30285e+00     1.27725e+05     1.79000e+02     6.19487e+00
    1.30694e+00     1.27503e+05     1.75267e+02     6.12646e+00
    1.31103e+00     1.27264e+05     1.75872e+02     6.11652e+00
    1.31512e+00     1.27078e+05     1.76142e+02     6.06595e+00
    1.31921e+00     1.26892e+05     1.74667e+02     6.02795e+00
    1.32331e+00     1.26692e+05     1.74856e+02     5.99283e+00
    1.32739e+00     1.27110e+05     1.75906e+02     5.94810e+00
    1.33148e+00     1.26624e+05     1.74786e+02     5.93032e+00
    1.33558e+00     1.26484e+05     1.73101e+02     5.88757e+00
    1.33967e+00     1.26167e+05     1.70863e+02     5.84138e+00
    1.34376e+00     1.26105e+05     1.71565e+02     5.80657e+00
    1.34785e+00     1.25917e+05     1.72207e+02     5.78528e+00
    1.35195e+00     1.26161e+05     1.70941e+02     5.75634e+00
    1.35603e+00     1.25752e+05     1.70510e+02     5.71522e+00
    1.36011e+00     1.25644e+05     1.68180e+02     5.67626e+00
    1.36421e+00     1.25453e+05     1.68699e+02     5.63393e+00
    1.36830e+00     1.25079e+05     1.68152e+02     5.60877e+00
    1.37239e+00     1.25257e+05     1.68641e+02     5.57386e+00
    1.37648e+00     1.25117e+05     1.67170e+02     5.54946e+00
    1.38057e+00     1.24687e+05     1.68062e+02     5.52387e+00
    1.38466e+00     1.24692e+05     1.65909e+02     5.47883e+00
    1.38875e+00     1.24354e+05     1.64261e+02     5.44452e+00
    1.39285e+00     1.24112e+05     1.64777e+02     5.42540e+00
    1.39694e+00     1.24116e+05     1.64681e+02     5.38010e+00
    1.40102e+00     1.23953e+05     1.63556e+02     5.35852e+00
    1.40512e+00     1.23899e+05     1.63027e+02     5.32614e+00
    1.40921e+00     1.23632e+05     1.62607e+02     5.29671e+00
    1.41330e+00     1.23679e+05     1.62312e+02     5.27321e+00
    1.41739e+00     1.23446e+05     1.62852e+02     5.23694e+00
    1.42148e+00     1.23438e+05     1.61110e+02     5.20673e+00
    1.42557e+00     1.23065e+05     1.59211e+02     5.17439e+00
    1.42966e+00     1.22960e+05     1.60300e+02     5.14900e+00
    1.43375e+00     1.23101e+05     1.60812e+02     5.12381e+00
    1.43784e+00     1.22862e+05     1.59059e+02     5.08906e+00
    1.44193e+00     1.22440e+05     1.57544e+02     5.04868e+00
    1.44602e+00     1.22476e+05     1.58891e+02     5.02580e+00
    1.45011e+00     1.22201e+05     1.57918e+02     5.01048e+00
    1.45420e+00     1.22262e+05     1.56969e+02     4.97201e+00
    1.45830e+00     1.22125e+05     1.56317e+02     4.95573e+00
    1.46239e+00     1.21982e+05     1.56677e+02     4.92287e+00
    1.46648e+00     1.21733e+05     1.54904e+02     4.89360e+00
    1.47056e+00     1.21407e+05     1.54887e+02     4.86801e+00
    1.47465e+00     1.21483e+05     1.53965e+02     4.83371e+00
    1.47874e+00     1.21476e+05     1.54738e+02     4.81645e+00
    1.48283e+00     1.21214e+05     1.52332e+02     4.78796e+00
    1.48693e+00     1.20943e+05     1.53100e+02     4.75181e+00
    1.49102e+00     1.20763e+05     1.53702e+02     4.73505e+00
    1.49511e+00     1.20888e+05     1.54000e+02     4.70949e+00
    1.49920e+00     1.20688e+05     1.51678e+02     4.68303e+00
    1.50329e+00     1.20530e+05     1.50496e+02     4.65323e+00
    1.50738e+00     1.20368e+05     1.50984e+02     4.63627e+00
    1.51148e+00     1.19810e+05     1.49650e+02     4.60557e+00
    1.51557e+00     1.19822e+05     1.50588e+02     4.58867e+00
    1.51965e+00     1.19625e+05     1.48329e+02     4.55741e+00
    1.52374e+00     1.19573e+05     1.49171e+02     4.53424e+00
    1.52784e+00     1.19470e+05     1.48111e+02     4.50599e+00
    1.53193e+00     1.19131e+05     1.47545e+02     4.48904e+00
    1.53602e+00     1.19034e+05     1.47047e+02     4.46406e+00
    1.54011e+00     1.18856e+05     1.45546e+02     4.43727e+00
    1.54420e+00     1.18834e+05     1.46910e+02     4.41460e+00
    1.54829e+00     1.18833e+05     1.45947e+02     4.39179e+00
    1.55238e+00     1.18685e+05     1.45376e+02     4.36145e+00
    1.55647e+00     1.18450e+05     1.45556e+02     4.33893e+00
    1.56056e+00     1.18217e+05     1.44082e+02     4.32097e+00
    1.56465e+00     1.18174e+05     1.43393e+02     4.29808e+00
    1.56874e+00     1.17870e+05     1.43609e+02     4.26739e+00
    1.57283e+00     1.17893e+05     1.44033e+02     4.25294e+00
    1.57693e+00     1.17779e+05     1.43381e+02     4.22194e+00
    1.58102e+00     1.17562e+05     1.42545e+02     4.21211e+00
    1.58510e+00     1.17242e+05     1.42226e+02     4.18773e+00
    1.58919e+00     1.16954e+05     1.41542e+02     4.15640e+00
    1.59329e+00     1.17133e+05     1.41843e+02     4.14694e+00
    1.59738e+00     1.16829e+05     1.41394e+02     4.12319e+00
    1.60147e+00     1.16806e+05     1.40259e+02     4.09300e+00
    1.60556e+00     1.16624e+05     1.40493e+02     4.07745e+00
    1.60965e+00     1.16389e+05     1.39266e+02     4.05033e+00
    1.61374e+00     1.16499e+05     1.38590e+02     4.03551e+00
    1.61783e+00     1.16124e+05     1.38217e+02     4.01157e+00
    1.62192e+00     1.16227e+05     1.37636e+02     3.99570e+00
    1.62601e+00     1.15988e+05     1.38384e+02     3.97378e+00
    1.63010e+00     1.15698e+05     1.37336e+02     3.94954e+00
    1.63419e+00     1.15725e+05     1.37381e+02     3.93838e+00
    1.63828e+00     1.15461e+05     1.35543e+02     3.90494e+00
    1.64238e+00     1.15174e+05     1.35606e+02     3.89545e+00
    1.64647e+00     1.15057e+05     1.35681e+02     3.86936e+00
    1.65055e+00     1.14927e+05     1.34897e+02     3.85213e+00
    1.65465e+00     1.14880e+05     1.35348e+02     3.83311e+00
    1.65874e+00     1.14577e+05     1.34635e+02     3.81556e+00
    1.66283e+00     1.14758e+05     1.33940e+02     3.79771e+00
    1.66691e+00     1.14285e+05     1.33232e+02     3.77357e+00
    1.67101e+00     1.14330e+05     1.33503e+02     3.75245e+00
    1.67510e+00     1.13957e+05     1.32647e+02     3.72610e+00
    1.67919e+00     1.13938e+05     1.33192e+02     3.71818e+00
    1.68328e+00     1.13874e+05     1.31789e+02     3.69421e+00
    1.68737e+00     1.13702e+05     1.32392e+02     3.67964e+00
    1.69146e+00     1.13590e+05     1.31936e+02     3.66009e+00
    1.69555e+00     1.13155e+05     1.30895e+02     3.63283e+00
    1.69964e+00     1.13226e+05     1.30047e+02     3.62428e+00
    1.70373e+00     1.13032e+05     1.30036e+02     3.60564e+00
    1.70782e+00     1.12853e+05     1.29728e+02     3.59383e+00
    1.71191e+00     1.12510e+05     1.28534e+02     3.56845e+00
    1.71600e+00     1.12706e+05     1.29002e+02     3.55445e+00
    1.72009e+00     1.12336e+05     1.28721e+02     3.53152e+00
    1.72418e+00     1.12319e+05     1.28149e+02     3.51815e+00
    1.72828e+00     1.12336e+05     1.27337e+02     3.50065e+00
    1.73237e+00     1.12110e+05     1.27332e+02     3.48368e+00
    1.73646e+00     1.11678e+05     1.25967e+02     3.46534e+00
    1.74055e+00     1.11637e+05     1.26818e+02     3.44784e+00
    1.74464e+00     1.11606e+05     1.25963e+02     3.43379e+00
    1.74874e+00     1.11343e+05     1.26075e+02     3.41418e+00
    1.75282e+00     1.11242e+05     1.25364e+02     3.40045e+00
    1.75691e+00     1.11119e+05     1.24711e+02     3.38162e+00
    1.76100e+00     1.10941e+05     1.25038e+02     3.36438e+00
    1.76509e+00     1.10903e+05     1.24427e+02     3.34302e+00
    1.76918e+00     1.10628e+05     1.23723e+02     3.33257e+00
    1.77327e+00     1.10387e+05     1.23223e+02     3.30974e+00
    1.77737e+00     1.10416e+05     1.22974e+02     3.29987e+00
    1.78146e+00     1.10169e+05     1.22731e+02     3.27567e+00
    1.78554e+00     1.09996e+05     1.22526e+02     3.26724e+00
    1.78964e+00     1.09787e+05     1.21643e+02     3.25034e+00
    1.79373e+00     1.09780e+05     1.21575e+02     3.23575e+00
    1.79782e+00     1.09700e+05     1.21379e+02     3.21816e+00
    1.80191e+00     1.09654e+05     1.21716e+02     3.20365e+00
    1.80600e+00     1.09125e+05     1.20655e+02     3.18952e+00
    1.81009e+00     1.09062e+05     1.20591e+02     3.17552e+00
    1.81418e+00     1.08920e+05     1.19773e+02     3.15426e+00
    1.81827e+00     1.08789e+05     1.19927e+02     3.13725e+00
    1.82236e+00     1.08640e+05     1.19367e+02     3.12497e+00
    1.82645e+00     1.08507e+05     1.18664e+02     3.10619e+00
    1.83054e+00     1.08360e+05     1.18265e+02     3.09184e+00
    1.83463e+00     1.08252e+05     1.18912e+02     3.07713e+00
    1.83872e+00     1.07998e+05     1.17875e+02     3.06857e+00
    1.84281e+00     1.08006e+05     1.17520e+02     3.05296e+00
    1.84691e+00     1.07752e+05     1.17539e+02     3.03230e+00
    1.85100e+00     1.07637e+05     1.16479e+02     3.01605e+00
    1.85509e+00     1.07463e+05     1.16947e+02     3.00737e+00
    1.85918e+00     1.07381e+05     1.16067e+02     2.99199e+00
    1.86327e+00     1.07198e+05     1.16136e+02     2.97894e+00
    1.86736e+00     1.06947e+05     1.15501e+02     2.96672e+00
    1.87145e+00     1.06862e+05     1.15272e+02     2.94749e+00
    1.87554e+00     1.06548e+05     1.14857e+02     2.93875e+00
    1.87963e+00     1.06309e+05     1.14731e+02     2.91921e+00
    1.88372e+00     1.06420e+05     1.14120e+02     2.90575e+00
    1.88781e+00     1.06219e+05     1.13805e+02     2.89413e+00
    1.89190e+00     1.05975e+05     1.13623e+02     2.88208e+00
    1.89599e+00     1.05980e+05     1.13616e+02     2.86601e+00
    1.90008e+00     1.05869e+05     1.13003e+02     2.85320e+00
    1.90417e+00     1.05684e+05     1.12882e+02     2.83891e+00
    1.90827e+00     1.05605e+05     1.12609e+02     2.82560e+00
    1.91236e+00     1.05291e+05     1.11951e+02     2.81167e+00
    1.91645e+00     1.05051e+05     1.11782e+02     2.79783e+00
    1.92054e+00     1.04982e+05     1.11426e+02     2.78808e+00
    1.92463e+00     1.04916e+05     1.11784e+02     2.77472e+00
    1.92872e+00     1.04747e+05     1.11619e+02     2.76327e+00
    1.93281e+00     1.04616e+05     1.10089e+02     2.74653e+00
    1.93690e+00     1.04425e+05     1.10010e+02     2.73851e+00
    1.94099e+00     1.04286e+05     1.10224e+02     2.72665e+00
    1.94508e+00     1.04060e+05     1.09428e+02     2.70767e+00
    1.94917e+00     1.03981e+05     1.08838e+02     2.69801e+00
    1.95326e+00     1.03679e+05     1.08308e+02     2.68110e+00
    1.95735e+00     1.03633e+05     1.08771e+02     2.67295e+00
    1.96144e+00     1.03512e+05     1.08506e+02     2.66427e+00
    1.96553e+00     1.03290e+05     1.08326e+02     2.64839e+00
    1.96962e+00     1.03115e+05     1.07346e+02     2.63543e+00
    1.97371e+00     1.02889e+05     1.07230e+02     2.62114e+00
    1.97781e+00     1.02747e+05     1.06595e+02     2.61091e+00
    1.98190e+00     1.02731e+05     1.06797e+02     2.60173e+00
    1.98599e+00     1.02494e+05     1.06625e+02     2.58797e+00
    1.99008e+00     1.02231e+05     1.05509e+02     2.57589e+00
    1.99417e+00     1.02177e+05     1.05300e+02     2.56139e+00
    1.99826e+00     1.02036e+05     1.05044e+02     2.54897e+00
    2.00235e+00     1.01784e+05     1.05187e+02     2.54108e+00
    2.00644e+00     1.01728e+05     1.04692e+02     2.52361e+00
    2.01053e+00     1.01692e+05     1.04797e+02     2.51331e+00
    2.01462e+00     1.01543e+05     1.03865e+02     2.50206e+00
    2.01871e+00     1.01182e+05     1.03436e+02     2.49314e+00
    2.02280e+00     1.01167e+05     1.03406e+02     2.48028e+00
    2.02689e+00     1.00780e+05     1.03328e+02     2.46887e+00
    2.03098e+00     1.00934e+05     1.03116e+02     2.45728e+00
    2.03507e+00     1.00593e+05     1.02232e+02     2.44624e+00
    2.03917e+00     1.00387e+05     1.01963e+02     2.43493e+00
    2.04325e+00     1.00214e+05     1.02407e+02     2.42475e+00
    2.04735e+00     1.00020e+05     1.01586e+02     2.41463e+00
    2.05143e+00     9.99375e+04     1.02226e+02     2.40236e+00
    2.05552e+00     9.99564e+04     1.01662e+02     2.39122e+00
    2.05962e+00     9.97152e+04     1.00921e+02     2.38023e+00
    2.06371e+00     9.96005e+04     1.00747e+02     2.36949e+00
    2.06780e+00     9.94886e+04     1.00532e+02     2.35644e+00
    2.07189e+00     9.91652e+04     9.97837e+01     2.34880e+00
    2.07598e+00     9.91788e+04     9.97189e+01     2.33649e+00
    2.08007e+00     9.89047e+04     9.94333e+01     2.32879e+00
    2.08416e+00     9.87532e+04     9.90557e+01     2.31170e+00
    2.08825e+00     9.85366e+04     9.90160e+01     2.30621e+00
    2.09234e+00     9.84502e+04     9.86246e+01     2.29254e+00
    2.09644e+00     9.83509e+04     9.81304e+01     2.28475e+00
    2.10053e+00     9.81902e+04     9.79411e+01     2.27483e+00
    2.10461e+00     9.79558e+04     9.82501e+01     2.26816e+00
    2.10870e+00     9.78851e+04     9.75944e+01     2.25541e+00
    2.11280e+00     9.76100e+04     9.71796e+01     2.24452e+00
    2.11688e+00     9.76634e+04     9.71166e+01     2.23271e+00
    2.12098e+00     9.74804e+04     9.67489e+01     2.22498e+00
    2.12507e+00     9.72306e+04     9.67135e+01     2.21491e+00
    2.12916e+00     9.69706e+04     9.59213e+01     2.20360e+00
    2.13325e+00     9.69568e+04     9.55295e+01     2.19063e+00
    2.13734e+00     9.66941e+04     9.58680e+01     2.18385e+00
    2.14143e+00     9.64619e+04     9.51696e+01     2.17381e+00
    2.14552e+00     9.65321e+04     9.52704e+01     2.16131e+00
    2.14961e+00     9.63002e+04     9.46326e+01     2.15543e+00
    2.15370e+00     9.63551e+04     9.43377e+01     2.14298e+00
    2.15779e+00     9.60739e+04     9.42228e+01     2.13460e+00
    2.16188e+00     9.58657e+04     9.37427e+01     2.12324e+00
    2.16597e+00     9.56316e+04     9.29835e+01     2.11497e+00
    2.17006e+00     9.55649e+04     9.34915e+01     2.10485e+00
    2.17416e+00     9.54019e+04     9.31593e+01     2.09564e+00
    2.17825e+00     9.52349e+04     9.29302e+01     2.08528e+00
    2.18234e+00     9.51656e+04     9.32825e+01     2.07785e+00
    2.18643e+00     9.48992e+04     9.24995e+01     2.07096e+00
    2.19052e+00     9.47713e+04     9.17280e+01     2.06009e+00
    2.19461e+00     9.46055e+04     9.17086e+01     2.04996e+00
    2.19870e+00     9.45901e+04     9.10896e+01     2.03913e+00
    2.20279e+00     9.42582e+04     9.11031e+01     2.03045e+00
    2.20688e+00     9.41300e+04     9.07523e+01     2.02227e+00
    2.21097e+00     9.40046e+04     9.05622e+01     2.01427e+00
    2.21506e+00     9.39617e+04     9.04522e+01     2.00501e+00
    2.21915e+00     9.36242e+04     8.97284e+01     1.99653e+00
    2.22324e+00     9.35019e+04     8.99565e+01     1.98585e+00
    2.22733e+00     9.34202e+04     8.95955e+01     1.97696e+00
    2.23142e+00     9.31635e+04     8.88740e+01     1.96761e+00
    2.23552e+00     9.31496e+04     8.89586e+01     1.96185e+00
    2.23961e+00     9.28614e+04     8.87140e+01     1.95073e+00
    2.24369e+00     9.28045e+04     8.83041e+01     1.94381e+00
    2.24779e+00     9.25959e+04     8.78832e+01     1.93161e+00
    2.25188e+00     9.25420e+04     8.82517e+01     1.92516e+00
    2.25597e+00     9.23656e+04     8.82839e+01     1.91875e+00
    2.26006e+00     9.22631e+04     8.75542e+01     1.91000e+00
    2.26415e+00     9.19918e+04     8.71746e+01     1.90263e+00
    2.26824e+00     9.18423e+04     8.67881e+01     1.89209e+00
    2.27233e+00     9.16273e+04     8.63184e+01     1.88163e+00
    2.27642e+00     9.13827e+04     8.63050e+01     1.87531e+00
    2.28051e+00     9.13356e+04     8.62724e+01     1.86820e+00
    2.28460e+00     9.11982e+04     8.57828e+01     1.85612e+00
    2.28869e+00     9.10401e+04     8.54334e+01     1.84931e+00
    2.29278e+00     9.09826e+04     8.56658e+01     1.84153e+00
    2.29687e+00     9.07558e+04     8.49399e+01     1.83182e+00
    2.30096e+00     9.06359e+04     8.48246e+01     1.82619e+00
    2.30506e+00     9.04607e+04     8.49582e+01     1.81535e+00
    2.30915e+00     9.02603e+04     8.42639e+01     1.80934e+00
    2.31324e+00     9.00738e+04     8.39292e+01     1.80128e+00
    2.31733e+00     8.98803e+04     8.36701e+01     1.79307e+00
    2.32142e+00     8.97311e+04     8.32368e+01     1.78691e+00
    2.32551e+00     8.97386e+04     8.34978e+01     1.77691e+00
    2.32960e+00     8.93613e+04     8.30761e+01     1.77006e+00
    2.33369e+00     8.93270e+04     8.31290e+01     1.76469e+00
    2.33778e+00     8.93561e+04     8.30557e+01     1.75704e+00
    2.34187e+00     8.89750e+04     8.21421e+01     1.74613e+00
    2.34596e+00     8.88775e+04     8.17598e+01     1.73959e+00
    2.35005e+00     8.88579e+04     8.18481e+01     1.73224e+00
    2.35414e+00     8.85325e+04     8.14589e+01     1.72386e+00
    2.35823e+00     8.83729e+04     8.14000e+01     1.71798e+00
    2.36232e+00     8.82662e+04     8.12719e+01     1.71100e+00
    2.36641e+00     8.80229e+04     8.07002e+01     1.70324e+00
    2.37051e+00     8.79047e+04     8.03433e+01     1.69366e+00
    2.37460e+00     8.76988e+04     8.04778e+01     1.68562e+00
    2.37869e+00     8.77039e+04     8.00938e+01     1.67817e+00
    2.38278e+00     8.74951e+04     7.95089e+01     1.67377e+00
    2.38687e+00     8.73418e+04     7.97244e+01     1.66326e+00
    2.39096e+00     8.71876e+04     7.96731e+01     1.65733e+00
    2.39505e+00     8.69577e+04     7.89265e+01     1.64895e+00
    2.39914e+00     8.69027e+04     7.91496e+01     1.64234e+00
    2.40323e+00     8.68339e+04     7.84628e+01     1.63359e+00
    2.40732e+00     8.65653e+04     7.82307e+01     1.62802e+00
    2.41141e+00     8.64021e+04     7.83495e+01     1.62299e+00
    2.41550e+00     8.63566e+04     7.80270e+01     1.61605e+00
    2.41959e+00     8.61224e+04     7.77321e+01     1.60877e+00
    2.42368e+00     8.59858e+04     7.75855e+01     1.60038e+00
    2.42777e+00     8.58175e+04     7.72968e+01     1.59415e+00
    2.43187e+00     8.56961e+04     7.68986e+01     1.58659e+00
    2.43596e+00     8.54292e+04     7.66417e+01     1.57736e+00
    2.44004e+00     8.53724e+04     7.67223e+01     1.57417e+00
    2.44414e+00     8.51363e+04     7.63319e+01     1.56679e+00
    2.44823e+00     8.50497e+04     7.62355e+01     1.56123e+00
    2.45232e+00     8.48162e+04     7.56629e+01     1.55253e+00
    2.45640e+00     8.49352e+04     7.56272e+01     1.54583e+00
    2.46050e+00     8.46037e+04     7.49163e+01     1.53734e+00
    2.46459e+00     8.44576e+04     7.50118e+01     1.53087e+00
    2.46868e+00     8.42399e+04     7.48791e+01     1.52645e+00
    2.47277e+00     8.41170e+04     7.47028e+01     1.51838e+00
    2.47686e+00     8.40604e+04     7.42805e+01     1.51264e+00
    2.48095e+00     8.37858e+04     7.42846e+01     1.50377e+00
    2.48504e+00     8.36497e+04     7.37874e+01     1.49842e+00
    2.48913e+00     8.35175e+04     7.36493e+01     1.49205e+00
    2.49322e+00     8.33938e+04     7.35642e+01     1.48446e+00
    2.49731e+00     8.31640e+04     7.34463e+01     1.47910e+00
    2.50141e+00     8.30986e+04     7.32753e+01     1.47437e+00
    2.50550e+00     8.29299e+04     7.30315e+01     1.46749e+00
    2.50959e+00     8.27491e+04     7.25809e+01     1.46094e+00
    2.51368e+00     8.25987e+04     7.26072e+01     1.45532e+00
    2.51777e+00     8.24559e+04     7.22051e+01     1.44752e+00
    2.52186e+00     8.23205e+04     7.17278e+01     1.44089e+00
    2.52595e+00     8.22038e+04     7.18239e+01     1.43687e+00
    2.53004e+00     8.21093e+04     7.17777e+01     1.42986e+00
    2.53413e+00     8.19119e+04     7.15033e+01     1.42278e+00
    2.53822e+00     8.17197e+04     7.10117e+01     1.41616e+00
    2.54231e+00     8.15070e+04     7.09335e+01     1.41045e+00
    2.54640e+00     8.14729e+04     7.08538e+01     1.40601e+00
    2.55049e+00     8.12703e+04     7.05432e+01     1.39803e+00
    2.55458e+00     8.10866e+04     7.04537e+01     1.39280e+00
    2.55867e+00     8.09367e+04     7.00416e+01     1.38550e+00
    2.56276e+00     8.08383e+04     6.98413e+01     1.38026e+00
    2.56685e+00     8.06425e+04     6.95348e+01     1.37469e+00
    2.57095e+00     8.05464e+04     6.93985e+01     1.36757e+00
    2.57504e+00     8.03796e+04     6.88454e+01     1.36244e+00
    2.57913e+00     8.02582e+04     6.91302e+01     1.35902e+00
    2.58322e+00     8.00269e+04     6.88437e+01     1.35213e+00
    2.58731e+00     7.99413e+04     6.88092e+01     1.34457e+00
    2.59140e+00     7.97967e+04     6.83965e+01     1.34000e+00
    2.59549e+00     7.96289e+04     6.81753e+01     1.33367e+00
    2.59958e+00     7.94379e+04     6.81558e+01     1.32785e+00
    2.60367e+00     7.93455e+04     6.75349e+01     1.32201e+00
    2.60776e+00     7.91715e+04     6.74699e+01     1.31719e+00
    2.61185e+00     7.90822e+04     6.73461e+01     1.31180e+00
    2.61594e+00     7.89353e+04     6.71732e+01     1.30672e+00
    2.62003e+00     7.87713e+04     6.69271e+01     1.29985e+00
    2.62412e+00     7.86140e+04     6.67820e+01     1.29549e+00
    2.62821e+00     7.83929e+04     6.64962e+01     1.28917e+00
    2.63230e+00     7.82569e+04     6.61445e+01     1.28385e+00
    2.63640e+00     7.80954e+04     6.58290e+01     1.27582e+00
    2.64049e+00     7.79836e+04     6.58092e+01     1.27090e+00
    2.64457e+00     7.78147e+04     6.53418e+01     1.26485e+00
    2.64867e+00     7.76881e+04     6.55528e+01     1.26136e+00
    2.65276e+00     7.76303e+04     6.55008e+01     1.25512e+00
    2.65685e+00     7.73638e+04     6.50179e+01     1.25127e+00
    2.66094e+00     7.72484e+04     6.48793e+01     1.24474e+00
    2.66503e+00     7.70427e+04     6.44164e+01     1.23918e+00
    2.66912e+00     7.69159e+04     6.44960e+01     1.23352e+00
    2.67321e+00     7.68362e+04     6.43202e+01     1.22921e+00
    2.67730e+00     7.66191e+04     6.42884e+01     1.22377e+00
    2.68139e+00     7.66359e+04     6.39358e+01     1.22055e+00
    2.68548e+00     7.62989e+04     6.40463e+01     1.21413e+00
    2.68957e+00     7.62864e+04     6.35018e+01     1.20755e+00
    2.69366e+00     7.61179e+04     6.31263e+01     1.20259e+00
    2.69776e+00     7.58964e+04     6.31604e+01     1.19801e+00
    2.70185e+00     7.57310e+04     6.29373e+01     1.19369e+00
    2.70594e+00     7.56082e+04     6.25093e+01     1.18652e+00
    2.71003e+00     7.54279e+04     6.24976e+01     1.18252e+00
    2.71412e+00     7.53652e+04     6.23785e+01     1.17880e+00
    2.71821e+00     7.52234e+04     6.21010e+01     1.17380e+00
    2.72230e+00     7.50889e+04     6.19517e+01     1.16794e+00
    2.72639e+00     7.49622e+04     6.18601e+01     1.16274e+00
    2.73048e+00     7.47314e+04     6.13929e+01     1.15804e+00
    2.73457e+00     7.46235e+04     6.13281e+01     1.15409e+00
    2.73866e+00     7.45302e+04     6.12618e+01     1.14823e+00
    2.74275e+00     7.43458e+04     6.07478e+01     1.14253e+00
    2.74684e+00     7.42197e+04     6.07832e+01     1.13800e+00
    2.75093e+00     7.40241e+04     6.04479e+01     1.13331e+00
    2.75502e+00     7.39129e+04     6.01838e+01     1.12802e+00
    2.75911e+00     7.37257e+04     5.99651e+01     1.12358e+00
    2.76320e+00     7.36168e+04     5.99779e+01     1.11891e+00
    2.76730e+00     7.34913e+04     5.97985e+01     1.11415e+00
    2.77139e+00     7.33714e+04     5.94481e+01     1.10873e+00
    2.77548e+00     7.31849e+04     5.94291e+01     1.10422e+00
    2.77957e+00     7.30725e+04     5.91271e+01     1.10002e+00
    2.78366e+00     7.28277e+04     5.87512e+01     1.09512e+00
    2.78775e+00     7.26863e+04     5.87982e+01     1.09122e+00
    2.79184e+00     7.26292e+04     5.86596e+01     1.08657e+00
    2.79593e+00     7.24750e+04     5.83113e+01     1.08084e+00
    2.80002e+00     7.22490e+04     5.82027e+01     1.07650e+00
    2.80411e+00     7.22135e+04     5.80787e+01     1.07234e+00
    2.80820e+00     7.20847e+04     5.79671e+01     1.06694e+00
    2.81229e+00     7.18371e+04     5.75653e+01     1.06355e+00
    2.81638e+00     7.17467e+04     5.75861e+01     1.05979e+00
    2.82047e+00     7.16056e+04     5.73307e+01     1.05430e+00
    2.82457e+00     7.15172e+04     5.69407e+01     1.05025e+00
    2.82866e+00     7.13662e+04     5.70263e+01     1.04483e+00
    2.83275e+00     7.11567e+04     5.64601e+01     1.03997e+00
    2.83684e+00     7.10332e+04     5.63858e+01     1.03696e+00
    2.84093e+00     7.09179e+04     5.62969e+01     1.03169e+00
    2.84502e+00     7.08073e+04     5.62905e+01     1.02690e+00
    2.84911e+00     7.06225e+04     5.61867e+01     1.02348e+00
    2.85320e+00     7.04940e+04     5.60014e+01     1.01968e+00
    2.85729e+00     7.03217e+04     5.56282e+01     1.01474e+00
    2.86138e+00     7.02154e+04     5.55578e+01     1.01045e+00
    2.86547e+00     7.00002e+04     5.53181e+01     1.00587e+00
    2.86956e+00     6.99282e+04     5.52108e+01     1.00240e+00
    2.87365e+00     6.97739e+04     5.49521e+01     9.97602e-01
    2.87774e+00     6.96208e+04     5.48087e+01     9.93591e-01
    2.88183e+00     6.94243e+04     5.44612e+01     9.87964e-01
    2.88592e+00     6.93969e+04     5.44618e+01     9.84859e-01
    2.89001e+00     6.92508e+04     5.41913e+01     9.81564e-01
    2.89410e+00     6.90371e+04     5.40289e+01     9.76103e-01
    2.89820e+00     6.89744e+04     5.38730e+01     9.73233e-01
    2.90229e+00     6.87621e+04     5.35092e+01     9.67790e-01
    2.90638e+00     6.86611e+04     5.34996e+01     9.63590e-01
    2.91047e+00     6.85830e+04     5.33273e+01     9.60036e-01
    2.91456e+00     6.83704e+04     5.30727e+01     9.55254e-01
    2.91865e+00     6.82145e+04     5.30637e+01     9.52039e-01
    2.92274e+00     6.80818e+04     5.27696e+01     9.47736e-01
    2.92683e+00     6.79084e+04     5.25958e+01     9.43878e-01
    2.93092e+00     6.78252e+04     5.26184e+01     9.40023e-01
    2.93501e+00     6.77321e+04     5.24246e+01     9.35568e-01
    2.93910e+00     6.75974e+04     5.22071e+01     9.32615e-01
    2.94319e+00     6.74199e+04     5.19466e+01     9.28071e-01
    2.94728e+00     6.72589e+04     5.17869e+01     9.25061e-01
    2.95137e+00     6.71755e+04     5.16739e+01     9.20339e-01
    2.95546e+00     6.69808e+04     5.14894e+01     9.16279e-01
    2.95955e+00     6.68917e+04     5.12661e+01     9.12539e-01
    2.96364e+00     6.67467e+04     5.10485e+01     9.08388e-01
    2.96774e+00     6.66154e+04     5.09909e+01     9.04845e-01
    2.97183e+00     6.65627e+04     5.09801e+01     9.01014e-01
    2.97592e+00     6.63252e+04     5.05757e+01     8.97178e-01
    2.98001e+00     6.62100e+04     5.04461e+01     8.93281e-01
    2.98410e+00     6.60653e+04     5.02639e+01     8.89288e-01
    2.98819e+00     6.59384e+04     5.01990e+01     8.86236e-01
    2.99228e+00     6.58061e+04     4.97867e+01     8.82428e-01
    2.99637e+00     6.56482e+04     4.98490e+01     8.78300e-01
    3.00046e+00     6.55471e+04     4.97445e+01     8.75188e-01
    3.00455e+00     6.53855e+04     4.94217e+01     8.70504e-01
    3.00864e+00     6.52261e+04     4.92437e+01     8.67232e-01
    3.01273e+00     6.50977e+04     4.89867e+01     8.64540e-01
    3.01682e+00     6.49985e+04     4.92302e+01     8.59962e-01
    3.02091e+00     6.49201e+04     4.88898e+01     8.56262e-01
    3.02500e+00     6.47074e+04     4.85171e+01     8.52634e-01
    3.02910e+00     6.45938e+04     4.85076e+01     8.49177e-01
    3.03319e+00     6.44615e+04     4.83909e+01     8.47114e-01
    3.03728e+00     6.43338e+04     4.81418e+01     8.42496e-01
    3.04137e+00     6.41684e+04     4.80491e+01     8.38895e-01
    3.04546e+00     6.40612e+04     4.78426e+01     8.34889e-01
    3.04955e+00     6.38790e+04     4.76500e+01     8.30464e-01
    3.05364e+00     6.37550e+04     4.74772e+01     8.28143e-01
    3.05773e+00     6.36602e+04     4.74914e+01     8.24618e-01
    3.06182e+00     6.34852e+04     4.71258e+01     8.21100e-01
    3.06591e+00     6.34021e+04     4.72950e+01     8.17997e-01
    3.07000e+00     6.32448e+04     4.69396e+01     8.14461e-01
    3.07409e+00     6.31012e+04     4.68384e+01     8.10942e-01
    3.07818e+00     6.29846e+04     4.66654e+01     8.08132e-01
    3.08227e+00     6.28144e+04     4.64787e+01     8.04504e-01
    3.08636e+00     6.27775e+04     4.64895e+01     8.01295e-01
    3.09045e+00     6.26073e+04     4.62050e+01     7.96986e-01
    3.09454e+00     6.25074e+04     4.60518e+01     7.94087e-01
    3.09863e+00     6.23504e+04     4.57978e+01     7.90978e-01
    3.10272e+00     6.22469e+04     4.56085e+01     7.87828e-01
    3.10682e+00     6.21141e+04     4.55624e+01     7.84589e-01
    3.11091e+00     6.19719e+04     4.54912e+01     7.81441e-01
    3.11500e+00     6.18382e+04     4.51640e+01     7.77762e-01
    3.11909e+00     6.16730e+04     4.50544e+01     7.74154e-01
    3.12318e+00     6.15241e+04     4.48199e+01     7.71013e-01
    3.12727e+00     6.14575e+04     4.48113e+01     7.67706e-01
    3.13136e+00     6.13511e+04     4.46470e+01     7.65122e-01
    3.13545e+00     6.11864e+04     4.45399e+01     7.61777e-01
    3.13954e+00     6.10092e+04     4.42312e+01     7.58233e-01
    3.14363e+00     6.08704e+04     4.42295e+01     7.55929e-01
    3.14772e+00     6.07809e+04     4.40348e+01     7.52103e-01
    3.15181e+00     6.06803e+04     4.39482e+01     7.48792e-01
    3.15590e+00     6.05621e+04     4.38541e+01     7.45867e-01
    3.16000e+00     6.03428e+04     4.34708e+01     7.42428e-01
    3.16409e+00     6.02618e+04     4.33292e+01     7.39660e-01
    3.16818e+00     6.01762e+04     4.33595e+01     7.37063e-01
    3.17227e+00     6.00374e+04     4.30490e+01     7.33980e-01
    3.17636e+00     5.99200e+04     4.30413e+01     7.30823e-01
    3.18045e+00     5.98343e+04     4.29661e+01     7.28148e-01
    3.18454e+00     5.96107e+04     4.27234e+01     7.25205e-01
    3.18863e+00     5.95797e+04     4.26218e+01     7.21324e-01
    3.19272e+00     5.94101e+04     4.24964e+01     7.18966e-01
    3.19681e+00     5.92728e+04     4.23565e+01     7.15642e-01
    3.20090e+00     5.91477e+04     4.23430e+01     7.12574e-01
    3.20499e+00     5.90158e+04     4.19392e+01     7.09673e-01
    3.20908e+00     5.88849e+04     4.18404e+01     7.06907e-01
    3.21317e+00     5.87743e+04     4.18980e+01     7.04279e-01
    3.21726e+00     5.86292e+04     4.17208e+01     7.00264e-01
    3.22135e+00     5.85397e+04     4.16420e+01     6.98511e-01
    3.22545e+00     5.84103e+04     4.12967e+01     6.95087e-01
    3.22954e+00     5.82631e+04     4.10752e+01     6.91843e-01
    3.23363e+00     5.81508e+04     4.09688e+01     6.89900e-01
    3.23772e+00     5.79982e+04     4.08749e+01     6.87251e-01
    3.24181e+00     5.79404e+04     4.08738e+01     6.83637e-01
    3.24590e+00     5.77692e+04     4.06271e+01     6.80541e-01
    3.24999e+00     5.76971e+04     4.05597e+01     6.77648e-01
    3.25408e+00     5.75432e+04     4.04484e+01     6.75286e-01
    3.25817e+00     5.74204e+04     4.01826e+01     6.72264e-01
    3.26226e+00     5.73332e+04     4.01728e+01     6.69728e-01
    3.26635e+00     5.72106e+04     3.99145e+01     6.66495e-01
    3.27044e+00     5.70650e+04     3.98282e+01     6.64486e-01
    3.27453e+00     5.69240e+04     3.97251e+01     6.61213e-01
    3.27862e+00     5.67927e+04     3.95559e+01     6.58579e-01
    3.28271e+00     5.67297e+04     3.94190e+01     6.55676e-01
    3.28681e+00     5.65040e+04     3.93395e+01     6.53737e-01
    3.29090e+00     5.64713e+04     3.92217e+01     6.50317e-01
    3.29499e+00     5.63453e+04     3.90638e+01     6.47755e-01
    3.29908e+00     5.62345e+04     3.89195e+01     6.44927e-01
    3.30317e+00     5.60991e+04     3.88207e+01     6.43174e-01
    3.30725e+00     5.59555e+04     3.85528e+01     6.39430e-01
    3.31135e+00     5.58705e+04     3.86394e+01     6.37778e-01
    3.31544e+00     5.57647e+04     3.84271e+01     6.34344e-01
    3.31953e+00     5.56444e+04     3.81825e+01     6.32502e-01
    3.32362e+00     5.54875e+04     3.82140e+01     6.29864e-01
    3.32771e+00     5.54090e+04     3.80055e+01     6.27197e-01
    3.33180e+00     5.52660e+04     3.78715e+01     6.23986e-01
    3.33589e+00     5.51485e+04     3.77208e+01     6.21739e-01
    3.33998e+00     5.50204e+04     3.75989e+01     6.19328e-01
    3.34407e+00     5.49293e+04     3.75056e+01     6.16571e-01
    3.34816e+00     5.47677e+04     3.73424e+01     6.14005e-01
    3.35226e+00     5.46523e+04     3.72422e+01     6.11850e-01
    3.35634e+00     5.45563e+04     3.71165e+01     6.09761e-01
    3.36043e+00     5.44587e+04     3.70914e+01     6.06814e-01
    3.36453e+00     5.43529e+04     3.68034e+01     6.03793e-01
    3.36862e+00     5.42029e+04     3.66945e+01     6.01664e-01
    3.37271e+00     5.41265e+04     3.66962e+01     6.00198e-01
    3.37680e+00     5.40049e+04     3.65161e+01     5.97096e-01
    3.38089e+00     5.38914e+04     3.63713e+01     5.94561e-01
    3.38498e+00     5.37704e+04     3.62919e+01     5.92442e-01
    3.38907e+00     5.36609e+04     3.59752e+01     5.89553e-01
    3.39316e+00     5.36056e+04     3.61272e+01     5.87507e-01
    3.39725e+00     5.34005e+04     3.57629e+01     5.84589e-01
    3.40134e+00     5.33071e+04     3.56971e+01     5.82605e-01
    3.40543e+00     5.31836e+04     3.56676e+01     5.80368e-01
    3.40952e+00     5.30910e+04     3.55613e+01     5.77979e-01
    3.41362e+00     5.29897e+04     3.53757e+01     5.75632e-01
    3.41770e+00     5.28687e+04     3.52623e+01     5.72681e-01
    3.42179e+00     5.27540e+04     3.51974e+01     5.70697e-01
    3.42588e+00     5.26162e+04     3.50507e+01     5.68650e-01
    3.42997e+00     5.24958e+04     3.49667e+01     5.66110e-01
    3.43406e+00     5.24004e+04     3.48209e+01     5.64028e-01
    3.43816e+00     5.22856e+04     3.47431e+01     5.61493e-01
    3.44225e+00     5.21739e+04     3.45295e+01     5.59710e-01
    3.44634e+00     5.20803e+04     3.44220e+01     5.57005e-01
    3.45043e+00     5.20106e+04     3.43186e+01     5.55071e-01
    3.45452e+00     5.18516e+04     3.42054e+01     5.52580e-01
    3.45861e+00     5.17284e+04     3.41052e+01     5.50703e-01
    3.46270e+00     5.16146e+04     3.38991e+01     5.48350e-01
    3.46679e+00     5.15211e+04     3.38556e+01     5.45876e-01
    3.47088e+00     5.14217e+04     3.38665e+01     5.43887e-01
    3.47497e+00     5.12811e+04     3.35951e+01     5.41410e-01
    3.47906e+00     5.11812e+04     3.34515e+01     5.39386e-01
    3.48315e+00     5.10824e+04     3.34471e+01     5.37567e-01
    3.48725e+00     5.09632e+04     3.32920e+01     5.35223e-01
    3.49134e+00     5.08858e+04     3.32225e+01     5.32851e-01
    3.49543e+00     5.07407e+04     3.31376e+01     5.31012e-01
    3.49952e+00     5.06855e+04     3.29630e+01     5.28746e-01
    3.50361e+00     5.05571e+04     3.28875e+01     5.26666e-01
    3.50770e+00     5.04451e+04     3.26839e+01     5.24395e-01
    3.51179e+00     5.03125e+04     3.26682e+01     5.22552e-01
    3.51588e+00     5.02123e+04     3.25756e+01     5.20330e-01
    3.51997e+00     5.01515e+04     3.23716e+01     5.17961e-01
    3.52406e+00     4.99990e+04     3.22953e+01     5.16416e-01
    3.52815e+00     4.99034e+04     3.22139e+01     5.14029e-01
    3.53224e+00     4.97689e+04     3.20814e+01     5.12075e-01
    3.53633e+00     4.97064e+04     3.19791e+01     5.09652e-01
    3.54042e+00     4.95998e+04     3.18614e+01     5.07992e-01
    3.54451e+00     4.94605e+04     3.16467e+01     5.05826e-01
    3.54860e+00     4.93939e+04     3.15669e+01     5.03909e-01
    3.55270e+00     4.92289e+04     3.15046e+01     5.01615e-01
    3.55679e+00     4.91672e+04     3.14180e+01     5.00005e-01
    3.56088e+00     4.90498e+04     3.12463e+01     4.97826e-01
    3.56497e+00     4.90036e+04     3.13416e+01     4.96113e-01
    3.56906e+00     4.88898e+04     3.11929e+01     4.93909e-01
    3.57315e+00     4.87859e+04     3.10505e+01     4.92216e-01
    3.57724e+00     4.86596e+04     3.09693e+01     4.90306e-01
    3.58133e+00     4.85449e+04     3.07955e+01     4.88035e-01
    3.58542e+00     4.84080e+04     3.06863e+01     4.86304e-01
    3.58951e+00     4.83687e+04     3.06183e+01     4.84523e-01
    3.59360e+00     4.82828e+04     3.04819e+01     4.82711e-01
    3.59769e+00     4.81525e+04     3.04859e+01     4.80709e-01
    3.60178e+00     4.80483e+04     3.03182e+01     4.79019e-01
    3.60587e+00     4.79410e+04     3.01539e+01     4.77047e-01
    3.60996e+00     4.78193e+04     2.99949e+01     4.74983e-01
    3.61405e+00     4.77588e+04     2.98963e+01     4.73161e-01
    3.61814e+00     4.76248e+04     2.98389e+01     4.71227e-01
    3.62224e+00     4.75734e+04     2.97362e+01     4.69165e-01
    3.62633e+00     4.74159e+04     2.97495e+01     4.67372e-01
    3.63042e+00     4.73324e+04     2.95408e+01     4.65783e-01
    3.63451e+00     4.72067e+04     2.94877e+01     4.64063e-01
    3.63860e+00     4.71011e+04     2.94559e+01     4.62353e-01
    3.64269e+00     4.70427e+04     2.93659e+01     4.60892e-01
    3.64678e+00     4.69649e+04     2.92738e+01     4.58655e-01
    3.65087e+00     4.68493e+04     2.91128e+01     4.56762e-01
    3.65496e+00     4.67683e+04     2.90717e+01     4.55093e-01
    3.65905e+00     4.66804e+04     2.88639e+01     4.52948e-01
    3.66314e+00     4.65484e+04     2.87984e+01     4.51104e-01
    3.66723e+00     4.64810e+04     2.88048e+01     4.49799e-01
    3.67132e+00     4.63471e+04     2.86038e+01     4.47916e-01
    3.67541e+00     4.62469e+04     2.84914e+01     4.46131e-01
    3.67950e+00     4.61920e+04     2.84060e+01     4.44546e-01
    3.68359e+00     4.60813e+04     2.83295e+01     4.42921e-01
    3.68769e+00     4.59697e+04     2.82711e+01     4.41368e-01
    3.69177e+00     4.58891e+04     2.81377e+01     4.39564e-01
    3.69587e+00     4.57632e+04     2.80050e+01     4.37586e-01
    3.69996e+00     4.56612e+04     2.79629e+01     4.36398e-01
    3.70405e+00     4.55890e+04     2.78881e+01     4.34450e-01
    3.70814e+00     4.54849e+04     2.77219e+01     4.32396e-01
    3.71223e+00     4.53830e+04     2.76203e+01     4.31071e-01
    3.71632e+00     4.52761e+04     2.75978e+01     4.29733e-01
    3.72041e+00     4.51983e+04     2.74453e+01     4.27707e-01
    3.72450e+00     4.51433e+04     2.73724e+01     4.26383e-01
    3.72859e+00     4.50123e+04     2.73565e+01     4.24872e-01
    3.73268e+00     4.49565e+04     2.72038e+01     4.23104e-01
    3.73677e+00     4.48289e+04     2.71179e+01     4.21468e-01
    3.74086e+00     4.47464e+04     2.70397e+01     4.20064e-01
    3.74495e+00     4.46798e+04     2.69419e+01     4.18122e-01
    3.74905e+00     4.45944e+04     2.69141e+01     4.16925e-01
    3.75313e+00     4.44982e+04     2.68136e+01     4.15128e-01
    3.75722e+00     4.44288e+04     2.67333e+01     4.13571e-01
    3.76131e+00     4.43039e+04     2.66137e+01     4.12304e-01
    3.76541e+00     4.42498e+04     2.65084e+01     4.10276e-01
    3.76950e+00     4.41079e+04     2.63765e+01     4.08704e-01
    3.77359e+00     4.40482e+04     2.64170e+01     4.07724e-01
    3.77768e+00     4.39378e+04     2.63253e+01     4.05895e-01
    3.78177e+00     4.38590e+04     2.62221e+01     4.04432e-01
    3.78586e+00     4.37649e+04     2.60937e+01     4.02630e-01
    3.78995e+00     4.36861e+04     2.59896e+01     4.01215e-01
    3.79404e+00     4.35856e+04     2.59932e+01     3.99940e-01
    3.79813e+00     4.35184e+04     2.59449e+01     3.98479e-01
    3.80222e+00     4.33965e+04     2.57630e+01     3.96922e-01
    3.80632e+00     4.33377e+04     2.56769e+01     3.95354e-01
    3.81040e+00     4.32470e+04     2.55301e+01     3.93987e-01
    3.81449e+00     4.31447e+04     2.55548e+01     3.92432e-01
    3.81859e+00     4.30687e+04     2.54151e+01     3.90937e-01
    3.82268e+00     4.29713e+04     2.53405e+01     3.89972e-01
    3.82677e+00     4.28986e+04     2.52041e+01     3.88419e-01
    3.83086e+00     4.27597e+04     2.51031e+01     3.86930e-01
    3.83495e+00     4.27162e+04     2.51575e+01     3.85619e-01
    3.83904e+00     4.26120e+04     2.50017e+01     3.84267e-01
    3.84313e+00     4.25544e+04     2.49803e+01     3.82722e-01
    3.84722e+00     4.24431e+04     2.48221e+01     3.80988e-01
    3.85131e+00     4.23676e+04     2.47698e+01     3.79798e-01
    3.85540e+00     4.22961e+04     2.47366e+01     3.78466e-01
    3.85949e+00     4.22315e+04     2.46065e+01     3.76863e-01
    3.86358e+00     4.21471e+04     2.45358e+01     3.75705e-01
    3.86768e+00     4.20222e+04     2.44566e+01     3.74437e-01
    3.87177e+00     4.19594e+04     2.44302e+01     3.73416e-01
    3.87585e+00     4.18712e+04     2.43092e+01     3.71462e-01
    3.87994e+00     4.17667e+04     2.42402e+01     3.70660e-01
    3.88403e+00     4.17152e+04     2.41535e+01     3.69011e-01
    3.88813e+00     4.16607e+04     2.40803e+01     3.67785e-01
    3.89222e+00     4.15473e+04     2.39397e+01     3.66394e-01
    3.89631e+00     4.14500e+04     2.39367e+01     3.65352e-01
    3.90040e+00     4.13725e+04     2.38592e+01     3.63958e-01
    3.90449e+00     4.12760e+04     2.37411e+01     3.62647e-01
    3.90858e+00     4.12543e+04     2.37501e+01     3.61518e-01
    3.91267e+00     4.11122e+04     2.35619e+01     3.59925e-01
    3.91676e+00     4.10764e+04     2.35481e+01     3.58928e-01
    3.92085e+00     4.09772e+04     2.34859e+01     3.57529e-01
    3.92494e+00     4.09203e+04     2.34378e+01     3.56243e-01
    3.92903e+00     4.08177e+04     2.33130e+01     3.54862e-01
    3.93312e+00     4.07363e+04     2.32873e+01     3.53871e-01
    3.93721e+00     4.06258e+04     2.31016e+01     3.52579e-01
    3.94130e+00     4.05979e+04     2.30970e+01     3.51211e-01
    3.94539e+00     4.04985e+04     2.30407e+01     3.49997e-01
    3.94949e+00     4.03955e+04     2.29584e+01     3.48563e-01
    3.95358e+00     4.03372e+04     2.28987e+01     3.47737e-01
    3.95767e+00     4.03039e+04     2.28760e+01     3.46428e-01
    3.96176e+00     4.01848e+04     2.27671e+01     3.44994e-01
    3.96585e+00     4.01191e+04     2.26823e+01     3.43844e-01
    3.96994e+00     4.00062e+04     2.26022e+01     3.43006e-01
    3.97403e+00     3.99377e+04     2.25096e+01     3.41442e-01
    3.97812e+00     3.98662e+04     2.25306e+01     3.40766e-01
    3.98221e+00     3.98179e+04     2.23971e+01     3.39317e-01
    3.98630e+00     3.97421e+04     2.23263e+01     3.38030e-01
    3.99039e+00     3.96788e+04     2.22438e+01     3.37238e-01
    3.99448e+00     3.95771e+04     2.21357e+01     3.35924e-01
    3.99857e+00     3.95150e+04     2.21689e+01     3.34598e-01
    4.00266e+00     3.94354e+04     2.20868e+01     3.33785e-01
    4.00675e+00     3.93488e+04     2.19794e+01     3.32550e-01
    4.01085e+00     3.93112e+04     2.19528e+01     3.31533e-01
    4.01494e+00     3.91985e+04     2.18663e+01     3.30242e-01
    4.01902e+00     3.91178e+04     2.18300e+01     3.29129e-01
    4.02312e+00     3.90834e+04     2.17907e+01     3.28166e-01
    4.02721e+00     3.90025e+04     2.16383e+01     3.27279e-01
    4.03130e+00     3.89136e+04     2.15824e+01     3.25796e-01
    4.03539e+00     3.88253e+04     2.15794e+01     3.24764e-01
    4.03948e+00     3.87853e+04     2.15009e+01     3.23955e-01
    4.04357e+00     3.86985e+04     2.14071e+01     3.22764e-01
    4.04766e+00     3.86256e+04     2.13229e+01     3.21620e-01
    4.05175e+00     3.85810e+04     2.13227e+01     3.20301e-01
    4.05584e+00     3.84770e+04     2.12426e+01     3.19634e-01
    4.05993e+00     3.84470e+04     2.11949e+01     3.18457e-01
    4.06402e+00     3.83446e+04     2.11047e+01     3.17506e-01
    4.06811e+00     3.82923e+04     2.10179e+01     3.16628e-01
    4.07220e+00     3.82008e+04     2.09706e+01     3.15371e-01
    4.07630e+00     3.81321e+04     2.09484e+01     3.14742e-01
    4.08038e+00     3.80606e+04     2.07703e+01     3.13316e-01
    4.08447e+00     3.79935e+04     2.08045e+01     3.12510e-01
    4.08857e+00     3.79477e+04     2.07258e+01     3.11631e-01
    4.09266e+00     3.78175e+04     2.06736e+01     3.10417e-01
    4.09675e+00     3.78031e+04     2.06725e+01     3.09597e-01
    4.10084e+00     3.77156e+04     2.05678e+01     3.08787e-01
    4.10493e+00     3.76704e+04     2.06034e+01     3.07780e-01
    4.10902e+00     3.75905e+04     2.04883e+01     3.06598e-01
    4.11311e+00     3.75229e+04     2.04240e+01     3.05734e-01
    4.11720e+00     3.74915e+04     2.03675e+01     3.04604e-01
    4.12129e+00     3.73918e+04     2.02946e+01     3.03668e-01
    4.12538e+00     3.73651e+04     2.02120e+01     3.02990e-01
    4.12947e+00     3.72525e+04     2.01774e+01     3.01806e-01
    4.13356e+00     3.72151e+04     2.01164e+01     3.00901e-01
    4.13765e+00     3.71358e+04     2.00560e+01     3.00028e-01
    4.14175e+00     3.70613e+04     1.99959e+01     2.99114e-01
    4.14584e+00     3.69654e+04     1.99016e+01     2.98188e-01
    4.14993e+00     3.69225e+04     1.98999e+01     2.97342e-01
    4.15402e+00     3.68722e+04     1.98357e+01     2.96658e-01
    4.15811e+00     3.68169e+04     1.97635e+01     2.95461e-01
    4.16220e+00     3.67646e+04     1.97688e+01     2.94760e-01
    4.16629e+00     3.66818e+04     1.96465e+01     2.93862e-01
    4.17038e+00     3.66173e+04     1.96346e+01     2.92911e-01
    4.17447e+00     3.65721e+04     1.95661e+01     2.92131e-01
    4.17856e+00     3.65059e+04     1.95519e+01     2.91287e-01
    4.18265e+00     3.64191e+04     1.94607e+01     2.90274e-01
    4.18674e+00     3.63837e+04     1.94461e+01     2.89634e-01
