# Real space auto- and cross-spectra.
# z=0.500, 13.000<lgM<13.500
#      k[h/Mpc]            P_hh            P_hm            P_mm
    0.00000e+00     0.00000e+00     0.00000e+00     0.00000e+00
    5.79404e-03     3.45227e+04     1.78378e+04     1.08828e+04
    1.04717e-02     3.67265e+04     2.01903e+04     1.21393e+04
    1.42665e-02     4.08522e+04     2.34544e+04     1.48436e+04
    1.81228e-02     3.46772e+04     1.97818e+04     1.27215e+04
    2.24845e-02     3.56306e+04     2.07932e+04     1.33747e+04
    2.64508e-02     3.38977e+04     1.88652e+04     1.18406e+04
    3.04474e-02     3.29490e+04     1.86465e+04     1.18229e+04
    3.47320e-02     2.85816e+04     1.58938e+04     1.01787e+04
    3.88308e-02     2.85375e+04     1.51913e+04     9.38898e+03
    4.28140e-02     2.52836e+04     1.37621e+04     8.77004e+03
    4.68856e-02     2.26060e+04     1.18368e+04     7.38068e+03
    5.09858e-02     2.13628e+04     1.11662e+04     6.97165e+03
    5.51458e-02     2.23101e+04     1.15377e+04     7.11678e+03
    5.92243e-02     2.12187e+04     1.09464e+04     6.73487e+03
    6.32864e-02     1.98509e+04     1.01275e+04     6.26902e+03
    6.73674e-02     1.88558e+04     9.67211e+03     6.04961e+03
    7.14960e-02     1.78910e+04     9.01721e+03     5.61149e+03
    7.55894e-02     1.69996e+04     8.37377e+03     5.19319e+03
    7.96660e-02     1.61677e+04     8.01762e+03     5.01624e+03
    8.38183e-02     1.45643e+04     7.00947e+03     4.40993e+03
    8.78941e-02     1.44123e+04     6.82305e+03     4.20682e+03
    9.19238e-02     1.33164e+04     6.19472e+03     3.83786e+03
    9.60446e-02     1.27205e+04     5.81644e+03     3.62511e+03
    1.00128e-01     1.22211e+04     5.48736e+03     3.36946e+03
    1.04209e-01     1.13841e+04     4.94799e+03     3.05905e+03
    1.08333e-01     1.11047e+04     4.77546e+03     2.95558e+03
    1.12448e-01     1.10662e+04     4.72460e+03     2.90152e+03
    1.16521e-01     1.05840e+04     4.52690e+03     2.80590e+03
    1.20596e-01     1.01409e+04     4.26539e+03     2.64135e+03
    1.24665e-01     1.00865e+04     4.21749e+03     2.59529e+03
    1.28771e-01     1.00091e+04     4.15251e+03     2.57062e+03
    1.32874e-01     9.67356e+03     3.92859e+03     2.42349e+03
    1.36975e-01     9.42550e+03     3.83248e+03     2.36941e+03
    1.41075e-01     9.07378e+03     3.60930e+03     2.22362e+03
    1.45172e-01     8.67782e+03     3.37267e+03     2.08305e+03
    1.49268e-01     8.34183e+03     3.18227e+03     1.97834e+03
    1.53330e-01     8.29786e+03     3.10841e+03     1.91055e+03
    1.57416e-01     7.88552e+03     2.87015e+03     1.78001e+03
    1.61514e-01     7.60183e+03     2.72532e+03     1.70101e+03
    1.65592e-01     7.49431e+03     2.69183e+03     1.68782e+03
    1.69693e-01     7.42326e+03     2.57766e+03     1.58614e+03
    1.73803e-01     7.30524e+03     2.52542e+03     1.55926e+03
    1.77905e-01     7.11763e+03     2.42684e+03     1.51798e+03
    1.82001e-01     7.04743e+03     2.36370e+03     1.46528e+03
    1.86092e-01     6.92559e+03     2.32108e+03     1.44049e+03
    1.90161e-01     6.77839e+03     2.23438e+03     1.37642e+03
    1.94237e-01     6.77193e+03     2.18713e+03     1.35435e+03
    1.98334e-01     6.60684e+03     2.11803e+03     1.30365e+03
    2.02427e-01     6.47802e+03     2.04977e+03     1.27291e+03
    2.06523e-01     6.43891e+03     2.01182e+03     1.23563e+03
    2.10626e-01     6.31479e+03     1.93804e+03     1.19383e+03
    2.14724e-01     6.06760e+03     1.83334e+03     1.15157e+03
    2.18827e-01     6.02674e+03     1.79554e+03     1.11452e+03
    2.22903e-01     5.93897e+03     1.75058e+03     1.09207e+03
    2.26990e-01     5.93230e+03     1.71473e+03     1.06658e+03
    2.31084e-01     5.83336e+03     1.65502e+03     1.03857e+03
    2.35153e-01     5.80818e+03     1.63372e+03     1.01299e+03
    2.39244e-01     5.65180e+03     1.54501e+03     9.65032e+02
    2.43338e-01     5.67721e+03     1.56061e+03     9.70889e+02
    2.47445e-01     5.59949e+03     1.51332e+03     9.44281e+02
    2.51539e-01     5.51424e+03     1.49331e+03     9.33448e+02
    2.55609e-01     5.47858e+03     1.44066e+03     8.89024e+02
    2.59718e-01     5.42159e+03     1.41151e+03     8.82397e+02
    2.63814e-01     5.37871e+03     1.39058e+03     8.60809e+02
    2.67904e-01     5.29814e+03     1.34232e+03     8.31123e+02
    2.71993e-01     5.25482e+03     1.31995e+03     8.22107e+02
    2.76068e-01     5.21120e+03     1.29510e+03     8.06485e+02
    2.80171e-01     5.15698e+03     1.26309e+03     7.87560e+02
    2.84268e-01     5.09523e+03     1.22605e+03     7.64469e+02
    2.88346e-01     5.08402e+03     1.21254e+03     7.52744e+02
    2.92426e-01     4.99787e+03     1.18670e+03     7.38294e+02
    2.96514e-01     4.97713e+03     1.16314e+03     7.25423e+02
    3.00627e-01     4.94649e+03     1.14180e+03     7.11075e+02
    3.04729e-01     4.84435e+03     1.10917e+03     6.94241e+02
    3.08821e-01     4.86833e+03     1.09427e+03     6.80104e+02
    3.12919e-01     4.81160e+03     1.07473e+03     6.72907e+02
    3.16999e-01     4.74162e+03     1.04850e+03     6.61558e+02
    3.21078e-01     4.73585e+03     1.02980e+03     6.44622e+02
    3.25167e-01     4.70900e+03     1.00839e+03     6.36645e+02
    3.29247e-01     4.67462e+03     1.00301e+03     6.31241e+02
    3.33333e-01     4.60869e+03     9.68194e+02     6.12536e+02
    3.37443e-01     4.60232e+03     9.59669e+02     6.02399e+02
    3.41545e-01     4.60211e+03     9.55736e+02     5.94946e+02
    3.45625e-01     4.54114e+03     9.25812e+02     5.83240e+02
    3.49715e-01     4.52492e+03     9.12493e+02     5.75293e+02
    3.53817e-01     4.48576e+03     8.98084e+02     5.63765e+02
    3.57906e-01     4.51258e+03     8.94932e+02     5.58856e+02
    3.61975e-01     4.43322e+03     8.74680e+02     5.50350e+02
    3.66071e-01     4.43346e+03     8.56882e+02     5.39538e+02
    3.70189e-01     4.43701e+03     8.54512e+02     5.33274e+02
    3.74277e-01     4.38203e+03     8.32093e+02     5.24400e+02
    3.78356e-01     4.34200e+03     8.16808e+02     5.16366e+02
    3.82448e-01     4.30836e+03     8.01004e+02     5.07534e+02
    3.86535e-01     4.28720e+03     7.89188e+02     5.01254e+02
    3.90624e-01     4.26290e+03     7.78207e+02     4.92086e+02
    3.94706e-01     4.27341e+03     7.77035e+02     4.89783e+02
    3.98794e-01     4.22670e+03     7.57937e+02     4.81812e+02
    4.02896e-01     4.22343e+03     7.51990e+02     4.75493e+02
    4.06986e-01     4.18396e+03     7.38162e+02     4.68091e+02
    4.11069e-01     4.18525e+03     7.32865e+02     4.61666e+02
    4.15170e-01     4.16188e+03     7.21671e+02     4.55832e+02
    4.19263e-01     4.14288e+03     7.13363e+02     4.49816e+02
    4.23353e-01     4.10915e+03     7.01740e+02     4.45583e+02
    4.27447e-01     4.12959e+03     7.03351e+02     4.43727e+02
    4.31534e-01     4.08938e+03     6.81152e+02     4.33363e+02
    4.35624e-01     4.09031e+03     6.83278e+02     4.30908e+02
    4.39718e-01     4.07581e+03     6.72118e+02     4.22897e+02
    4.43804e-01     4.04585e+03     6.55199e+02     4.16975e+02
    4.47892e-01     4.01382e+03     6.51572e+02     4.12508e+02
    4.51977e-01     4.04153e+03     6.47681e+02     4.08169e+02
    4.56067e-01     3.99146e+03     6.34221e+02     4.02722e+02
    4.60165e-01     3.96298e+03     6.23204e+02     3.98150e+02
    4.64260e-01     3.99566e+03     6.25102e+02     3.94130e+02
    4.68355e-01     3.95757e+03     6.13721e+02     3.89343e+02
    4.72450e-01     3.93099e+03     6.04732e+02     3.84848e+02
    4.76540e-01     3.93387e+03     5.96179e+02     3.80080e+02
    4.80633e-01     3.92754e+03     5.93920e+02     3.76657e+02
    4.84718e-01     3.90250e+03     5.88537e+02     3.74881e+02
    4.88794e-01     3.88136e+03     5.76759e+02     3.68932e+02
    4.92888e-01     3.90432e+03     5.76111e+02     3.64964e+02
    4.96984e-01     3.88374e+03     5.70740e+02     3.62332e+02
    5.01073e-01     3.82632e+03     5.59327e+02     3.56410e+02
    5.05169e-01     3.83512e+03     5.57085e+02     3.54454e+02
    5.09268e-01     3.84266e+03     5.54280e+02     3.50704e+02
    5.13369e-01     3.82549e+03     5.43262e+02     3.47534e+02
    5.17441e-01     3.81717e+03     5.38537e+02     3.43317e+02
    5.21516e-01     3.80355e+03     5.35360e+02     3.39692e+02
    5.25611e-01     3.77270e+03     5.29257e+02     3.35291e+02
    5.29706e-01     3.77406e+03     5.24375e+02     3.34005e+02
    5.33801e-01     3.75624e+03     5.14418e+02     3.29795e+02
    5.37888e-01     3.75250e+03     5.11836e+02     3.26352e+02
    5.41985e-01     3.74793e+03     5.08829e+02     3.23612e+02
    5.46091e-01     3.74708e+03     5.07903e+02     3.21141e+02
    5.50174e-01     3.73799e+03     4.98440e+02     3.15923e+02
    5.54252e-01     3.71246e+03     4.99018e+02     3.16824e+02
    5.58346e-01     3.70196e+03     4.86128e+02     3.10645e+02
    5.62439e-01     3.70288e+03     4.86001e+02     3.09700e+02
    5.66527e-01     3.68664e+03     4.77761e+02     3.05175e+02
    5.70616e-01     3.67101e+03     4.76352e+02     3.03195e+02
    5.74707e-01     3.66031e+03     4.72772e+02     3.00966e+02
    5.78798e-01     3.67216e+03     4.69077e+02     2.98531e+02
    5.82883e-01     3.64982e+03     4.62115e+02     2.94672e+02
    5.86977e-01     3.64033e+03     4.58867e+02     2.93869e+02
    5.91070e-01     3.62548e+03     4.54013e+02     2.90008e+02
    5.95166e-01     3.62124e+03     4.53857e+02     2.88724e+02
    5.99260e-01     3.60709e+03     4.49151e+02     2.85542e+02
    6.03349e-01     3.60719e+03     4.46487e+02     2.83445e+02
    6.07445e-01     3.60870e+03     4.45225e+02     2.82842e+02
    6.11543e-01     3.59485e+03     4.39068e+02     2.78348e+02
    6.15623e-01     3.58327e+03     4.35222e+02     2.78062e+02
    6.19704e-01     3.56860e+03     4.31899e+02     2.74920e+02
    6.23792e-01     3.57677e+03     4.30928e+02     2.72834e+02
    6.27891e-01     3.55619e+03     4.24386e+02     2.70641e+02
    6.31991e-01     3.54624e+03     4.20246e+02     2.67499e+02
    6.36073e-01     3.54796e+03     4.18994e+02     2.66594e+02
    6.40158e-01     3.53806e+03     4.11411e+02     2.63494e+02
    6.44244e-01     3.54499e+03     4.14502e+02     2.62527e+02
    6.48338e-01     3.52723e+03     4.12020e+02     2.60898e+02
    6.52432e-01     3.50488e+03     4.07615e+02     2.59200e+02
    6.56514e-01     3.50452e+03     4.04754e+02     2.56965e+02
    6.60609e-01     3.50192e+03     3.99296e+02     2.53553e+02
    6.64712e-01     3.50087e+03     3.99165e+02     2.52962e+02
    6.68801e-01     3.48797e+03     3.95300e+02     2.50032e+02
    6.72890e-01     3.47424e+03     3.89043e+02     2.48866e+02
    6.76984e-01     3.46118e+03     3.87101e+02     2.46780e+02
    6.81074e-01     3.48586e+03     3.86079e+02     2.44614e+02
    6.85160e-01     3.47537e+03     3.82526e+02     2.42697e+02
    6.89246e-01     3.46085e+03     3.79683e+02     2.41341e+02
    6.93336e-01     3.43499e+03     3.74914e+02     2.38574e+02
    6.97434e-01     3.43058e+03     3.74916e+02     2.37960e+02
    7.01528e-01     3.43495e+03     3.71548e+02     2.35902e+02
    7.05618e-01     3.42543e+03     3.66493e+02     2.34753e+02
    7.09708e-01     3.43838e+03     3.69622e+02     2.33354e+02
    7.13796e-01     3.41521e+03     3.67568e+02     2.32144e+02
    7.17892e-01     3.40926e+03     3.62635e+02     2.29871e+02
    7.21982e-01     3.39588e+03     3.61633e+02     2.28500e+02
    7.26059e-01     3.38901e+03     3.58534e+02     2.27280e+02
    7.30145e-01     3.39316e+03     3.55013e+02     2.24460e+02
    7.34240e-01     3.37500e+03     3.53538e+02     2.24077e+02
    7.38340e-01     3.37042e+03     3.51400e+02     2.21401e+02
    7.42427e-01     3.37480e+03     3.49502e+02     2.20013e+02
    7.46511e-01     3.38507e+03     3.49563e+02     2.20320e+02
    7.50614e-01     3.36847e+03     3.42963e+02     2.17132e+02
    7.54706e-01     3.35367e+03     3.42981e+02     2.16532e+02
    7.58795e-01     3.33935e+03     3.40376e+02     2.14460e+02
    7.62888e-01     3.32307e+03     3.36077e+02     2.12979e+02
    7.66986e-01     3.34887e+03     3.38514e+02     2.11988e+02
    7.71073e-01     3.34700e+03     3.34114e+02     2.09734e+02
    7.75153e-01     3.32149e+03     3.32431e+02     2.10221e+02
    7.79241e-01     3.32240e+03     3.31176e+02     2.08228e+02
    7.83335e-01     3.32132e+03     3.29483e+02     2.06129e+02
    7.87426e-01     3.31196e+03     3.25950e+02     2.05055e+02
    7.91513e-01     3.30021e+03     3.22937e+02     2.03689e+02
    7.95606e-01     3.30765e+03     3.23891e+02     2.03213e+02
    7.99702e-01     3.29197e+03     3.21709e+02     2.02002e+02
    8.03798e-01     3.28005e+03     3.19523e+02     2.00238e+02
    8.07879e-01     3.28340e+03     3.16962e+02     1.98923e+02
    8.11963e-01     3.27458e+03     3.16477e+02     1.98000e+02
    8.16059e-01     3.28111e+03     3.14698e+02     1.96600e+02
    8.20152e-01     3.27292e+03     3.12930e+02     1.95618e+02
    8.24242e-01     3.27358e+03     3.12139e+02     1.93930e+02
    8.28331e-01     3.27265e+03     3.11907e+02     1.93372e+02
    8.32425e-01     3.26203e+03     3.08932e+02     1.91897e+02
    8.36516e-01     3.24642e+03     3.06146e+02     1.90615e+02
    8.40610e-01     3.25223e+03     3.07124e+02     1.90044e+02
    8.44704e-01     3.23978e+03     3.03635e+02     1.88603e+02
    8.48790e-01     3.23054e+03     3.01741e+02     1.87163e+02
    8.52876e-01     3.22658e+03     2.99393e+02     1.85875e+02
    8.56967e-01     3.22727e+03     3.00150e+02     1.85444e+02
    8.61059e-01     3.24197e+03     2.98057e+02     1.84272e+02
    8.65147e-01     3.21164e+03     2.96158e+02     1.83000e+02
    8.69235e-01     3.21947e+03     2.94521e+02     1.82152e+02
    8.73334e-01     3.20173e+03     2.91648e+02     1.80871e+02
    8.77429e-01     3.19791e+03     2.91013e+02     1.79642e+02
    8.81512e-01     3.20357e+03     2.91421e+02     1.79304e+02
    8.85601e-01     3.19473e+03     2.87892e+02     1.78102e+02
    8.89691e-01     3.18858e+03     2.87885e+02     1.77440e+02
    8.93784e-01     3.20417e+03     2.88806e+02     1.76132e+02
    8.97875e-01     3.17448e+03     2.84563e+02     1.74695e+02
    9.01960e-01     3.19454e+03     2.86259e+02     1.74156e+02
    9.06054e-01     3.17743e+03     2.84645e+02     1.73000e+02
    9.10146e-01     3.16254e+03     2.82241e+02     1.72464e+02
    9.14237e-01     3.16460e+03     2.79326e+02     1.70902e+02
    9.18331e-01     3.15716e+03     2.78766e+02     1.70066e+02
    9.22421e-01     3.16480e+03     2.77561e+02     1.69092e+02
    9.26509e-01     3.14117e+03     2.75623e+02     1.68499e+02
    9.30598e-01     3.15761e+03     2.73745e+02     1.67167e+02
    9.34692e-01     3.15507e+03     2.74111e+02     1.66302e+02
    9.38787e-01     3.13870e+03     2.71866e+02     1.65484e+02
    9.42873e-01     3.13732e+03     2.72883e+02     1.65264e+02
    9.46961e-01     3.14152e+03     2.71461e+02     1.64123e+02
    9.51054e-01     3.12444e+03     2.68846e+02     1.62988e+02
    9.55150e-01     3.11677e+03     2.65595e+02     1.62065e+02
    9.59240e-01     3.11916e+03     2.66740e+02     1.61392e+02
    9.63327e-01     3.10791e+03     2.65461e+02     1.60205e+02
    9.67420e-01     3.10974e+03     2.65726e+02     1.59932e+02
    9.71506e-01     3.09992e+03     2.61796e+02     1.58315e+02
    9.75588e-01     3.09961e+03     2.62373e+02     1.57788e+02
    9.79678e-01     3.08287e+03     2.60048e+02     1.56930e+02
    9.83773e-01     3.09766e+03     2.59680e+02     1.55890e+02
    9.87866e-01     3.08706e+03     2.58935e+02     1.55276e+02
    9.91960e-01     3.09032e+03     2.58734e+02     1.54405e+02
    9.96055e-01     3.08089e+03     2.56595e+02     1.53832e+02
    1.00015e+00     3.08869e+03     2.56784e+02     1.52820e+02
    1.00424e+00     3.07407e+03     2.54521e+02     1.52137e+02
    1.00832e+00     3.05790e+03     2.52370e+02     1.50785e+02
    1.01242e+00     3.05990e+03     2.52505e+02     1.50338e+02
    1.01651e+00     3.06713e+03     2.51580e+02     1.49628e+02
    1.02059e+00     3.05682e+03     2.50722e+02     1.48712e+02
    1.02468e+00     3.05287e+03     2.51108e+02     1.48320e+02
    1.02878e+00     3.04834e+03     2.48951e+02     1.47244e+02
    1.03287e+00     3.04320e+03     2.47493e+02     1.46877e+02
    1.03695e+00     3.04854e+03     2.47275e+02     1.46023e+02
    1.04105e+00     3.03983e+03     2.46064e+02     1.44879e+02
    1.04515e+00     3.02882e+03     2.44792e+02     1.44230e+02
    1.04923e+00     3.03494e+03     2.43715e+02     1.43720e+02
    1.05332e+00     3.02334e+03     2.42980e+02     1.43182e+02
    1.05741e+00     3.02207e+03     2.42517e+02     1.41722e+02
    1.06150e+00     3.02451e+03     2.40542e+02     1.41148e+02
    1.06559e+00     3.02038e+03     2.41664e+02     1.41362e+02
    1.06968e+00     2.99655e+03     2.40115e+02     1.39989e+02
    1.07377e+00     3.00230e+03     2.39321e+02     1.39316e+02
    1.07786e+00     3.00353e+03     2.37947e+02     1.38852e+02
    1.08195e+00     2.99633e+03     2.36070e+02     1.37562e+02
    1.08605e+00     3.00158e+03     2.36791e+02     1.37416e+02
    1.09014e+00     2.99250e+03     2.35330e+02     1.36597e+02
    1.09422e+00     2.99181e+03     2.34714e+02     1.35971e+02
    1.09832e+00     2.97872e+03     2.32858e+02     1.35265e+02
    1.10242e+00     2.98083e+03     2.33318e+02     1.34756e+02
    1.10650e+00     2.97546e+03     2.31382e+02     1.33872e+02
    1.11059e+00     2.98247e+03     2.31827e+02     1.33073e+02
    1.11468e+00     2.97533e+03     2.31403e+02     1.32723e+02
    1.11878e+00     2.96076e+03     2.30284e+02     1.31887e+02
    1.12287e+00     2.95785e+03     2.28417e+02     1.31168e+02
    1.12695e+00     2.95786e+03     2.28234e+02     1.30916e+02
    1.13105e+00     2.95600e+03     2.27945e+02     1.29986e+02
    1.13514e+00     2.95109e+03     2.27459e+02     1.29543e+02
    1.13922e+00     2.94826e+03     2.27209e+02     1.29085e+02
    1.14331e+00     2.94302e+03     2.24848e+02     1.27851e+02
    1.14741e+00     2.94343e+03     2.24782e+02     1.27465e+02
    1.15150e+00     2.94380e+03     2.23516e+02     1.26885e+02
    1.15559e+00     2.92982e+03     2.22620e+02     1.26301e+02
    1.15968e+00     2.93149e+03     2.23212e+02     1.25632e+02
    1.16377e+00     2.92788e+03     2.20862e+02     1.25138e+02
    1.16786e+00     2.92332e+03     2.20544e+02     1.24559e+02
    1.17195e+00     2.91594e+03     2.18632e+02     1.23819e+02
    1.17604e+00     2.91357e+03     2.19037e+02     1.23022e+02
    1.18013e+00     2.91139e+03     2.19211e+02     1.22536e+02
    1.18422e+00     2.90905e+03     2.16983e+02     1.21817e+02
    1.18831e+00     2.90714e+03     2.16988e+02     1.21337e+02
    1.19240e+00     2.90077e+03     2.16085e+02     1.20630e+02
    1.19649e+00     2.89894e+03     2.17225e+02     1.20626e+02
    1.20059e+00     2.89346e+03     2.15108e+02     1.19756e+02
    1.20468e+00     2.89047e+03     2.14090e+02     1.19044e+02
    1.20877e+00     2.89605e+03     2.14030e+02     1.18317e+02
    1.21286e+00     2.87878e+03     2.12880e+02     1.18000e+02
    1.21695e+00     2.88461e+03     2.13224e+02     1.17612e+02
    1.22104e+00     2.88152e+03     2.11470e+02     1.16731e+02
    1.22513e+00     2.87340e+03     2.11395e+02     1.16356e+02
    1.22922e+00     2.86885e+03     2.10348e+02     1.15873e+02
    1.23330e+00     2.87341e+03     2.10171e+02     1.15189e+02
    1.23740e+00     2.85673e+03     2.09329e+02     1.14498e+02
    1.24149e+00     2.86335e+03     2.08615e+02     1.13877e+02
    1.24558e+00     2.85467e+03     2.08385e+02     1.13736e+02
    1.24967e+00     2.85264e+03     2.08171e+02     1.13121e+02
    1.25376e+00     2.84729e+03     2.06899e+02     1.12610e+02
    1.25785e+00     2.84150e+03     2.04931e+02     1.11916e+02
    1.26194e+00     2.83930e+03     2.06375e+02     1.11509e+02
    1.26603e+00     2.84177e+03     2.05307e+02     1.11070e+02
    1.27012e+00     2.83182e+03     2.05261e+02     1.10674e+02
    1.27422e+00     2.83575e+03     2.04156e+02     1.09975e+02
    1.27831e+00     2.83204e+03     2.03362e+02     1.09676e+02
    1.28240e+00     2.82437e+03     2.02114e+02     1.08725e+02
    1.28649e+00     2.82785e+03     2.02242e+02     1.08541e+02
    1.29058e+00     2.82016e+03     2.01126e+02     1.07868e+02
    1.29467e+00     2.80954e+03     1.99965e+02     1.07416e+02
    1.29876e+00     2.81757e+03     2.01160e+02     1.06960e+02
    1.30285e+00     2.80958e+03     1.99350e+02     1.06185e+02
    1.30694e+00     2.80894e+03     1.99332e+02     1.05891e+02
    1.31103e+00     2.79707e+03     1.97937e+02     1.05314e+02
    1.31512e+00     2.79380e+03     1.98147e+02     1.04865e+02
    1.31921e+00     2.79533e+03     1.98467e+02     1.04374e+02
    1.32331e+00     2.78741e+03     1.96690e+02     1.03719e+02
    1.32739e+00     2.78755e+03     1.96021e+02     1.03433e+02
    1.33148e+00     2.78295e+03     1.95150e+02     1.02948e+02
    1.33558e+00     2.78488e+03     1.95599e+02     1.02697e+02
    1.33967e+00     2.77654e+03     1.94485e+02     1.02063e+02
    1.34376e+00     2.77688e+03     1.93990e+02     1.01432e+02
    1.34785e+00     2.77337e+03     1.93402e+02     1.01025e+02
    1.35195e+00     2.76455e+03     1.93308e+02     1.00628e+02
    1.35603e+00     2.75591e+03     1.91108e+02     1.00021e+02
    1.36011e+00     2.75791e+03     1.92475e+02     9.97134e+01
    1.36421e+00     2.75843e+03     1.91525e+02     9.91088e+01
    1.36830e+00     2.75567e+03     1.91371e+02     9.85683e+01
    1.37239e+00     2.75076e+03     1.91128e+02     9.81432e+01
    1.37648e+00     2.74724e+03     1.89750e+02     9.78066e+01
    1.38057e+00     2.74234e+03     1.89412e+02     9.73793e+01
    1.38466e+00     2.73874e+03     1.87860e+02     9.68005e+01
    1.38875e+00     2.73501e+03     1.88091e+02     9.64121e+01
    1.39285e+00     2.73189e+03     1.87681e+02     9.59529e+01
    1.39694e+00     2.72819e+03     1.87773e+02     9.56822e+01
    1.40102e+00     2.72007e+03     1.85869e+02     9.50973e+01
    1.40512e+00     2.72479e+03     1.86781e+02     9.45749e+01
    1.40921e+00     2.72106e+03     1.85361e+02     9.42896e+01
    1.41330e+00     2.71796e+03     1.85255e+02     9.38239e+01
    1.41739e+00     2.71986e+03     1.85496e+02     9.33619e+01
    1.42148e+00     2.70698e+03     1.83453e+02     9.27514e+01
    1.42557e+00     2.70352e+03     1.83672e+02     9.25879e+01
    1.42966e+00     2.70283e+03     1.82851e+02     9.20010e+01
    1.43375e+00     2.69970e+03     1.82614e+02     9.15907e+01
    1.43784e+00     2.69869e+03     1.81883e+02     9.11800e+01
    1.44193e+00     2.68577e+03     1.81517e+02     9.06605e+01
    1.44602e+00     2.69656e+03     1.81820e+02     9.04153e+01
    1.45011e+00     2.68731e+03     1.80722e+02     9.00144e+01
    1.45420e+00     2.68370e+03     1.80324e+02     8.95777e+01
    1.45830e+00     2.67705e+03     1.79806e+02     8.90848e+01
    1.46239e+00     2.67703e+03     1.79438e+02     8.86775e+01
    1.46648e+00     2.67475e+03     1.78901e+02     8.82249e+01
    1.47056e+00     2.67219e+03     1.79161e+02     8.81705e+01
    1.47465e+00     2.66274e+03     1.77292e+02     8.73576e+01
    1.47874e+00     2.66525e+03     1.77676e+02     8.71707e+01
    1.48283e+00     2.66149e+03     1.76833e+02     8.66837e+01
    1.48693e+00     2.65647e+03     1.76190e+02     8.62280e+01
    1.49102e+00     2.64994e+03     1.75478e+02     8.58651e+01
    1.49511e+00     2.64714e+03     1.75317e+02     8.54737e+01
    1.49920e+00     2.64695e+03     1.75579e+02     8.50997e+01
    1.50329e+00     2.64427e+03     1.75090e+02     8.47160e+01
    1.50738e+00     2.63781e+03     1.74163e+02     8.43446e+01
    1.51148e+00     2.63985e+03     1.74038e+02     8.39615e+01
    1.51557e+00     2.63349e+03     1.73123e+02     8.36143e+01
    1.51965e+00     2.63195e+03     1.73038e+02     8.30542e+01
    1.52374e+00     2.62258e+03     1.72471e+02     8.27076e+01
    1.52784e+00     2.62108e+03     1.71832e+02     8.24103e+01
    1.53193e+00     2.61873e+03     1.71771e+02     8.20807e+01
    1.53602e+00     2.61651e+03     1.71397e+02     8.16230e+01
    1.54011e+00     2.61411e+03     1.70538e+02     8.12685e+01
    1.54420e+00     2.61293e+03     1.70424e+02     8.09319e+01
    1.54829e+00     2.60661e+03     1.70181e+02     8.05180e+01
    1.55238e+00     2.60266e+03     1.69687e+02     8.01987e+01
    1.55647e+00     2.59931e+03     1.68686e+02     7.97369e+01
    1.56056e+00     2.59062e+03     1.68547e+02     7.94893e+01
    1.56465e+00     2.59716e+03     1.68390e+02     7.89976e+01
    1.56874e+00     2.58966e+03     1.67442e+02     7.86135e+01
    1.57283e+00     2.58668e+03     1.67309e+02     7.83619e+01
    1.57693e+00     2.58381e+03     1.66108e+02     7.78996e+01
    1.58102e+00     2.57790e+03     1.66332e+02     7.77609e+01
    1.58510e+00     2.57823e+03     1.66173e+02     7.72713e+01
    1.58919e+00     2.57035e+03     1.65789e+02     7.69723e+01
    1.59329e+00     2.56985e+03     1.65536e+02     7.66122e+01
    1.59738e+00     2.56435e+03     1.64376e+02     7.62300e+01
    1.60147e+00     2.56425e+03     1.64024e+02     7.58479e+01
    1.60556e+00     2.55971e+03     1.64356e+02     7.55416e+01
    1.60965e+00     2.55792e+03     1.63659e+02     7.51707e+01
    1.61374e+00     2.55118e+03     1.63119e+02     7.49388e+01
    1.61783e+00     2.55065e+03     1.62751e+02     7.44382e+01
    1.62192e+00     2.54633e+03     1.62251e+02     7.41529e+01
    1.62601e+00     2.54332e+03     1.62363e+02     7.39070e+01
    1.63010e+00     2.54056e+03     1.61469e+02     7.34890e+01
    1.63419e+00     2.53900e+03     1.60979e+02     7.32113e+01
    1.63828e+00     2.53676e+03     1.61166e+02     7.28347e+01
    1.64238e+00     2.52904e+03     1.60249e+02     7.25557e+01
    1.64647e+00     2.52856e+03     1.59532e+02     7.22125e+01
    1.65055e+00     2.52407e+03     1.58944e+02     7.16856e+01
    1.65465e+00     2.52276e+03     1.58754e+02     7.13187e+01
    1.65874e+00     2.51669e+03     1.58417e+02     7.11026e+01
    1.66283e+00     2.51497e+03     1.58180e+02     7.08483e+01
    1.66691e+00     2.51409e+03     1.58324e+02     7.05621e+01
    1.67101e+00     2.50828e+03     1.57388e+02     7.02046e+01
    1.67510e+00     2.50244e+03     1.57173e+02     6.99165e+01
    1.67919e+00     2.50036e+03     1.56911e+02     6.95995e+01
    1.68328e+00     2.50017e+03     1.56017e+02     6.92809e+01
    1.68737e+00     2.49289e+03     1.56009e+02     6.88591e+01
    1.69146e+00     2.49533e+03     1.55645e+02     6.86547e+01
    1.69555e+00     2.48532e+03     1.54890e+02     6.81639e+01
    1.69964e+00     2.48323e+03     1.54451e+02     6.78639e+01
    1.70373e+00     2.47842e+03     1.54573e+02     6.76652e+01
    1.70782e+00     2.47748e+03     1.53697e+02     6.73109e+01
    1.71191e+00     2.47561e+03     1.53245e+02     6.69610e+01
    1.71600e+00     2.46730e+03     1.53015e+02     6.67566e+01
    1.72009e+00     2.46801e+03     1.52419e+02     6.64787e+01
    1.72418e+00     2.46273e+03     1.52451e+02     6.62034e+01
    1.72828e+00     2.45569e+03     1.51675e+02     6.57937e+01
    1.73237e+00     2.45391e+03     1.51070e+02     6.54430e+01
    1.73646e+00     2.45573e+03     1.51353e+02     6.52353e+01
    1.74055e+00     2.44898e+03     1.50671e+02     6.47906e+01
    1.74464e+00     2.44922e+03     1.50516e+02     6.45473e+01
    1.74874e+00     2.44501e+03     1.50235e+02     6.43144e+01
    1.75282e+00     2.44039e+03     1.49552e+02     6.40819e+01
    1.75691e+00     2.43545e+03     1.49246e+02     6.37451e+01
    1.76100e+00     2.43463e+03     1.48888e+02     6.34439e+01
    1.76509e+00     2.43129e+03     1.48416e+02     6.30638e+01
    1.76918e+00     2.43060e+03     1.48112e+02     6.28112e+01
    1.77327e+00     2.42511e+03     1.48011e+02     6.25823e+01
    1.77737e+00     2.41785e+03     1.47548e+02     6.23350e+01
    1.78146e+00     2.41600e+03     1.47001e+02     6.20141e+01
    1.78554e+00     2.41468e+03     1.47041e+02     6.17661e+01
    1.78964e+00     2.41348e+03     1.46837e+02     6.14901e+01
    1.79373e+00     2.41183e+03     1.46296e+02     6.11864e+01
    1.79782e+00     2.40118e+03     1.45916e+02     6.08239e+01
    1.80191e+00     2.40090e+03     1.45163e+02     6.05533e+01
    1.80600e+00     2.40119e+03     1.45208e+02     6.03409e+01
    1.81009e+00     2.39673e+03     1.44306e+02     5.99837e+01
    1.81418e+00     2.39058e+03     1.43854e+02     5.97145e+01
    1.81827e+00     2.39150e+03     1.43794e+02     5.94006e+01
    1.82236e+00     2.38491e+03     1.43341e+02     5.92513e+01
    1.82645e+00     2.38476e+03     1.43035e+02     5.88150e+01
    1.83054e+00     2.38116e+03     1.42878e+02     5.86433e+01
    1.83463e+00     2.37516e+03     1.42588e+02     5.84149e+01
    1.83872e+00     2.37470e+03     1.42231e+02     5.80492e+01
    1.84281e+00     2.37139e+03     1.42004e+02     5.78280e+01
    1.84691e+00     2.36818e+03     1.41715e+02     5.75054e+01
    1.85100e+00     2.36133e+03     1.40968e+02     5.72608e+01
    1.85509e+00     2.35944e+03     1.41115e+02     5.70672e+01
    1.85918e+00     2.35796e+03     1.40684e+02     5.67949e+01
    1.86327e+00     2.35458e+03     1.40346e+02     5.65364e+01
    1.86736e+00     2.35214e+03     1.39830e+02     5.62805e+01
    1.87145e+00     2.34574e+03     1.39431e+02     5.60139e+01
    1.87554e+00     2.34186e+03     1.38697e+02     5.56764e+01
    1.87963e+00     2.33751e+03     1.38800e+02     5.55262e+01
    1.88372e+00     2.33881e+03     1.38656e+02     5.52573e+01
    1.88781e+00     2.33008e+03     1.37655e+02     5.49548e+01
    1.89190e+00     2.33198e+03     1.37444e+02     5.47256e+01
    1.89599e+00     2.32593e+03     1.37243e+02     5.44098e+01
    1.90008e+00     2.32019e+03     1.36621e+02     5.41657e+01
    1.90417e+00     2.31758e+03     1.36356e+02     5.38924e+01
    1.90827e+00     2.31548e+03     1.36472e+02     5.37411e+01
    1.91236e+00     2.31215e+03     1.35879e+02     5.34632e+01
    1.91645e+00     2.31026e+03     1.35527e+02     5.32012e+01
    1.92054e+00     2.30369e+03     1.35335e+02     5.29577e+01
    1.92463e+00     2.30452e+03     1.34878e+02     5.27058e+01
    1.92872e+00     2.30123e+03     1.34836e+02     5.24808e+01
    1.93281e+00     2.29568e+03     1.34144e+02     5.22705e+01
    1.93690e+00     2.29425e+03     1.33969e+02     5.19969e+01
    1.94099e+00     2.29463e+03     1.33810e+02     5.17864e+01
    1.94508e+00     2.28474e+03     1.32889e+02     5.14891e+01
    1.94917e+00     2.28370e+03     1.33152e+02     5.13075e+01
    1.95326e+00     2.28099e+03     1.32608e+02     5.10110e+01
    1.95735e+00     2.27429e+03     1.32089e+02     5.07343e+01
    1.96144e+00     2.27345e+03     1.32125e+02     5.06249e+01
    1.96553e+00     2.26940e+03     1.31205e+02     5.02602e+01
    1.96962e+00     2.26742e+03     1.31255e+02     5.00920e+01
    1.97371e+00     2.26159e+03     1.30923e+02     4.98108e+01
    1.97781e+00     2.26066e+03     1.30393e+02     4.96445e+01
    1.98190e+00     2.25899e+03     1.30157e+02     4.94384e+01
    1.98599e+00     2.25118e+03     1.29526e+02     4.91649e+01
    1.99008e+00     2.24906e+03     1.29619e+02     4.89580e+01
    1.99417e+00     2.24783e+03     1.29094e+02     4.86772e+01
    1.99826e+00     2.23913e+03     1.28245e+02     4.84206e+01
    2.00235e+00     2.24136e+03     1.28158e+02     4.82058e+01
    2.00644e+00     2.23601e+03     1.28052e+02     4.79737e+01
    2.01053e+00     2.23220e+03     1.27708e+02     4.77753e+01
    2.01462e+00     2.23269e+03     1.27468e+02     4.75809e+01
    2.01871e+00     2.22770e+03     1.26927e+02     4.73118e+01
    2.02280e+00     2.22438e+03     1.26999e+02     4.71132e+01
    2.02689e+00     2.22203e+03     1.26712e+02     4.69231e+01
    2.03098e+00     2.21671e+03     1.26306e+02     4.66674e+01
    2.03507e+00     2.21310e+03     1.25950e+02     4.64610e+01
    2.03917e+00     2.21166e+03     1.25479e+02     4.62394e+01
    2.04325e+00     2.20239e+03     1.25282e+02     4.60855e+01
    2.04735e+00     2.20502e+03     1.25063e+02     4.58732e+01
    2.05143e+00     2.20425e+03     1.24879e+02     4.56325e+01
    2.05552e+00     2.19887e+03     1.24390e+02     4.53820e+01
    2.05962e+00     2.19336e+03     1.24023e+02     4.51652e+01
    2.06371e+00     2.19026e+03     1.23112e+02     4.49134e+01
    2.06780e+00     2.18892e+03     1.23122e+02     4.47489e+01
    2.07189e+00     2.18498e+03     1.22893e+02     4.45601e+01
    2.07598e+00     2.18147e+03     1.22631e+02     4.43656e+01
    2.08007e+00     2.17703e+03     1.22075e+02     4.41073e+01
    2.08416e+00     2.17400e+03     1.22164e+02     4.39121e+01
    2.08825e+00     2.17319e+03     1.21944e+02     4.37143e+01
    2.09234e+00     2.16847e+03     1.21130e+02     4.34814e+01
    2.09644e+00     2.16492e+03     1.21027e+02     4.32378e+01
    2.10053e+00     2.16098e+03     1.20976e+02     4.31008e+01
    2.10461e+00     2.15846e+03     1.20405e+02     4.29288e+01
    2.10870e+00     2.15191e+03     1.19931e+02     4.26889e+01
    2.11280e+00     2.14779e+03     1.19461e+02     4.24901e+01
    2.11688e+00     2.14943e+03     1.19627e+02     4.23166e+01
    2.12098e+00     2.14248e+03     1.18882e+02     4.20951e+01
    2.12507e+00     2.14006e+03     1.18796e+02     4.19288e+01
    2.12916e+00     2.13377e+03     1.17897e+02     4.16942e+01
    2.13325e+00     2.13308e+03     1.18157e+02     4.15157e+01
    2.13734e+00     2.12945e+03     1.17851e+02     4.13125e+01
    2.14143e+00     2.12893e+03     1.17680e+02     4.10925e+01
    2.14552e+00     2.12312e+03     1.17113e+02     4.09369e+01
    2.14961e+00     2.12042e+03     1.16885e+02     4.07225e+01
    2.15370e+00     2.11680e+03     1.16336e+02     4.04430e+01
    2.15779e+00     2.11349e+03     1.16440e+02     4.03702e+01
    2.16188e+00     2.10944e+03     1.15982e+02     4.01529e+01
    2.16597e+00     2.10594e+03     1.15381e+02     3.99164e+01
    2.17006e+00     2.10456e+03     1.15500e+02     3.97634e+01
    2.17416e+00     2.09900e+03     1.14747e+02     3.95203e+01
    2.17825e+00     2.09744e+03     1.14603e+02     3.92668e+01
    2.18234e+00     2.09264e+03     1.14511e+02     3.91796e+01
    2.18643e+00     2.09066e+03     1.14154e+02     3.89809e+01
    2.19052e+00     2.08838e+03     1.13754e+02     3.87998e+01
    2.19461e+00     2.08469e+03     1.13427e+02     3.85987e+01
    2.19870e+00     2.07967e+03     1.13067e+02     3.84463e+01
    2.20279e+00     2.07773e+03     1.12758e+02     3.82154e+01
    2.20688e+00     2.07439e+03     1.12662e+02     3.80859e+01
    2.21097e+00     2.06932e+03     1.12270e+02     3.78820e+01
    2.21506e+00     2.06864e+03     1.12104e+02     3.77140e+01
    2.21915e+00     2.06471e+03     1.11436e+02     3.75419e+01
    2.22324e+00     2.05965e+03     1.11294e+02     3.73660e+01
    2.22733e+00     2.05591e+03     1.10894e+02     3.71907e+01
    2.23142e+00     2.05542e+03     1.10611e+02     3.69729e+01
    2.23552e+00     2.05039e+03     1.10199e+02     3.68309e+01
    2.23961e+00     2.04722e+03     1.10122e+02     3.66569e+01
    2.24369e+00     2.04441e+03     1.09517e+02     3.64079e+01
    2.24779e+00     2.04250e+03     1.09444e+02     3.62618e+01
    2.25188e+00     2.03840e+03     1.09416e+02     3.61533e+01
    2.25597e+00     2.03541e+03     1.08900e+02     3.59579e+01
    2.26006e+00     2.03166e+03     1.08698e+02     3.57605e+01
    2.26415e+00     2.03042e+03     1.08564e+02     3.56379e+01
    2.26824e+00     2.02572e+03     1.08037e+02     3.54196e+01
    2.27233e+00     2.02036e+03     1.07930e+02     3.52805e+01
    2.27642e+00     2.01625e+03     1.07333e+02     3.50930e+01
    2.28051e+00     2.01375e+03     1.07155e+02     3.48930e+01
    2.28460e+00     2.01094e+03     1.06862e+02     3.47737e+01
    2.28869e+00     2.00862e+03     1.06588e+02     3.46419e+01
    2.29278e+00     2.00361e+03     1.06135e+02     3.43978e+01
    2.29687e+00     2.00269e+03     1.06025e+02     3.42893e+01
    2.30096e+00     1.99895e+03     1.05712e+02     3.41159e+01
    2.30506e+00     1.99347e+03     1.05245e+02     3.39092e+01
    2.30915e+00     1.99336e+03     1.05319e+02     3.38124e+01
    2.31324e+00     1.98760e+03     1.04824e+02     3.36183e+01
    2.31733e+00     1.98316e+03     1.04327e+02     3.34306e+01
    2.32142e+00     1.97980e+03     1.04154e+02     3.32691e+01
    2.32551e+00     1.97844e+03     1.03878e+02     3.31322e+01
    2.32960e+00     1.97312e+03     1.03527e+02     3.29707e+01
    2.33369e+00     1.97041e+03     1.03290e+02     3.28189e+01
    2.33778e+00     1.96581e+03     1.02861e+02     3.26358e+01
    2.34187e+00     1.96191e+03     1.02636e+02     3.24766e+01
    2.34596e+00     1.96202e+03     1.02374e+02     3.23326e+01
    2.35005e+00     1.95784e+03     1.02113e+02     3.21815e+01
    2.35414e+00     1.95365e+03     1.01873e+02     3.20249e+01
    2.35823e+00     1.95070e+03     1.01527e+02     3.18595e+01
    2.36232e+00     1.94990e+03     1.01490e+02     3.17157e+01
    2.36641e+00     1.94538e+03     1.00925e+02     3.15444e+01
    2.37051e+00     1.94033e+03     1.00636e+02     3.14033e+01
    2.37460e+00     1.93958e+03     1.00510e+02     3.12612e+01
    2.37869e+00     1.93435e+03     1.00119e+02     3.11153e+01
    2.38278e+00     1.92867e+03     9.98095e+01     3.09424e+01
    2.38687e+00     1.92798e+03     9.95669e+01     3.08121e+01
    2.39096e+00     1.92491e+03     9.92341e+01     3.06357e+01
    2.39505e+00     1.91991e+03     9.88499e+01     3.04814e+01
    2.39914e+00     1.91623e+03     9.85121e+01     3.03266e+01
    2.40323e+00     1.91385e+03     9.83871e+01     3.01852e+01
    2.40732e+00     1.91017e+03     9.81424e+01     3.00345e+01
    2.41141e+00     1.90761e+03     9.77582e+01     2.99079e+01
    2.41550e+00     1.90536e+03     9.73929e+01     2.97759e+01
    2.41959e+00     1.90217e+03     9.72505e+01     2.96240e+01
    2.42368e+00     1.89606e+03     9.67101e+01     2.94459e+01
    2.42777e+00     1.89495e+03     9.66373e+01     2.93195e+01
    2.43187e+00     1.89199e+03     9.61971e+01     2.91698e+01
    2.43596e+00     1.88757e+03     9.60953e+01     2.90554e+01
    2.44004e+00     1.88337e+03     9.57593e+01     2.89001e+01
    2.44414e+00     1.88166e+03     9.56668e+01     2.87595e+01
    2.44823e+00     1.87714e+03     9.51921e+01     2.86208e+01
    2.45232e+00     1.87515e+03     9.50220e+01     2.84826e+01
    2.45640e+00     1.87089e+03     9.45295e+01     2.83037e+01
    2.46050e+00     1.86854e+03     9.44754e+01     2.82172e+01
    2.46459e+00     1.86416e+03     9.40957e+01     2.80655e+01
    2.46868e+00     1.86087e+03     9.36111e+01     2.79082e+01
    2.47277e+00     1.85718e+03     9.33909e+01     2.77866e+01
    2.47686e+00     1.85455e+03     9.33142e+01     2.76278e+01
    2.48095e+00     1.85135e+03     9.29646e+01     2.75201e+01
    2.48504e+00     1.84899e+03     9.29196e+01     2.73961e+01
    2.48913e+00     1.84579e+03     9.25036e+01     2.72548e+01
    2.49322e+00     1.84237e+03     9.22814e+01     2.71406e+01
    2.49731e+00     1.83855e+03     9.17836e+01     2.69817e+01
    2.50141e+00     1.83628e+03     9.18307e+01     2.68795e+01
    2.50550e+00     1.83190e+03     9.14815e+01     2.67366e+01
    2.50959e+00     1.82766e+03     9.10757e+01     2.66070e+01
    2.51368e+00     1.82560e+03     9.09294e+01     2.64619e+01
    2.51777e+00     1.82349e+03     9.06280e+01     2.63339e+01
    2.52186e+00     1.81920e+03     9.02127e+01     2.61841e+01
    2.52595e+00     1.81664e+03     8.99213e+01     2.60598e+01
    2.53004e+00     1.81300e+03     8.97782e+01     2.59390e+01
    2.53413e+00     1.80644e+03     8.92205e+01     2.58081e+01
    2.53822e+00     1.80579e+03     8.92544e+01     2.56806e+01
    2.54231e+00     1.80209e+03     8.88815e+01     2.55261e+01
    2.54640e+00     1.79834e+03     8.86299e+01     2.54442e+01
    2.55049e+00     1.79213e+03     8.81192e+01     2.52864e+01
    2.55458e+00     1.79401e+03     8.83274e+01     2.52175e+01
    2.55867e+00     1.79031e+03     8.78959e+01     2.50625e+01
    2.56276e+00     1.78740e+03     8.76438e+01     2.49328e+01
    2.56685e+00     1.78246e+03     8.72486e+01     2.48310e+01
    2.57095e+00     1.78057e+03     8.70750e+01     2.47201e+01
    2.57504e+00     1.77817e+03     8.68960e+01     2.45990e+01
    2.57913e+00     1.77467e+03     8.66421e+01     2.44405e+01
    2.58322e+00     1.77125e+03     8.63228e+01     2.43460e+01
    2.58731e+00     1.76748e+03     8.60137e+01     2.42277e+01
    2.59140e+00     1.76476e+03     8.58040e+01     2.40885e+01
    2.59549e+00     1.76112e+03     8.55689e+01     2.39588e+01
    2.59958e+00     1.75623e+03     8.53002e+01     2.38616e+01
    2.60367e+00     1.75262e+03     8.49679e+01     2.37268e+01
    2.60776e+00     1.75240e+03     8.47346e+01     2.36134e+01
    2.61185e+00     1.74514e+03     8.43831e+01     2.35089e+01
    2.61594e+00     1.74510e+03     8.41781e+01     2.33987e+01
    2.62003e+00     1.74092e+03     8.40571e+01     2.32899e+01
    2.62412e+00     1.73863e+03     8.36787e+01     2.31545e+01
    2.62821e+00     1.73524e+03     8.33828e+01     2.30258e+01
    2.63230e+00     1.73182e+03     8.32432e+01     2.29559e+01
    2.63640e+00     1.72823e+03     8.28829e+01     2.28085e+01
    2.64049e+00     1.72537e+03     8.28571e+01     2.27335e+01
    2.64457e+00     1.72151e+03     8.24543e+01     2.26040e+01
    2.64867e+00     1.71894e+03     8.21085e+01     2.24906e+01
    2.65276e+00     1.71449e+03     8.20957e+01     2.23785e+01
    2.65685e+00     1.71049e+03     8.16601e+01     2.22418e+01
    2.66094e+00     1.70826e+03     8.14759e+01     2.21462e+01
    2.66503e+00     1.70634e+03     8.13165e+01     2.20628e+01
    2.66912e+00     1.70542e+03     8.10242e+01     2.19356e+01
    2.67321e+00     1.69919e+03     8.06655e+01     2.18256e+01
    2.67730e+00     1.69555e+03     8.03959e+01     2.16940e+01
    2.68139e+00     1.69308e+03     8.01687e+01     2.16080e+01
    2.68548e+00     1.69042e+03     7.99415e+01     2.14914e+01
    2.68957e+00     1.68891e+03     7.98202e+01     2.13950e+01
    2.69366e+00     1.68387e+03     7.94196e+01     2.12978e+01
    2.69776e+00     1.68125e+03     7.91197e+01     2.11766e+01
    2.70185e+00     1.67536e+03     7.89198e+01     2.10692e+01
    2.70594e+00     1.67543e+03     7.87544e+01     2.09676e+01
    2.71003e+00     1.67028e+03     7.83781e+01     2.08546e+01
    2.71412e+00     1.66783e+03     7.81019e+01     2.07577e+01
    2.71821e+00     1.66505e+03     7.78683e+01     2.06441e+01
    2.72230e+00     1.66196e+03     7.76651e+01     2.05474e+01
    2.72639e+00     1.65732e+03     7.73735e+01     2.04331e+01
    2.73048e+00     1.65479e+03     7.71682e+01     2.03518e+01
    2.73457e+00     1.65189e+03     7.68517e+01     2.02443e+01
    2.73866e+00     1.64830e+03     7.66257e+01     2.01281e+01
    2.74275e+00     1.64425e+03     7.64532e+01     2.00439e+01
    2.74684e+00     1.64094e+03     7.60848e+01     1.99358e+01
    2.75093e+00     1.64011e+03     7.59332e+01     1.98334e+01
    2.75502e+00     1.63663e+03     7.57051e+01     1.97220e+01
    2.75911e+00     1.63197e+03     7.53426e+01     1.96325e+01
    2.76320e+00     1.63038e+03     7.51139e+01     1.95328e+01
    2.76730e+00     1.62719e+03     7.49861e+01     1.94282e+01
    2.77139e+00     1.62329e+03     7.47461e+01     1.93318e+01
    2.77548e+00     1.61876e+03     7.45891e+01     1.92722e+01
    2.77957e+00     1.61761e+03     7.44003e+01     1.91679e+01
    2.78366e+00     1.61417e+03     7.40928e+01     1.90650e+01
    2.78775e+00     1.61201e+03     7.38987e+01     1.89784e+01
    2.79184e+00     1.60761e+03     7.36568e+01     1.88785e+01
    2.79593e+00     1.60522e+03     7.33660e+01     1.87862e+01
    2.80002e+00     1.60242e+03     7.31282e+01     1.86733e+01
    2.80411e+00     1.59826e+03     7.27973e+01     1.85965e+01
    2.80820e+00     1.59588e+03     7.26587e+01     1.85001e+01
    2.81229e+00     1.59320e+03     7.22567e+01     1.83843e+01
    2.81638e+00     1.59071e+03     7.20913e+01     1.83014e+01
    2.82047e+00     1.58663e+03     7.18520e+01     1.82154e+01
    2.82457e+00     1.58305e+03     7.16885e+01     1.81234e+01
    2.82866e+00     1.57922e+03     7.13964e+01     1.80450e+01
    2.83275e+00     1.57548e+03     7.12044e+01     1.79488e+01
    2.83684e+00     1.57491e+03     7.09832e+01     1.78493e+01
    2.84093e+00     1.57008e+03     7.07372e+01     1.77814e+01
    2.84502e+00     1.56653e+03     7.03790e+01     1.76547e+01
    2.84911e+00     1.56396e+03     7.02664e+01     1.75801e+01
    2.85320e+00     1.56126e+03     7.00056e+01     1.74983e+01
    2.85729e+00     1.55715e+03     6.98097e+01     1.74128e+01
    2.86138e+00     1.55598e+03     6.95075e+01     1.73169e+01
    2.86547e+00     1.55132e+03     6.93069e+01     1.72209e+01
    2.86956e+00     1.54815e+03     6.90563e+01     1.71461e+01
    2.87365e+00     1.54650e+03     6.88499e+01     1.70626e+01
    2.87774e+00     1.54262e+03     6.86334e+01     1.69650e+01
    2.88183e+00     1.54000e+03     6.84678e+01     1.68869e+01
    2.88592e+00     1.53861e+03     6.83301e+01     1.68158e+01
    2.89001e+00     1.53384e+03     6.79533e+01     1.66967e+01
    2.89410e+00     1.53288e+03     6.78251e+01     1.66298e+01
    2.89820e+00     1.52802e+03     6.74974e+01     1.65441e+01
    2.90229e+00     1.52522e+03     6.73816e+01     1.64776e+01
    2.90638e+00     1.52185e+03     6.70034e+01     1.63722e+01
    2.91047e+00     1.51924e+03     6.67441e+01     1.62901e+01
    2.91456e+00     1.51567e+03     6.65830e+01     1.62079e+01
    2.91865e+00     1.51209e+03     6.63829e+01     1.61394e+01
    2.92274e+00     1.50913e+03     6.61783e+01     1.60549e+01
    2.92683e+00     1.50511e+03     6.59322e+01     1.59763e+01
    2.93092e+00     1.50215e+03     6.55606e+01     1.58887e+01
    2.93501e+00     1.50148e+03     6.55558e+01     1.58066e+01
    2.93910e+00     1.49783e+03     6.53432e+01     1.57236e+01
    2.94319e+00     1.49427e+03     6.50889e+01     1.56572e+01
    2.94728e+00     1.49130e+03     6.48502e+01     1.55590e+01
    2.95137e+00     1.48920e+03     6.46729e+01     1.54844e+01
    2.95546e+00     1.48407e+03     6.43555e+01     1.54248e+01
    2.95955e+00     1.48067e+03     6.40669e+01     1.53300e+01
    2.96364e+00     1.47921e+03     6.39501e+01     1.52578e+01
    2.96774e+00     1.47553e+03     6.37865e+01     1.51712e+01
    2.97183e+00     1.47301e+03     6.35094e+01     1.50957e+01
    2.97592e+00     1.46854e+03     6.32257e+01     1.50169e+01
    2.98001e+00     1.46690e+03     6.31353e+01     1.49511e+01
    2.98410e+00     1.46439e+03     6.28874e+01     1.48779e+01
    2.98819e+00     1.46165e+03     6.26617e+01     1.48042e+01
    2.99228e+00     1.45673e+03     6.23035e+01     1.47178e+01
    2.99637e+00     1.45497e+03     6.21329e+01     1.46281e+01
    3.00046e+00     1.45358e+03     6.20982e+01     1.45704e+01
    3.00455e+00     1.45001e+03     6.19087e+01     1.45104e+01
    3.00864e+00     1.44601e+03     6.15085e+01     1.44152e+01
    3.01273e+00     1.44382e+03     6.13581e+01     1.43468e+01
    3.01682e+00     1.44175e+03     6.12650e+01     1.42704e+01
    3.02091e+00     1.43705e+03     6.09461e+01     1.41930e+01
    3.02500e+00     1.43413e+03     6.07898e+01     1.41280e+01
    3.02910e+00     1.43254e+03     6.06085e+01     1.40667e+01
    3.03319e+00     1.42876e+03     6.04017e+01     1.39903e+01
    3.03728e+00     1.42564e+03     6.01538e+01     1.39210e+01
    3.04137e+00     1.42297e+03     5.99197e+01     1.38495e+01
    3.04546e+00     1.42114e+03     5.98408e+01     1.37837e+01
    3.04955e+00     1.41862e+03     5.95921e+01     1.37106e+01
    3.05364e+00     1.41418e+03     5.93104e+01     1.36311e+01
    3.05773e+00     1.41095e+03     5.90975e+01     1.35714e+01
    3.06182e+00     1.40821e+03     5.89212e+01     1.34830e+01
    3.06591e+00     1.40690e+03     5.87372e+01     1.34373e+01
    3.07000e+00     1.40285e+03     5.85546e+01     1.33685e+01
    3.07409e+00     1.39991e+03     5.82686e+01     1.32922e+01
    3.07818e+00     1.39711e+03     5.80860e+01     1.32204e+01
    3.08227e+00     1.39501e+03     5.79384e+01     1.31581e+01
    3.08636e+00     1.38958e+03     5.76258e+01     1.30833e+01
    3.09045e+00     1.38870e+03     5.75911e+01     1.30376e+01
    3.09454e+00     1.38512e+03     5.72954e+01     1.29609e+01
    3.09863e+00     1.38182e+03     5.70499e+01     1.28875e+01
    3.10272e+00     1.38076e+03     5.69978e+01     1.28290e+01
    3.10682e+00     1.37564e+03     5.65674e+01     1.27423e+01
    3.11091e+00     1.37409e+03     5.64831e+01     1.27053e+01
    3.11500e+00     1.37122e+03     5.62970e+01     1.26341e+01
    3.11909e+00     1.36982e+03     5.60991e+01     1.25488e+01
    3.12318e+00     1.36411e+03     5.59641e+01     1.25085e+01
    3.12727e+00     1.36172e+03     5.56617e+01     1.24288e+01
    3.13136e+00     1.36033e+03     5.55841e+01     1.23758e+01
    3.13545e+00     1.35794e+03     5.54044e+01     1.23141e+01
    3.13954e+00     1.35434e+03     5.51436e+01     1.22413e+01
    3.14363e+00     1.35163e+03     5.49404e+01     1.21910e+01
    3.14772e+00     1.34745e+03     5.46756e+01     1.21178e+01
    3.15181e+00     1.34539e+03     5.45352e+01     1.20607e+01
    3.15590e+00     1.34246e+03     5.42827e+01     1.19858e+01
    3.16000e+00     1.33978e+03     5.41713e+01     1.19293e+01
    3.16409e+00     1.33744e+03     5.40031e+01     1.18734e+01
    3.16818e+00     1.33336e+03     5.37774e+01     1.18258e+01
    3.17227e+00     1.33262e+03     5.36128e+01     1.17489e+01
    3.17636e+00     1.32813e+03     5.33329e+01     1.16893e+01
    3.18045e+00     1.32570e+03     5.31541e+01     1.16324e+01
    3.18454e+00     1.32273e+03     5.30129e+01     1.15757e+01
    3.18863e+00     1.32063e+03     5.29252e+01     1.15122e+01
    3.19272e+00     1.31738e+03     5.25792e+01     1.14472e+01
    3.19681e+00     1.31398e+03     5.23071e+01     1.13948e+01
    3.20090e+00     1.31284e+03     5.22697e+01     1.13329e+01
    3.20499e+00     1.30936e+03     5.20261e+01     1.12751e+01
    3.20908e+00     1.30762e+03     5.19253e+01     1.12271e+01
    3.21317e+00     1.30479e+03     5.16634e+01     1.11602e+01
    3.21726e+00     1.30038e+03     5.14776e+01     1.10983e+01
    3.22135e+00     1.29792e+03     5.13118e+01     1.10486e+01
    3.22545e+00     1.29554e+03     5.11673e+01     1.09874e+01
    3.22954e+00     1.29338e+03     5.09802e+01     1.09359e+01
    3.23363e+00     1.29029e+03     5.07710e+01     1.08722e+01
    3.23772e+00     1.28787e+03     5.06842e+01     1.08269e+01
    3.24181e+00     1.28561e+03     5.04321e+01     1.07633e+01
    3.24590e+00     1.28199e+03     5.02617e+01     1.07165e+01
    3.24999e+00     1.27913e+03     5.00640e+01     1.06569e+01
    3.25408e+00     1.27656e+03     4.98870e+01     1.05964e+01
    3.25817e+00     1.27441e+03     4.97423e+01     1.05418e+01
    3.26226e+00     1.27107e+03     4.95553e+01     1.04874e+01
    3.26635e+00     1.26865e+03     4.93175e+01     1.04356e+01
    3.27044e+00     1.26531e+03     4.90716e+01     1.03787e+01
    3.27453e+00     1.26305e+03     4.90235e+01     1.03403e+01
    3.27862e+00     1.26204e+03     4.88949e+01     1.02886e+01
    3.28271e+00     1.25706e+03     4.85988e+01     1.02190e+01
    3.28681e+00     1.25644e+03     4.84732e+01     1.01653e+01
    3.29090e+00     1.25240e+03     4.82735e+01     1.01186e+01
    3.29499e+00     1.25041e+03     4.81522e+01     1.00733e+01
    3.29908e+00     1.24667e+03     4.79170e+01     1.00221e+01
    3.30317e+00     1.24468e+03     4.77608e+01     9.95883e+00
    3.30725e+00     1.24124e+03     4.75478e+01     9.91593e+00
    3.31135e+00     1.23900e+03     4.74552e+01     9.87036e+00
    3.31544e+00     1.23644e+03     4.72920e+01     9.82570e+00
    3.31953e+00     1.23458e+03     4.70858e+01     9.76161e+00
    3.32362e+00     1.23165e+03     4.69423e+01     9.71418e+00
    3.32771e+00     1.22944e+03     4.67422e+01     9.65921e+00
    3.33180e+00     1.22631e+03     4.65406e+01     9.61333e+00
    3.33589e+00     1.22422e+03     4.64205e+01     9.56413e+00
    3.33998e+00     1.22139e+03     4.62871e+01     9.52506e+00
    3.34407e+00     1.21832e+03     4.60633e+01     9.46344e+00
    3.34816e+00     1.21616e+03     4.59579e+01     9.42149e+00
    3.35226e+00     1.21304e+03     4.56742e+01     9.36266e+00
    3.35634e+00     1.21115e+03     4.56640e+01     9.32885e+00
    3.36043e+00     1.20814e+03     4.54552e+01     9.27961e+00
    3.36453e+00     1.20534e+03     4.51840e+01     9.22348e+00
    3.36862e+00     1.20315e+03     4.51067e+01     9.18017e+00
    3.37271e+00     1.20053e+03     4.49412e+01     9.13619e+00
    3.37680e+00     1.19882e+03     4.47830e+01     9.08529e+00
    3.38089e+00     1.19537e+03     4.45292e+01     9.03401e+00
    3.38498e+00     1.19289e+03     4.43930e+01     8.98932e+00
    3.38907e+00     1.19018e+03     4.42996e+01     8.95640e+00
    3.39316e+00     1.18733e+03     4.40975e+01     8.89597e+00
    3.39725e+00     1.18581e+03     4.39328e+01     8.85958e+00
    3.40134e+00     1.18263e+03     4.37410e+01     8.80488e+00
    3.40543e+00     1.17997e+03     4.35806e+01     8.76527e+00
    3.40952e+00     1.17812e+03     4.34870e+01     8.72025e+00
    3.41362e+00     1.17547e+03     4.33399e+01     8.68115e+00
    3.41770e+00     1.17295e+03     4.31321e+01     8.63283e+00
    3.42179e+00     1.17005e+03     4.30123e+01     8.58474e+00
    3.42588e+00     1.16836e+03     4.28677e+01     8.54401e+00
    3.42997e+00     1.16476e+03     4.26259e+01     8.49933e+00
    3.43406e+00     1.16212e+03     4.25164e+01     8.45642e+00
    3.43816e+00     1.15979e+03     4.23764e+01     8.41370e+00
    3.44225e+00     1.15724e+03     4.22035e+01     8.37256e+00
    3.44634e+00     1.15524e+03     4.20284e+01     8.32239e+00
    3.45043e+00     1.15276e+03     4.19095e+01     8.28223e+00
    3.45452e+00     1.15012e+03     4.17706e+01     8.24336e+00
    3.45861e+00     1.14689e+03     4.15100e+01     8.19185e+00
    3.46270e+00     1.14553e+03     4.14176e+01     8.15492e+00
    3.46679e+00     1.14291e+03     4.12695e+01     8.11590e+00
    3.47088e+00     1.14003e+03     4.11355e+01     8.07132e+00
    3.47497e+00     1.13756e+03     4.09418e+01     8.03046e+00
    3.47906e+00     1.13559e+03     4.08580e+01     7.99475e+00
    3.48315e+00     1.13342e+03     4.06919e+01     7.94915e+00
    3.48725e+00     1.13019e+03     4.04745e+01     7.91168e+00
    3.49134e+00     1.12858e+03     4.03743e+01     7.86848e+00
    3.49543e+00     1.12652e+03     4.02709e+01     7.83445e+00
    3.49952e+00     1.12359e+03     4.00627e+01     7.78942e+00
    3.50361e+00     1.12153e+03     3.99360e+01     7.74717e+00
    3.50770e+00     1.11912e+03     3.97769e+01     7.70974e+00
    3.51179e+00     1.11696e+03     3.96012e+01     7.67224e+00
    3.51588e+00     1.11444e+03     3.95578e+01     7.63904e+00
    3.51997e+00     1.11168e+03     3.93797e+01     7.59419e+00
    3.52406e+00     1.10939e+03     3.92221e+01     7.54990e+00
    3.52815e+00     1.10777e+03     3.91041e+01     7.51767e+00
    3.53224e+00     1.10489e+03     3.88955e+01     7.47717e+00
    3.53633e+00     1.10320e+03     3.88166e+01     7.44698e+00
    3.54042e+00     1.10008e+03     3.86086e+01     7.40058e+00
    3.54451e+00     1.09815e+03     3.85296e+01     7.36890e+00
    3.54860e+00     1.09574e+03     3.83862e+01     7.32847e+00
    3.55270e+00     1.09278e+03     3.82215e+01     7.29696e+00
    3.55679e+00     1.09077e+03     3.81027e+01     7.26187e+00
    3.56088e+00     1.08829e+03     3.79479e+01     7.21909e+00
    3.56497e+00     1.08548e+03     3.77574e+01     7.17964e+00
    3.56906e+00     1.08480e+03     3.76715e+01     7.14411e+00
    3.57315e+00     1.08192e+03     3.75506e+01     7.11125e+00
    3.57724e+00     1.07906e+03     3.73759e+01     7.07720e+00
    3.58133e+00     1.07766e+03     3.72776e+01     7.03843e+00
    3.58542e+00     1.07446e+03     3.71079e+01     7.00225e+00
    3.58951e+00     1.07311e+03     3.70104e+01     6.96867e+00
    3.59360e+00     1.07032e+03     3.68353e+01     6.92827e+00
    3.59769e+00     1.06831e+03     3.67538e+01     6.89810e+00
    3.60178e+00     1.06548e+03     3.65370e+01     6.86295e+00
    3.60587e+00     1.06361e+03     3.64589e+01     6.82796e+00
    3.60996e+00     1.06195e+03     3.63510e+01     6.79961e+00
    3.61405e+00     1.05867e+03     3.61874e+01     6.76786e+00
    3.61814e+00     1.05689e+03     3.60705e+01     6.73196e+00
    3.62224e+00     1.05451e+03     3.59150e+01     6.69040e+00
    3.62633e+00     1.05231e+03     3.57594e+01     6.65868e+00
    3.63042e+00     1.04947e+03     3.56134e+01     6.62239e+00
    3.63451e+00     1.04739e+03     3.54865e+01     6.58763e+00
    3.63860e+00     1.04541e+03     3.53967e+01     6.56339e+00
    3.64269e+00     1.04430e+03     3.52959e+01     6.53165e+00
    3.64678e+00     1.04229e+03     3.51809e+01     6.49310e+00
    3.65087e+00     1.03982e+03     3.50294e+01     6.46052e+00
    3.65496e+00     1.03709e+03     3.48446e+01     6.42920e+00
    3.65905e+00     1.03414e+03     3.47403e+01     6.39420e+00
    3.66314e+00     1.03294e+03     3.46530e+01     6.36983e+00
    3.66723e+00     1.03028e+03     3.45230e+01     6.33509e+00
    3.67132e+00     1.02875e+03     3.44127e+01     6.30400e+00
    3.67541e+00     1.02629e+03     3.42817e+01     6.27329e+00
    3.67950e+00     1.02360e+03     3.40916e+01     6.23714e+00
    3.68359e+00     1.02250e+03     3.40222e+01     6.20816e+00
    3.68769e+00     1.01978e+03     3.38669e+01     6.17798e+00
    3.69177e+00     1.01693e+03     3.37064e+01     6.14884e+00
    3.69587e+00     1.01518e+03     3.36684e+01     6.12117e+00
    3.69996e+00     1.01431e+03     3.34972e+01     6.08449e+00
    3.70405e+00     1.01160e+03     3.33474e+01     6.05292e+00
    3.70814e+00     1.01015e+03     3.33015e+01     6.02617e+00
    3.71223e+00     1.00786e+03     3.31803e+01     5.99647e+00
    3.71632e+00     1.00505e+03     3.30201e+01     5.96981e+00
    3.72041e+00     1.00278e+03     3.29425e+01     5.94095e+00
    3.72450e+00     1.00087e+03     3.28095e+01     5.90943e+00
    3.72859e+00     9.98640e+02     3.26698e+01     5.88108e+00
    3.73268e+00     9.96643e+02     3.25162e+01     5.84873e+00
    3.73677e+00     9.95263e+02     3.24834e+01     5.82124e+00
    3.74086e+00     9.92894e+02     3.23267e+01     5.79553e+00
    3.74495e+00     9.91475e+02     3.22223e+01     5.76388e+00
    3.74905e+00     9.88672e+02     3.20917e+01     5.73770e+00
    3.75313e+00     9.86296e+02     3.19489e+01     5.70902e+00
    3.75722e+00     9.84298e+02     3.18750e+01     5.68382e+00
    3.76131e+00     9.83044e+02     3.17743e+01     5.65702e+00
    3.76541e+00     9.80958e+02     3.16550e+01     5.62624e+00
    3.76950e+00     9.78113e+02     3.14982e+01     5.59982e+00
    3.77359e+00     9.75916e+02     3.13711e+01     5.56978e+00
    3.77768e+00     9.74932e+02     3.13409e+01     5.55036e+00
    3.78177e+00     9.72976e+02     3.11712e+01     5.51683e+00
    3.78586e+00     9.70484e+02     3.10759e+01     5.49026e+00
    3.78995e+00     9.67923e+02     3.09026e+01     5.46269e+00
    3.79404e+00     9.66338e+02     3.08224e+01     5.43672e+00
    3.79813e+00     9.64019e+02     3.07221e+01     5.41278e+00
    3.80222e+00     9.62311e+02     3.06043e+01     5.38444e+00
    3.80632e+00     9.60585e+02     3.05102e+01     5.36211e+00
    3.81040e+00     9.59048e+02     3.03936e+01     5.33309e+00
    3.81449e+00     9.56995e+02     3.03348e+01     5.31417e+00
    3.81859e+00     9.55223e+02     3.02282e+01     5.28515e+00
    3.82268e+00     9.52777e+02     3.00864e+01     5.25971e+00
    3.82677e+00     9.51163e+02     2.99486e+01     5.23016e+00
    3.83086e+00     9.48498e+02     2.98804e+01     5.21140e+00
    3.83495e+00     9.47297e+02     2.97242e+01     5.18052e+00
    3.83904e+00     9.45895e+02     2.96784e+01     5.15544e+00
    3.84313e+00     9.42469e+02     2.95307e+01     5.13337e+00
    3.84722e+00     9.41197e+02     2.94627e+01     5.11082e+00
    3.85131e+00     9.38951e+02     2.93115e+01     5.08599e+00
    3.85540e+00     9.37743e+02     2.92270e+01     5.05942e+00
    3.85949e+00     9.35792e+02     2.91432e+01     5.03733e+00
    3.86358e+00     9.34427e+02     2.90719e+01     5.01654e+00
    3.86768e+00     9.32214e+02     2.89477e+01     4.99131e+00
    3.87177e+00     9.30125e+02     2.88346e+01     4.96724e+00
    3.87585e+00     9.28164e+02     2.86934e+01     4.94036e+00
    3.87994e+00     9.26588e+02     2.86246e+01     4.92224e+00
    3.88403e+00     9.24291e+02     2.85576e+01     4.90125e+00
    3.88813e+00     9.22952e+02     2.84250e+01     4.87460e+00
    3.89222e+00     9.20700e+02     2.83343e+01     4.85328e+00
    3.89631e+00     9.18669e+02     2.82172e+01     4.82978e+00
    3.90040e+00     9.17544e+02     2.81256e+01     4.80518e+00
    3.90449e+00     9.15122e+02     2.80592e+01     4.78694e+00
    3.90858e+00     9.14333e+02     2.79740e+01     4.76419e+00
    3.91267e+00     9.11393e+02     2.78387e+01     4.74339e+00
    3.91676e+00     9.09560e+02     2.77115e+01     4.71901e+00
    3.92085e+00     9.07859e+02     2.76135e+01     4.69655e+00
    3.92494e+00     9.06155e+02     2.75331e+01     4.67786e+00
    3.92903e+00     9.04684e+02     2.74618e+01     4.65731e+00
    3.93312e+00     9.02719e+02     2.73630e+01     4.63346e+00
    3.93721e+00     9.01495e+02     2.72895e+01     4.61315e+00
    3.94130e+00     8.99572e+02     2.71727e+01     4.58912e+00
    3.94539e+00     8.97986e+02     2.70810e+01     4.56840e+00
    3.94949e+00     8.95501e+02     2.69710e+01     4.55061e+00
    3.95358e+00     8.93713e+02     2.69024e+01     4.53004e+00
    3.95767e+00     8.92225e+02     2.68310e+01     4.50870e+00
    3.96176e+00     8.91048e+02     2.67176e+01     4.48873e+00
    3.96585e+00     8.88884e+02     2.66033e+01     4.46906e+00
    3.96994e+00     8.87467e+02     2.65558e+01     4.44758e+00
    3.97403e+00     8.85887e+02     2.64597e+01     4.42795e+00
    3.97812e+00     8.84278e+02     2.63736e+01     4.40753e+00
    3.98221e+00     8.81961e+02     2.62814e+01     4.39030e+00
    3.98630e+00     8.80756e+02     2.61930e+01     4.36944e+00
    3.99039e+00     8.78676e+02     2.61021e+01     4.34750e+00
    3.99448e+00     8.77189e+02     2.60091e+01     4.32910e+00
    3.99857e+00     8.75826e+02     2.59353e+01     4.31395e+00
    4.00266e+00     8.73596e+02     2.58487e+01     4.29541e+00
    4.00675e+00     8.71859e+02     2.57400e+01     4.27196e+00
    4.01085e+00     8.70781e+02     2.56749e+01     4.25519e+00
    4.01494e+00     8.69686e+02     2.55955e+01     4.23858e+00
    4.01902e+00     8.67319e+02     2.54781e+01     4.21545e+00
    4.02312e+00     8.65365e+02     2.53869e+01     4.19747e+00
    4.02721e+00     8.64525e+02     2.53493e+01     4.18447e+00
    4.03130e+00     8.62143e+02     2.52234e+01     4.16054e+00
    4.03539e+00     8.60415e+02     2.51432e+01     4.14669e+00
    4.03948e+00     8.58836e+02     2.50893e+01     4.12753e+00
    4.04357e+00     8.57703e+02     2.49953e+01     4.11005e+00
    4.04766e+00     8.56008e+02     2.49217e+01     4.09170e+00
    4.05175e+00     8.54475e+02     2.48540e+01     4.07389e+00
    4.05584e+00     8.52722e+02     2.47532e+01     4.05937e+00
    4.05993e+00     8.51371e+02     2.46868e+01     4.04017e+00
    4.06402e+00     8.49684e+02     2.45954e+01     4.02687e+00
    4.06811e+00     8.48309e+02     2.45075e+01     4.00361e+00
    4.07220e+00     8.47006e+02     2.44507e+01     3.98846e+00
    4.07630e+00     8.44948e+02     2.43480e+01     3.97356e+00
    4.08038e+00     8.43791e+02     2.42876e+01     3.95542e+00
    4.08447e+00     8.41569e+02     2.42124e+01     3.93829e+00
    4.08857e+00     8.40325e+02     2.41326e+01     3.92009e+00
    4.09266e+00     8.38841e+02     2.40429e+01     3.90712e+00
    4.09675e+00     8.37531e+02     2.40183e+01     3.89352e+00
    4.10084e+00     8.36051e+02     2.39251e+01     3.87473e+00
    4.10493e+00     8.35236e+02     2.38685e+01     3.86041e+00
    4.10902e+00     8.32446e+02     2.37560e+01     3.84408e+00
    4.11311e+00     8.31510e+02     2.36794e+01     3.82681e+00
    4.11720e+00     8.29104e+02     2.35905e+01     3.81066e+00
    4.12129e+00     8.28645e+02     2.35324e+01     3.79275e+00
    4.12538e+00     8.26491e+02     2.34213e+01     3.77970e+00
    4.12947e+00     8.25391e+02     2.33888e+01     3.76566e+00
    4.13356e+00     8.23799e+02     2.33179e+01     3.75163e+00
    4.13765e+00     8.22735e+02     2.32467e+01     3.73262e+00
    4.14175e+00     8.21170e+02     2.31692e+01     3.71933e+00
    4.14584e+00     8.19455e+02     2.30765e+01     3.70576e+00
    4.14993e+00     8.18515e+02     2.30205e+01     3.68959e+00
    4.15402e+00     8.16838e+02     2.29463e+01     3.67602e+00
    4.15811e+00     8.15433e+02     2.28708e+01     3.66075e+00
    4.16220e+00     8.13737e+02     2.28498e+01     3.64972e+00
    4.16629e+00     8.12357e+02     2.27484e+01     3.63314e+00
    4.17038e+00     8.11294e+02     2.27024e+01     3.61972e+00
    4.17447e+00     8.09813e+02     2.26126e+01     3.60631e+00
    4.17856e+00     8.08166e+02     2.25478e+01     3.59119e+00
    4.18265e+00     8.06655e+02     2.24886e+01     3.57930e+00
    4.18674e+00     8.05622e+02     2.24199e+01     3.56640e+00
