# Halo auto- and cross-power spectra.
# Robust average of 10 spectra using sqrt(1+x^2).
# 12.50<lgM<13.00, z=1.000
#      k[h/Mpc]           <Phh>        Err[Phh]           <Phm>        Err[Phm]
    5.79404e-03     1.83499e+04     2.48768e+03     1.01687e+04     1.62119e+03
    1.04717e-02     2.38215e+04     1.81543e+03     1.32010e+04     9.92197e+02
    1.42665e-02     2.78479e+04     5.21081e+02     1.54483e+04     3.95437e+02
    1.81228e-02     2.89079e+04     1.36043e+03     1.61794e+04     8.17647e+02
    2.24845e-02     2.65516e+04     7.11243e+02     1.48350e+04     3.85400e+02
    2.64508e-02     2.41293e+04     3.88698e+02     1.33839e+04     1.91572e+02
    3.04474e-02     2.27618e+04     6.25664e+02     1.24845e+04     3.31638e+02
    3.47320e-02     2.01743e+04     6.24299e+02     1.10077e+04     3.16386e+02
    3.88308e-02     1.80200e+04     4.17875e+02     9.79447e+03     2.01585e+02
    4.28140e-02     1.67766e+04     1.97072e+02     9.04087e+03     1.31156e+02
    4.68856e-02     1.55067e+04     2.61636e+02     8.29651e+03     1.78777e+02
    5.09858e-02     1.46723e+04     1.57520e+02     7.80255e+03     1.10737e+02
    5.51458e-02     1.38671e+04     1.72373e+02     7.31728e+03     8.81447e+01
    5.92243e-02     1.32810e+04     1.29287e+02     7.01635e+03     8.28501e+01
    6.32864e-02     1.27631e+04     1.17755e+02     6.67800e+03     5.03682e+01
    6.73674e-02     1.21329e+04     1.05882e+02     6.31948e+03     8.23484e+01
    7.14960e-02     1.15518e+04     1.32459e+02     5.96451e+03     5.91059e+01
    7.55894e-02     1.10329e+04     5.19550e+01     5.66639e+03     2.76420e+01
    7.96660e-02     1.03363e+04     1.13901e+02     5.23809e+03     6.00801e+01
    8.38183e-02     9.70180e+03     9.96875e+01     4.87846e+03     4.48255e+01
    8.78941e-02     8.96687e+03     8.78994e+01     4.45136e+03     4.39061e+01
    9.19238e-02     8.37477e+03     6.35644e+01     4.11773e+03     3.20223e+01
    9.60446e-02     7.89657e+03     4.58786e+01     3.82164e+03     2.65074e+01
    1.00128e-01     7.43776e+03     5.04852e+01     3.55775e+03     2.17628e+01
    1.04209e-01     7.05664e+03     5.48506e+01     3.33656e+03     3.25162e+01
    1.08333e-01     6.70293e+03     6.97440e+01     3.14741e+03     2.82131e+01
    1.12448e-01     6.54778e+03     5.51676e+01     3.05363e+03     2.80122e+01
    1.16521e-01     6.40491e+03     3.66996e+01     2.96466e+03     1.91011e+01
    1.20596e-01     6.19058e+03     4.28801e+01     2.84081e+03     2.02020e+01
    1.24665e-01     6.04199e+03     2.62506e+01     2.74927e+03     1.59281e+01
    1.28771e-01     5.96252e+03     1.87088e+01     2.69125e+03     1.07188e+01
    1.32874e-01     5.80772e+03     1.76671e+01     2.60884e+03     8.51235e+00
    1.36975e-01     5.57524e+03     3.47962e+01     2.47962e+03     1.93866e+01
    1.41075e-01     5.38889e+03     1.82894e+01     2.36786e+03     1.16666e+01
    1.45172e-01     5.13166e+03     2.15029e+01     2.22574e+03     1.34170e+01
    1.49268e-01     4.92397e+03     2.93859e+01     2.10252e+03     1.39880e+01
    1.53330e-01     4.77666e+03     1.60329e+01     2.01385e+03     5.71363e+00
    1.57416e-01     4.57446e+03     2.15451e+01     1.89888e+03     8.38685e+00
    1.61514e-01     4.40141e+03     2.49066e+01     1.80810e+03     9.62401e+00
    1.65592e-01     4.30063e+03     1.21431e+01     1.74879e+03     5.10474e+00
    1.69693e-01     4.17480e+03     8.99395e+00     1.66840e+03     3.32267e+00
    1.73803e-01     4.08776e+03     3.91832e+00     1.61720e+03     4.38861e+00
    1.77905e-01     4.00928e+03     8.39565e+00     1.58045e+03     2.49853e+00
    1.82001e-01     3.93674e+03     2.46656e+01     1.53707e+03     8.45473e+00
    1.86092e-01     3.86683e+03     8.95128e+00     1.49526e+03     3.61563e+00
    1.90161e-01     3.79967e+03     5.80878e+00     1.45672e+03     2.95958e+00
    1.94237e-01     3.73487e+03     1.51050e+01     1.41513e+03     9.74862e+00
    1.98334e-01     3.65322e+03     1.77886e+01     1.37232e+03     5.46972e+00
    2.02427e-01     3.56858e+03     1.48019e+01     1.32925e+03     5.47334e+00
    2.06523e-01     3.50233e+03     1.00720e+01     1.28731e+03     5.17686e+00
    2.10626e-01     3.42780e+03     8.64091e+00     1.24295e+03     2.84548e+00
    2.14724e-01     3.33855e+03     1.08139e+01     1.19469e+03     4.19397e+00
    2.18827e-01     3.26637e+03     1.05301e+01     1.15426e+03     3.53135e+00
    2.22903e-01     3.19095e+03     6.35421e+00     1.11254e+03     7.52590e-01
    2.26990e-01     3.14238e+03     7.67719e+00     1.08790e+03     3.63719e+00
    2.31084e-01     3.08087e+03     1.14082e+01     1.05229e+03     5.67844e+00
    2.35153e-01     3.03057e+03     7.63601e+00     1.02036e+03     2.50870e+00
    2.39244e-01     2.99621e+03     6.82278e+00     1.00183e+03     3.11524e+00
    2.43338e-01     2.96143e+03     7.55514e+00     9.79143e+02     2.88203e+00
    2.47445e-01     2.92150e+03     6.01002e+00     9.53770e+02     1.28169e+00
    2.51539e-01     2.86986e+03     5.43856e+00     9.32479e+02     1.24713e+00
    2.55609e-01     2.84785e+03     1.09478e+01     9.14130e+02     3.95534e+00
    2.59718e-01     2.80803e+03     4.22236e+00     8.93950e+02     9.89294e-01
    2.63814e-01     2.75780e+03     8.70698e+00     8.68794e+02     2.74489e+00
    2.67904e-01     2.72133e+03     5.25205e+00     8.48340e+02     2.68268e+00
    2.71993e-01     2.69401e+03     5.20793e+00     8.30322e+02     2.36797e+00
    2.76068e-01     2.64398e+03     5.10930e+00     8.05374e+02     2.04755e+00
    2.80171e-01     2.61062e+03     2.67133e+00     7.86541e+02     1.90158e+00
    2.84268e-01     2.56916e+03     6.09606e+00     7.64719e+02     4.00524e+00
    2.88346e-01     2.54835e+03     7.38060e+00     7.51546e+02     2.64001e+00
    2.92426e-01     2.52155e+03     6.74955e+00     7.32369e+02     1.19390e+00
    2.96514e-01     2.48666e+03     5.41726e+00     7.16803e+02     1.54653e+00
    3.00627e-01     2.45809e+03     5.30854e+00     7.03712e+02     9.42348e-01
    3.04729e-01     2.41931e+03     5.21589e+00     6.85758e+02     2.69280e+00
    3.08821e-01     2.40417e+03     8.52882e+00     6.74935e+02     2.54418e+00
    3.12919e-01     2.38583e+03     7.50999e+00     6.62162e+02     2.92078e+00
    3.16999e-01     2.35784e+03     4.46762e+00     6.49730e+02     1.43115e+00
    3.21078e-01     2.34178e+03     8.39990e+00     6.36926e+02     2.53318e+00
    3.25167e-01     2.31843e+03     4.12346e+00     6.24832e+02     1.34570e+00
    3.29247e-01     2.28798e+03     6.25287e+00     6.09221e+02     1.26337e+00
    3.33333e-01     2.26967e+03     4.70213e+00     5.98784e+02     1.34070e+00
    3.37443e-01     2.25433e+03     3.43569e+00     5.90191e+02     6.84183e-01
    3.41545e-01     2.22404e+03     6.44967e+00     5.77044e+02     2.09375e+00
    3.45625e-01     2.21031e+03     4.17914e+00     5.66987e+02     1.34263e+00
    3.49715e-01     2.19488e+03     3.24229e+00     5.58198e+02     9.94240e-01
    3.53817e-01     2.16810e+03     4.81296e+00     5.44285e+02     1.58940e+00
    3.57906e-01     2.15281e+03     3.73978e+00     5.36520e+02     1.35747e+00
    3.61975e-01     2.13063e+03     2.61301e+00     5.26661e+02     1.14072e+00
    3.66071e-01     2.12147e+03     3.54743e+00     5.19277e+02     1.54199e+00
    3.70189e-01     2.10505e+03     2.42659e+00     5.10218e+02     8.70475e-01
    3.74277e-01     2.09112e+03     5.71899e+00     5.01569e+02     8.98488e-01
    3.78356e-01     2.06966e+03     3.25375e+00     4.92175e+02     1.01297e+00
    3.82448e-01     2.05593e+03     4.23849e+00     4.85041e+02     1.37238e+00
    3.86535e-01     2.03762e+03     8.11509e+00     4.74644e+02     1.09261e+00
    3.90624e-01     2.02641e+03     3.96699e+00     4.69242e+02     1.13951e+00
    3.94706e-01     2.01298e+03     2.15894e+00     4.61786e+02     5.97792e-01
    3.98794e-01     1.99955e+03     4.25284e+00     4.55727e+02     1.09094e+00
    4.02896e-01     1.98506e+03     3.65182e+00     4.47646e+02     1.24721e+00
    4.06986e-01     1.97262e+03     2.97973e+00     4.40901e+02     9.08234e-01
    4.11069e-01     1.95947e+03     2.69239e+00     4.33373e+02     1.19079e+00
    4.15170e-01     1.95017e+03     1.95046e+00     4.27092e+02     6.95150e-01
    4.19263e-01     1.93512e+03     1.70646e+00     4.21239e+02     8.32875e-01
    4.23353e-01     1.92205e+03     2.70169e+00     4.14316e+02     3.37570e-01
    4.27447e-01     1.91116e+03     1.71186e+00     4.08819e+02     1.12645e+00
    4.31534e-01     1.89683e+03     2.29824e+00     4.02331e+02     7.29207e-01
    4.35624e-01     1.88995e+03     4.38267e+00     3.96142e+02     1.35484e+00
    4.39718e-01     1.88072e+03     1.86892e+00     3.91824e+02     6.48237e-01
    4.43804e-01     1.87321e+03     2.67813e+00     3.87816e+02     3.22749e-01
    4.47892e-01     1.85840e+03     2.79491e+00     3.81212e+02     8.14723e-01
    4.51977e-01     1.84583e+03     3.45890e+00     3.75330e+02     8.61415e-01
    4.56067e-01     1.83605e+03     1.92835e+00     3.70608e+02     2.81225e-01
    4.60165e-01     1.82023e+03     2.76444e+00     3.64734e+02     6.64350e-01
    4.64260e-01     1.81784e+03     1.87960e+00     3.61388e+02     5.15250e-01
    4.68355e-01     1.80838e+03     2.97858e+00     3.55363e+02     6.71742e-01
    4.72450e-01     1.80045e+03     3.15646e+00     3.51270e+02     7.58960e-01
    4.76540e-01     1.78504e+03     2.68613e+00     3.45903e+02     7.46178e-01
    4.80633e-01     1.78023e+03     3.13124e+00     3.41522e+02     7.00691e-01
    4.84718e-01     1.77139e+03     3.66292e+00     3.38176e+02     8.65167e-01
    4.88794e-01     1.76412e+03     2.30004e+00     3.33641e+02     9.86364e-01
    4.92888e-01     1.75607e+03     2.61566e+00     3.29965e+02     4.60171e-01
    4.96984e-01     1.74922e+03     2.12938e+00     3.26865e+02     5.16880e-01
    5.01073e-01     1.73736e+03     1.69133e+00     3.21589e+02     4.72249e-01
    5.05169e-01     1.73379e+03     1.91523e+00     3.18346e+02     5.42547e-01
    5.09268e-01     1.72451e+03     2.71405e+00     3.14253e+02     2.65203e-01
    5.13369e-01     1.71736e+03     2.80848e+00     3.09768e+02     4.06794e-01
    5.17441e-01     1.71034e+03     2.84827e+00     3.07261e+02     3.88395e-01
    5.21516e-01     1.70575e+03     2.52082e+00     3.04292e+02     9.41763e-01
    5.25611e-01     1.69761e+03     1.11998e+00     2.99601e+02     4.14054e-01
    5.29706e-01     1.69096e+03     1.24343e+00     2.97416e+02     3.09353e-01
    5.33801e-01     1.68206e+03     1.86834e+00     2.93009e+02     1.98961e-01
    5.37888e-01     1.67320e+03     2.04758e+00     2.90911e+02     5.93953e-01
    5.41985e-01     1.67244e+03     1.72615e+00     2.87558e+02     3.36140e-01
    5.46091e-01     1.66207e+03     2.46661e+00     2.83628e+02     5.65570e-01
    5.50174e-01     1.65615e+03     1.63022e+00     2.80426e+02     5.41887e-01
    5.54252e-01     1.65105e+03     2.51828e+00     2.78313e+02     5.16433e-01
    5.58346e-01     1.64414e+03     2.13802e+00     2.74194e+02     3.08091e-01
    5.62439e-01     1.64072e+03     3.46153e+00     2.72525e+02     6.58066e-01
    5.66527e-01     1.63075e+03     8.01353e-01     2.68869e+02     1.73092e-01
    5.70616e-01     1.62905e+03     1.60043e+00     2.66584e+02     1.06406e+00
    5.74707e-01     1.62302e+03     8.85182e-01     2.64169e+02     4.76148e-01
    5.78798e-01     1.61378e+03     9.22775e-01     2.60770e+02     5.48726e-01
    5.82883e-01     1.60757e+03     2.19827e+00     2.57949e+02     2.89527e-01
    5.86977e-01     1.60244e+03     1.05120e+00     2.55245e+02     2.26250e-01
    5.91070e-01     1.59896e+03     1.88060e+00     2.53279e+02     2.68568e-01
    5.95166e-01     1.59471e+03     1.80127e+00     2.50967e+02     6.13145e-01
    5.99260e-01     1.58801e+03     2.19582e+00     2.48553e+02     3.38964e-01
    6.03349e-01     1.58196e+03     2.02193e+00     2.45261e+02     2.35570e-01
    6.07445e-01     1.57522e+03     1.46984e+00     2.43309e+02     6.67992e-01
    6.11543e-01     1.57333e+03     2.75212e+00     2.41020e+02     7.11422e-01
    6.15623e-01     1.56778e+03     2.77361e+00     2.39062e+02     3.01910e-01
    6.19704e-01     1.56005e+03     1.22878e+00     2.35943e+02     4.41843e-01
    6.23792e-01     1.55623e+03     1.30053e+00     2.33989e+02     2.82046e-01
    6.27891e-01     1.55374e+03     1.08000e+00     2.31972e+02     5.20882e-01
    6.31991e-01     1.54743e+03     1.12441e+00     2.30204e+02     2.59653e-01
    6.36073e-01     1.54123e+03     1.04987e+00     2.27447e+02     1.74602e-01
    6.40158e-01     1.53682e+03     2.12029e+00     2.25369e+02     3.13452e-01
    6.44244e-01     1.53328e+03     2.21417e+00     2.23633e+02     5.26601e-01
    6.48338e-01     1.52994e+03     9.57028e-01     2.21759e+02     1.95216e-01
    6.52432e-01     1.52431e+03     1.05112e+00     2.19443e+02     4.98154e-01
    6.56514e-01     1.51946e+03     9.78969e-01     2.17763e+02     3.32619e-01
    6.60609e-01     1.51778e+03     1.29771e+00     2.16102e+02     2.52843e-01
    6.64712e-01     1.51240e+03     2.27930e+00     2.14166e+02     5.25124e-01
    6.68801e-01     1.50588e+03     1.16953e+00     2.11586e+02     2.95165e-01
    6.72890e-01     1.50120e+03     1.83010e+00     2.10173e+02     4.08073e-01
    6.76984e-01     1.49878e+03     2.35190e+00     2.08722e+02     3.66341e-01
    6.81074e-01     1.49527e+03     2.16745e+00     2.07027e+02     3.04216e-01
    6.85160e-01     1.49108e+03     1.92935e+00     2.05083e+02     3.47199e-01
    6.89246e-01     1.48778e+03     1.30870e+00     2.03307e+02     3.65790e-01
    6.93336e-01     1.48459e+03     1.10748e+00     2.01604e+02     1.01222e-01
    6.97434e-01     1.47768e+03     7.10287e-01     1.99600e+02     2.96761e-01
    7.01528e-01     1.47610e+03     1.66255e+00     1.98522e+02     2.78198e-01
    7.05618e-01     1.47178e+03     1.17109e+00     1.96524e+02     1.67971e-01
    7.09708e-01     1.46709e+03     1.68604e+00     1.94926e+02     6.93867e-01
    7.13796e-01     1.46512e+03     7.56228e-01     1.93738e+02     2.20738e-01
    7.17892e-01     1.46228e+03     1.53340e+00     1.92315e+02     2.62839e-01
    7.21982e-01     1.45812e+03     1.50441e+00     1.90685e+02     3.26369e-01
    7.26059e-01     1.45395e+03     1.37518e+00     1.89121e+02     2.81110e-01
    7.30145e-01     1.45205e+03     6.44213e-01     1.87842e+02     1.26824e-01
    7.34240e-01     1.44740e+03     1.07381e+00     1.86333e+02     2.81118e-01
    7.38340e-01     1.44135e+03     7.97418e-01     1.84789e+02     2.89961e-01
    7.42427e-01     1.43896e+03     1.25397e+00     1.83171e+02     1.84868e-01
    7.46511e-01     1.43748e+03     5.95635e-01     1.82165e+02     3.00380e-01
    7.50614e-01     1.43224e+03     2.02011e+00     1.80172e+02     3.23042e-01
    7.54706e-01     1.42703e+03     6.28758e-01     1.78879e+02     2.47243e-01
    7.58795e-01     1.42707e+03     7.81874e-01     1.78305e+02     2.06472e-01
    7.62888e-01     1.42239e+03     1.30153e+00     1.76479e+02     2.23792e-01
    7.66986e-01     1.41987e+03     6.85308e-01     1.75279e+02     2.05675e-01
    7.71073e-01     1.41552e+03     1.19658e+00     1.74318e+02     3.54502e-01
    7.75153e-01     1.41337e+03     1.30469e+00     1.72997e+02     3.20184e-01
    7.79241e-01     1.40895e+03     1.02004e+00     1.71623e+02     2.35333e-01
    7.83335e-01     1.40730e+03     6.82799e-01     1.70590e+02     1.65553e-01
    7.87426e-01     1.40380e+03     6.94575e-01     1.69063e+02     1.69787e-01
    7.91513e-01     1.40073e+03     1.19496e+00     1.67778e+02     1.19733e-01
    7.95606e-01     1.39698e+03     7.21211e-01     1.66468e+02     3.60294e-01
    7.99702e-01     1.39495e+03     1.12263e+00     1.65712e+02     2.41289e-01
    8.03798e-01     1.39271e+03     1.05746e+00     1.64844e+02     2.78084e-01
    8.07879e-01     1.38874e+03     1.10208e+00     1.63175e+02     1.65923e-01
    8.11963e-01     1.38717e+03     8.10979e-01     1.62294e+02     2.53048e-01
    8.16059e-01     1.38398e+03     9.91139e-01     1.61424e+02     2.13508e-01
    8.20152e-01     1.38012e+03     1.14063e+00     1.60041e+02     2.46742e-01
    8.24242e-01     1.37608e+03     9.73048e-01     1.58969e+02     2.84562e-01
    8.28331e-01     1.37444e+03     1.27926e+00     1.57995e+02     1.21168e-01
    8.32425e-01     1.37159e+03     1.91054e+00     1.56516e+02     3.45210e-01
    8.36516e-01     1.36858e+03     1.43996e+00     1.56048e+02     3.11240e-01
    8.40610e-01     1.36677e+03     9.33867e-01     1.54755e+02     1.77100e-01
    8.44704e-01     1.36326e+03     1.03931e+00     1.53611e+02     1.37163e-01
    8.48790e-01     1.35931e+03     9.81121e-01     1.52511e+02     2.57869e-01
    8.52876e-01     1.35782e+03     1.21624e+00     1.51896e+02     2.54132e-01
    8.56967e-01     1.35563e+03     1.24407e+00     1.50695e+02     2.21773e-01
    8.61059e-01     1.35243e+03     9.32447e-01     1.50031e+02     1.39426e-01
    8.65147e-01     1.34934e+03     1.27488e+00     1.49137e+02     1.85670e-01
    8.69235e-01     1.34654e+03     9.08002e-01     1.48245e+02     1.87578e-01
    8.73334e-01     1.34659e+03     5.20452e-01     1.47282e+02     1.87761e-01
    8.77429e-01     1.34248e+03     1.67913e+00     1.46052e+02     1.86145e-01
    8.81512e-01     1.33933e+03     1.05024e+00     1.45542e+02     1.69225e-01
    8.85601e-01     1.33645e+03     1.07981e+00     1.44322e+02     1.33949e-01
    8.89691e-01     1.33314e+03     7.13957e-01     1.43451e+02     2.35668e-01
    8.93784e-01     1.33165e+03     8.20578e-01     1.42785e+02     1.66451e-01
    8.97875e-01     1.32922e+03     4.24342e-01     1.41648e+02     9.45187e-02
    9.01960e-01     1.32569e+03     1.02100e+00     1.40853e+02     1.67702e-01
    9.06054e-01     1.32542e+03     5.69673e-01     1.40281e+02     1.97491e-01
    9.10146e-01     1.32139e+03     8.86557e-01     1.39282e+02     2.35074e-01
    9.14237e-01     1.31987e+03     9.76248e-01     1.38529e+02     1.48103e-01
    9.18331e-01     1.31648e+03     1.16150e+00     1.37492e+02     1.30685e-01
    9.22421e-01     1.31474e+03     4.52576e-01     1.36845e+02     2.14934e-01
    9.26509e-01     1.31111e+03     1.40815e+00     1.35912e+02     1.42104e-01
    9.30598e-01     1.30921e+03     7.87281e-01     1.35214e+02     1.87441e-01
    9.34692e-01     1.30641e+03     1.64957e+00     1.34314e+02     1.26133e-01
    9.38787e-01     1.30562e+03     9.67938e-01     1.33765e+02     2.62463e-01
    9.42873e-01     1.30341e+03     6.28522e-01     1.32961e+02     3.03861e-01
    9.46961e-01     1.30043e+03     1.26537e+00     1.32200e+02     6.33009e-02
    9.51054e-01     1.29847e+03     8.49566e-01     1.31466e+02     1.81409e-01
    9.55150e-01     1.29528e+03     1.10159e+00     1.30666e+02     1.67584e-01
    9.59240e-01     1.29298e+03     1.45926e+00     1.29817e+02     1.57417e-01
    9.63327e-01     1.29147e+03     4.28230e-01     1.29084e+02     1.60500e-01
    9.67420e-01     1.28917e+03     4.07557e-01     1.28564e+02     2.04100e-01
    9.71506e-01     1.28466e+03     9.54831e-01     1.27596e+02     5.95994e-02
    9.75588e-01     1.28342e+03     1.08802e+00     1.26730e+02     1.95253e-01
    9.79678e-01     1.28275e+03     9.39625e-01     1.26503e+02     1.83626e-01
    9.83773e-01     1.28072e+03     1.11475e+00     1.25681e+02     1.11154e-01
    9.87866e-01     1.27784e+03     6.90616e-01     1.25046e+02     2.00693e-01
    9.91960e-01     1.27489e+03     5.88924e-01     1.24090e+02     1.41825e-01
    9.96055e-01     1.27384e+03     6.31745e-01     1.23689e+02     4.58631e-02
    1.00015e+00     1.27026e+03     1.03357e+00     1.22923e+02     2.40497e-01
    1.00424e+00     1.26946e+03     6.13715e-01     1.22257e+02     1.69216e-01
    1.00832e+00     1.26684e+03     6.66566e-01     1.21663e+02     1.39583e-01
    1.01242e+00     1.26466e+03     8.40218e-01     1.20997e+02     2.13815e-01
    1.01651e+00     1.26254e+03     6.59526e-01     1.20462e+02     9.00846e-02
    1.02059e+00     1.26091e+03     9.18125e-01     1.19646e+02     1.48451e-01
    1.02468e+00     1.25752e+03     1.08217e+00     1.19126e+02     1.09873e-01
    1.02878e+00     1.25612e+03     7.66015e-01     1.18357e+02     1.03549e-01
    1.03287e+00     1.25394e+03     8.35149e-01     1.17817e+02     2.85141e-01
    1.03695e+00     1.25249e+03     1.04422e+00     1.17347e+02     5.88242e-02
    1.04105e+00     1.25090e+03     7.55309e-01     1.16692e+02     1.09769e-01
    1.04515e+00     1.24784e+03     7.39065e-01     1.16048e+02     1.25350e-01
    1.04923e+00     1.24616e+03     1.17247e+00     1.15551e+02     1.28119e-01
    1.05332e+00     1.24386e+03     1.12804e+00     1.15001e+02     1.72244e-01
    1.05741e+00     1.24165e+03     1.10251e+00     1.14389e+02     6.14583e-02
    1.06150e+00     1.24013e+03     1.21758e+00     1.13870e+02     1.99040e-01
    1.06559e+00     1.23841e+03     6.16499e-01     1.13254e+02     4.34968e-02
    1.06968e+00     1.23572e+03     6.61018e-01     1.12591e+02     1.09324e-01
    1.07377e+00     1.23319e+03     7.60576e-01     1.12157e+02     6.49071e-02
    1.07786e+00     1.23230e+03     5.18635e-01     1.11565e+02     1.15099e-01
    1.08195e+00     1.22972e+03     1.05121e+00     1.10889e+02     1.08695e-01
    1.08605e+00     1.22798e+03     6.45852e-01     1.10575e+02     1.06199e-01
    1.09014e+00     1.22675e+03     1.20595e+00     1.09887e+02     1.05542e-01
    1.09422e+00     1.22477e+03     5.22326e-01     1.09487e+02     1.15843e-01
    1.09832e+00     1.22302e+03     7.69861e-01     1.09157e+02     1.29856e-01
    1.10242e+00     1.22132e+03     4.73008e-01     1.08461e+02     1.07539e-01
    1.10650e+00     1.21823e+03     1.09859e+00     1.07952e+02     9.49438e-02
    1.11059e+00     1.21531e+03     6.02271e-01     1.07325e+02     1.42214e-01
    1.11468e+00     1.21482e+03     6.43324e-01     1.07038e+02     1.09376e-01
    1.11878e+00     1.21304e+03     6.43844e-01     1.06468e+02     1.63324e-01
    1.12287e+00     1.21065e+03     8.79918e-01     1.05933e+02     1.40631e-01
    1.12695e+00     1.20959e+03     1.03365e+00     1.05682e+02     1.37220e-01
    1.13105e+00     1.20624e+03     5.74925e-01     1.04802e+02     4.72181e-02
    1.13514e+00     1.20554e+03     6.66697e-01     1.04509e+02     1.11678e-01
    1.13922e+00     1.20350e+03     5.44732e-01     1.04094e+02     1.06959e-01
    1.14331e+00     1.20099e+03     7.25047e-01     1.03332e+02     1.01730e-01
    1.14741e+00     1.19857e+03     5.56623e-01     1.03062e+02     1.62412e-01
    1.15150e+00     1.19831e+03     6.97762e-01     1.02503e+02     1.51539e-01
    1.15559e+00     1.19570e+03     1.12073e+00     1.02097e+02     1.58537e-01
    1.15968e+00     1.19356e+03     5.73197e-01     1.01745e+02     4.74819e-02
    1.16377e+00     1.19132e+03     7.97260e-01     1.01163e+02     1.82945e-01
    1.16786e+00     1.19041e+03     6.01234e-01     1.00814e+02     7.94723e-02
    1.17195e+00     1.18915e+03     7.48510e-01     1.00496e+02     9.19483e-02
    1.17604e+00     1.18764e+03     5.55556e-01     9.99443e+01     1.48015e-01
    1.18013e+00     1.18499e+03     6.05045e-01     9.94372e+01     7.00418e-02
    1.18422e+00     1.18352e+03     4.84272e-01     9.89716e+01     7.80955e-02
    1.18831e+00     1.18162e+03     6.54371e-01     9.86067e+01     8.57326e-02
    1.19240e+00     1.17888e+03     9.13091e-01     9.81042e+01     1.03354e-01
    1.19649e+00     1.17833e+03     4.14499e-01     9.77398e+01     1.58268e-01
    1.20059e+00     1.17597e+03     4.87947e-01     9.72795e+01     1.56450e-01
    1.20468e+00     1.17354e+03     8.45109e-01     9.68620e+01     2.63333e-02
    1.20877e+00     1.17149e+03     6.57304e-01     9.63487e+01     4.51273e-02
    1.21286e+00     1.17123e+03     6.89151e-01     9.59680e+01     5.97638e-02
    1.21695e+00     1.16921e+03     6.39254e-01     9.57224e+01     1.60323e-01
    1.22104e+00     1.16728e+03     8.73473e-01     9.53032e+01     8.17746e-02
    1.22513e+00     1.16594e+03     3.14751e-01     9.48895e+01     1.10123e-01
    1.22922e+00     1.16445e+03     7.21253e-01     9.45340e+01     8.12869e-02
    1.23330e+00     1.16222e+03     7.67117e-01     9.41480e+01     1.50019e-01
    1.23740e+00     1.15999e+03     3.95064e-01     9.35918e+01     6.42087e-02
    1.24149e+00     1.15842e+03     1.07901e+00     9.32545e+01     9.88806e-02
    1.24558e+00     1.15614e+03     6.11034e-01     9.29095e+01     6.75690e-02
    1.24967e+00     1.15466e+03     8.40765e-01     9.27040e+01     9.64514e-02
    1.25376e+00     1.15230e+03     7.38420e-01     9.21333e+01     5.85706e-02
    1.25785e+00     1.15144e+03     5.05611e-01     9.17166e+01     3.57621e-02
    1.26194e+00     1.14962e+03     3.00868e-01     9.12808e+01     4.82215e-02
    1.26603e+00     1.14819e+03     8.53260e-01     9.11324e+01     6.97376e-02
    1.27012e+00     1.14639e+03     6.99833e-01     9.06970e+01     8.91376e-02
    1.27422e+00     1.14395e+03     2.72963e-01     9.02715e+01     7.12629e-02
    1.27831e+00     1.14183e+03     9.47995e-01     8.99930e+01     6.09990e-02
    1.28240e+00     1.14137e+03     1.17898e+00     8.96664e+01     1.02676e-01
    1.28649e+00     1.13846e+03     3.78714e-01     8.92224e+01     7.06784e-02
    1.29058e+00     1.13628e+03     6.19195e-01     8.88383e+01     7.26130e-02
    1.29467e+00     1.13559e+03     8.04793e-01     8.85372e+01     1.18680e-01
    1.29876e+00     1.13375e+03     5.80930e-01     8.81064e+01     1.87067e-01
    1.30285e+00     1.13248e+03     2.63381e-01     8.78089e+01     5.43788e-02
    1.30694e+00     1.12906e+03     5.98309e-01     8.74043e+01     5.16279e-02
    1.31103e+00     1.12834e+03     5.09147e-01     8.71310e+01     7.92229e-02
    1.31512e+00     1.12688e+03     6.19761e-01     8.67464e+01     5.17455e-02
    1.31921e+00     1.12631e+03     7.87881e-01     8.65358e+01     6.70384e-02
    1.32331e+00     1.12369e+03     4.81610e-01     8.61231e+01     9.01268e-02
    1.32739e+00     1.12294e+03     5.67867e-01     8.58469e+01     7.76282e-02
    1.33148e+00     1.12062e+03     4.49401e-01     8.55056e+01     7.92211e-02
    1.33558e+00     1.11941e+03     3.59461e-01     8.52447e+01     8.29006e-02
    1.33967e+00     1.11709e+03     9.63340e-01     8.48494e+01     1.29253e-01
    1.34376e+00     1.11560e+03     2.68774e-01     8.45172e+01     9.62454e-02
    1.34785e+00     1.11340e+03     6.20130e-01     8.39361e+01     1.23685e-01
    1.35195e+00     1.11240e+03     6.36469e-01     8.38889e+01     1.18641e-01
    1.35603e+00     1.11159e+03     1.05730e+00     8.36554e+01     1.06848e-01
    1.36011e+00     1.10902e+03     5.08682e-01     8.32667e+01     7.68411e-02
    1.36421e+00     1.10785e+03     6.25613e-01     8.29684e+01     7.11169e-02
    1.36830e+00     1.10597e+03     4.27809e-01     8.26104e+01     8.62172e-02
    1.37239e+00     1.10380e+03     4.17393e-01     8.22889e+01     4.74490e-02
    1.37648e+00     1.10129e+03     6.26373e-01     8.19264e+01     5.61028e-02
    1.38057e+00     1.10131e+03     6.11639e-01     8.17439e+01     6.32208e-02
    1.38466e+00     1.09882e+03     5.66505e-01     8.13678e+01     1.03906e-01
    1.38875e+00     1.09752e+03     3.03118e-01     8.11372e+01     8.58005e-02
    1.39285e+00     1.09485e+03     6.20606e-01     8.07409e+01     8.83703e-02
    1.39694e+00     1.09406e+03     4.68661e-01     8.05011e+01     7.48465e-02
    1.40102e+00     1.09323e+03     1.90953e-01     8.00778e+01     5.76055e-02
    1.40512e+00     1.09123e+03     6.54583e-01     7.98261e+01     1.10689e-01
    1.40921e+00     1.08907e+03     6.54921e-01     7.96487e+01     7.53781e-02
    1.41330e+00     1.08731e+03     6.63938e-01     7.93233e+01     4.92259e-02
    1.41739e+00     1.08566e+03     5.73299e-01     7.89951e+01     3.54562e-02
    1.42148e+00     1.08429e+03     8.28756e-01     7.87413e+01     1.07839e-01
    1.42557e+00     1.08289e+03     4.03807e-01     7.85077e+01     4.87906e-02
    1.42966e+00     1.08193e+03     4.67742e-01     7.81480e+01     2.78371e-02
    1.43375e+00     1.08035e+03     4.49904e-01     7.79324e+01     3.12065e-02
    1.43784e+00     1.07820e+03     8.00006e-01     7.75966e+01     8.32072e-02
    1.44193e+00     1.07672e+03     4.13387e-01     7.73897e+01     5.60813e-02
    1.44602e+00     1.07486e+03     6.81486e-01     7.71274e+01     5.08475e-02
    1.45011e+00     1.07298e+03     6.44025e-01     7.67177e+01     6.69092e-02
    1.45420e+00     1.07150e+03     4.48894e-01     7.65717e+01     9.73636e-02
    1.45830e+00     1.07028e+03     4.79411e-01     7.62220e+01     1.29462e-01
    1.46239e+00     1.06887e+03     4.66817e-01     7.60538e+01     7.84699e-02
    1.46648e+00     1.06697e+03     5.81514e-01     7.57970e+01     5.91703e-02
    1.47056e+00     1.06542e+03     1.77451e-01     7.54715e+01     3.61765e-02
    1.47465e+00     1.06377e+03     6.80441e-01     7.52450e+01     3.38536e-02
    1.47874e+00     1.06293e+03     3.51517e-01     7.50491e+01     7.38329e-02
    1.48283e+00     1.06094e+03     5.28155e-01     7.46845e+01     5.45901e-02
    1.48693e+00     1.05956e+03     5.11491e-01     7.44724e+01     9.18065e-02
    1.49102e+00     1.05823e+03     4.52745e-01     7.41917e+01     3.90433e-02
    1.49511e+00     1.05626e+03     2.38874e-01     7.38932e+01     6.25197e-02
    1.49920e+00     1.05436e+03     6.26386e-01     7.36775e+01     1.77020e-02
    1.50329e+00     1.05318e+03     2.05581e-01     7.34507e+01     3.11796e-02
    1.50738e+00     1.05128e+03     3.17968e-01     7.31591e+01     5.31494e-02
    1.51148e+00     1.05083e+03     5.17767e-01     7.28760e+01     6.60351e-02
    1.51557e+00     1.04805e+03     6.18513e-01     7.26200e+01     8.90606e-02
    1.51965e+00     1.04656e+03     3.68839e-01     7.23747e+01     7.23169e-02
    1.52374e+00     1.04508e+03     4.80511e-01     7.22116e+01     5.25027e-02
    1.52784e+00     1.04353e+03     4.84622e-01     7.19407e+01     3.79849e-02
    1.53193e+00     1.04211e+03     7.95049e-01     7.17040e+01     6.09079e-02
    1.53602e+00     1.04108e+03     3.73574e-01     7.14986e+01     4.21142e-02
    1.54011e+00     1.03904e+03     2.61583e-01     7.11882e+01     4.10723e-02
    1.54420e+00     1.03724e+03     2.85090e-01     7.09646e+01     6.02840e-02
    1.54829e+00     1.03547e+03     7.94727e-01     7.07645e+01     6.67334e-02
    1.55238e+00     1.03429e+03     2.35202e-01     7.05076e+01     7.01761e-02
    1.55647e+00     1.03296e+03     4.53453e-01     7.03017e+01     6.05488e-02
    1.56056e+00     1.03088e+03     4.84269e-01     7.00651e+01     7.62833e-02
    1.56465e+00     1.03039e+03     3.35864e-01     6.98542e+01     4.40770e-02
    1.56874e+00     1.02808e+03     5.12682e-01     6.96110e+01     8.50001e-02
    1.57283e+00     1.02737e+03     2.47320e-01     6.94350e+01     4.55314e-02
    1.57693e+00     1.02487e+03     3.79063e-01     6.91678e+01     5.99149e-02
    1.58102e+00     1.02396e+03     5.14995e-01     6.89640e+01     6.73984e-02
    1.58510e+00     1.02183e+03     2.98024e-01     6.87009e+01     4.48614e-02
    1.58919e+00     1.02018e+03     7.62475e-01     6.84544e+01     4.26034e-02
    1.59329e+00     1.01907e+03     3.37742e-01     6.82718e+01     6.88700e-02
    1.59738e+00     1.01766e+03     3.39227e-01     6.80763e+01     7.78569e-02
    1.60147e+00     1.01624e+03     5.95748e-01     6.78580e+01     2.27319e-02
    1.60556e+00     1.01397e+03     3.15990e-01     6.75715e+01     2.88253e-02
    1.60965e+00     1.01303e+03     3.20916e-01     6.73339e+01     6.35069e-02
    1.61374e+00     1.01125e+03     2.75374e-01     6.72230e+01     6.53069e-02
    1.61783e+00     1.00955e+03     2.34308e-01     6.69745e+01     6.40986e-02
    1.62192e+00     1.00836e+03     6.36338e-01     6.67245e+01     6.55730e-02
    1.62601e+00     1.00703e+03     5.30551e-01     6.64748e+01     6.37458e-02
    1.63010e+00     1.00499e+03     3.39184e-01     6.63201e+01     7.51371e-02
    1.63419e+00     1.00379e+03     4.68838e-01     6.60613e+01     6.89046e-02
    1.63828e+00     1.00264e+03     3.94875e-01     6.59109e+01     6.49718e-02
    1.64238e+00     1.00143e+03     3.89991e-01     6.57145e+01     5.06810e-02
    1.64647e+00     9.99044e+02     4.02118e-01     6.54542e+01     5.39500e-02
    1.65055e+00     9.98553e+02     4.08644e-01     6.53750e+01     3.54268e-02
    1.65465e+00     9.96296e+02     4.56623e-01     6.50169e+01     2.22389e-02
    1.65874e+00     9.94718e+02     5.21136e-01     6.48440e+01     4.17471e-02
    1.66283e+00     9.93299e+02     4.52813e-01     6.47597e+01     5.12400e-02
    1.66691e+00     9.91731e+02     5.16463e-01     6.44325e+01     5.96440e-02
    1.67101e+00     9.90547e+02     4.95666e-01     6.42852e+01     7.33565e-02
    1.67510e+00     9.89304e+02     5.87099e-01     6.41040e+01     7.08218e-02
    1.67919e+00     9.87438e+02     3.05851e-01     6.38989e+01     3.18737e-02
    1.68328e+00     9.86021e+02     2.79616e-01     6.36580e+01     1.95325e-02
    1.68737e+00     9.84419e+02     4.50913e-01     6.34121e+01     5.36756e-02
    1.69146e+00     9.82551e+02     2.41785e-01     6.33009e+01     5.11930e-02
    1.69555e+00     9.80842e+02     3.57525e-01     6.30690e+01     3.75154e-02
    1.69964e+00     9.80192e+02     2.70347e-01     6.29146e+01     4.66776e-02
    1.70373e+00     9.78170e+02     3.98357e-01     6.26424e+01     3.90282e-02
    1.70782e+00     9.76376e+02     2.61626e-01     6.24833e+01     3.69634e-02
    1.71191e+00     9.75461e+02     5.68733e-01     6.23150e+01     5.34179e-02
    1.71600e+00     9.73861e+02     4.70430e-01     6.20267e+01     7.37144e-02
    1.72009e+00     9.72518e+02     6.18118e-01     6.19208e+01     5.07857e-02
    1.72418e+00     9.70710e+02     3.66733e-01     6.16592e+01     4.86230e-02
    1.72828e+00     9.69388e+02     5.21313e-01     6.15043e+01     3.09342e-02
    1.73237e+00     9.67426e+02     5.94706e-01     6.12712e+01     4.37194e-02
    1.73646e+00     9.66325e+02     4.51480e-01     6.11717e+01     2.16426e-02
    1.74055e+00     9.65155e+02     4.29756e-01     6.09609e+01     6.36981e-02
    1.74464e+00     9.63661e+02     1.74123e-01     6.07561e+01     3.30893e-02
    1.74874e+00     9.61888e+02     3.37149e-01     6.06105e+01     5.73801e-02
    1.75282e+00     9.61060e+02     2.45801e-01     6.04397e+01     2.80941e-02
    1.75691e+00     9.59076e+02     5.54725e-01     6.02332e+01     6.31669e-02
    1.76100e+00     9.56985e+02     5.93907e-01     6.00914e+01     3.93473e-02
    1.76509e+00     9.56380e+02     1.12997e-01     5.99732e+01     3.74425e-02
    1.76918e+00     9.54699e+02     3.98367e-01     5.96875e+01     4.60511e-02
    1.77327e+00     9.53651e+02     1.40572e-01     5.95231e+01     5.50571e-02
    1.77737e+00     9.51851e+02     3.72388e-01     5.93860e+01     4.39157e-02
    1.78146e+00     9.50021e+02     3.69991e-01     5.91549e+01     5.15680e-02
    1.78554e+00     9.48781e+02     3.94839e-01     5.90263e+01     7.58158e-02
    1.78964e+00     9.47030e+02     3.14448e-01     5.87744e+01     2.84208e-02
    1.79373e+00     9.45177e+02     5.78733e-01     5.85894e+01     4.50983e-02
    1.79782e+00     9.43926e+02     3.93124e-01     5.84019e+01     2.65443e-02
    1.80191e+00     9.43063e+02     2.99896e-01     5.83305e+01     4.03625e-02
    1.80600e+00     9.41260e+02     7.94451e-01     5.80847e+01     6.46116e-02
    1.81009e+00     9.39521e+02     8.50177e-02     5.79040e+01     2.31220e-02
    1.81418e+00     9.38673e+02     3.30957e-01     5.77706e+01     3.74183e-02
    1.81827e+00     9.36505e+02     3.26435e-01     5.76216e+01     4.84026e-02
    1.82236e+00     9.35535e+02     4.19393e-01     5.74307e+01     4.33321e-02
    1.82645e+00     9.34638e+02     1.91199e-01     5.73047e+01     3.80283e-02
    1.83054e+00     9.32727e+02     3.60132e-01     5.70959e+01     1.22621e-02
    1.83463e+00     9.31588e+02     3.36755e-01     5.69190e+01     5.61433e-02
    1.83872e+00     9.29267e+02     3.32437e-01     5.66874e+01     6.29035e-02
    1.84281e+00     9.28564e+02     3.12135e-01     5.66255e+01     4.88149e-02
    1.84691e+00     9.26696e+02     1.83391e-01     5.64106e+01     4.92400e-02
    1.85100e+00     9.25188e+02     3.34704e-01     5.61892e+01     3.52679e-02
    1.85509e+00     9.23719e+02     4.09018e-01     5.61182e+01     4.17104e-02
    1.85918e+00     9.22093e+02     2.61109e-01     5.58638e+01     1.92172e-02
    1.86327e+00     9.20694e+02     3.86264e-01     5.57669e+01     5.67839e-02
    1.86736e+00     9.19272e+02     5.21146e-01     5.56234e+01     3.69238e-02
    1.87145e+00     9.17946e+02     5.44965e-01     5.54536e+01     4.38292e-02
    1.87554e+00     9.16374e+02     2.71743e-01     5.52712e+01     6.09608e-02
    1.87963e+00     9.15469e+02     1.19914e-01     5.51432e+01     4.40549e-02
    1.88372e+00     9.13446e+02     1.08221e-01     5.49250e+01     4.07722e-02
    1.88781e+00     9.12481e+02     3.63680e-01     5.48008e+01     4.50816e-02
    1.89190e+00     9.10838e+02     3.75751e-01     5.46591e+01     2.99363e-02
    1.89599e+00     9.09451e+02     2.40002e-01     5.44654e+01     3.90090e-02
    1.90008e+00     9.08121e+02     5.61041e-01     5.43562e+01     3.13026e-02
    1.90417e+00     9.06196e+02     4.00046e-01     5.41487e+01     5.03788e-02
    1.90827e+00     9.04699e+02     2.27823e-01     5.39739e+01     5.14170e-02
    1.91236e+00     9.03855e+02     5.40089e-01     5.38237e+01     2.84386e-02
    1.91645e+00     9.02046e+02     3.90028e-01     5.36615e+01     3.61874e-02
    1.92054e+00     9.00468e+02     3.97267e-01     5.35361e+01     3.97561e-02
    1.92463e+00     8.99350e+02     2.28584e-01     5.33748e+01     3.33295e-02
    1.92872e+00     8.97884e+02     3.67878e-01     5.31949e+01     4.08736e-02
    1.93281e+00     8.96444e+02     1.47621e-01     5.31196e+01     5.09509e-02
    1.93690e+00     8.94946e+02     4.67828e-01     5.28563e+01     5.49599e-02
    1.94099e+00     8.93262e+02     3.11865e-01     5.27603e+01     4.08784e-02
    1.94508e+00     8.92088e+02     1.74274e-01     5.26097e+01     3.52279e-02
    1.94917e+00     8.90919e+02     3.93017e-01     5.24529e+01     3.18279e-02
    1.95326e+00     8.88812e+02     3.87677e-01     5.23072e+01     3.33874e-02
    1.95735e+00     8.87426e+02     4.75188e-01     5.20869e+01     2.98076e-02
    1.96144e+00     8.85829e+02     3.34849e-01     5.19840e+01     2.55620e-02
    1.96553e+00     8.84753e+02     3.65563e-01     5.18529e+01     6.09618e-02
    1.96962e+00     8.83535e+02     3.71914e-01     5.17202e+01     1.45714e-02
    1.97371e+00     8.81473e+02     3.81851e-01     5.15499e+01     4.53395e-02
    1.97781e+00     8.80663e+02     4.13332e-01     5.14309e+01     1.86372e-02
    1.98190e+00     8.79015e+02     3.91218e-01     5.11971e+01     2.94721e-02
    1.98599e+00     8.77734e+02     1.33606e-01     5.11396e+01     3.06028e-02
    1.99008e+00     8.76007e+02     3.53435e-01     5.09618e+01     3.97124e-02
    1.99417e+00     8.74904e+02     2.56077e-01     5.07992e+01     2.60755e-02
    1.99826e+00     8.73198e+02     4.41627e-01     5.07286e+01     9.04074e-03
    2.00235e+00     8.71533e+02     3.72006e-01     5.05590e+01     4.35733e-02
    2.00644e+00     8.70699e+02     1.95870e-01     5.04196e+01     2.63965e-02
    2.01053e+00     8.69108e+02     4.14258e-01     5.02702e+01     2.50839e-02
    2.01462e+00     8.67841e+02     2.86380e-01     5.01418e+01     4.81263e-02
    2.01871e+00     8.65990e+02     2.84027e-01     4.99463e+01     2.32207e-02
    2.02280e+00     8.64795e+02     3.58473e-01     4.98113e+01     3.93533e-02
    2.02689e+00     8.63026e+02     4.10588e-01     4.96913e+01     4.40891e-02
    2.03098e+00     8.61889e+02     2.94778e-01     4.95337e+01     3.18962e-02
    2.03507e+00     8.60271e+02     3.41714e-01     4.93812e+01     3.66163e-02
    2.03917e+00     8.59133e+02     2.18639e-01     4.92285e+01     3.88404e-02
    2.04325e+00     8.57955e+02     4.24337e-01     4.91215e+01     1.80540e-02
    2.04735e+00     8.56263e+02     3.94353e-01     4.90116e+01     3.10177e-02
    2.05143e+00     8.54463e+02     4.38382e-01     4.88124e+01     3.28676e-02
    2.05552e+00     8.53319e+02     4.74693e-01     4.86684e+01     4.12929e-02
    2.05962e+00     8.52096e+02     3.77359e-01     4.85791e+01     2.95621e-02
    2.06371e+00     8.50703e+02     2.43452e-01     4.83932e+01     2.16600e-02
    2.06780e+00     8.49255e+02     4.23519e-01     4.82803e+01     2.79015e-02
    2.07189e+00     8.47692e+02     1.12206e-01     4.81428e+01     3.37629e-02
    2.07598e+00     8.46030e+02     3.56107e-01     4.79777e+01     2.53063e-02
    2.08007e+00     8.45013e+02     3.28783e-01     4.78742e+01     2.90902e-02
    2.08416e+00     8.43401e+02     2.34445e-01     4.77043e+01     1.63902e-02
    2.08825e+00     8.41939e+02     2.56803e-01     4.76024e+01     3.29970e-02
    2.09234e+00     8.40617e+02     3.96392e-01     4.74670e+01     5.29908e-02
    2.09644e+00     8.39301e+02     3.25070e-01     4.73260e+01     3.26908e-02
    2.10053e+00     8.37770e+02     3.34565e-01     4.71876e+01     3.37888e-02
    2.10461e+00     8.36056e+02     1.82424e-01     4.70694e+01     1.19991e-02
    2.10870e+00     8.35290e+02     3.51285e-01     4.69464e+01     3.95459e-02
    2.11280e+00     8.33671e+02     1.18227e-01     4.67881e+01     1.94902e-02
    2.11688e+00     8.32287e+02     1.75387e-01     4.66540e+01     3.62208e-02
    2.12098e+00     8.30619e+02     3.46574e-01     4.65586e+01     2.78868e-02
    2.12507e+00     8.29391e+02     3.98281e-01     4.63827e+01     3.17756e-02
    2.12916e+00     8.27987e+02     1.85635e-01     4.62808e+01     2.00789e-02
    2.13325e+00     8.26657e+02     1.83400e-01     4.61273e+01     2.79277e-02
    2.13734e+00     8.25191e+02     2.67822e-01     4.59979e+01     2.50641e-02
    2.14143e+00     8.23802e+02     3.84141e-01     4.59011e+01     3.63658e-02
    2.14552e+00     8.22584e+02     2.86248e-01     4.57539e+01     1.95954e-02
    2.14961e+00     8.21157e+02     2.94834e-01     4.56373e+01     2.81498e-02
    2.15370e+00     8.19603e+02     3.34468e-01     4.55269e+01     2.46475e-02
    2.15779e+00     8.17823e+02     1.04608e-01     4.53730e+01     2.33475e-02
    2.16188e+00     8.16650e+02     2.97425e-01     4.52128e+01     2.91885e-02
    2.16597e+00     8.15268e+02     1.56624e-01     4.51126e+01     2.29654e-02
    2.17006e+00     8.14125e+02     3.06713e-01     4.49602e+01     2.39747e-02
    2.17416e+00     8.12938e+02     2.31130e-01     4.48834e+01     1.13320e-02
    2.17825e+00     8.11193e+02     3.45238e-01     4.47126e+01     3.81842e-02
    2.18234e+00     8.09563e+02     3.69703e-01     4.45330e+01     2.64940e-02
    2.18643e+00     8.08399e+02     4.11516e-01     4.45003e+01     2.95549e-02
    2.19052e+00     8.07084e+02     1.40559e-01     4.43936e+01     3.49674e-02
    2.19461e+00     8.05482e+02     1.22790e-01     4.42673e+01     3.03810e-02
    2.19870e+00     8.03852e+02     2.91347e-01     4.41109e+01     3.08522e-02
    2.20279e+00     8.02873e+02     1.42310e-01     4.39971e+01     3.06910e-02
    2.20688e+00     8.01357e+02     4.94809e-02     4.38354e+01     2.53080e-02
    2.21097e+00     7.99877e+02     2.86268e-01     4.37012e+01     3.29710e-02
    2.21506e+00     7.98413e+02     2.70769e-01     4.36317e+01     2.27554e-02
    2.21915e+00     7.97240e+02     4.10692e-01     4.35032e+01     2.42131e-02
    2.22324e+00     7.95839e+02     1.98430e-01     4.33751e+01     2.06055e-02
    2.22733e+00     7.94412e+02     2.21048e-01     4.32369e+01     2.62128e-02
    2.23142e+00     7.93098e+02     2.30158e-01     4.31409e+01     1.50516e-02
    2.23552e+00     7.91589e+02     1.92413e-01     4.29884e+01     1.67552e-02
    2.23961e+00     7.90260e+02     1.68027e-01     4.28652e+01     1.87162e-02
    2.24369e+00     7.88837e+02     3.09565e-01     4.27516e+01     4.14369e-02
    2.24779e+00     7.87622e+02     2.70452e-01     4.26599e+01     7.09904e-03
    2.25188e+00     7.86424e+02     3.18616e-01     4.25274e+01     3.25576e-02
    2.25597e+00     7.85138e+02     1.11049e-01     4.24190e+01     3.40224e-02
    2.26006e+00     7.83631e+02     2.13317e-01     4.23488e+01     2.54376e-02
    2.26415e+00     7.82359e+02     1.50533e-01     4.21866e+01     2.10996e-02
    2.26824e+00     7.80545e+02     3.21803e-01     4.20224e+01     1.09464e-02
    2.27233e+00     7.79379e+02     3.03111e-01     4.19262e+01     2.88028e-02
    2.27642e+00     7.77649e+02     2.65871e-01     4.17875e+01     1.14649e-02
    2.28051e+00     7.76428e+02     3.43714e-01     4.16894e+01     2.56734e-02
    2.28460e+00     7.75458e+02     1.45990e-01     4.15797e+01     1.72345e-02
    2.28869e+00     7.73550e+02     2.35070e-01     4.14100e+01     1.69948e-02
    2.29278e+00     7.72479e+02     2.87710e-01     4.13495e+01     2.15398e-02
    2.29687e+00     7.71283e+02     2.96673e-02     4.12220e+01     3.38976e-02
    2.30096e+00     7.69900e+02     2.69489e-01     4.11466e+01     3.26443e-02
    2.30506e+00     7.68549e+02     2.03303e-01     4.09875e+01     1.77341e-02
    2.30915e+00     7.66977e+02     3.32577e-01     4.08965e+01     1.75635e-02
    2.31324e+00     7.65719e+02     3.21404e-01     4.07899e+01     1.12760e-02
    2.31733e+00     7.64305e+02     1.47047e-01     4.06542e+01     1.68406e-02
    2.32142e+00     7.62675e+02     3.60137e-01     4.05209e+01     2.03875e-02
    2.32551e+00     7.61283e+02     2.52614e-01     4.04226e+01     2.35342e-02
    2.32960e+00     7.60213e+02     2.84496e-01     4.03250e+01     1.70299e-02
    2.33369e+00     7.58838e+02     2.38663e-01     4.02141e+01     2.63465e-02
    2.33778e+00     7.57285e+02     3.90154e-01     4.00660e+01     1.89427e-02
    2.34187e+00     7.56123e+02     2.62891e-01     3.99755e+01     2.00016e-02
    2.34596e+00     7.55039e+02     2.92023e-01     3.98725e+01     1.73630e-02
    2.35005e+00     7.53301e+02     2.55307e-01     3.97513e+01     1.73371e-02
    2.35414e+00     7.52553e+02     2.35434e-01     3.96846e+01     1.56966e-02
    2.35823e+00     7.50444e+02     2.39749e-01     3.95284e+01     2.32930e-02
    2.36232e+00     7.49396e+02     1.91017e-01     3.94082e+01     2.59461e-02
    2.36641e+00     7.48142e+02     2.56254e-01     3.92925e+01     1.59301e-02
    2.37051e+00     7.46258e+02     1.02446e-01     3.91567e+01     1.05753e-02
    2.37460e+00     7.45132e+02     1.85181e-01     3.90525e+01     1.13642e-02
    2.37869e+00     7.44300e+02     3.37790e-01     3.89984e+01     2.07116e-02
    2.38278e+00     7.42924e+02     2.27034e-01     3.88939e+01     3.16227e-02
    2.38687e+00     7.41357e+02     2.14167e-01     3.87313e+01     1.24020e-02
    2.39096e+00     7.40286e+02     1.44862e-01     3.86522e+01     2.05934e-02
    2.39505e+00     7.38735e+02     2.40360e-01     3.85433e+01     2.03272e-02
    2.39914e+00     7.37298e+02     1.38857e-01     3.84241e+01     3.33324e-02
    2.40323e+00     7.35922e+02     3.22918e-01     3.83169e+01     1.57808e-02
    2.40732e+00     7.34733e+02     1.70582e-01     3.82260e+01     2.87609e-02
    2.41141e+00     7.33173e+02     2.07254e-01     3.81067e+01     3.06180e-02
    2.41550e+00     7.31817e+02     8.58747e-02     3.79615e+01     2.12201e-02
    2.41959e+00     7.30632e+02     2.50790e-01     3.78732e+01     1.31111e-02
    2.42368e+00     7.29181e+02     3.39806e-01     3.77907e+01     1.52665e-02
    2.42777e+00     7.27840e+02     2.03156e-01     3.76662e+01     3.07858e-02
    2.43187e+00     7.26479e+02     3.55470e-01     3.75519e+01     2.46424e-02
    2.43596e+00     7.24973e+02     2.26635e-01     3.74571e+01     2.62319e-02
    2.44004e+00     7.24071e+02     1.80162e-01     3.73658e+01     1.75660e-02
    2.44414e+00     7.22401e+02     2.29597e-01     3.72368e+01     1.53171e-02
    2.44823e+00     7.21113e+02     1.93550e-01     3.71240e+01     1.93218e-02
    2.45232e+00     7.19979e+02     3.17120e-01     3.70471e+01     2.12976e-02
    2.45640e+00     7.18509e+02     1.73921e-01     3.69255e+01     1.18208e-02
    2.46050e+00     7.17202e+02     1.99035e-01     3.68283e+01     3.17371e-02
    2.46459e+00     7.15873e+02     2.42286e-01     3.67145e+01     2.64673e-02
    2.46868e+00     7.14579e+02     1.50210e-01     3.66248e+01     1.96258e-02
    2.47277e+00     7.13234e+02     2.27887e-01     3.65279e+01     2.58708e-02
    2.47686e+00     7.12053e+02     2.12080e-01     3.64381e+01     9.08848e-03
    2.48095e+00     7.10310e+02     1.83353e-01     3.62939e+01     1.39970e-02
    2.48504e+00     7.08870e+02     2.88422e-01     3.61768e+01     3.07329e-02
    2.48913e+00     7.07614e+02     1.25827e-01     3.60997e+01     1.18503e-02
    2.49322e+00     7.06586e+02     3.16568e-01     3.60045e+01     1.17945e-02
    2.49731e+00     7.05382e+02     1.23033e-01     3.59208e+01     1.40949e-02
    2.50141e+00     7.03965e+02     3.31304e-01     3.57911e+01     2.25680e-02
    2.50550e+00     7.02578e+02     2.19809e-01     3.56881e+01     1.33516e-02
    2.50959e+00     7.01238e+02     1.81611e-01     3.55832e+01     1.92684e-02
    2.51368e+00     7.00022e+02     2.04842e-01     3.55028e+01     2.21719e-02
    2.51777e+00     6.98675e+02     2.14372e-01     3.53807e+01     1.79200e-02
    2.52186e+00     6.97376e+02     3.79395e-01     3.53062e+01     2.60314e-02
    2.52595e+00     6.95880e+02     2.56869e-01     3.51534e+01     1.58596e-02
    2.53004e+00     6.94852e+02     1.50925e-01     3.51047e+01     8.28080e-03
    2.53413e+00     6.93722e+02     2.83790e-01     3.50018e+01     1.84426e-02
    2.53822e+00     6.91897e+02     1.53633e-01     3.48793e+01     8.40888e-03
    2.54231e+00     6.91107e+02     2.02379e-01     3.47911e+01     5.84143e-03
    2.54640e+00     6.89805e+02     2.43359e-01     3.46908e+01     2.26632e-02
    2.55049e+00     6.88048e+02     1.41869e-01     3.46007e+01     9.83102e-03
    2.55458e+00     6.87028e+02     2.76001e-01     3.44906e+01     1.12702e-02
    2.55867e+00     6.85863e+02     2.19975e-01     3.43982e+01     2.23595e-02
    2.56276e+00     6.84389e+02     2.51558e-01     3.42893e+01     1.68283e-02
    2.56685e+00     6.82974e+02     2.57350e-01     3.42014e+01     2.02188e-02
    2.57095e+00     6.81858e+02     1.49949e-01     3.40902e+01     1.41723e-02
    2.57504e+00     6.80529e+02     2.35746e-01     3.40185e+01     3.63471e-02
    2.57913e+00     6.78977e+02     1.99697e-01     3.38826e+01     1.30736e-02
    2.58322e+00     6.78097e+02     1.83648e-01     3.38200e+01     1.79887e-02
    2.58731e+00     6.76641e+02     1.83187e-01     3.37089e+01     1.26085e-02
    2.59140e+00     6.75277e+02     1.55979e-01     3.36125e+01     1.97832e-02
    2.59549e+00     6.74254e+02     1.42338e-01     3.35358e+01     1.32469e-02
    2.59958e+00     6.72707e+02     1.43527e-01     3.34124e+01     1.41689e-02
    2.60367e+00     6.71736e+02     2.35656e-01     3.33241e+01     1.23142e-02
    2.60776e+00     6.70253e+02     2.58650e-01     3.31998e+01     1.87324e-02
    2.61185e+00     6.69011e+02     1.61627e-01     3.31247e+01     2.14325e-02
    2.61594e+00     6.67654e+02     3.82001e-01     3.30346e+01     2.49104e-02
    2.62003e+00     6.66605e+02     2.98871e-01     3.29370e+01     1.34768e-02
    2.62412e+00     6.65268e+02     2.23030e-01     3.28655e+01     6.33671e-03
    2.62821e+00     6.63716e+02     3.09701e-01     3.27620e+01     2.16256e-02
    2.63230e+00     6.62544e+02     1.74086e-01     3.26521e+01     1.19105e-02
    2.63640e+00     6.61267e+02     1.23783e-01     3.25533e+01     9.33662e-03
    2.64049e+00     6.60004e+02     1.94866e-01     3.24613e+01     1.54717e-02
    2.64457e+00     6.58582e+02     2.18253e-01     3.23732e+01     2.23054e-02
    2.64867e+00     6.57464e+02     1.48035e-01     3.22756e+01     1.06536e-02
    2.65276e+00     6.56188e+02     2.32929e-01     3.21690e+01     2.56752e-02
    2.65685e+00     6.54845e+02     3.20006e-01     3.20889e+01     1.39497e-02
    2.66094e+00     6.53766e+02     1.81506e-01     3.20241e+01     1.15729e-02
    2.66503e+00     6.52301e+02     1.84036e-01     3.19025e+01     9.70643e-03
    2.66912e+00     6.51091e+02     2.31517e-01     3.18250e+01     8.21240e-03
    2.67321e+00     6.49714e+02     1.50239e-01     3.17093e+01     1.53202e-02
    2.67730e+00     6.48766e+02     3.13243e-01     3.16581e+01     2.37213e-02
    2.68139e+00     6.47468e+02     1.06404e-01     3.15500e+01     1.95318e-02
    2.68548e+00     6.46173e+02     2.91231e-01     3.14484e+01     1.54614e-02
    2.68957e+00     6.44684e+02     1.45678e-01     3.13436e+01     1.25261e-02
    2.69366e+00     6.43171e+02     8.35951e-02     3.12543e+01     1.83283e-02
    2.69776e+00     6.42157e+02     2.10959e-01     3.11741e+01     1.54267e-02
    2.70185e+00     6.41157e+02     2.36121e-01     3.11138e+01     1.49356e-02
    2.70594e+00     6.39925e+02     1.65482e-01     3.10038e+01     2.18347e-02
    2.71003e+00     6.38490e+02     1.91224e-01     3.08910e+01     8.55595e-03
    2.71412e+00     6.37249e+02     8.87950e-02     3.08355e+01     1.19328e-02
    2.71821e+00     6.35993e+02     1.59531e-01     3.07281e+01     1.31120e-02
    2.72230e+00     6.34793e+02     1.56374e-01     3.06124e+01     2.03206e-02
    2.72639e+00     6.33729e+02     2.99823e-01     3.05613e+01     1.85871e-02
    2.73048e+00     6.32072e+02     1.26684e-01     3.04672e+01     1.27555e-02
    2.73457e+00     6.31049e+02     1.55111e-01     3.03747e+01     9.23017e-03
    2.73866e+00     6.30064e+02     2.15710e-01     3.02766e+01     1.24664e-02
    2.74275e+00     6.28606e+02     1.30586e-01     3.01916e+01     1.82680e-02
    2.74684e+00     6.27182e+02     2.23095e-01     3.00850e+01     7.72557e-03
    2.75093e+00     6.26080e+02     2.62995e-01     3.00142e+01     8.72873e-03
    2.75502e+00     6.24938e+02     2.26332e-01     2.99224e+01     1.09700e-02
    2.75911e+00     6.23675e+02     9.47571e-02     2.98389e+01     1.44608e-02
    2.76320e+00     6.22366e+02     2.74351e-01     2.97165e+01     2.29470e-02
    2.76730e+00     6.21108e+02     1.97353e-01     2.96686e+01     8.09238e-03
    2.77139e+00     6.19942e+02     2.26550e-01     2.95722e+01     1.23287e-02
    2.77548e+00     6.18538e+02     2.11670e-01     2.94896e+01     1.19262e-02
    2.77957e+00     6.17265e+02     1.67444e-01     2.93941e+01     1.67820e-02
    2.78366e+00     6.16173e+02     2.59665e-01     2.93237e+01     1.10997e-02
    2.78775e+00     6.15118e+02     1.43480e-01     2.92318e+01     1.57921e-02
    2.79184e+00     6.13653e+02     2.46499e-01     2.91521e+01     1.72949e-02
    2.79593e+00     6.12642e+02     2.41381e-01     2.90511e+01     2.11095e-02
    2.80002e+00     6.11225e+02     1.63480e-01     2.89690e+01     1.25806e-02
    2.80411e+00     6.10273e+02     9.12928e-02     2.88815e+01     7.50416e-03
    2.80820e+00     6.09075e+02     1.72071e-01     2.88158e+01     1.86012e-02
    2.81229e+00     6.07749e+02     1.02186e-01     2.87353e+01     1.66262e-02
    2.81638e+00     6.06300e+02     1.74967e-01     2.86142e+01     9.70785e-03
    2.82047e+00     6.05233e+02     2.05174e-01     2.85459e+01     1.73954e-02
    2.82457e+00     6.03864e+02     1.84703e-01     2.84467e+01     1.06912e-02
    2.82866e+00     6.02908e+02     1.52737e-01     2.83856e+01     1.19687e-02
    2.83275e+00     6.01702e+02     1.12365e-01     2.82991e+01     1.73466e-02
    2.83684e+00     6.00338e+02     1.96075e-01     2.82054e+01     1.08890e-02
    2.84093e+00     5.98958e+02     1.46415e-01     2.81037e+01     1.16913e-02
    2.84502e+00     5.98195e+02     1.28251e-01     2.80427e+01     6.14467e-03
    2.84911e+00     5.96809e+02     1.20649e-01     2.79602e+01     8.56398e-03
    2.85320e+00     5.95462e+02     1.39411e-01     2.78662e+01     2.36398e-02
    2.85729e+00     5.94675e+02     1.83196e-01     2.78111e+01     1.05650e-02
    2.86138e+00     5.93167e+02     1.77068e-01     2.76990e+01     1.49505e-02
    2.86547e+00     5.92021e+02     2.14130e-01     2.76150e+01     9.65671e-03
    2.86956e+00     5.90923e+02     1.24168e-01     2.75320e+01     4.93743e-03
    2.87365e+00     5.89727e+02     2.26288e-01     2.74616e+01     1.65954e-02
    2.87774e+00     5.88445e+02     1.77479e-01     2.73813e+01     1.09126e-02
    2.88183e+00     5.87291e+02     2.81058e-01     2.72779e+01     8.56855e-03
    2.88592e+00     5.86062e+02     1.30087e-01     2.72017e+01     9.50825e-03
    2.89001e+00     5.84549e+02     1.36462e-01     2.71323e+01     9.24210e-03
    2.89410e+00     5.83430e+02     9.77053e-02     2.70285e+01     8.96053e-03
    2.89820e+00     5.82528e+02     1.94631e-01     2.69834e+01     7.29201e-03
    2.90229e+00     5.81115e+02     2.29749e-01     2.68741e+01     1.82783e-02
    2.90638e+00     5.80259e+02     9.76028e-02     2.68155e+01     6.83846e-03
    2.91047e+00     5.78954e+02     9.72698e-02     2.67438e+01     1.00856e-02
    2.91456e+00     5.77800e+02     1.28450e-01     2.66416e+01     1.24441e-02
    2.91865e+00     5.76615e+02     1.37182e-01     2.65729e+01     3.84240e-03
    2.92274e+00     5.75385e+02     2.58015e-01     2.64967e+01     1.92931e-02
    2.92683e+00     5.74092e+02     1.70125e-01     2.64173e+01     1.43617e-02
    2.93092e+00     5.73179e+02     1.35102e-01     2.63172e+01     1.15873e-02
    2.93501e+00     5.71809e+02     2.09192e-01     2.62566e+01     1.76157e-02
    2.93910e+00     5.70666e+02     1.58474e-01     2.61700e+01     9.75136e-03
    2.94319e+00     5.69561e+02     1.46782e-01     2.60982e+01     8.39556e-03
    2.94728e+00     5.68340e+02     8.94857e-02     2.60250e+01     9.63503e-03
    2.95137e+00     5.67266e+02     1.95953e-01     2.59413e+01     7.86888e-03
    2.95546e+00     5.65992e+02     1.03272e-01     2.58428e+01     1.79741e-02
    2.95955e+00     5.64970e+02     1.57309e-01     2.57816e+01     7.82529e-03
    2.96364e+00     5.63674e+02     1.19336e-01     2.57013e+01     7.25675e-03
    2.96774e+00     5.62578e+02     1.20993e-01     2.56212e+01     1.54869e-02
    2.97183e+00     5.61296e+02     1.04472e-01     2.55474e+01     1.53145e-02
    2.97592e+00     5.60395e+02     1.95439e-01     2.54719e+01     1.15832e-02
    2.98001e+00     5.58928e+02     1.39143e-01     2.53896e+01     8.69027e-03
    2.98410e+00     5.58022e+02     1.66408e-01     2.53186e+01     1.11202e-02
    2.98819e+00     5.56693e+02     1.73513e-01     2.52485e+01     8.26873e-03
    2.99228e+00     5.55686e+02     2.53555e-01     2.51639e+01     1.36381e-02
    2.99637e+00     5.54469e+02     1.46571e-01     2.50840e+01     8.54234e-03
    3.00046e+00     5.53415e+02     2.19115e-01     2.50158e+01     1.16285e-02
    3.00455e+00     5.52163e+02     6.08049e-02     2.49322e+01     1.33835e-02
    3.00864e+00     5.51161e+02     1.49939e-01     2.48700e+01     1.39165e-02
    3.01273e+00     5.49897e+02     1.12457e-01     2.47833e+01     4.83918e-03
    3.01682e+00     5.48898e+02     1.24750e-01     2.47253e+01     1.29119e-02
    3.02091e+00     5.47584e+02     8.33418e-02     2.46330e+01     1.00963e-02
    3.02500e+00     5.46695e+02     1.58625e-01     2.45517e+01     3.89917e-03
    3.02910e+00     5.45420e+02     1.15925e-01     2.44713e+01     8.10445e-03
    3.03319e+00     5.44347e+02     1.36411e-01     2.44089e+01     9.25065e-03
    3.03728e+00     5.43177e+02     1.34477e-01     2.43291e+01     8.38505e-03
    3.04137e+00     5.42267e+02     1.16618e-01     2.42678e+01     1.04178e-02
    3.04546e+00     5.40884e+02     1.77990e-01     2.41732e+01     1.14063e-02
    3.04955e+00     5.39853e+02     1.58800e-01     2.41200e+01     9.05001e-03
    3.05364e+00     5.38617e+02     2.12150e-01     2.40317e+01     7.77117e-03
    3.05773e+00     5.37568e+02     1.78779e-01     2.39653e+01     6.12163e-03
    3.06182e+00     5.36585e+02     1.26003e-01     2.38883e+01     1.47576e-02
    3.06591e+00     5.35458e+02     1.07565e-01     2.38237e+01     1.52453e-02
    3.07000e+00     5.34206e+02     2.18057e-01     2.37394e+01     1.54894e-02
    3.07409e+00     5.33131e+02     6.91529e-02     2.36687e+01     9.53054e-03
    3.07818e+00     5.32244e+02     1.44218e-01     2.36122e+01     7.86672e-03
    3.08227e+00     5.30749e+02     2.51504e-01     2.35134e+01     3.97458e-03
    3.08636e+00     5.29745e+02     1.52479e-01     2.34445e+01     5.79774e-03
    3.09045e+00     5.28850e+02     2.00507e-01     2.33832e+01     1.18919e-02
    3.09454e+00     5.27581e+02     9.00071e-02     2.33125e+01     7.68073e-03
    3.09863e+00     5.26529e+02     8.92527e-02     2.32451e+01     1.05543e-02
    3.10272e+00     5.25481e+02     1.69750e-01     2.31717e+01     5.70372e-03
    3.10682e+00     5.24377e+02     2.07160e-01     2.31109e+01     1.08830e-02
    3.11091e+00     5.23339e+02     1.48994e-01     2.30300e+01     8.79915e-03
    3.11500e+00     5.22145e+02     1.04229e-01     2.29643e+01     8.58649e-03
    3.11909e+00     5.20910e+02     1.10657e-01     2.28864e+01     3.59333e-03
    3.12318e+00     5.20002e+02     9.70725e-02     2.28193e+01     4.76243e-03
    3.12727e+00     5.18796e+02     1.03319e-01     2.27510e+01     8.67480e-03
    3.13136e+00     5.17903e+02     1.12959e-01     2.26777e+01     9.39183e-03
    3.13545e+00     5.16716e+02     2.04756e-01     2.26138e+01     5.02107e-03
    3.13954e+00     5.15573e+02     1.00374e-01     2.25380e+01     7.84316e-03
    3.14363e+00     5.14372e+02     1.79053e-01     2.24596e+01     6.96799e-03
    3.14772e+00     5.13466e+02     1.56184e-01     2.24046e+01     1.01179e-02
    3.15181e+00     5.12325e+02     8.49197e-02     2.23420e+01     5.21446e-03
    3.15590e+00     5.11326e+02     1.36591e-01     2.22649e+01     5.51964e-03
    3.16000e+00     5.10265e+02     8.82027e-02     2.22007e+01     5.91234e-03
    3.16409e+00     5.09119e+02     1.04765e-01     2.21317e+01     1.00809e-02
    3.16818e+00     5.08107e+02     1.21315e-01     2.20557e+01     5.57755e-03
    3.17227e+00     5.07028e+02     1.34071e-01     2.19895e+01     8.70392e-03
    3.17636e+00     5.06072e+02     8.11942e-02     2.19414e+01     1.23046e-02
    3.18045e+00     5.04951e+02     7.11750e-02     2.18448e+01     1.09567e-02
    3.18454e+00     5.04141e+02     7.50955e-02     2.18004e+01     8.67868e-03
    3.18863e+00     5.02657e+02     7.54557e-02     2.17187e+01     1.12496e-02
    3.19272e+00     5.01879e+02     6.00184e-02     2.16675e+01     4.17966e-03
    3.19681e+00     5.00739e+02     9.55817e-02     2.15825e+01     3.62602e-03
    3.20090e+00     4.99657e+02     1.28984e-01     2.15235e+01     6.81329e-03
    3.20499e+00     4.98584e+02     1.15082e-01     2.14692e+01     9.37473e-03
    3.20908e+00     4.97429e+02     8.00389e-02     2.13880e+01     1.10646e-02
    3.21317e+00     4.96368e+02     1.29104e-01     2.13169e+01     8.36481e-03
    3.21726e+00     4.95485e+02     1.36087e-01     2.12646e+01     8.98128e-03
    3.22135e+00     4.94262e+02     1.50521e-01     2.11866e+01     9.14822e-03
    3.22545e+00     4.93390e+02     1.69628e-01     2.11284e+01     1.41515e-02
    3.22954e+00     4.92277e+02     6.23945e-02     2.10680e+01     3.53074e-03
    3.23363e+00     4.91368e+02     5.45467e-02     2.09897e+01     1.23265e-02
    3.23772e+00     4.90340e+02     4.98200e-02     2.09306e+01     9.28812e-03
    3.24181e+00     4.89180e+02     1.11719e-01     2.08541e+01     8.41488e-03
    3.24590e+00     4.88172e+02     1.43249e-01     2.07874e+01     9.06729e-03
    3.24999e+00     4.87262e+02     1.22890e-01     2.07418e+01     1.09305e-02
    3.25408e+00     4.86154e+02     1.38914e-01     2.06771e+01     1.17017e-02
    3.25817e+00     4.85100e+02     1.53816e-01     2.05995e+01     6.42253e-03
    3.26226e+00     4.84021e+02     1.02086e-01     2.05359e+01     1.22545e-02
    3.26635e+00     4.82986e+02     1.31818e-01     2.04745e+01     4.49869e-03
    3.27044e+00     4.81984e+02     9.49278e-02     2.04088e+01     1.52707e-02
    3.27453e+00     4.81035e+02     4.89234e-02     2.03516e+01     7.15086e-03
    3.27862e+00     4.79952e+02     1.41233e-01     2.02989e+01     6.53836e-03
    3.28271e+00     4.78976e+02     8.43842e-02     2.02215e+01     1.04324e-02
    3.28681e+00     4.78004e+02     1.11172e-01     2.01618e+01     9.02787e-03
    3.29090e+00     4.76952e+02     9.43418e-02     2.01017e+01     6.25855e-03
    3.29499e+00     4.75886e+02     1.30993e-01     2.00313e+01     6.25275e-03
    3.29908e+00     4.74852e+02     5.01058e-02     1.99618e+01     5.96404e-03
    3.30317e+00     4.73899e+02     1.32026e-01     1.99068e+01     8.39812e-03
    3.30725e+00     4.72948e+02     1.14029e-01     1.98574e+01     4.08836e-03
    3.31135e+00     4.71997e+02     8.01642e-02     1.97963e+01     9.43043e-03
    3.31544e+00     4.70847e+02     1.44389e-01     1.97154e+01     9.13983e-03
    3.31953e+00     4.69783e+02     1.06638e-01     1.96545e+01     9.04192e-03
    3.32362e+00     4.68921e+02     1.45125e-01     1.95868e+01     6.28811e-03
    3.32771e+00     4.68020e+02     8.04890e-02     1.95466e+01     8.82384e-03
    3.33180e+00     4.66982e+02     2.02886e-01     1.94804e+01     7.03577e-03
    3.33589e+00     4.65970e+02     9.01639e-02     1.94185e+01     8.69343e-03
    3.33998e+00     4.65038e+02     6.40774e-02     1.93566e+01     5.03086e-03
    3.34407e+00     4.64055e+02     4.47344e-02     1.92875e+01     5.15480e-03
    3.34816e+00     4.63005e+02     1.11377e-01     1.92306e+01     6.11797e-03
    3.35226e+00     4.62211e+02     1.06874e-01     1.91811e+01     6.17732e-03
    3.35634e+00     4.61036e+02     1.38920e-01     1.91161e+01     5.97462e-03
    3.36043e+00     4.60169e+02     9.53829e-02     1.90653e+01     5.06427e-03
    3.36453e+00     4.59214e+02     6.02982e-02     1.89980e+01     8.83286e-03
    3.36862e+00     4.58174e+02     3.83537e-02     1.89405e+01     4.64603e-03
    3.37271e+00     4.57208e+02     9.16418e-02     1.88673e+01     9.87396e-03
    3.37680e+00     4.56153e+02     1.03259e-01     1.88228e+01     9.34422e-03
    3.38089e+00     4.55369e+02     1.45264e-01     1.87647e+01     6.60877e-03
    3.38498e+00     4.54203e+02     6.99638e-02     1.87061e+01     6.33949e-03
    3.38907e+00     4.53385e+02     1.40556e-01     1.86368e+01     8.22666e-03
    3.39316e+00     4.52371e+02     1.12176e-01     1.85817e+01     8.44364e-03
    3.39725e+00     4.51322e+02     1.15078e-01     1.85258e+01     5.41379e-03
    3.40134e+00     4.50498e+02     8.15191e-02     1.84775e+01     6.09454e-03
    3.40543e+00     4.49565e+02     5.84966e-02     1.84056e+01     8.77215e-03
    3.40952e+00     4.48554e+02     1.24139e-01     1.83510e+01     9.84137e-03
    3.41362e+00     4.47620e+02     5.02419e-02     1.82925e+01     1.05570e-02
    3.41770e+00     4.46662e+02     8.83012e-02     1.82402e+01     5.02626e-03
    3.42179e+00     4.45754e+02     9.10361e-02     1.81828e+01     8.47357e-03
    3.42588e+00     4.44783e+02     8.53696e-02     1.81268e+01     7.63156e-03
    3.42997e+00     4.43744e+02     7.59388e-02     1.80677e+01     4.13614e-03
    3.43406e+00     4.42840e+02     9.33784e-02     1.80109e+01     3.62489e-03
    3.43816e+00     4.41951e+02     1.11671e-01     1.79515e+01     7.42958e-03
    3.44225e+00     4.41225e+02     1.29976e-01     1.79035e+01     8.60736e-03
    3.44634e+00     4.40117e+02     1.49533e-01     1.78454e+01     8.99346e-03
    3.45043e+00     4.39142e+02     1.11089e-01     1.77739e+01     5.52629e-03
    3.45452e+00     4.38144e+02     1.24634e-01     1.77300e+01     6.73656e-03
    3.45861e+00     4.37304e+02     1.03174e-01     1.76748e+01     5.30522e-03
    3.46270e+00     4.36421e+02     9.36617e-02     1.76275e+01     8.28663e-03
    3.46679e+00     4.35462e+02     9.37434e-02     1.75707e+01     7.20369e-03
    3.47088e+00     4.34550e+02     1.22772e-01     1.75074e+01     1.04590e-02
    3.47497e+00     4.33552e+02     7.09316e-02     1.74591e+01     4.29271e-03
    3.47906e+00     4.32549e+02     4.31781e-02     1.73875e+01     6.21211e-03
    3.48315e+00     4.31833e+02     6.29910e-02     1.73449e+01     6.79171e-03
    3.48725e+00     4.30893e+02     1.54698e-01     1.72894e+01     5.76574e-03
    3.49134e+00     4.29979e+02     1.06473e-01     1.72409e+01     6.57796e-03
    3.49543e+00     4.28973e+02     1.21658e-01     1.71840e+01     6.20402e-03
    3.49952e+00     4.28191e+02     4.41467e-02     1.71329e+01     3.71186e-03
    3.50361e+00     4.27240e+02     1.32332e-01     1.70808e+01     1.12452e-02
    3.50770e+00     4.26353e+02     9.07471e-02     1.70224e+01     5.23733e-03
    3.51179e+00     4.25435e+02     1.10373e-01     1.69689e+01     7.46952e-03
    3.51588e+00     4.24526e+02     2.01482e-01     1.69118e+01     6.82794e-03
    3.51997e+00     4.23746e+02     1.61857e-01     1.68655e+01     6.37549e-03
    3.52406e+00     4.22755e+02     1.44013e-01     1.68158e+01     4.00009e-03
    3.52815e+00     4.21822e+02     1.14884e-01     1.67541e+01     6.75530e-03
    3.53224e+00     4.21033e+02     1.00661e-01     1.67110e+01     9.25301e-03
    3.53633e+00     4.20194e+02     1.32665e-01     1.66581e+01     6.64576e-03
    3.54042e+00     4.19112e+02     1.08199e-01     1.66027e+01     6.22274e-03
    3.54451e+00     4.18270e+02     1.68056e-01     1.65463e+01     7.61064e-03
    3.54860e+00     4.17401e+02     1.17056e-01     1.64902e+01     6.26342e-03
    3.55270e+00     4.16648e+02     1.26218e-01     1.64463e+01     6.52349e-03
    3.55679e+00     4.15685e+02     1.82329e-01     1.63910e+01     1.01794e-02
    3.56088e+00     4.14900e+02     4.26022e-02     1.63438e+01     4.32665e-03
    3.56497e+00     4.14076e+02     1.53277e-01     1.62994e+01     5.11485e-03
    3.56906e+00     4.13172e+02     1.05089e-01     1.62441e+01     6.02666e-03
    3.57315e+00     4.12159e+02     9.19883e-02     1.61871e+01     5.44458e-03
    3.57724e+00     4.11291e+02     1.02079e-01     1.61348e+01     6.75076e-03
    3.58133e+00     4.10514e+02     1.54954e-01     1.60876e+01     7.46190e-03
    3.58542e+00     4.09857e+02     7.26523e-02     1.60426e+01     2.92259e-03
    3.58951e+00     4.08888e+02     1.75805e-01     1.59905e+01     3.55865e-03
    3.59360e+00     4.07994e+02     9.39487e-02     1.59457e+01     4.63600e-03
    3.59769e+00     4.07072e+02     6.15323e-02     1.58820e+01     2.70749e-03
    3.60178e+00     4.06296e+02     9.43172e-02     1.58403e+01     4.66128e-03
    3.60587e+00     4.05371e+02     1.55611e-01     1.57880e+01     1.10209e-02
    3.60996e+00     4.04605e+02     6.60344e-02     1.57412e+01     5.24212e-03
    3.61405e+00     4.03617e+02     9.47406e-02     1.56838e+01     3.96449e-03
    3.61814e+00     4.02908e+02     1.12647e-01     1.56456e+01     4.60737e-03
    3.62224e+00     4.02033e+02     9.34905e-02     1.55873e+01     6.03173e-03
    3.62633e+00     4.01169e+02     1.32994e-01     1.55441e+01     6.35903e-03
    3.63042e+00     4.00539e+02     5.20768e-02     1.55044e+01     6.93470e-03
    3.63451e+00     3.99584e+02     8.28174e-02     1.54507e+01     4.61478e-03
    3.63860e+00     3.98678e+02     9.62596e-02     1.54023e+01     8.04444e-03
    3.64269e+00     3.98066e+02     1.09632e-01     1.53581e+01     8.73486e-03
    3.64678e+00     3.97013e+02     4.86489e-02     1.53064e+01     3.62506e-03
    3.65087e+00     3.96252e+02     4.57880e-02     1.52607e+01     5.58935e-03
    3.65496e+00     3.95447e+02     8.02208e-02     1.52194e+01     7.56387e-03
    3.65905e+00     3.94643e+02     7.22647e-02     1.51676e+01     3.91825e-03
    3.66314e+00     3.93807e+02     1.28422e-01     1.51181e+01     6.20010e-03
    3.66723e+00     3.93122e+02     6.84357e-02     1.50897e+01     4.55776e-03
    3.67132e+00     3.92225e+02     7.54371e-02     1.50335e+01     2.35279e-03
    3.67541e+00     3.91327e+02     9.84102e-02     1.49815e+01     4.04277e-03
    3.67950e+00     3.90500e+02     8.62092e-02     1.49299e+01     5.40635e-03
    3.68359e+00     3.89763e+02     1.19330e-01     1.48844e+01     7.43805e-03
    3.68769e+00     3.88802e+02     1.17500e-01     1.48402e+01     4.15173e-03
    3.69177e+00     3.88064e+02     7.74627e-02     1.47972e+01     4.27015e-03
    3.69587e+00     3.87348e+02     1.15662e-01     1.47513e+01     1.41172e-03
    3.69996e+00     3.86497e+02     6.13378e-02     1.47030e+01     9.78488e-03
    3.70405e+00     3.85700e+02     7.09485e-02     1.46607e+01     4.81637e-03
    3.70814e+00     3.85067e+02     1.53422e-01     1.46208e+01     3.35132e-03
    3.71223e+00     3.84220e+02     7.38695e-02     1.45732e+01     5.70688e-03
    3.71632e+00     3.83469e+02     5.21633e-02     1.45301e+01     8.59059e-03
    3.72041e+00     3.82675e+02     6.61156e-02     1.44861e+01     4.01125e-03
    3.72450e+00     3.81876e+02     7.43485e-02     1.44362e+01     5.87905e-03
    3.72859e+00     3.81088e+02     6.26584e-02     1.43912e+01     4.34680e-03
    3.73268e+00     3.80243e+02     5.30165e-02     1.43439e+01     6.84391e-03
    3.73677e+00     3.79495e+02     1.40143e-01     1.43079e+01     4.23614e-03
    3.74086e+00     3.78652e+02     7.92394e-02     1.42575e+01     5.74183e-03
    3.74495e+00     3.77866e+02     6.67903e-02     1.42130e+01     3.30485e-03
    3.74905e+00     3.77108e+02     9.10538e-02     1.41740e+01     5.26169e-03
    3.75313e+00     3.76425e+02     8.50369e-02     1.41287e+01     7.81588e-03
    3.75722e+00     3.75626e+02     6.52647e-02     1.40879e+01     3.87307e-03
    3.76131e+00     3.74862e+02     5.38020e-02     1.40401e+01     5.18530e-03
    3.76541e+00     3.74163e+02     5.91366e-02     1.39984e+01     6.68133e-03
    3.76950e+00     3.73431e+02     9.22515e-02     1.39666e+01     3.79147e-03
    3.77359e+00     3.72585e+02     1.29044e-01     1.39119e+01     2.22320e-03
    3.77768e+00     3.71741e+02     9.63501e-02     1.38735e+01     3.57597e-03
    3.78177e+00     3.71089e+02     1.17538e-01     1.38279e+01     5.15238e-03
    3.78586e+00     3.70394e+02     5.93374e-02     1.37913e+01     5.37632e-03
    3.78995e+00     3.69554e+02     7.13354e-02     1.37432e+01     5.79180e-03
    3.79404e+00     3.68824e+02     4.44978e-02     1.37072e+01     3.78781e-03
    3.79813e+00     3.68146e+02     9.92650e-02     1.36656e+01     5.20013e-03
    3.80222e+00     3.67370e+02     3.60700e-02     1.36283e+01     4.83532e-03
    3.80632e+00     3.66608e+02     1.13431e-01     1.35837e+01     3.05206e-03
    3.81040e+00     3.65935e+02     1.25969e-01     1.35456e+01     4.28649e-03
    3.81449e+00     3.65268e+02     1.01467e-01     1.35076e+01     5.14648e-03
    3.81859e+00     3.64437e+02     8.29588e-02     1.34638e+01     4.36348e-03
    3.82268e+00     3.63741e+02     8.26702e-02     1.34249e+01     4.48893e-03
    3.82677e+00     3.63062e+02     4.57500e-02     1.33864e+01     4.22930e-03
    3.83086e+00     3.62350e+02     9.59863e-02     1.33398e+01     2.94773e-03
    3.83495e+00     3.61520e+02     1.22148e-01     1.32992e+01     6.19730e-03
    3.83904e+00     3.60968e+02     1.01130e-01     1.32653e+01     2.02772e-03
    3.84313e+00     3.60131e+02     8.40097e-02     1.32208e+01     2.40914e-03
    3.84722e+00     3.59399e+02     7.21579e-02     1.31844e+01     2.65179e-03
    3.85131e+00     3.58633e+02     1.07061e-01     1.31397e+01     4.93100e-03
    3.85540e+00     3.58034e+02     4.88930e-02     1.31104e+01     2.20541e-03
    3.85949e+00     3.57344e+02     1.24733e-01     1.30676e+01     5.54734e-03
    3.86358e+00     3.56646e+02     6.08470e-02     1.30348e+01     5.56471e-03
    3.86768e+00     3.55937e+02     2.47462e-02     1.29874e+01     4.51922e-03
    3.87177e+00     3.55206e+02     8.34872e-02     1.29485e+01     2.52775e-03
    3.87585e+00     3.54519e+02     1.10472e-01     1.29166e+01     5.00448e-03
    3.87994e+00     3.53760e+02     9.85384e-02     1.28699e+01     3.10692e-03
    3.88403e+00     3.53085e+02     6.82706e-02     1.28366e+01     2.91915e-03
    3.88813e+00     3.52417e+02     8.95496e-02     1.27981e+01     4.23576e-03
    3.89222e+00     3.51717e+02     4.04822e-02     1.27651e+01     4.45565e-03
    3.89631e+00     3.51066e+02     1.11643e-01     1.27234e+01     2.95647e-03
    3.90040e+00     3.50400e+02     4.21705e-02     1.26904e+01     3.36802e-03
    3.90449e+00     3.49657e+02     1.04895e-01     1.26482e+01     4.08602e-03
    3.90858e+00     3.48964e+02     1.32900e-01     1.26109e+01     5.80186e-03
    3.91267e+00     3.48382e+02     1.08051e-01     1.25790e+01     3.53051e-03
    3.91676e+00     3.47707e+02     9.08577e-02     1.25449e+01     1.09129e-03
    3.92085e+00     3.46948e+02     1.22862e-01     1.24995e+01     6.03477e-03
    3.92494e+00     3.46312e+02     1.04903e-01     1.24673e+01     3.85005e-03
    3.92903e+00     3.45690e+02     3.71330e-02     1.24335e+01     3.58175e-03
    3.93312e+00     3.45073e+02     8.39677e-02     1.23964e+01     5.74524e-03
    3.93721e+00     3.44362e+02     8.66815e-02     1.23638e+01     5.59523e-03
    3.94130e+00     3.43654e+02     6.45117e-02     1.23226e+01     5.18987e-03
    3.94539e+00     3.43051e+02     9.33145e-02     1.22935e+01     1.67438e-03
    3.94949e+00     3.42295e+02     5.71031e-02     1.22520e+01     8.35047e-03
    3.95358e+00     3.41695e+02     9.29030e-02     1.22199e+01     5.25471e-03
    3.95767e+00     3.41096e+02     8.63545e-02     1.21856e+01     3.23558e-03
    3.96176e+00     3.40441e+02     1.22128e-01     1.21499e+01     3.63463e-03
    3.96585e+00     3.39792e+02     4.37275e-02     1.21176e+01     1.39851e-03
    3.96994e+00     3.39115e+02     8.45411e-02     1.20845e+01     1.21904e-03
    3.97403e+00     3.38367e+02     1.16000e-01     1.20425e+01     5.77234e-03
    3.97812e+00     3.37792e+02     8.59275e-02     1.20036e+01     1.76089e-03
    3.98221e+00     3.37200e+02     7.11282e-02     1.19772e+01     3.61770e-03
    3.98630e+00     3.36473e+02     1.08335e-01     1.19374e+01     4.24138e-03
    3.99039e+00     3.35940e+02     6.74080e-02     1.19055e+01     3.67416e-03
    3.99448e+00     3.35245e+02     7.21488e-02     1.18730e+01     3.16266e-03
    3.99857e+00     3.34686e+02     3.95791e-02     1.18478e+01     2.84055e-03
    4.00266e+00     3.34016e+02     4.25726e-02     1.18092e+01     6.74187e-03
    4.00675e+00     3.33443e+02     6.97571e-02     1.17767e+01     5.55076e-03
    4.01085e+00     3.32769e+02     9.36048e-02     1.17394e+01     1.65887e-03
    4.01494e+00     3.32190e+02     6.48689e-02     1.17091e+01     5.10952e-03
    4.01902e+00     3.31599e+02     9.01816e-02     1.16806e+01     4.50684e-03
    4.02312e+00     3.30948e+02     7.44990e-02     1.16438e+01     5.66047e-03
    4.02721e+00     3.30323e+02     1.18733e-01     1.16107e+01     4.66692e-03
    4.03130e+00     3.29707e+02     5.17587e-02     1.15847e+01     3.59455e-03
    4.03539e+00     3.29129e+02     8.80423e-02     1.15493e+01     2.75096e-03
    4.03948e+00     3.28473e+02     7.56892e-02     1.15167e+01     3.95506e-03
    4.04357e+00     3.27909e+02     7.78728e-02     1.14814e+01     3.23930e-03
    4.04766e+00     3.27279e+02     5.25467e-02     1.14571e+01     2.74146e-03
    4.05175e+00     3.26689e+02     1.03438e-01     1.14209e+01     4.41559e-03
    4.05584e+00     3.26102e+02     6.91646e-02     1.13936e+01     3.97708e-03
    4.05993e+00     3.25417e+02     6.85988e-02     1.13567e+01     4.34322e-03
    4.06402e+00     3.24953e+02     1.43679e-01     1.13317e+01     2.03585e-03
    4.06811e+00     3.24346e+02     8.68866e-02     1.12973e+01     1.03321e-03
    4.07220e+00     3.23760e+02     1.10234e-01     1.12670e+01     3.55851e-03
    4.07630e+00     3.23091e+02     1.26594e-01     1.12329e+01     4.05640e-03
    4.08038e+00     3.22534e+02     3.92448e-02     1.12102e+01     1.70761e-03
    4.08447e+00     3.22064e+02     7.50612e-02     1.11769e+01     3.41155e-03
    4.08857e+00     3.21401e+02     6.32471e-02     1.11420e+01     5.24521e-03
    4.09266e+00     3.20886e+02     1.19321e-01     1.11175e+01     4.83999e-03
    4.09675e+00     3.20321e+02     1.14347e-01     1.10879e+01     4.81758e-03
    4.10084e+00     3.19650e+02     8.13358e-02     1.10547e+01     2.96698e-03
    4.10493e+00     3.19102e+02     1.14000e-01     1.10288e+01     3.37802e-03
    4.10902e+00     3.18590e+02     9.60230e-02     1.09987e+01     2.83528e-03
    4.11311e+00     3.17906e+02     5.20967e-02     1.09697e+01     3.34946e-03
    4.11720e+00     3.17475e+02     1.30324e-01     1.09389e+01     4.21783e-03
    4.12129e+00     3.16851e+02     6.84663e-02     1.09117e+01     2.96606e-03
    4.12538e+00     3.16330e+02     9.68245e-02     1.08810e+01     3.70722e-03
    4.12947e+00     3.15754e+02     6.17034e-02     1.08529e+01     5.33259e-03
    4.13356e+00     3.15195e+02     9.26257e-02     1.08277e+01     2.84411e-03
    4.13765e+00     3.14664e+02     5.05942e-02     1.07972e+01     2.77444e-03
    4.14175e+00     3.14121e+02     1.23875e-01     1.07740e+01     3.80399e-03
    4.14584e+00     3.13606e+02     5.84891e-02     1.07466e+01     3.00614e-03
    4.14993e+00     3.13063e+02     7.95457e-02     1.07191e+01     2.97683e-03
    4.15402e+00     3.12491e+02     7.25583e-02     1.06876e+01     4.03535e-03
    4.15811e+00     3.11911e+02     8.35772e-02     1.06582e+01     1.72695e-03
    4.16220e+00     3.11377e+02     7.71129e-02     1.06321e+01     3.92122e-03
    4.16629e+00     3.10936e+02     1.08026e-01     1.06019e+01     2.40514e-03
    4.17038e+00     3.10435e+02     1.13604e-01     1.05827e+01     3.94509e-03
    4.17447e+00     3.09819e+02     8.45203e-02     1.05513e+01     3.94858e-03
    4.17856e+00     3.09335e+02     8.23190e-02     1.05264e+01     1.71348e-03
    4.18265e+00     3.08722e+02     1.31600e-01     1.04975e+01     3.38896e-03
    4.18674e+00     3.08185e+02     3.65484e-02     1.04709e+01     2.98132e-03
