# Real space auto- and cross-spectra.
# z=0.500, 12.500<lgM<13.000
#      k[h/Mpc]            P_hh            P_hm            P_mm
    0.00000e+00     0.00000e+00     0.00000e+00     0.00000e+00
    5.79404e-03     1.09939e+04     8.58875e+03     7.21996e+03
    1.04717e-02     2.71303e+04     2.11648e+04     1.74718e+04
    1.42665e-02     2.50861e+04     1.89930e+04     1.54147e+04
    1.81228e-02     2.35031e+04     1.81983e+04     1.51473e+04
    2.24845e-02     2.41998e+04     1.87292e+04     1.55725e+04
    2.64508e-02     1.81287e+04     1.37186e+04     1.15101e+04
    3.04474e-02     1.85649e+04     1.41372e+04     1.18335e+04
    3.47320e-02     1.55192e+04     1.15780e+04     9.70283e+03
    3.88308e-02     1.44174e+04     1.07098e+04     8.94745e+03
    4.28140e-02     1.37961e+04     1.02989e+04     8.64476e+03
    4.68856e-02     1.27483e+04     9.40432e+03     7.89798e+03
    5.09858e-02     1.25957e+04     9.03980e+03     7.41452e+03
    5.51458e-02     1.14006e+04     8.23835e+03     6.90217e+03
    5.92243e-02     1.06198e+04     7.47693e+03     6.22795e+03
    6.32864e-02     1.06797e+04     7.52871e+03     6.23999e+03
    6.73674e-02     9.93356e+03     7.07097e+03     5.97995e+03
    7.14960e-02     9.64464e+03     6.76379e+03     5.62580e+03
    7.55894e-02     9.13572e+03     6.33720e+03     5.28687e+03
    7.96660e-02     8.47324e+03     5.78313e+03     4.79181e+03
    8.38183e-02     8.05168e+03     5.41789e+03     4.47130e+03
    8.78941e-02     7.47942e+03     4.96931e+03     4.11041e+03
    9.19238e-02     6.90240e+03     4.61245e+03     3.90414e+03
    9.60446e-02     6.51326e+03     4.26316e+03     3.57907e+03
    1.00128e-01     6.05454e+03     3.89132e+03     3.30025e+03
    1.04209e-01     6.00448e+03     3.77452e+03     3.14227e+03
    1.08333e-01     5.66566e+03     3.54075e+03     2.97740e+03
    1.12448e-01     5.36152e+03     3.32665e+03     2.82662e+03
    1.16521e-01     5.33947e+03     3.29740e+03     2.76872e+03
    1.20596e-01     5.33084e+03     3.26892e+03     2.72819e+03
    1.24665e-01     5.00220e+03     3.03974e+03     2.57897e+03
    1.28771e-01     4.88173e+03     2.94835e+03     2.50239e+03
    1.32874e-01     4.89145e+03     2.92944e+03     2.46994e+03
    1.36975e-01     4.50749e+03     2.64804e+03     2.25103e+03
    1.41075e-01     4.48787e+03     2.63055e+03     2.22806e+03
    1.45172e-01     4.27657e+03     2.45034e+03     2.07902e+03
    1.49268e-01     4.14106e+03     2.34564e+03     2.00367e+03
    1.53330e-01     4.00491e+03     2.24838e+03     1.91527e+03
    1.57416e-01     3.80545e+03     2.06748e+03     1.77432e+03
    1.61514e-01     3.72110e+03     2.02861e+03     1.73901e+03
    1.65592e-01     3.60345e+03     1.93704e+03     1.68652e+03
    1.69693e-01     3.45560e+03     1.84493e+03     1.61238e+03
    1.73803e-01     3.41887e+03     1.78327e+03     1.55281e+03
    1.77905e-01     3.34409e+03     1.74127e+03     1.50866e+03
    1.82001e-01     3.26840e+03     1.67540e+03     1.46335e+03
    1.86092e-01     3.20146e+03     1.63759e+03     1.43593e+03
    1.90161e-01     3.15741e+03     1.59054e+03     1.39226e+03
    1.94237e-01     3.15957e+03     1.59204e+03     1.37819e+03
    1.98334e-01     3.05165e+03     1.50023e+03     1.31380e+03
    2.02427e-01     2.95789e+03     1.44412e+03     1.27118e+03
    2.06523e-01     2.90728e+03     1.41238e+03     1.24671e+03
    2.10626e-01     2.87094e+03     1.36851e+03     1.20784e+03
    2.14724e-01     2.80527e+03     1.31557e+03     1.16355e+03
    2.18827e-01     2.74485e+03     1.26532e+03     1.12220e+03
    2.22903e-01     2.66360e+03     1.21638e+03     1.08897e+03
    2.26990e-01     2.66919e+03     1.21453e+03     1.07488e+03
    2.31084e-01     2.56846e+03     1.14760e+03     1.02586e+03
    2.35153e-01     2.54403e+03     1.11543e+03     9.97852e+02
    2.39244e-01     2.51709e+03     1.10309e+03     9.93988e+02
    2.43338e-01     2.45979e+03     1.05750e+03     9.52188e+02
    2.47445e-01     2.45312e+03     1.03974e+03     9.37594e+02
    2.51539e-01     2.41953e+03     1.03166e+03     9.35152e+02
    2.55609e-01     2.38014e+03     9.94086e+02     9.03145e+02
    2.59718e-01     2.34599e+03     9.63051e+02     8.80186e+02
    2.63814e-01     2.32332e+03     9.56397e+02     8.63201e+02
    2.67904e-01     2.28759e+03     9.20272e+02     8.35146e+02
    2.71993e-01     2.25874e+03     9.11127e+02     8.35172e+02
    2.76068e-01     2.18993e+03     8.62458e+02     8.01055e+02
    2.80171e-01     2.19064e+03     8.58066e+02     7.89349e+02
    2.84268e-01     2.16392e+03     8.33687e+02     7.69482e+02
    2.88346e-01     2.14504e+03     8.18156e+02     7.54960e+02
    2.92426e-01     2.09904e+03     7.89811e+02     7.35350e+02
    2.96514e-01     2.08647e+03     7.79899e+02     7.26191e+02
    3.00627e-01     2.06898e+03     7.59435e+02     7.09553e+02
    3.04729e-01     2.05232e+03     7.43443e+02     6.90123e+02
    3.08821e-01     2.02633e+03     7.36110e+02     6.89839e+02
    3.12919e-01     2.00709e+03     7.14236e+02     6.70887e+02
    3.16999e-01     1.96837e+03     6.96047e+02     6.61234e+02
    3.21078e-01     1.95918e+03     6.86323e+02     6.49167e+02
    3.25167e-01     1.94423e+03     6.70409e+02     6.37734e+02
    3.29247e-01     1.93753e+03     6.60716e+02     6.24356e+02
    3.33333e-01     1.90472e+03     6.41840e+02     6.15783e+02
    3.37443e-01     1.89743e+03     6.39637e+02     6.08540e+02
    3.41545e-01     1.87482e+03     6.23878e+02     5.97086e+02
    3.45625e-01     1.87109e+03     6.08265e+02     5.84364e+02
    3.49715e-01     1.85058e+03     6.01129e+02     5.76374e+02
    3.53817e-01     1.82319e+03     5.83611e+02     5.66031e+02
    3.57906e-01     1.81755e+03     5.79728e+02     5.59977e+02
    3.61975e-01     1.81224e+03     5.71925e+02     5.53007e+02
    3.66071e-01     1.79382e+03     5.57614e+02     5.41752e+02
    3.70189e-01     1.78123e+03     5.47418e+02     5.35266e+02
    3.74277e-01     1.74841e+03     5.32787e+02     5.23338e+02
    3.78356e-01     1.74601e+03     5.30284e+02     5.20252e+02
    3.82448e-01     1.72911e+03     5.17226e+02     5.09761e+02
    3.86535e-01     1.72815e+03     5.16011e+02     5.04041e+02
    3.90624e-01     1.72175e+03     5.09948e+02     4.98146e+02
    3.94706e-01     1.69942e+03     4.96808e+02     4.89303e+02
    3.98794e-01     1.67673e+03     4.81695e+02     4.79985e+02
    4.02896e-01     1.68445e+03     4.81666e+02     4.78821e+02
    4.06986e-01     1.66751e+03     4.71103e+02     4.71572e+02
    4.11069e-01     1.66910e+03     4.69381e+02     4.65965e+02
    4.15170e-01     1.63355e+03     4.54054e+02     4.54595e+02
    4.19263e-01     1.63367e+03     4.48564e+02     4.52527e+02
    4.23353e-01     1.62684e+03     4.40929e+02     4.43040e+02
    4.27447e-01     1.61409e+03     4.37693e+02     4.41364e+02
    4.31534e-01     1.59740e+03     4.25284e+02     4.31767e+02
    4.35624e-01     1.58966e+03     4.23578e+02     4.29394e+02
    4.39718e-01     1.57720e+03     4.13040e+02     4.24366e+02
    4.43804e-01     1.58561e+03     4.13051e+02     4.21329e+02
    4.47892e-01     1.57364e+03     4.09654e+02     4.15698e+02
    4.51977e-01     1.55282e+03     3.99610e+02     4.07819e+02
    4.56067e-01     1.54780e+03     3.89278e+02     4.02997e+02
    4.60165e-01     1.55059e+03     3.89133e+02     4.00226e+02
    4.64260e-01     1.54202e+03     3.82645e+02     3.95207e+02
    4.68355e-01     1.53087e+03     3.75612e+02     3.88191e+02
    4.72450e-01     1.52686e+03     3.70611e+02     3.85474e+02
    4.76540e-01     1.51642e+03     3.67919e+02     3.81976e+02
    4.80633e-01     1.51384e+03     3.64546e+02     3.78130e+02
    4.84718e-01     1.50335e+03     3.60193e+02     3.74912e+02
    4.88794e-01     1.49813e+03     3.54459e+02     3.71147e+02
    4.92888e-01     1.48989e+03     3.47880e+02     3.66554e+02
    4.96984e-01     1.48529e+03     3.44273e+02     3.61438e+02
    5.01073e-01     1.46825e+03     3.37538e+02     3.57814e+02
    5.05169e-01     1.46993e+03     3.37112e+02     3.55752e+02
    5.09268e-01     1.46518e+03     3.31896e+02     3.52106e+02
    5.13369e-01     1.46112e+03     3.27906e+02     3.46789e+02
    5.17441e-01     1.45294e+03     3.26346e+02     3.44633e+02
    5.21516e-01     1.43781e+03     3.18029e+02     3.40708e+02
    5.25611e-01     1.44143e+03     3.15280e+02     3.36663e+02
    5.29706e-01     1.43389e+03     3.12652e+02     3.34503e+02
    5.33801e-01     1.42745e+03     3.10800e+02     3.32108e+02
    5.37888e-01     1.42201e+03     3.07636e+02     3.29113e+02
    5.41985e-01     1.41619e+03     3.00046e+02     3.24046e+02
    5.46091e-01     1.40747e+03     2.97205e+02     3.21191e+02
    5.50174e-01     1.39897e+03     2.92774e+02     3.18974e+02
    5.54252e-01     1.39865e+03     2.87710e+02     3.14142e+02
    5.58346e-01     1.39510e+03     2.86623e+02     3.13426e+02
    5.62439e-01     1.39465e+03     2.86208e+02     3.10605e+02
    5.66527e-01     1.38225e+03     2.81596e+02     3.07511e+02
    5.70616e-01     1.38196e+03     2.78460e+02     3.05356e+02
    5.74707e-01     1.37359e+03     2.76302e+02     3.02808e+02
    5.78798e-01     1.35811e+03     2.70361e+02     2.99150e+02
    5.82883e-01     1.36537e+03     2.69637e+02     2.96304e+02
    5.86977e-01     1.35825e+03     2.65568e+02     2.95063e+02
    5.91070e-01     1.34920e+03     2.62921e+02     2.91177e+02
    5.95166e-01     1.36276e+03     2.64329e+02     2.91391e+02
    5.99260e-01     1.34775e+03     2.57849e+02     2.86560e+02
    6.03349e-01     1.34194e+03     2.55895e+02     2.84959e+02
    6.07445e-01     1.34174e+03     2.54026e+02     2.82753e+02
    6.11543e-01     1.33763e+03     2.52536e+02     2.82206e+02
    6.15623e-01     1.32630e+03     2.47392e+02     2.77896e+02
    6.19704e-01     1.32820e+03     2.48000e+02     2.76316e+02
    6.23792e-01     1.32933e+03     2.45542e+02     2.72792e+02
    6.27891e-01     1.31666e+03     2.38908e+02     2.70382e+02
    6.31991e-01     1.32030e+03     2.39782e+02     2.69273e+02
    6.36073e-01     1.31205e+03     2.36086e+02     2.66221e+02
    6.40158e-01     1.31222e+03     2.34567e+02     2.64613e+02
    6.44244e-01     1.30107e+03     2.30630e+02     2.61421e+02
    6.48338e-01     1.29756e+03     2.29410e+02     2.60449e+02
    6.52432e-01     1.29720e+03     2.26177e+02     2.58341e+02
    6.56514e-01     1.29542e+03     2.26090e+02     2.57641e+02
    6.60609e-01     1.29096e+03     2.23806e+02     2.54977e+02
    6.64712e-01     1.28883e+03     2.20590e+02     2.53034e+02
    6.68801e-01     1.28314e+03     2.17795e+02     2.50540e+02
    6.72890e-01     1.27848e+03     2.16342e+02     2.47757e+02
    6.76984e-01     1.27987e+03     2.16231e+02     2.47143e+02
    6.81074e-01     1.27676e+03     2.13743e+02     2.46240e+02
    6.85160e-01     1.27166e+03     2.12627e+02     2.43634e+02
    6.89246e-01     1.26681e+03     2.10933e+02     2.43774e+02
    6.93336e-01     1.26978e+03     2.09723e+02     2.40593e+02
    6.97434e-01     1.26343e+03     2.07560e+02     2.38770e+02
    7.01528e-01     1.26089e+03     2.05589e+02     2.37832e+02
    7.05618e-01     1.25731e+03     2.02912e+02     2.35383e+02
    7.09708e-01     1.25265e+03     2.00670e+02     2.33059e+02
    7.13796e-01     1.24709e+03     1.98806e+02     2.32294e+02
    7.17892e-01     1.24475e+03     1.97749e+02     2.30437e+02
    7.21982e-01     1.23951e+03     1.96254e+02     2.28867e+02
    7.26059e-01     1.24151e+03     1.94926e+02     2.27389e+02
    7.30145e-01     1.23772e+03     1.92349e+02     2.25414e+02
    7.34240e-01     1.23355e+03     1.90608e+02     2.23981e+02
    7.38340e-01     1.23304e+03     1.89039e+02     2.22189e+02
    7.42427e-01     1.22252e+03     1.86799e+02     2.21215e+02
    7.46511e-01     1.22446e+03     1.86221e+02     2.19946e+02
    7.50614e-01     1.22009e+03     1.83460e+02     2.17953e+02
    7.54706e-01     1.21699e+03     1.82954e+02     2.17068e+02
    7.58795e-01     1.21991e+03     1.82998e+02     2.15307e+02
    7.62888e-01     1.21801e+03     1.80456e+02     2.13600e+02
    7.66986e-01     1.21058e+03     1.79349e+02     2.12784e+02
    7.71073e-01     1.21062e+03     1.78204e+02     2.12345e+02
    7.75153e-01     1.20756e+03     1.76480e+02     2.09453e+02
    7.79241e-01     1.20340e+03     1.75469e+02     2.08610e+02
    7.83335e-01     1.19959e+03     1.73075e+02     2.07631e+02
    7.87426e-01     1.20162e+03     1.71904e+02     2.06258e+02
    7.91513e-01     1.19671e+03     1.70762e+02     2.04094e+02
    7.95606e-01     1.19341e+03     1.68722e+02     2.02551e+02
    7.99702e-01     1.19090e+03     1.68676e+02     2.02232e+02
    8.03798e-01     1.18943e+03     1.67460e+02     2.00857e+02
    8.07879e-01     1.18652e+03     1.66822e+02     1.99835e+02
    8.11963e-01     1.18854e+03     1.65313e+02     1.99275e+02
    8.16059e-01     1.17978e+03     1.63350e+02     1.97258e+02
    8.20152e-01     1.17829e+03     1.62541e+02     1.95906e+02
    8.24242e-01     1.17572e+03     1.61944e+02     1.95188e+02
    8.28331e-01     1.17324e+03     1.59878e+02     1.93248e+02
    8.32425e-01     1.16859e+03     1.58444e+02     1.92998e+02
    8.36516e-01     1.16948e+03     1.58304e+02     1.91374e+02
    8.40610e-01     1.16699e+03     1.56487e+02     1.90537e+02
    8.44704e-01     1.16585e+03     1.55316e+02     1.89297e+02
    8.48790e-01     1.16280e+03     1.53949e+02     1.88491e+02
    8.52876e-01     1.15722e+03     1.54203e+02     1.86978e+02
    8.56967e-01     1.15953e+03     1.52977e+02     1.86002e+02
    8.61059e-01     1.15806e+03     1.51438e+02     1.84513e+02
    8.65147e-01     1.15356e+03     1.50744e+02     1.83456e+02
    8.69235e-01     1.14785e+03     1.49812e+02     1.82794e+02
    8.73334e-01     1.14940e+03     1.49400e+02     1.82062e+02
    8.77429e-01     1.14939e+03     1.49158e+02     1.80493e+02
    8.81512e-01     1.14296e+03     1.47453e+02     1.79526e+02
    8.85601e-01     1.14860e+03     1.46722e+02     1.78411e+02
    8.89691e-01     1.14475e+03     1.44624e+02     1.77569e+02
    8.93784e-01     1.13991e+03     1.44150e+02     1.76596e+02
    8.97875e-01     1.13840e+03     1.43026e+02     1.75536e+02
    9.01960e-01     1.13599e+03     1.41995e+02     1.73916e+02
    9.06054e-01     1.13180e+03     1.41081e+02     1.73506e+02
    9.10146e-01     1.13011e+03     1.39834e+02     1.72756e+02
    9.14237e-01     1.12672e+03     1.38613e+02     1.71136e+02
    9.18331e-01     1.12619e+03     1.38745e+02     1.70664e+02
    9.22421e-01     1.12484e+03     1.37678e+02     1.69567e+02
    9.26509e-01     1.12223e+03     1.37895e+02     1.69046e+02
    9.30598e-01     1.11942e+03     1.36186e+02     1.68004e+02
    9.34692e-01     1.12025e+03     1.35349e+02     1.66261e+02
    9.38787e-01     1.11933e+03     1.34209e+02     1.65931e+02
    9.42873e-01     1.11709e+03     1.33889e+02     1.65249e+02
    9.46961e-01     1.11433e+03     1.33339e+02     1.64710e+02
    9.51054e-01     1.10876e+03     1.31159e+02     1.62839e+02
    9.55150e-01     1.10905e+03     1.31024e+02     1.62609e+02
    9.59240e-01     1.10544e+03     1.30287e+02     1.61638e+02
    9.63327e-01     1.10393e+03     1.28998e+02     1.60555e+02
    9.67420e-01     1.10566e+03     1.29428e+02     1.60021e+02
    9.71506e-01     1.09893e+03     1.27483e+02     1.59103e+02
    9.75588e-01     1.10057e+03     1.27498e+02     1.58371e+02
    9.79678e-01     1.09750e+03     1.26402e+02     1.57503e+02
    9.83773e-01     1.09772e+03     1.25836e+02     1.56743e+02
    9.87866e-01     1.08986e+03     1.23145e+02     1.55289e+02
    9.91960e-01     1.09452e+03     1.24507e+02     1.54878e+02
    9.96055e-01     1.09055e+03     1.23403e+02     1.53920e+02
    1.00015e+00     1.08894e+03     1.22965e+02     1.53291e+02
    1.00424e+00     1.08870e+03     1.23010e+02     1.52503e+02
    1.00832e+00     1.08610e+03     1.21805e+02     1.51313e+02
    1.01242e+00     1.08622e+03     1.20981e+02     1.50792e+02
    1.01651e+00     1.08175e+03     1.20645e+02     1.50520e+02
    1.02059e+00     1.08077e+03     1.19806e+02     1.49552e+02
    1.02468e+00     1.08089e+03     1.18421e+02     1.48556e+02
    1.02878e+00     1.07867e+03     1.18262e+02     1.47821e+02
    1.03287e+00     1.07338e+03     1.17680e+02     1.47599e+02
    1.03695e+00     1.06978e+03     1.16825e+02     1.46336e+02
    1.04105e+00     1.07222e+03     1.16347e+02     1.45531e+02
    1.04515e+00     1.07004e+03     1.15685e+02     1.44539e+02
    1.04923e+00     1.06560e+03     1.15239e+02     1.43983e+02
    1.05332e+00     1.07008e+03     1.15581e+02     1.43438e+02
    1.05741e+00     1.06760e+03     1.14341e+02     1.42426e+02
    1.06150e+00     1.06273e+03     1.13257e+02     1.41974e+02
    1.06559e+00     1.06083e+03     1.12853e+02     1.40824e+02
    1.06968e+00     1.06125e+03     1.12191e+02     1.40357e+02
    1.07377e+00     1.05550e+03     1.11566e+02     1.39809e+02
    1.07786e+00     1.05575e+03     1.11178e+02     1.38756e+02
    1.08195e+00     1.05391e+03     1.09974e+02     1.38258e+02
    1.08605e+00     1.05413e+03     1.10633e+02     1.37881e+02
    1.09014e+00     1.05117e+03     1.09535e+02     1.36788e+02
    1.09422e+00     1.05035e+03     1.09061e+02     1.36134e+02
    1.09832e+00     1.04839e+03     1.08604e+02     1.35526e+02
    1.10242e+00     1.04838e+03     1.08045e+02     1.35065e+02
    1.10650e+00     1.04460e+03     1.07728e+02     1.34285e+02
    1.11059e+00     1.04516e+03     1.06804e+02     1.33555e+02
    1.11468e+00     1.04644e+03     1.06919e+02     1.33014e+02
    1.11878e+00     1.03817e+03     1.05253e+02     1.32212e+02
    1.12287e+00     1.03906e+03     1.05111e+02     1.31505e+02
    1.12695e+00     1.03885e+03     1.05157e+02     1.31053e+02
    1.13105e+00     1.03607e+03     1.04436e+02     1.30401e+02
    1.13514e+00     1.03621e+03     1.03757e+02     1.29862e+02
    1.13922e+00     1.03300e+03     1.03182e+02     1.29307e+02
    1.14331e+00     1.03171e+03     1.03035e+02     1.28464e+02
    1.14741e+00     1.02865e+03     1.02097e+02     1.27876e+02
    1.15150e+00     1.02928e+03     1.02064e+02     1.26848e+02
    1.15559e+00     1.02562e+03     1.01697e+02     1.26652e+02
    1.15968e+00     1.02287e+03     1.00342e+02     1.25799e+02
    1.16377e+00     1.02535e+03     1.00336e+02     1.25382e+02
    1.16786e+00     1.02191e+03     9.99381e+01     1.24592e+02
    1.17195e+00     1.02071e+03     9.99946e+01     1.24245e+02
    1.17604e+00     1.01864e+03     9.86853e+01     1.23531e+02
    1.18013e+00     1.01901e+03     9.87421e+01     1.22996e+02
    1.18422e+00     1.01544e+03     9.81867e+01     1.22108e+02
    1.18831e+00     1.01657e+03     9.81046e+01     1.21840e+02
    1.19240e+00     1.01669e+03     9.79067e+01     1.21132e+02
    1.19649e+00     1.01016e+03     9.70607e+01     1.20458e+02
    1.20059e+00     1.01149e+03     9.65212e+01     1.20135e+02
    1.20468e+00     1.00848e+03     9.62943e+01     1.19228e+02
    1.20877e+00     1.00914e+03     9.54026e+01     1.18879e+02
    1.21286e+00     1.00494e+03     9.50535e+01     1.18380e+02
    1.21695e+00     1.00261e+03     9.43663e+01     1.17621e+02
    1.22104e+00     1.00186e+03     9.45841e+01     1.17233e+02
    1.22513e+00     1.00199e+03     9.34453e+01     1.16429e+02
    1.22922e+00     1.00041e+03     9.39708e+01     1.16227e+02
    1.23330e+00     9.97727e+02     9.26100e+01     1.15355e+02
    1.23740e+00     9.97690e+02     9.26798e+01     1.15036e+02
    1.24149e+00     9.96855e+02     9.25855e+01     1.14471e+02
    1.24558e+00     9.92216e+02     9.18627e+01     1.13895e+02
    1.24967e+00     9.94577e+02     9.19944e+01     1.13598e+02
    1.25376e+00     9.90979e+02     9.10305e+01     1.12644e+02
    1.25785e+00     9.89476e+02     9.07805e+01     1.12218e+02
    1.26194e+00     9.89408e+02     9.04852e+01     1.11939e+02
    1.26603e+00     9.88752e+02     9.04951e+01     1.11363e+02
    1.27012e+00     9.84063e+02     8.94802e+01     1.10938e+02
    1.27422e+00     9.83577e+02     8.89146e+01     1.10058e+02
    1.27831e+00     9.83829e+02     8.92857e+01     1.09804e+02
    1.28240e+00     9.82032e+02     8.90967e+01     1.09246e+02
    1.28649e+00     9.79676e+02     8.82069e+01     1.08384e+02
    1.29058e+00     9.76884e+02     8.80325e+01     1.08196e+02
    1.29467e+00     9.77379e+02     8.78430e+01     1.07884e+02
    1.29876e+00     9.75639e+02     8.72313e+01     1.06945e+02
    1.30285e+00     9.73795e+02     8.70099e+01     1.06593e+02
    1.30694e+00     9.71734e+02     8.65225e+01     1.06219e+02
    1.31103e+00     9.72624e+02     8.65309e+01     1.05614e+02
    1.31512e+00     9.70056e+02     8.57040e+01     1.05034e+02
    1.31921e+00     9.68365e+02     8.57512e+01     1.04588e+02
    1.32331e+00     9.66791e+02     8.55911e+01     1.04318e+02
    1.32739e+00     9.64588e+02     8.45532e+01     1.03836e+02
    1.33148e+00     9.65613e+02     8.45876e+01     1.03111e+02
    1.33558e+00     9.63817e+02     8.40750e+01     1.02489e+02
    1.33967e+00     9.60400e+02     8.35515e+01     1.02157e+02
    1.34376e+00     9.62491e+02     8.39604e+01     1.02043e+02
    1.34785e+00     9.59213e+02     8.31368e+01     1.01129e+02
    1.35195e+00     9.57666e+02     8.32512e+01     1.00822e+02
    1.35603e+00     9.56091e+02     8.27925e+01     1.00280e+02
    1.36011e+00     9.55893e+02     8.22253e+01     9.99139e+01
    1.36421e+00     9.53028e+02     8.25700e+01     9.93856e+01
    1.36830e+00     9.52167e+02     8.16390e+01     9.89126e+01
    1.37239e+00     9.49025e+02     8.14540e+01     9.81953e+01
    1.37648e+00     9.48001e+02     8.11570e+01     9.80453e+01
    1.38057e+00     9.47067e+02     8.09072e+01     9.76756e+01
    1.38466e+00     9.45692e+02     8.04881e+01     9.72741e+01
    1.38875e+00     9.44507e+02     8.02048e+01     9.67079e+01
    1.39285e+00     9.44585e+02     7.95948e+01     9.59666e+01
    1.39694e+00     9.40286e+02     7.93822e+01     9.57151e+01
    1.40102e+00     9.41397e+02     7.94726e+01     9.55711e+01
    1.40512e+00     9.38535e+02     7.94552e+01     9.48363e+01
    1.40921e+00     9.38191e+02     7.90994e+01     9.45292e+01
    1.41330e+00     9.36732e+02     7.86150e+01     9.40260e+01
    1.41739e+00     9.33168e+02     7.81831e+01     9.35729e+01
    1.42148e+00     9.34059e+02     7.74743e+01     9.31552e+01
    1.42557e+00     9.32494e+02     7.74328e+01     9.28240e+01
    1.42966e+00     9.33150e+02     7.77186e+01     9.24855e+01
    1.43375e+00     9.27903e+02     7.68422e+01     9.19610e+01
    1.43784e+00     9.26550e+02     7.70019e+01     9.13635e+01
    1.44193e+00     9.26965e+02     7.63565e+01     9.09709e+01
    1.44602e+00     9.26843e+02     7.62795e+01     9.06499e+01
    1.45011e+00     9.24692e+02     7.62442e+01     9.00728e+01
    1.45420e+00     9.23788e+02     7.61489e+01     8.99521e+01
    1.45830e+00     9.21251e+02     7.57089e+01     8.93491e+01
    1.46239e+00     9.20212e+02     7.53283e+01     8.90198e+01
    1.46648e+00     9.19090e+02     7.47699e+01     8.85091e+01
    1.47056e+00     9.18603e+02     7.44787e+01     8.81874e+01
    1.47465e+00     9.17010e+02     7.42568e+01     8.76664e+01
    1.47874e+00     9.14113e+02     7.40410e+01     8.72666e+01
    1.48283e+00     9.13495e+02     7.42876e+01     8.70163e+01
    1.48693e+00     9.12644e+02     7.35896e+01     8.64586e+01
    1.49102e+00     9.10818e+02     7.32150e+01     8.63855e+01
    1.49511e+00     9.10137e+02     7.30731e+01     8.57445e+01
    1.49920e+00     9.08905e+02     7.34349e+01     8.53968e+01
    1.50329e+00     9.06309e+02     7.26410e+01     8.49685e+01
    1.50738e+00     9.07832e+02     7.29011e+01     8.46528e+01
    1.51148e+00     9.04934e+02     7.21074e+01     8.41791e+01
    1.51557e+00     9.04387e+02     7.24017e+01     8.36834e+01
    1.51965e+00     9.01322e+02     7.17387e+01     8.34925e+01
    1.52374e+00     9.01112e+02     7.15395e+01     8.30747e+01
    1.52784e+00     8.99442e+02     7.16056e+01     8.26967e+01
    1.53193e+00     8.98981e+02     7.11106e+01     8.20531e+01
    1.53602e+00     8.95915e+02     7.06672e+01     8.18562e+01
    1.54011e+00     8.95992e+02     7.06225e+01     8.14997e+01
    1.54420e+00     8.94795e+02     7.05473e+01     8.12117e+01
    1.54829e+00     8.93883e+02     7.01082e+01     8.08620e+01
    1.55238e+00     8.91388e+02     6.98148e+01     8.02748e+01
    1.55647e+00     8.91146e+02     6.97266e+01     8.00643e+01
    1.56056e+00     8.86828e+02     6.92693e+01     7.96067e+01
    1.56465e+00     8.87218e+02     6.96356e+01     7.93489e+01
    1.56874e+00     8.88497e+02     6.89331e+01     7.88880e+01
    1.57283e+00     8.84250e+02     6.86794e+01     7.85235e+01
    1.57693e+00     8.85282e+02     6.86770e+01     7.81281e+01
    1.58102e+00     8.83584e+02     6.83889e+01     7.77891e+01
    1.58510e+00     8.79956e+02     6.78828e+01     7.75170e+01
    1.58919e+00     8.79056e+02     6.81610e+01     7.71787e+01
    1.59329e+00     8.78539e+02     6.77562e+01     7.68390e+01
    1.59738e+00     8.78346e+02     6.75158e+01     7.63746e+01
    1.60147e+00     8.76026e+02     6.70646e+01     7.60104e+01
    1.60556e+00     8.74570e+02     6.71579e+01     7.57884e+01
    1.60965e+00     8.75093e+02     6.71299e+01     7.53921e+01
    1.61374e+00     8.71340e+02     6.66645e+01     7.49241e+01
    1.61783e+00     8.71176e+02     6.64072e+01     7.46521e+01
    1.62192e+00     8.70556e+02     6.60706e+01     7.43151e+01
    1.62601e+00     8.69261e+02     6.65874e+01     7.40189e+01
    1.63010e+00     8.68119e+02     6.60169e+01     7.37898e+01
    1.63419e+00     8.65986e+02     6.53424e+01     7.33009e+01
    1.63828e+00     8.64449e+02     6.52485e+01     7.30448e+01
    1.64238e+00     8.63033e+02     6.51881e+01     7.26815e+01
    1.64647e+00     8.62812e+02     6.50441e+01     7.23570e+01
    1.65055e+00     8.60636e+02     6.48960e+01     7.20455e+01
    1.65465e+00     8.59506e+02     6.47725e+01     7.16065e+01
    1.65874e+00     8.59593e+02     6.46118e+01     7.13271e+01
    1.66283e+00     8.57415e+02     6.44327e+01     7.10975e+01
    1.66691e+00     8.55955e+02     6.40241e+01     7.06186e+01
    1.67101e+00     8.55213e+02     6.38176e+01     7.03204e+01
    1.67510e+00     8.54487e+02     6.36264e+01     7.01561e+01
    1.67919e+00     8.50777e+02     6.32526e+01     6.96407e+01
    1.68328e+00     8.52510e+02     6.31984e+01     6.93256e+01
    1.68737e+00     8.47755e+02     6.30640e+01     6.91598e+01
    1.69146e+00     8.48124e+02     6.33910e+01     6.87228e+01
    1.69555e+00     8.47657e+02     6.29634e+01     6.84285e+01
    1.69964e+00     8.45254e+02     6.26949e+01     6.81581e+01
    1.70373e+00     8.45506e+02     6.24113e+01     6.77880e+01
    1.70782e+00     8.43052e+02     6.22929e+01     6.75538e+01
    1.71191e+00     8.41855e+02     6.19297e+01     6.71636e+01
    1.71600e+00     8.40143e+02     6.17696e+01     6.69920e+01
    1.72009e+00     8.38557e+02     6.17563e+01     6.65437e+01
    1.72418e+00     8.37748e+02     6.16906e+01     6.63605e+01
    1.72828e+00     8.36485e+02     6.09116e+01     6.59769e+01
    1.73237e+00     8.36323e+02     6.11737e+01     6.56671e+01
    1.73646e+00     8.35214e+02     6.13164e+01     6.54037e+01
    1.74055e+00     8.32329e+02     6.06398e+01     6.51334e+01
    1.74464e+00     8.31523e+02     6.05638e+01     6.47643e+01
    1.74874e+00     8.30844e+02     6.04493e+01     6.44793e+01
    1.75282e+00     8.28226e+02     6.01816e+01     6.42404e+01
    1.75691e+00     8.27568e+02     5.99289e+01     6.38836e+01
    1.76100e+00     8.25890e+02     5.97502e+01     6.35700e+01
    1.76509e+00     8.26195e+02     5.99976e+01     6.34805e+01
    1.76918e+00     8.25027e+02     5.96065e+01     6.30316e+01
    1.77327e+00     8.23268e+02     5.94530e+01     6.26600e+01
    1.77737e+00     8.22025e+02     5.93492e+01     6.24898e+01
    1.78146e+00     8.20099e+02     5.88316e+01     6.20840e+01
    1.78554e+00     8.20004e+02     5.90580e+01     6.19555e+01
    1.78964e+00     8.17608e+02     5.86079e+01     6.15529e+01
    1.79373e+00     8.16240e+02     5.84343e+01     6.12185e+01
    1.79782e+00     8.14502e+02     5.83324e+01     6.10655e+01
    1.80191e+00     8.14956e+02     5.83667e+01     6.07280e+01
    1.80600e+00     8.12169e+02     5.79214e+01     6.03796e+01
    1.81009e+00     8.11598e+02     5.76990e+01     6.01237e+01
    1.81418e+00     8.11151e+02     5.75644e+01     5.98229e+01
    1.81827e+00     8.10180e+02     5.76907e+01     5.95489e+01
    1.82236e+00     8.07898e+02     5.70674e+01     5.92558e+01
    1.82645e+00     8.06273e+02     5.70964e+01     5.89558e+01
    1.83054e+00     8.06019e+02     5.72796e+01     5.88385e+01
    1.83463e+00     8.04135e+02     5.66055e+01     5.84778e+01
    1.83872e+00     8.02715e+02     5.67679e+01     5.81949e+01
    1.84281e+00     8.00642e+02     5.63659e+01     5.78607e+01
    1.84691e+00     7.99727e+02     5.61825e+01     5.76518e+01
    1.85100e+00     7.99203e+02     5.60236e+01     5.73240e+01
    1.85509e+00     7.98440e+02     5.60816e+01     5.72774e+01
    1.85918e+00     7.97416e+02     5.58379e+01     5.69541e+01
    1.86327e+00     7.94029e+02     5.59505e+01     5.66979e+01
    1.86736e+00     7.95526e+02     5.57277e+01     5.63229e+01
    1.87145e+00     7.93053e+02     5.53255e+01     5.61294e+01
    1.87554e+00     7.91934e+02     5.50384e+01     5.58104e+01
    1.87963e+00     7.89583e+02     5.53203e+01     5.56560e+01
    1.88372e+00     7.90074e+02     5.50750e+01     5.53879e+01
    1.88781e+00     7.88992e+02     5.47650e+01     5.50818e+01
    1.89190e+00     7.87851e+02     5.48410e+01     5.49282e+01
    1.89599e+00     7.84444e+02     5.43401e+01     5.45341e+01
    1.90008e+00     7.84080e+02     5.43214e+01     5.43492e+01
    1.90417e+00     7.84117e+02     5.45479e+01     5.41123e+01
    1.90827e+00     7.82484e+02     5.40979e+01     5.38693e+01
    1.91236e+00     7.80102e+02     5.36464e+01     5.35936e+01
    1.91645e+00     7.79219e+02     5.37784e+01     5.33776e+01
    1.92054e+00     7.78624e+02     5.36622e+01     5.30993e+01
    1.92463e+00     7.77907e+02     5.35932e+01     5.28715e+01
    1.92872e+00     7.76550e+02     5.33079e+01     5.25742e+01
    1.93281e+00     7.73942e+02     5.31778e+01     5.23137e+01
    1.93690e+00     7.72299e+02     5.30062e+01     5.20906e+01
    1.94099e+00     7.71178e+02     5.26191e+01     5.18680e+01
    1.94508e+00     7.71320e+02     5.27850e+01     5.15617e+01
    1.94917e+00     7.69063e+02     5.23670e+01     5.12983e+01
    1.95326e+00     7.66351e+02     5.24238e+01     5.10734e+01
    1.95735e+00     7.67395e+02     5.23857e+01     5.08534e+01
    1.96144e+00     7.66110e+02     5.22758e+01     5.05563e+01
    1.96553e+00     7.64294e+02     5.19782e+01     5.03864e+01
    1.96962e+00     7.64126e+02     5.19488e+01     5.02196e+01
    1.97371e+00     7.62466e+02     5.16820e+01     4.99224e+01
    1.97781e+00     7.59606e+02     5.15668e+01     4.97054e+01
    1.98190e+00     7.59586e+02     5.13891e+01     4.94089e+01
    1.98599e+00     7.58750e+02     5.13910e+01     4.91972e+01
    1.99008e+00     7.57049e+02     5.14188e+01     4.90779e+01
    1.99417e+00     7.54326e+02     5.09811e+01     4.87469e+01
    1.99826e+00     7.53549e+02     5.08515e+01     4.85547e+01
    2.00235e+00     7.53897e+02     5.07945e+01     4.83438e+01
    2.00644e+00     7.52023e+02     5.05741e+01     4.81105e+01
    2.01053e+00     7.51212e+02     5.05999e+01     4.78698e+01
    2.01462e+00     7.50594e+02     5.04032e+01     4.76540e+01
    2.01871e+00     7.47913e+02     5.02104e+01     4.73800e+01
    2.02280e+00     7.47484e+02     4.99676e+01     4.71142e+01
    2.02689e+00     7.45458e+02     4.98524e+01     4.69769e+01
    2.03098e+00     7.46135e+02     4.99698e+01     4.67752e+01
    2.03507e+00     7.43517e+02     4.95941e+01     4.65242e+01
    2.03917e+00     7.43022e+02     4.95159e+01     4.63203e+01
    2.04325e+00     7.40998e+02     4.93163e+01     4.60670e+01
    2.04735e+00     7.40872e+02     4.94119e+01     4.59052e+01
    2.05143e+00     7.39625e+02     4.92038e+01     4.56400e+01
    2.05552e+00     7.37646e+02     4.88841e+01     4.54676e+01
    2.05962e+00     7.35337e+02     4.88305e+01     4.52616e+01
    2.06371e+00     7.34871e+02     4.86718e+01     4.50654e+01
    2.06780e+00     7.33540e+02     4.85637e+01     4.47216e+01
    2.07189e+00     7.32029e+02     4.84389e+01     4.46333e+01
    2.07598e+00     7.31699e+02     4.83915e+01     4.44202e+01
    2.08007e+00     7.31368e+02     4.81306e+01     4.41345e+01
    2.08416e+00     7.30091e+02     4.80502e+01     4.40126e+01
    2.08825e+00     7.28544e+02     4.80850e+01     4.38128e+01
    2.09234e+00     7.26436e+02     4.76850e+01     4.35193e+01
    2.09644e+00     7.25915e+02     4.74955e+01     4.34051e+01
    2.10053e+00     7.25424e+02     4.76327e+01     4.31262e+01
    2.10461e+00     7.23771e+02     4.74169e+01     4.29608e+01
    2.10870e+00     7.20859e+02     4.71619e+01     4.27601e+01
    2.11280e+00     7.20209e+02     4.70805e+01     4.25697e+01
    2.11688e+00     7.18721e+02     4.69387e+01     4.22881e+01
    2.12098e+00     7.18460e+02     4.68622e+01     4.21558e+01
    2.12507e+00     7.16228e+02     4.66776e+01     4.19399e+01
    2.12916e+00     7.16346e+02     4.66899e+01     4.17432e+01
    2.13325e+00     7.15468e+02     4.65411e+01     4.15596e+01
    2.13734e+00     7.13427e+02     4.65257e+01     4.13352e+01
    2.14143e+00     7.12631e+02     4.63028e+01     4.11730e+01
    2.14552e+00     7.12074e+02     4.61724e+01     4.09457e+01
    2.14961e+00     7.09339e+02     4.61519e+01     4.07373e+01
    2.15370e+00     7.09025e+02     4.59867e+01     4.05679e+01
    2.15779e+00     7.08139e+02     4.57807e+01     4.03762e+01
    2.16188e+00     7.06611e+02     4.57983e+01     4.02168e+01
    2.16597e+00     7.05715e+02     4.55174e+01     4.00090e+01
    2.17006e+00     7.03652e+02     4.53797e+01     3.97938e+01
    2.17416e+00     7.01950e+02     4.53622e+01     3.96308e+01
    2.17825e+00     7.01948e+02     4.52390e+01     3.94430e+01
    2.18234e+00     7.00288e+02     4.50613e+01     3.92359e+01
    2.18643e+00     6.98445e+02     4.48404e+01     3.89674e+01
    2.19052e+00     6.98974e+02     4.48334e+01     3.88471e+01
    2.19461e+00     6.97460e+02     4.45626e+01     3.86157e+01
    2.19870e+00     6.96568e+02     4.47348e+01     3.84830e+01
    2.20279e+00     6.94020e+02     4.43455e+01     3.82951e+01
    2.20688e+00     6.93104e+02     4.44030e+01     3.81489e+01
    2.21097e+00     6.91754e+02     4.41548e+01     3.79340e+01
    2.21506e+00     6.90357e+02     4.41082e+01     3.77519e+01
    2.21915e+00     6.89573e+02     4.39411e+01     3.75583e+01
    2.22324e+00     6.89379e+02     4.39001e+01     3.73912e+01
    2.22733e+00     6.87664e+02     4.37564e+01     3.72205e+01
    2.23142e+00     6.86638e+02     4.37350e+01     3.70962e+01
    2.23552e+00     6.83903e+02     4.34287e+01     3.68396e+01
    2.23961e+00     6.82536e+02     4.32985e+01     3.66696e+01
    2.24369e+00     6.82164e+02     4.32421e+01     3.65309e+01
    2.24779e+00     6.81850e+02     4.30033e+01     3.63554e+01
    2.25188e+00     6.80790e+02     4.30987e+01     3.62107e+01
    2.25597e+00     6.79121e+02     4.31084e+01     3.59855e+01
    2.26006e+00     6.78831e+02     4.28828e+01     3.58229e+01
    2.26415e+00     6.77067e+02     4.26967e+01     3.56612e+01
    2.26824e+00     6.75094e+02     4.26287e+01     3.54690e+01
    2.27233e+00     6.72971e+02     4.23027e+01     3.53044e+01
    2.27642e+00     6.73499e+02     4.25343e+01     3.51479e+01
    2.28051e+00     6.72259e+02     4.23366e+01     3.49723e+01
    2.28460e+00     6.70831e+02     4.19813e+01     3.47961e+01
    2.28869e+00     6.68936e+02     4.18200e+01     3.46461e+01
    2.29278e+00     6.69011e+02     4.20094e+01     3.44418e+01
    2.29687e+00     6.67316e+02     4.18930e+01     3.43160e+01
    2.30096e+00     6.66305e+02     4.15636e+01     3.41198e+01
    2.30506e+00     6.66044e+02     4.17148e+01     3.39621e+01
    2.30915e+00     6.63564e+02     4.12802e+01     3.37806e+01
    2.31324e+00     6.62632e+02     4.13822e+01     3.36043e+01
    2.31733e+00     6.61273e+02     4.11707e+01     3.34747e+01
    2.32142e+00     6.59598e+02     4.10591e+01     3.33094e+01
    2.32551e+00     6.58411e+02     4.10259e+01     3.31717e+01
    2.32960e+00     6.57029e+02     4.08439e+01     3.30418e+01
    2.33369e+00     6.57166e+02     4.06941e+01     3.28521e+01
    2.33778e+00     6.55249e+02     4.06412e+01     3.26828e+01
    2.34187e+00     6.54111e+02     4.05115e+01     3.25019e+01
    2.34596e+00     6.52804e+02     4.04036e+01     3.23881e+01
    2.35005e+00     6.52291e+02     4.03018e+01     3.22265e+01
    2.35414e+00     6.50274e+02     4.01872e+01     3.20180e+01
    2.35823e+00     6.49310e+02     4.01686e+01     3.19119e+01
    2.36232e+00     6.49025e+02     3.99377e+01     3.17253e+01
    2.36641e+00     6.47197e+02     3.98592e+01     3.15986e+01
    2.37051e+00     6.46398e+02     3.99043e+01     3.14465e+01
    2.37460e+00     6.44868e+02     3.97728e+01     3.12534e+01
    2.37869e+00     6.43075e+02     3.96320e+01     3.11452e+01
    2.38278e+00     6.42637e+02     3.93227e+01     3.09801e+01
    2.38687e+00     6.41467e+02     3.94246e+01     3.08494e+01
    2.39096e+00     6.40911e+02     3.92099e+01     3.06861e+01
    2.39505e+00     6.39098e+02     3.90610e+01     3.05205e+01
    2.39914e+00     6.37673e+02     3.91699e+01     3.04288e+01
    2.40323e+00     6.37217e+02     3.89695e+01     3.02634e+01
    2.40732e+00     6.36269e+02     3.89433e+01     3.01300e+01
    2.41141e+00     6.34374e+02     3.86600e+01     2.99127e+01
    2.41550e+00     6.33585e+02     3.86832e+01     2.97913e+01
    2.41959e+00     6.32668e+02     3.85926e+01     2.96855e+01
    2.42368e+00     6.30201e+02     3.83361e+01     2.95304e+01
    2.42777e+00     6.29785e+02     3.83225e+01     2.94103e+01
    2.43187e+00     6.28821e+02     3.82024e+01     2.92383e+01
    2.43596e+00     6.27532e+02     3.81467e+01     2.91101e+01
    2.44004e+00     6.26371e+02     3.80259e+01     2.89422e+01
    2.44414e+00     6.24899e+02     3.78712e+01     2.88092e+01
    2.44823e+00     6.24380e+02     3.77559e+01     2.86806e+01
    2.45232e+00     6.22368e+02     3.77500e+01     2.85228e+01
    2.45640e+00     6.21571e+02     3.75478e+01     2.83709e+01
    2.46050e+00     6.20478e+02     3.74101e+01     2.82226e+01
    2.46459e+00     6.19648e+02     3.73399e+01     2.81199e+01
    2.46868e+00     6.18510e+02     3.73388e+01     2.79779e+01
    2.47277e+00     6.18064e+02     3.72548e+01     2.78524e+01
    2.47686e+00     6.16240e+02     3.71232e+01     2.77182e+01
    2.48095e+00     6.15373e+02     3.70085e+01     2.75636e+01
    2.48504e+00     6.13817e+02     3.69481e+01     2.74356e+01
    2.48913e+00     6.12737e+02     3.67359e+01     2.72888e+01
    2.49322e+00     6.11436e+02     3.67208e+01     2.71760e+01
    2.49731e+00     6.11277e+02     3.65664e+01     2.70189e+01
    2.50141e+00     6.09257e+02     3.64313e+01     2.68849e+01
    2.50550e+00     6.08115e+02     3.63580e+01     2.67549e+01
    2.50959e+00     6.07245e+02     3.63950e+01     2.66273e+01
    2.51368e+00     6.05840e+02     3.60817e+01     2.65006e+01
    2.51777e+00     6.04387e+02     3.60493e+01     2.63748e+01
    2.52186e+00     6.03803e+02     3.59277e+01     2.62125e+01
    2.52595e+00     6.02441e+02     3.58339e+01     2.61159e+01
    2.53004e+00     6.01495e+02     3.57477e+01     2.59876e+01
    2.53413e+00     6.00337e+02     3.56958e+01     2.58526e+01
    2.53822e+00     5.99602e+02     3.56326e+01     2.57265e+01
    2.54231e+00     5.98326e+02     3.55636e+01     2.56350e+01
    2.54640e+00     5.97556e+02     3.54336e+01     2.55111e+01
    2.55049e+00     5.95887e+02     3.52459e+01     2.53404e+01
    2.55458e+00     5.94333e+02     3.51264e+01     2.52207e+01
    2.55867e+00     5.93870e+02     3.50615e+01     2.50735e+01
    2.56276e+00     5.93016e+02     3.49890e+01     2.49876e+01
    2.56685e+00     5.91640e+02     3.48988e+01     2.48575e+01
    2.57095e+00     5.90587e+02     3.48378e+01     2.47481e+01
    2.57504e+00     5.89285e+02     3.47018e+01     2.46240e+01
    2.57913e+00     5.87881e+02     3.45596e+01     2.44902e+01
    2.58322e+00     5.86766e+02     3.45329e+01     2.43794e+01
    2.58731e+00     5.86197e+02     3.43560e+01     2.42147e+01
    2.59140e+00     5.84664e+02     3.43102e+01     2.41332e+01
    2.59549e+00     5.82742e+02     3.41612e+01     2.40093e+01
    2.59958e+00     5.82295e+02     3.42055e+01     2.38924e+01
    2.60367e+00     5.81366e+02     3.40386e+01     2.37884e+01
    2.60776e+00     5.79621e+02     3.38120e+01     2.36487e+01
    2.61185e+00     5.79258e+02     3.38711e+01     2.35649e+01
    2.61594e+00     5.78160e+02     3.37250e+01     2.34186e+01
    2.62003e+00     5.77093e+02     3.36357e+01     2.33067e+01
    2.62412e+00     5.75686e+02     3.35073e+01     2.31963e+01
    2.62821e+00     5.75150e+02     3.34276e+01     2.30640e+01
    2.63230e+00     5.73707e+02     3.33994e+01     2.29687e+01
    2.63640e+00     5.72357e+02     3.32233e+01     2.28425e+01
    2.64049e+00     5.71675e+02     3.31494e+01     2.27279e+01
    2.64457e+00     5.70770e+02     3.31821e+01     2.26297e+01
    2.64867e+00     5.68895e+02     3.29659e+01     2.25266e+01
    2.65276e+00     5.68323e+02     3.28314e+01     2.23851e+01
    2.65685e+00     5.67434e+02     3.28962e+01     2.23110e+01
    2.66094e+00     5.66139e+02     3.26056e+01     2.21783e+01
    2.66503e+00     5.64768e+02     3.26483e+01     2.20747e+01
    2.66912e+00     5.63438e+02     3.25618e+01     2.19428e+01
    2.67321e+00     5.62689e+02     3.24264e+01     2.18523e+01
    2.67730e+00     5.61166e+02     3.22739e+01     2.17226e+01
    2.68139e+00     5.60966e+02     3.22088e+01     2.16247e+01
    2.68548e+00     5.59425e+02     3.21677e+01     2.14997e+01
    2.68957e+00     5.58685e+02     3.19889e+01     2.14041e+01
    2.69366e+00     5.56875e+02     3.19020e+01     2.12903e+01
    2.69776e+00     5.55736e+02     3.18934e+01     2.11994e+01
    2.70185e+00     5.55089e+02     3.18108e+01     2.11042e+01
    2.70594e+00     5.54272e+02     3.17615e+01     2.10029e+01
    2.71003e+00     5.53296e+02     3.16200e+01     2.08662e+01
    2.71412e+00     5.51496e+02     3.14995e+01     2.07717e+01
    2.71821e+00     5.51140e+02     3.14358e+01     2.06815e+01
    2.72230e+00     5.50320e+02     3.13732e+01     2.05772e+01
    2.72639e+00     5.49107e+02     3.12968e+01     2.04657e+01
    2.73048e+00     5.47554e+02     3.11998e+01     2.03776e+01
    2.73457e+00     5.46711e+02     3.10685e+01     2.02633e+01
    2.73866e+00     5.45328e+02     3.09931e+01     2.01714e+01
    2.74275e+00     5.44099e+02     3.08659e+01     2.00462e+01
    2.74684e+00     5.42776e+02     3.07317e+01     1.99639e+01
    2.75093e+00     5.41877e+02     3.07125e+01     1.98498e+01
    2.75502e+00     5.40841e+02     3.06113e+01     1.97486e+01
    2.75911e+00     5.40386e+02     3.06376e+01     1.96832e+01
    2.76320e+00     5.39297e+02     3.05149e+01     1.95775e+01
    2.76730e+00     5.37769e+02     3.03612e+01     1.94500e+01
    2.77139e+00     5.36925e+02     3.03171e+01     1.93700e+01
    2.77548e+00     5.35425e+02     3.01487e+01     1.92763e+01
    2.77957e+00     5.34288e+02     3.00408e+01     1.91699e+01
    2.78366e+00     5.34087e+02     3.00049e+01     1.90651e+01
    2.78775e+00     5.32213e+02     2.99510e+01     1.89885e+01
    2.79184e+00     5.31689e+02     2.98418e+01     1.88684e+01
    2.79593e+00     5.30404e+02     2.98148e+01     1.88017e+01
    2.80002e+00     5.29308e+02     2.96975e+01     1.87134e+01
    2.80411e+00     5.28282e+02     2.95461e+01     1.85878e+01
    2.80820e+00     5.27394e+02     2.95168e+01     1.85011e+01
    2.81229e+00     5.26083e+02     2.93989e+01     1.84245e+01
    2.81638e+00     5.25510e+02     2.93757e+01     1.83277e+01
    2.82047e+00     5.24601e+02     2.91882e+01     1.82177e+01
    2.82457e+00     5.23197e+02     2.91617e+01     1.81376e+01
    2.82866e+00     5.21863e+02     2.91006e+01     1.80468e+01
    2.83275e+00     5.20875e+02     2.90255e+01     1.79505e+01
    2.83684e+00     5.19606e+02     2.89271e+01     1.78655e+01
    2.84093e+00     5.19158e+02     2.88376e+01     1.77785e+01
    2.84502e+00     5.17624e+02     2.87632e+01     1.76847e+01
    2.84911e+00     5.16944e+02     2.86804e+01     1.75965e+01
    2.85320e+00     5.15924e+02     2.86320e+01     1.75235e+01
    2.85729e+00     5.14674e+02     2.85306e+01     1.74295e+01
    2.86138e+00     5.13319e+02     2.83643e+01     1.73242e+01
    2.86547e+00     5.12094e+02     2.83391e+01     1.72389e+01
    2.86956e+00     5.11943e+02     2.82180e+01     1.71470e+01
    2.87365e+00     5.09874e+02     2.81405e+01     1.70730e+01
    2.87774e+00     5.09568e+02     2.80595e+01     1.69844e+01
    2.88183e+00     5.08757e+02     2.80375e+01     1.68979e+01
    2.88592e+00     5.07575e+02     2.78655e+01     1.68122e+01
    2.89001e+00     5.06982e+02     2.78370e+01     1.67300e+01
    2.89410e+00     5.04930e+02     2.77657e+01     1.66403e+01
    2.89820e+00     5.04226e+02     2.76392e+01     1.65564e+01
    2.90229e+00     5.03334e+02     2.75590e+01     1.64665e+01
    2.90638e+00     5.02423e+02     2.74908e+01     1.63784e+01
    2.91047e+00     5.01493e+02     2.74221e+01     1.63078e+01
    2.91456e+00     5.00907e+02     2.73974e+01     1.62260e+01
    2.91865e+00     4.99115e+02     2.72281e+01     1.61432e+01
    2.92274e+00     4.97354e+02     2.71545e+01     1.60658e+01
    2.92683e+00     4.97306e+02     2.71042e+01     1.59912e+01
    2.93092e+00     4.96107e+02     2.70058e+01     1.58956e+01
    2.93501e+00     4.95300e+02     2.69232e+01     1.58228e+01
    2.93910e+00     4.93646e+02     2.68118e+01     1.57291e+01
    2.94319e+00     4.93322e+02     2.67807e+01     1.56609e+01
    2.94728e+00     4.92029e+02     2.66915e+01     1.55802e+01
    2.95137e+00     4.91180e+02     2.66080e+01     1.54997e+01
    2.95546e+00     4.90519e+02     2.65650e+01     1.54044e+01
    2.95955e+00     4.88978e+02     2.64686e+01     1.53481e+01
    2.96364e+00     4.88465e+02     2.63880e+01     1.52499e+01
    2.96774e+00     4.87331e+02     2.62686e+01     1.51962e+01
    2.97183e+00     4.86497e+02     2.62737e+01     1.51104e+01
    2.97592e+00     4.85072e+02     2.61178e+01     1.50216e+01
    2.98001e+00     4.83848e+02     2.60486e+01     1.49555e+01
    2.98410e+00     4.83030e+02     2.59793e+01     1.48789e+01
    2.98819e+00     4.82481e+02     2.59275e+01     1.47981e+01
    2.99228e+00     4.81471e+02     2.57937e+01     1.47140e+01
    2.99637e+00     4.80229e+02     2.57419e+01     1.46575e+01
    3.00046e+00     4.79216e+02     2.56759e+01     1.45868e+01
    3.00455e+00     4.78780e+02     2.55795e+01     1.45024e+01
    3.00864e+00     4.77206e+02     2.55563e+01     1.44394e+01
    3.01273e+00     4.76250e+02     2.54745e+01     1.43650e+01
    3.01682e+00     4.75269e+02     2.53192e+01     1.42831e+01
    3.02091e+00     4.74282e+02     2.52977e+01     1.42161e+01
    3.02500e+00     4.72918e+02     2.52526e+01     1.41472e+01
    3.02910e+00     4.72446e+02     2.51651e+01     1.40643e+01
    3.03319e+00     4.71574e+02     2.50951e+01     1.40097e+01
    3.03728e+00     4.70331e+02     2.49648e+01     1.39210e+01
    3.04137e+00     4.69760e+02     2.49434e+01     1.38499e+01
    3.04546e+00     4.68388e+02     2.48584e+01     1.37969e+01
    3.04955e+00     4.67177e+02     2.47820e+01     1.37243e+01
    3.05364e+00     4.66460e+02     2.47067e+01     1.36331e+01
    3.05773e+00     4.65881e+02     2.46388e+01     1.35701e+01
    3.06182e+00     4.63956e+02     2.44738e+01     1.35040e+01
    3.06591e+00     4.64057e+02     2.45221e+01     1.34485e+01
    3.07000e+00     4.62665e+02     2.44170e+01     1.33614e+01
    3.07409e+00     4.61482e+02     2.42921e+01     1.32940e+01
    3.07818e+00     4.60898e+02     2.42505e+01     1.32349e+01
    3.08227e+00     4.59768e+02     2.41955e+01     1.31615e+01
    3.08636e+00     4.58305e+02     2.40704e+01     1.30878e+01
    3.09045e+00     4.57906e+02     2.40215e+01     1.30288e+01
    3.09454e+00     4.56810e+02     2.39616e+01     1.29764e+01
    3.09863e+00     4.55900e+02     2.39234e+01     1.29039e+01
    3.10272e+00     4.55065e+02     2.38001e+01     1.28289e+01
    3.10682e+00     4.54318e+02     2.37372e+01     1.27594e+01
    3.11091e+00     4.53053e+02     2.36674e+01     1.26946e+01
    3.11500e+00     4.52284e+02     2.35937e+01     1.26349e+01
    3.11909e+00     4.51070e+02     2.35291e+01     1.25684e+01
    3.12318e+00     4.50408e+02     2.35024e+01     1.25128e+01
    3.12727e+00     4.49101e+02     2.33522e+01     1.24395e+01
    3.13136e+00     4.48212e+02     2.33240e+01     1.23825e+01
    3.13545e+00     4.47884e+02     2.32627e+01     1.23006e+01
    3.13954e+00     4.46536e+02     2.31237e+01     1.22461e+01
    3.14363e+00     4.45992e+02     2.30952e+01     1.21866e+01
    3.14772e+00     4.44576e+02     2.29833e+01     1.21214e+01
    3.15181e+00     4.43483e+02     2.29344e+01     1.20607e+01
    3.15590e+00     4.42791e+02     2.28766e+01     1.19951e+01
    3.16000e+00     4.41867e+02     2.27764e+01     1.19416e+01
    3.16409e+00     4.41171e+02     2.27859e+01     1.18810e+01
    3.16818e+00     4.39847e+02     2.26209e+01     1.18077e+01
    3.17227e+00     4.39138e+02     2.25959e+01     1.17515e+01
    3.17636e+00     4.38049e+02     2.25050e+01     1.16983e+01
    3.18045e+00     4.37231e+02     2.24961e+01     1.16501e+01
    3.18454e+00     4.36179e+02     2.23978e+01     1.15765e+01
    3.18863e+00     4.34809e+02     2.22761e+01     1.15104e+01
    3.19272e+00     4.34547e+02     2.22292e+01     1.14561e+01
    3.19681e+00     4.33315e+02     2.21794e+01     1.14041e+01
    3.20090e+00     4.32517e+02     2.20766e+01     1.13319e+01
    3.20499e+00     4.31719e+02     2.20910e+01     1.12909e+01
    3.20908e+00     4.30760e+02     2.20056e+01     1.12332e+01
    3.21317e+00     4.30275e+02     2.19295e+01     1.11717e+01
    3.21726e+00     4.28986e+02     2.18853e+01     1.11133e+01
    3.22135e+00     4.28520e+02     2.17692e+01     1.10511e+01
    3.22545e+00     4.26854e+02     2.16800e+01     1.09926e+01
    3.22954e+00     4.26327e+02     2.16490e+01     1.09403e+01
    3.23363e+00     4.25358e+02     2.15418e+01     1.08801e+01
    3.23772e+00     4.24676e+02     2.15305e+01     1.08205e+01
    3.24181e+00     4.23754e+02     2.14318e+01     1.07652e+01
    3.24590e+00     4.22307e+02     2.13830e+01     1.07198e+01
    3.24999e+00     4.21847e+02     2.13184e+01     1.06632e+01
    3.25408e+00     4.21115e+02     2.12921e+01     1.06132e+01
    3.25817e+00     4.19969e+02     2.11652e+01     1.05462e+01
    3.26226e+00     4.19150e+02     2.11133e+01     1.04879e+01
    3.26635e+00     4.18331e+02     2.10578e+01     1.04413e+01
    3.27044e+00     4.17481e+02     2.10043e+01     1.03885e+01
    3.27453e+00     4.16450e+02     2.09279e+01     1.03419e+01
    3.27862e+00     4.15780e+02     2.08579e+01     1.02903e+01
    3.28271e+00     4.14529e+02     2.07802e+01     1.02300e+01
    3.28681e+00     4.13321e+02     2.07167e+01     1.01775e+01
    3.29090e+00     4.12878e+02     2.06785e+01     1.01275e+01
    3.29499e+00     4.12164e+02     2.06173e+01     1.00676e+01
    3.29908e+00     4.11098e+02     2.05195e+01     1.00243e+01
    3.30317e+00     4.10352e+02     2.04220e+01     9.97010e+00
    3.30725e+00     4.09621e+02     2.03899e+01     9.91277e+00
    3.31135e+00     4.08347e+02     2.03399e+01     9.87015e+00
    3.31544e+00     4.07580e+02     2.02281e+01     9.81001e+00
    3.31953e+00     4.06678e+02     2.01642e+01     9.76492e+00
    3.32362e+00     4.05942e+02     2.01397e+01     9.72057e+00
    3.32771e+00     4.05254e+02     2.00977e+01     9.67471e+00
    3.33180e+00     4.04296e+02     2.00046e+01     9.61974e+00
    3.33589e+00     4.03431e+02     1.99382e+01     9.57082e+00
    3.33998e+00     4.02229e+02     1.98406e+01     9.51388e+00
    3.34407e+00     4.01991e+02     1.98281e+01     9.47619e+00
    3.34816e+00     4.00708e+02     1.97908e+01     9.42894e+00
    3.35226e+00     3.99909e+02     1.97426e+01     9.38245e+00
    3.35634e+00     3.99104e+02     1.96733e+01     9.33480e+00
    3.36043e+00     3.98329e+02     1.96086e+01     9.27573e+00
    3.36453e+00     3.97279e+02     1.94738e+01     9.22609e+00
    3.36862e+00     3.96732e+02     1.94711e+01     9.18195e+00
    3.37271e+00     3.95773e+02     1.93828e+01     9.13712e+00
    3.37680e+00     3.94800e+02     1.93196e+01     9.08169e+00
    3.38089e+00     3.94261e+02     1.92770e+01     9.03710e+00
    3.38498e+00     3.93431e+02     1.92030e+01     8.99775e+00
    3.38907e+00     3.92547e+02     1.91524e+01     8.94762e+00
    3.39316e+00     3.91819e+02     1.91166e+01     8.90995e+00
    3.39725e+00     3.90591e+02     1.90319e+01     8.85826e+00
    3.40134e+00     3.89890e+02     1.89568e+01     8.80751e+00
    3.40543e+00     3.89052e+02     1.88978e+01     8.76534e+00
    3.40952e+00     3.88222e+02     1.88717e+01     8.72714e+00
    3.41362e+00     3.87544e+02     1.88477e+01     8.68878e+00
    3.41770e+00     3.86822e+02     1.87551e+01     8.63347e+00
    3.42179e+00     3.85606e+02     1.86654e+01     8.59567e+00
    3.42588e+00     3.85096e+02     1.86151e+01     8.54162e+00
    3.42997e+00     3.84033e+02     1.85595e+01     8.49454e+00
    3.43406e+00     3.83380e+02     1.85081e+01     8.45831e+00
    3.43816e+00     3.82669e+02     1.84500e+01     8.41827e+00
    3.44225e+00     3.81832e+02     1.83951e+01     8.37755e+00
    3.44634e+00     3.80857e+02     1.83274e+01     8.32918e+00
    3.45043e+00     3.80138e+02     1.82595e+01     8.29057e+00
    3.45452e+00     3.79249e+02     1.82105e+01     8.24606e+00
    3.45861e+00     3.78850e+02     1.81596e+01     8.19847e+00
    3.46270e+00     3.77463e+02     1.80832e+01     8.16038e+00
    3.46679e+00     3.76909e+02     1.80283e+01     8.11445e+00
    3.47088e+00     3.76219e+02     1.80184e+01     8.08445e+00
    3.47497e+00     3.75728e+02     1.79692e+01     8.03630e+00
    3.47906e+00     3.74443e+02     1.78530e+01     7.98965e+00
    3.48315e+00     3.73999e+02     1.78384e+01     7.95913e+00
    3.48725e+00     3.72986e+02     1.77725e+01     7.91166e+00
    3.49134e+00     3.72043e+02     1.76956e+01     7.87815e+00
    3.49543e+00     3.71673e+02     1.76832e+01     7.83458e+00
    3.49952e+00     3.70523e+02     1.75885e+01     7.79540e+00
    3.50361e+00     3.69793e+02     1.75408e+01     7.75660e+00
    3.50770e+00     3.69151e+02     1.74813e+01     7.71522e+00
    3.51179e+00     3.68378e+02     1.74586e+01     7.68265e+00
    3.51588e+00     3.67567e+02     1.73842e+01     7.63812e+00
    3.51997e+00     3.66687e+02     1.73337e+01     7.59554e+00
    3.52406e+00     3.65974e+02     1.72799e+01     7.56754e+00
    3.52815e+00     3.64990e+02     1.72244e+01     7.51967e+00
    3.53224e+00     3.64527e+02     1.71684e+01     7.48498e+00
    3.53633e+00     3.63712e+02     1.71348e+01     7.44550e+00
    3.54042e+00     3.62897e+02     1.70511e+01     7.40167e+00
    3.54451e+00     3.61951e+02     1.70074e+01     7.36958e+00
    3.54860e+00     3.61335e+02     1.69473e+01     7.33315e+00
    3.55270e+00     3.60428e+02     1.68662e+01     7.29245e+00
    3.55679e+00     3.59586e+02     1.67991e+01     7.25284e+00
    3.56088e+00     3.59135e+02     1.68083e+01     7.21784e+00
    3.56497e+00     3.58465e+02     1.67407e+01     7.18413e+00
    3.56906e+00     3.57556e+02     1.66361e+01     7.14464e+00
    3.57315e+00     3.56875e+02     1.66239e+01     7.11187e+00
    3.57724e+00     3.56059e+02     1.65845e+01     7.07770e+00
    3.58133e+00     3.55259e+02     1.65143e+01     7.04496e+00
    3.58542e+00     3.54642e+02     1.64942e+01     7.00559e+00
    3.58951e+00     3.53905e+02     1.64332e+01     6.97019e+00
    3.59360e+00     3.53384e+02     1.63747e+01     6.93409e+00
    3.59769e+00     3.52405e+02     1.63291e+01     6.89872e+00
    3.60178e+00     3.51685e+02     1.62777e+01     6.86804e+00
    3.60587e+00     3.51239e+02     1.62263e+01     6.82823e+00
    3.60996e+00     3.50239e+02     1.61600e+01     6.80060e+00
    3.61405e+00     3.49782e+02     1.61370e+01     6.75776e+00
    3.61814e+00     3.48836e+02     1.60816e+01     6.72809e+00
    3.62224e+00     3.47610e+02     1.60097e+01     6.69210e+00
    3.62633e+00     3.47066e+02     1.59815e+01     6.66496e+00
    3.63042e+00     3.46651e+02     1.59144e+01     6.62543e+00
    3.63451e+00     3.45718e+02     1.58683e+01     6.59381e+00
    3.63860e+00     3.45096e+02     1.58322e+01     6.56330e+00
    3.64269e+00     3.44195e+02     1.57366e+01     6.52500e+00
    3.64678e+00     3.43645e+02     1.57401e+01     6.50139e+00
    3.65087e+00     3.42622e+02     1.56524e+01     6.45981e+00
    3.65496e+00     3.42154e+02     1.55997e+01     6.42539e+00
    3.65905e+00     3.41619e+02     1.55871e+01     6.40376e+00
    3.66314e+00     3.40847e+02     1.55429e+01     6.36738e+00
    3.66723e+00     3.39915e+02     1.54748e+01     6.33908e+00
    3.67132e+00     3.39338e+02     1.54079e+01     6.29935e+00
    3.67541e+00     3.38959e+02     1.53947e+01     6.27770e+00
    3.67950e+00     3.38089e+02     1.53434e+01     6.23943e+00
    3.68359e+00     3.37186e+02     1.52713e+01     6.20870e+00
    3.68769e+00     3.36732e+02     1.52522e+01     6.17929e+00
    3.69177e+00     3.36238e+02     1.52076e+01     6.15138e+00
    3.69587e+00     3.35462e+02     1.51419e+01     6.11704e+00
    3.69996e+00     3.34416e+02     1.51102e+01     6.08990e+00
    3.70405e+00     3.33844e+02     1.50744e+01     6.06199e+00
    3.70814e+00     3.32794e+02     1.50013e+01     6.02882e+00
    3.71223e+00     3.32443e+02     1.49682e+01     6.00008e+00
    3.71632e+00     3.31753e+02     1.49177e+01     5.96819e+00
    3.72041e+00     3.30797e+02     1.48473e+01     5.93467e+00
    3.72450e+00     3.30516e+02     1.48127e+01     5.91074e+00
    3.72859e+00     3.30038e+02     1.48128e+01     5.88796e+00
    3.73268e+00     3.28889e+02     1.47257e+01     5.85373e+00
    3.73677e+00     3.28875e+02     1.46928e+01     5.82221e+00
    3.74086e+00     3.27681e+02     1.46182e+01     5.79350e+00
    3.74495e+00     3.27095e+02     1.45986e+01     5.76483e+00
    3.74905e+00     3.26358e+02     1.45464e+01     5.73783e+00
    3.75313e+00     3.25876e+02     1.44908e+01     5.71130e+00
    3.75722e+00     3.25073e+02     1.44370e+01     5.68436e+00
    3.76131e+00     3.24262e+02     1.44258e+01     5.65821e+00
    3.76541e+00     3.23801e+02     1.43839e+01     5.63216e+00
    3.76950e+00     3.22801e+02     1.43335e+01     5.60314e+00
    3.77359e+00     3.22362e+02     1.43089e+01     5.57276e+00
    3.77768e+00     3.21896e+02     1.42694e+01     5.55039e+00
    3.78177e+00     3.21110e+02     1.41950e+01     5.51910e+00
    3.78586e+00     3.20680e+02     1.41877e+01     5.49664e+00
    3.78995e+00     3.20077e+02     1.41253e+01     5.46933e+00
    3.79404e+00     3.19028e+02     1.40563e+01     5.43754e+00
    3.79813e+00     3.18514e+02     1.40439e+01     5.41523e+00
    3.80222e+00     3.17921e+02     1.39695e+01     5.39046e+00
    3.80632e+00     3.17260e+02     1.39489e+01     5.36036e+00
    3.81040e+00     3.16431e+02     1.38963e+01     5.33522e+00
    3.81449e+00     3.15938e+02     1.38428e+01     5.30750e+00
    3.81859e+00     3.15302e+02     1.38084e+01     5.28413e+00
    3.82268e+00     3.14599e+02     1.37887e+01     5.26221e+00
    3.82677e+00     3.14084e+02     1.37208e+01     5.23698e+00
    3.83086e+00     3.13161e+02     1.36646e+01     5.20833e+00
    3.83495e+00     3.13006e+02     1.36435e+01     5.18577e+00
    3.83904e+00     3.12342e+02     1.36127e+01     5.15763e+00
    3.84313e+00     3.11378e+02     1.35546e+01     5.13681e+00
    3.84722e+00     3.10966e+02     1.35367e+01     5.11324e+00
    3.85131e+00     3.10335e+02     1.34932e+01     5.08697e+00
    3.85540e+00     3.09783e+02     1.34478e+01     5.06281e+00
    3.85949e+00     3.09205e+02     1.33992e+01     5.04100e+00
    3.86358e+00     3.08511e+02     1.33590e+01     5.01388e+00
    3.86768e+00     3.07748e+02     1.33161e+01     4.99289e+00
    3.87177e+00     3.07075e+02     1.32675e+01     4.96921e+00
    3.87585e+00     3.07166e+02     1.32667e+01     4.94478e+00
    3.87994e+00     3.06196e+02     1.32030e+01     4.92326e+00
    3.88403e+00     3.05422e+02     1.31692e+01     4.89750e+00
    3.88813e+00     3.04829e+02     1.31233e+01     4.87270e+00
    3.89222e+00     3.04400e+02     1.30926e+01     4.85465e+00
    3.89631e+00     3.03498e+02     1.30475e+01     4.82826e+00
    3.90040e+00     3.03155e+02     1.30148e+01     4.80883e+00
    3.90449e+00     3.02500e+02     1.29722e+01     4.78911e+00
    3.90858e+00     3.01855e+02     1.29275e+01     4.76341e+00
    3.91267e+00     3.01221e+02     1.28908e+01     4.74389e+00
    3.91676e+00     3.00473e+02     1.28454e+01     4.71956e+00
    3.92085e+00     3.00189e+02     1.28206e+01     4.69783e+00
    3.92494e+00     2.99450e+02     1.27747e+01     4.68044e+00
    3.92903e+00     2.99081e+02     1.27429e+01     4.65522e+00
    3.93312e+00     2.98300e+02     1.26988e+01     4.63184e+00
    3.93721e+00     2.97994e+02     1.26766e+01     4.61490e+00
    3.94130e+00     2.97238e+02     1.26241e+01     4.59127e+00
    3.94539e+00     2.96974e+02     1.26255e+01     4.57198e+00
    3.94949e+00     2.96066e+02     1.25628e+01     4.55014e+00
    3.95358e+00     2.95514e+02     1.25262e+01     4.53155e+00
    3.95767e+00     2.95418e+02     1.25177e+01     4.50960e+00
    3.96176e+00     2.94610e+02     1.24762e+01     4.49199e+00
    3.96585e+00     2.93833e+02     1.24130e+01     4.46614e+00
    3.96994e+00     2.93219e+02     1.23690e+01     4.44940e+00
    3.97403e+00     2.92598e+02     1.23362e+01     4.43115e+00
    3.97812e+00     2.92334e+02     1.23259e+01     4.41184e+00
    3.98221e+00     2.91978e+02     1.22869e+01     4.38953e+00
    3.98630e+00     2.91299e+02     1.22418e+01     4.37030e+00
    3.99039e+00     2.90452e+02     1.21997e+01     4.34915e+00
    3.99448e+00     2.89981e+02     1.21748e+01     4.32955e+00
    3.99857e+00     2.89448e+02     1.21317e+01     4.31308e+00
    4.00266e+00     2.88821e+02     1.21002e+01     4.29297e+00
    4.00675e+00     2.88417e+02     1.20741e+01     4.27584e+00
    4.01085e+00     2.87806e+02     1.20364e+01     4.25588e+00
    4.01494e+00     2.87296e+02     1.19897e+01     4.23402e+00
    4.01902e+00     2.86855e+02     1.19558e+01     4.21801e+00
    4.02312e+00     2.86178e+02     1.19257e+01     4.19940e+00
    4.02721e+00     2.85640e+02     1.19062e+01     4.18403e+00
    4.03130e+00     2.85413e+02     1.18748e+01     4.16506e+00
    4.03539e+00     2.84470e+02     1.18237e+01     4.14491e+00
    4.03948e+00     2.84196e+02     1.18057e+01     4.12962e+00
    4.04357e+00     2.83601e+02     1.17654e+01     4.10871e+00
    4.04766e+00     2.83183e+02     1.17308e+01     4.09249e+00
    4.05175e+00     2.82525e+02     1.16853e+01     4.07332e+00
    4.05584e+00     2.82182e+02     1.16702e+01     4.05944e+00
    4.05993e+00     2.81555e+02     1.16400e+01     4.03956e+00
    4.06402e+00     2.81063e+02     1.16127e+01     4.02168e+00
    4.06811e+00     2.80661e+02     1.15815e+01     4.00661e+00
    4.07220e+00     2.80147e+02     1.15579e+01     3.99133e+00
    4.07630e+00     2.79626e+02     1.15223e+01     3.97238e+00
    4.08038e+00     2.79215e+02     1.14848e+01     3.95670e+00
    4.08447e+00     2.78503e+02     1.14509e+01     3.94193e+00
    4.08857e+00     2.77799e+02     1.13991e+01     3.92215e+00
    4.09266e+00     2.77479e+02     1.13806e+01     3.90680e+00
    4.09675e+00     2.77039e+02     1.13507e+01     3.89096e+00
    4.10084e+00     2.76625e+02     1.13318e+01     3.87663e+00
    4.10493e+00     2.76215e+02     1.13092e+01     3.86075e+00
    4.10902e+00     2.75452e+02     1.12634e+01     3.84470e+00
    4.11311e+00     2.75051e+02     1.12416e+01     3.82647e+00
    4.11720e+00     2.74545e+02     1.12026e+01     3.81258e+00
    4.12129e+00     2.74111e+02     1.11747e+01     3.79673e+00
    4.12538e+00     2.73411e+02     1.11359e+01     3.78024e+00
    4.12947e+00     2.73033e+02     1.11285e+01     3.76631e+00
    4.13356e+00     2.72624e+02     1.10750e+01     3.75411e+00
    4.13765e+00     2.72156e+02     1.10605e+01     3.73527e+00
    4.14175e+00     2.71738e+02     1.10331e+01     3.72181e+00
    4.14584e+00     2.71073e+02     1.09932e+01     3.70568e+00
    4.14993e+00     2.70876e+02     1.09824e+01     3.69130e+00
    4.15402e+00     2.70291e+02     1.09344e+01     3.67565e+00
    4.15811e+00     2.69666e+02     1.09149e+01     3.66646e+00
    4.16220e+00     2.69499e+02     1.08813e+01     3.64861e+00
    4.16629e+00     2.68950e+02     1.08668e+01     3.63555e+00
    4.17038e+00     2.68357e+02     1.08271e+01     3.62009e+00
    4.17447e+00     2.68031e+02     1.08083e+01     3.60623e+00
    4.17856e+00     2.67468e+02     1.07812e+01     3.59253e+00
    4.18265e+00     2.67011e+02     1.07484e+01     3.58190e+00
    4.18674e+00     2.66544e+02     1.07276e+01     3.56408e+00
