# Real space auto- and cross-spectra.
# z=0.000, 13.000<lgM<13.500
#      k[h/Mpc]            P_hh            P_hm            P_mm
    0.00000e+00     0.00000e+00     0.00000e+00     0.00000e+00
    5.79404e-03     2.53611e+04     2.03528e+04     1.86709e+04
    1.04717e-02     2.18667e+04     1.75253e+04     1.68762e+04
    1.42665e-02     3.16860e+04     2.52954e+04     2.26399e+04
    1.81228e-02     3.72194e+04     2.99111e+04     2.64705e+04
    2.24845e-02     3.14636e+04     2.50727e+04     2.29649e+04
    2.64508e-02     2.91585e+04     2.29602e+04     2.11816e+04
    3.04474e-02     2.86109e+04     2.24233e+04     2.01457e+04
    3.47320e-02     2.87699e+04     2.23066e+04     2.01303e+04
    3.88308e-02     2.30118e+04     1.73229e+04     1.56680e+04
    4.28140e-02     2.06410e+04     1.51718e+04     1.38313e+04
    4.68856e-02     1.92968e+04     1.40163e+04     1.27080e+04
    5.09858e-02     1.88278e+04     1.35090e+04     1.21623e+04
    5.51458e-02     1.81420e+04     1.27127e+04     1.13462e+04
    5.92243e-02     1.73566e+04     1.22816e+04     1.10431e+04
    6.32864e-02     1.58939e+04     1.12486e+04     1.04968e+04
    6.73674e-02     1.55325e+04     1.09152e+04     1.00953e+04
    7.14960e-02     1.46686e+04     1.00494e+04     9.24277e+03
    7.55894e-02     1.41459e+04     9.57910e+03     8.77484e+03
    7.96660e-02     1.36004e+04     9.07045e+03     8.25954e+03
    8.38183e-02     1.26451e+04     8.23236e+03     7.56500e+03
    8.78941e-02     1.17352e+04     7.60359e+03     7.07805e+03
    9.19238e-02     1.10610e+04     7.00231e+03     6.55345e+03
    9.60446e-02     1.02710e+04     6.32265e+03     5.91932e+03
    1.00128e-01     1.00007e+04     6.04466e+03     5.63777e+03
    1.04209e-01     9.48095e+03     5.67008e+03     5.35434e+03
    1.08333e-01     8.99663e+03     5.22938e+03     4.96671e+03
    1.12448e-01     8.89902e+03     5.20649e+03     4.91538e+03
    1.16521e-01     8.89580e+03     5.10004e+03     4.81175e+03
    1.20596e-01     8.39519e+03     4.75073e+03     4.50817e+03
    1.24665e-01     8.38758e+03     4.64213e+03     4.36970e+03
    1.28771e-01     8.12844e+03     4.47938e+03     4.25757e+03
    1.32874e-01     8.13010e+03     4.39852e+03     4.16666e+03
    1.36975e-01     7.80387e+03     4.17612e+03     3.97591e+03
    1.41075e-01     7.47890e+03     3.93312e+03     3.77278e+03
    1.45172e-01     7.29019e+03     3.74561e+03     3.61198e+03
    1.49268e-01     6.96261e+03     3.53809e+03     3.44229e+03
    1.53330e-01     6.86422e+03     3.34178e+03     3.23454e+03
    1.57416e-01     6.57066e+03     3.17133e+03     3.10891e+03
    1.61514e-01     6.39952e+03     3.01412e+03     2.98747e+03
    1.65592e-01     6.39786e+03     2.96904e+03     2.93693e+03
    1.69693e-01     6.14744e+03     2.84772e+03     2.81665e+03
    1.73803e-01     6.11555e+03     2.79484e+03     2.75174e+03
    1.77905e-01     5.95813e+03     2.65880e+03     2.64659e+03
    1.82001e-01     5.84858e+03     2.55197e+03     2.56460e+03
    1.86092e-01     5.74974e+03     2.47578e+03     2.50402e+03
    1.90161e-01     5.68377e+03     2.43365e+03     2.44001e+03
    1.94237e-01     5.61049e+03     2.36715e+03     2.36609e+03
    1.98334e-01     5.52077e+03     2.29598e+03     2.31888e+03
    2.02427e-01     5.41140e+03     2.26229e+03     2.29984e+03
    2.06523e-01     5.30450e+03     2.18474e+03     2.21563e+03
    2.10626e-01     5.29596e+03     2.07737e+03     2.14534e+03
    2.14724e-01     5.17051e+03     2.04283e+03     2.11674e+03
    2.18827e-01     5.12457e+03     1.97560e+03     2.02680e+03
    2.22903e-01     4.99280e+03     1.87943e+03     1.95968e+03
    2.26990e-01     4.96357e+03     1.84653e+03     1.92975e+03
    2.31084e-01     4.88823e+03     1.80455e+03     1.90446e+03
    2.35153e-01     4.76185e+03     1.73136e+03     1.82663e+03
    2.39244e-01     4.74795e+03     1.68536e+03     1.79357e+03
    2.43338e-01     4.69985e+03     1.67112e+03     1.77577e+03
    2.47445e-01     4.62141e+03     1.59585e+03     1.71719e+03
    2.51539e-01     4.61203e+03     1.57714e+03     1.68269e+03
    2.55609e-01     4.53554e+03     1.53240e+03     1.65875e+03
    2.59718e-01     4.51970e+03     1.51639e+03     1.62635e+03
    2.63814e-01     4.50821e+03     1.47588e+03     1.59418e+03
    2.67904e-01     4.43481e+03     1.42593e+03     1.54447e+03
    2.71993e-01     4.37529e+03     1.38955e+03     1.52779e+03
    2.76068e-01     4.34951e+03     1.37466e+03     1.50546e+03
    2.80171e-01     4.30162e+03     1.35127e+03     1.48817e+03
    2.84268e-01     4.27760e+03     1.31709e+03     1.45486e+03
    2.88346e-01     4.22730e+03     1.28543e+03     1.42513e+03
    2.92426e-01     4.19205e+03     1.25508e+03     1.39546e+03
    2.96514e-01     4.18108e+03     1.20663e+03     1.36505e+03
    3.00627e-01     4.11494e+03     1.19237e+03     1.35241e+03
    3.04729e-01     4.12687e+03     1.18687e+03     1.32709e+03
    3.08821e-01     4.06897e+03     1.14828e+03     1.31669e+03
    3.12919e-01     4.02245e+03     1.12210e+03     1.29854e+03
    3.16999e-01     4.00151e+03     1.11688e+03     1.27613e+03
    3.21078e-01     3.99601e+03     1.08063e+03     1.24680e+03
    3.25167e-01     3.95647e+03     1.06079e+03     1.22766e+03
    3.29247e-01     3.91330e+03     1.05204e+03     1.20955e+03
    3.33333e-01     3.90837e+03     1.01638e+03     1.18285e+03
    3.37443e-01     3.86526e+03     1.00822e+03     1.17778e+03
    3.41545e-01     3.84538e+03     9.82350e+02     1.14565e+03
    3.45625e-01     3.81142e+03     9.80843e+02     1.15384e+03
    3.49715e-01     3.80528e+03     9.53144e+02     1.12474e+03
    3.53817e-01     3.82958e+03     9.49915e+02     1.11474e+03
    3.57906e-01     3.75983e+03     9.28343e+02     1.10743e+03
    3.61975e-01     3.76186e+03     9.10561e+02     1.08524e+03
    3.66071e-01     3.73284e+03     8.98174e+02     1.08062e+03
    3.70189e-01     3.71376e+03     8.83235e+02     1.05011e+03
    3.74277e-01     3.69253e+03     8.76624e+02     1.05240e+03
    3.78356e-01     3.66799e+03     8.49419e+02     1.03439e+03
    3.82448e-01     3.64099e+03     8.33302e+02     1.01537e+03
    3.86535e-01     3.61756e+03     8.24211e+02     1.00962e+03
    3.90624e-01     3.59929e+03     8.09979e+02     9.97517e+02
    3.94706e-01     3.61398e+03     8.05223e+02     9.81306e+02
    3.98794e-01     3.57062e+03     7.91832e+02     9.77067e+02
    4.02896e-01     3.54560e+03     7.72625e+02     9.60725e+02
    4.06986e-01     3.54442e+03     7.65382e+02     9.54552e+02
    4.11069e-01     3.54041e+03     7.52323e+02     9.43475e+02
    4.15170e-01     3.51182e+03     7.36714e+02     9.27390e+02
    4.19263e-01     3.49635e+03     7.32104e+02     9.22281e+02
    4.23353e-01     3.46411e+03     7.25520e+02     9.07436e+02
    4.27447e-01     3.46501e+03     7.10236e+02     9.01967e+02
    4.31534e-01     3.46602e+03     6.97194e+02     8.88231e+02
    4.35624e-01     3.42698e+03     6.96090e+02     8.81213e+02
    4.39718e-01     3.42885e+03     6.80655e+02     8.71736e+02
    4.43804e-01     3.41916e+03     6.70821e+02     8.61926e+02
    4.47892e-01     3.42425e+03     6.64274e+02     8.52892e+02
    4.51977e-01     3.39380e+03     6.54722e+02     8.46268e+02
    4.56067e-01     3.37442e+03     6.49616e+02     8.38881e+02
    4.60165e-01     3.34342e+03     6.36503e+02     8.28711e+02
    4.64260e-01     3.35732e+03     6.32862e+02     8.21140e+02
    4.68355e-01     3.33791e+03     6.24361e+02     8.15580e+02
    4.72450e-01     3.34797e+03     6.19183e+02     8.05198e+02
    4.76540e-01     3.30986e+03     6.13361e+02     8.00493e+02
    4.80633e-01     3.28767e+03     5.97250e+02     7.92756e+02
    4.84718e-01     3.28369e+03     5.89152e+02     7.83791e+02
    4.88794e-01     3.28417e+03     5.90863e+02     7.82936e+02
    4.92888e-01     3.28977e+03     5.84812e+02     7.71045e+02
    4.96984e-01     3.25290e+03     5.69042e+02     7.64055e+02
    5.01073e-01     3.25844e+03     5.69187e+02     7.55932e+02
    5.05169e-01     3.24798e+03     5.57241e+02     7.49197e+02
    5.09268e-01     3.24429e+03     5.60074e+02     7.45032e+02
    5.13369e-01     3.23335e+03     5.48591e+02     7.39639e+02
    5.17441e-01     3.22883e+03     5.43945e+02     7.32621e+02
    5.21516e-01     3.21161e+03     5.38476e+02     7.24557e+02
    5.25611e-01     3.20784e+03     5.35986e+02     7.21876e+02
    5.29706e-01     3.20233e+03     5.19524e+02     7.11565e+02
    5.33801e-01     3.17652e+03     5.21801e+02     7.09869e+02
    5.37888e-01     3.18799e+03     5.18127e+02     7.01670e+02
    5.41985e-01     3.15719e+03     5.08047e+02     6.91918e+02
    5.46091e-01     3.15901e+03     5.03032e+02     6.89713e+02
    5.50174e-01     3.14098e+03     4.99011e+02     6.86579e+02
    5.54252e-01     3.12159e+03     4.84531e+02     6.77114e+02
    5.58346e-01     3.12555e+03     4.93263e+02     6.79650e+02
    5.62439e-01     3.11672e+03     4.82096e+02     6.68443e+02
    5.66527e-01     3.11622e+03     4.78677e+02     6.64601e+02
    5.70616e-01     3.12158e+03     4.73438e+02     6.60416e+02
    5.74707e-01     3.09992e+03     4.73828e+02     6.55731e+02
    5.78798e-01     3.10499e+03     4.66956e+02     6.50346e+02
    5.82883e-01     3.08915e+03     4.61044e+02     6.47694e+02
    5.86977e-01     3.08118e+03     4.60347e+02     6.42030e+02
    5.91070e-01     3.06300e+03     4.53256e+02     6.35212e+02
    5.95166e-01     3.06871e+03     4.47019e+02     6.32634e+02
    5.99260e-01     3.06501e+03     4.44711e+02     6.27480e+02
    6.03349e-01     3.06217e+03     4.45411e+02     6.26754e+02
    6.07445e-01     3.03724e+03     4.35005e+02     6.18630e+02
    6.11543e-01     3.03600e+03     4.38866e+02     6.17589e+02
    6.15623e-01     3.02734e+03     4.26886e+02     6.07002e+02
    6.19704e-01     3.01952e+03     4.23420e+02     6.08554e+02
    6.23792e-01     3.00964e+03     4.18716e+02     5.99141e+02
    6.27891e-01     3.00918e+03     4.17214e+02     5.96815e+02
    6.31991e-01     3.00625e+03     4.17370e+02     5.94592e+02
    6.36073e-01     2.99641e+03     4.11099e+02     5.86761e+02
    6.40158e-01     2.96940e+03     4.04644e+02     5.85867e+02
    6.44244e-01     2.99545e+03     4.08187e+02     5.81379e+02
    6.48338e-01     2.98391e+03     3.97810e+02     5.75822e+02
    6.52432e-01     2.96156e+03     3.94327e+02     5.73163e+02
    6.56514e-01     2.97886e+03     3.96895e+02     5.70386e+02
    6.60609e-01     2.96462e+03     3.92670e+02     5.69080e+02
    6.64712e-01     2.96377e+03     3.91357e+02     5.64416e+02
    6.68801e-01     2.95198e+03     3.86690e+02     5.62187e+02
    6.72890e-01     2.95305e+03     3.85764e+02     5.53415e+02
    6.76984e-01     2.94204e+03     3.79866e+02     5.51057e+02
    6.81074e-01     2.94024e+03     3.77763e+02     5.48406e+02
    6.85160e-01     2.93347e+03     3.78345e+02     5.46386e+02
    6.89246e-01     2.92946e+03     3.71613e+02     5.40384e+02
    6.93336e-01     2.91700e+03     3.70366e+02     5.37021e+02
    6.97434e-01     2.90953e+03     3.67282e+02     5.32625e+02
    7.01528e-01     2.90833e+03     3.64132e+02     5.31428e+02
    7.05618e-01     2.91063e+03     3.63875e+02     5.28047e+02
    7.09708e-01     2.89682e+03     3.57554e+02     5.24851e+02
    7.13796e-01     2.90050e+03     3.57455e+02     5.22900e+02
    7.17892e-01     2.87435e+03     3.52793e+02     5.19027e+02
    7.21982e-01     2.88230e+03     3.50424e+02     5.15958e+02
    7.26059e-01     2.87974e+03     3.50837e+02     5.12604e+02
    7.30145e-01     2.88597e+03     3.46658e+02     5.11414e+02
    7.34240e-01     2.86914e+03     3.42648e+02     5.08390e+02
    7.38340e-01     2.86507e+03     3.44424e+02     5.03404e+02
    7.42427e-01     2.86044e+03     3.39284e+02     4.98810e+02
    7.46511e-01     2.87330e+03     3.36339e+02     4.99491e+02
    7.50614e-01     2.86023e+03     3.33645e+02     4.94221e+02
    7.54706e-01     2.84759e+03     3.33648e+02     4.91970e+02
    7.58795e-01     2.84761e+03     3.34923e+02     4.89774e+02
    7.62888e-01     2.83363e+03     3.28190e+02     4.86213e+02
    7.66986e-01     2.82821e+03     3.26635e+02     4.81467e+02
    7.71073e-01     2.83659e+03     3.27139e+02     4.80985e+02
    7.75153e-01     2.81839e+03     3.25808e+02     4.78181e+02
    7.79241e-01     2.82813e+03     3.22597e+02     4.73572e+02
    7.83335e-01     2.81070e+03     3.19849e+02     4.71998e+02
    7.87426e-01     2.81813e+03     3.19877e+02     4.69203e+02
    7.91513e-01     2.80095e+03     3.15860e+02     4.65935e+02
    7.95606e-01     2.79299e+03     3.12822e+02     4.63433e+02
    7.99702e-01     2.80086e+03     3.12675e+02     4.62127e+02
    8.03798e-01     2.79349e+03     3.09375e+02     4.59364e+02
    8.07879e-01     2.79225e+03     3.10068e+02     4.55225e+02
    8.11963e-01     2.78221e+03     3.09557e+02     4.54146e+02
    8.16059e-01     2.79067e+03     3.03724e+02     4.51730e+02
    8.20152e-01     2.78932e+03     3.05253e+02     4.48618e+02
    8.24242e-01     2.77448e+03     3.03746e+02     4.48258e+02
    8.28331e-01     2.75990e+03     3.00116e+02     4.42845e+02
    8.32425e-01     2.76851e+03     3.01368e+02     4.42194e+02
    8.36516e-01     2.76279e+03     2.97247e+02     4.38801e+02
    8.40610e-01     2.75458e+03     2.95497e+02     4.36141e+02
    8.44704e-01     2.76167e+03     2.96445e+02     4.37268e+02
    8.48790e-01     2.74811e+03     2.92855e+02     4.33562e+02
    8.52876e-01     2.73486e+03     2.89350e+02     4.31029e+02
    8.56967e-01     2.74308e+03     2.89342e+02     4.28024e+02
    8.61059e-01     2.73398e+03     2.89826e+02     4.26242e+02
    8.65147e-01     2.73303e+03     2.89905e+02     4.23718e+02
    8.69235e-01     2.72917e+03     2.86349e+02     4.21737e+02
    8.73334e-01     2.73309e+03     2.85885e+02     4.18273e+02
    8.77429e-01     2.71994e+03     2.83031e+02     4.16892e+02
    8.81512e-01     2.71861e+03     2.80933e+02     4.13705e+02
    8.85601e-01     2.71486e+03     2.79369e+02     4.11120e+02
    8.89691e-01     2.70624e+03     2.77567e+02     4.08741e+02
    8.93784e-01     2.70498e+03     2.77391e+02     4.07615e+02
    8.97875e-01     2.70652e+03     2.79687e+02     4.05327e+02
    9.01960e-01     2.70578e+03     2.74268e+02     4.03603e+02
    9.06054e-01     2.70645e+03     2.74024e+02     4.02169e+02
    9.10146e-01     2.69512e+03     2.70939e+02     3.98655e+02
    9.14237e-01     2.68192e+03     2.69584e+02     3.95771e+02
    9.18331e-01     2.68962e+03     2.72131e+02     3.95775e+02
    9.22421e-01     2.68207e+03     2.67761e+02     3.92899e+02
    9.26509e-01     2.67095e+03     2.66155e+02     3.90701e+02
    9.30598e-01     2.68211e+03     2.66743e+02     3.88546e+02
    9.34692e-01     2.67273e+03     2.65229e+02     3.86314e+02
    9.38787e-01     2.66320e+03     2.61665e+02     3.83664e+02
    9.42873e-01     2.67499e+03     2.64990e+02     3.84000e+02
    9.46961e-01     2.66280e+03     2.63793e+02     3.81366e+02
    9.51054e-01     2.65758e+03     2.60050e+02     3.76802e+02
    9.55150e-01     2.66332e+03     2.60550e+02     3.77073e+02
    9.59240e-01     2.65638e+03     2.58903e+02     3.74383e+02
    9.63327e-01     2.64307e+03     2.55404e+02     3.73074e+02
    9.67420e-01     2.64500e+03     2.56525e+02     3.71182e+02
    9.71506e-01     2.64341e+03     2.55419e+02     3.67671e+02
    9.75588e-01     2.64008e+03     2.54309e+02     3.68354e+02
    9.79678e-01     2.63629e+03     2.53279e+02     3.64686e+02
    9.83773e-01     2.62503e+03     2.50966e+02     3.62418e+02
    9.87866e-01     2.63327e+03     2.52295e+02     3.61302e+02
    9.91960e-01     2.62402e+03     2.51943e+02     3.60632e+02
    9.96055e-01     2.62280e+03     2.49511e+02     3.57505e+02
    1.00015e+00     2.61795e+03     2.49342e+02     3.57333e+02
    1.00424e+00     2.60959e+03     2.45698e+02     3.54262e+02
    1.00832e+00     2.62065e+03     2.47520e+02     3.52439e+02
    1.01242e+00     2.60906e+03     2.45572e+02     3.51832e+02
    1.01651e+00     2.60797e+03     2.44271e+02     3.49137e+02
    1.02059e+00     2.60047e+03     2.42669e+02     3.47140e+02
    1.02468e+00     2.60091e+03     2.42857e+02     3.45593e+02
    1.02878e+00     2.59660e+03     2.41629e+02     3.43643e+02
    1.03287e+00     2.58706e+03     2.38752e+02     3.41653e+02
    1.03695e+00     2.58776e+03     2.38836e+02     3.39909e+02
    1.04105e+00     2.58541e+03     2.40138e+02     3.38433e+02
    1.04515e+00     2.58350e+03     2.37079e+02     3.36731e+02
    1.04923e+00     2.58777e+03     2.38384e+02     3.35198e+02
    1.05332e+00     2.56744e+03     2.35035e+02     3.32911e+02
    1.05741e+00     2.57955e+03     2.37383e+02     3.31960e+02
    1.06150e+00     2.56464e+03     2.32149e+02     3.29807e+02
    1.06559e+00     2.56275e+03     2.33666e+02     3.28194e+02
    1.06968e+00     2.55646e+03     2.32455e+02     3.26077e+02
    1.07377e+00     2.56014e+03     2.33041e+02     3.25021e+02
    1.07786e+00     2.55751e+03     2.31876e+02     3.23324e+02
    1.08195e+00     2.55499e+03     2.32107e+02     3.22354e+02
    1.08605e+00     2.55245e+03     2.30844e+02     3.20560e+02
    1.09014e+00     2.54879e+03     2.30053e+02     3.18915e+02
    1.09422e+00     2.54471e+03     2.29617e+02     3.17812e+02
    1.09832e+00     2.54061e+03     2.27314e+02     3.15668e+02
    1.10242e+00     2.54249e+03     2.28193e+02     3.13889e+02
    1.10650e+00     2.53439e+03     2.25429e+02     3.12636e+02
    1.11059e+00     2.53131e+03     2.25918e+02     3.10894e+02
    1.11468e+00     2.53108e+03     2.26610e+02     3.10255e+02
    1.11878e+00     2.52560e+03     2.23582e+02     3.07762e+02
    1.12287e+00     2.51859e+03     2.23270e+02     3.06417e+02
    1.12695e+00     2.52172e+03     2.23194e+02     3.04809e+02
    1.13105e+00     2.51312e+03     2.20493e+02     3.02442e+02
    1.13514e+00     2.51428e+03     2.22176e+02     3.02527e+02
    1.13922e+00     2.50760e+03     2.20355e+02     2.99751e+02
    1.14331e+00     2.50173e+03     2.18015e+02     2.99457e+02
    1.14741e+00     2.50731e+03     2.20033e+02     2.97876e+02
    1.15150e+00     2.50512e+03     2.18481e+02     2.95190e+02
    1.15559e+00     2.49823e+03     2.17872e+02     2.94646e+02
    1.15968e+00     2.50004e+03     2.17500e+02     2.93002e+02
    1.16377e+00     2.48899e+03     2.15979e+02     2.91503e+02
    1.16786e+00     2.49741e+03     2.16265e+02     2.90427e+02
    1.17195e+00     2.48182e+03     2.14939e+02     2.89031e+02
    1.17604e+00     2.47802e+03     2.14952e+02     2.87045e+02
    1.18013e+00     2.47790e+03     2.12226e+02     2.86267e+02
    1.18422e+00     2.47393e+03     2.13541e+02     2.84485e+02
    1.18831e+00     2.47417e+03     2.13260e+02     2.82937e+02
    1.19240e+00     2.47550e+03     2.12192e+02     2.81595e+02
    1.19649e+00     2.47039e+03     2.10406e+02     2.79787e+02
    1.20059e+00     2.46950e+03     2.11359e+02     2.79831e+02
    1.20468e+00     2.46447e+03     2.09261e+02     2.76959e+02
    1.20877e+00     2.46485e+03     2.10764e+02     2.76196e+02
    1.21286e+00     2.45784e+03     2.09217e+02     2.74551e+02
    1.21695e+00     2.45119e+03     2.07881e+02     2.73469e+02
    1.22104e+00     2.45111e+03     2.06536e+02     2.72380e+02
    1.22513e+00     2.44962e+03     2.06364e+02     2.70501e+02
    1.22922e+00     2.44843e+03     2.07527e+02     2.70197e+02
    1.23330e+00     2.43957e+03     2.06485e+02     2.68592e+02
    1.23740e+00     2.43545e+03     2.04909e+02     2.66794e+02
    1.24149e+00     2.43573e+03     2.04857e+02     2.65780e+02
    1.24558e+00     2.43276e+03     2.03799e+02     2.64218e+02
    1.24967e+00     2.43152e+03     2.03057e+02     2.63181e+02
    1.25376e+00     2.42910e+03     2.03444e+02     2.61554e+02
    1.25785e+00     2.42521e+03     2.02132e+02     2.61113e+02
    1.26194e+00     2.42857e+03     2.02342e+02     2.58667e+02
    1.26603e+00     2.41651e+03     2.01143e+02     2.57287e+02
    1.27012e+00     2.41705e+03     2.00995e+02     2.56823e+02
    1.27422e+00     2.41680e+03     2.00935e+02     2.55865e+02
    1.27831e+00     2.41205e+03     2.00413e+02     2.53928e+02
    1.28240e+00     2.41047e+03     1.99095e+02     2.53488e+02
    1.28649e+00     2.40814e+03     1.99259e+02     2.52044e+02
    1.29058e+00     2.40177e+03     1.98555e+02     2.50447e+02
    1.29467e+00     2.40108e+03     1.97535e+02     2.49120e+02
    1.29876e+00     2.39989e+03     1.97890e+02     2.48326e+02
    1.30285e+00     2.39502e+03     1.96810e+02     2.46855e+02
    1.30694e+00     2.39737e+03     1.96711e+02     2.45148e+02
    1.31103e+00     2.39213e+03     1.96945e+02     2.44628e+02
    1.31512e+00     2.38872e+03     1.94362e+02     2.42747e+02
    1.31921e+00     2.38896e+03     1.95737e+02     2.42421e+02
    1.32331e+00     2.37862e+03     1.94375e+02     2.40846e+02
    1.32739e+00     2.37920e+03     1.93066e+02     2.39604e+02
    1.33148e+00     2.37502e+03     1.92563e+02     2.38143e+02
    1.33558e+00     2.37173e+03     1.91855e+02     2.37261e+02
    1.33967e+00     2.36719e+03     1.92826e+02     2.35743e+02
    1.34376e+00     2.36326e+03     1.91675e+02     2.35388e+02
    1.34785e+00     2.36258e+03     1.90604e+02     2.33823e+02
    1.35195e+00     2.35307e+03     1.89842e+02     2.32219e+02
    1.35603e+00     2.35861e+03     1.89529e+02     2.31511e+02
    1.36011e+00     2.35322e+03     1.88869e+02     2.30328e+02
    1.36421e+00     2.35227e+03     1.90297e+02     2.29552e+02
    1.36830e+00     2.34927e+03     1.90295e+02     2.28495e+02
    1.37239e+00     2.34955e+03     1.88554e+02     2.27032e+02
    1.37648e+00     2.34444e+03     1.87721e+02     2.26320e+02
    1.38057e+00     2.33707e+03     1.87160e+02     2.24950e+02
    1.38466e+00     2.33279e+03     1.86059e+02     2.23510e+02
    1.38875e+00     2.33073e+03     1.85170e+02     2.22157e+02
    1.39285e+00     2.33311e+03     1.86040e+02     2.21644e+02
    1.39694e+00     2.32779e+03     1.85344e+02     2.20737e+02
    1.40102e+00     2.32502e+03     1.86306e+02     2.19197e+02
    1.40512e+00     2.32909e+03     1.85994e+02     2.18403e+02
    1.40921e+00     2.32063e+03     1.84508e+02     2.16959e+02
    1.41330e+00     2.31356e+03     1.83034e+02     2.16326e+02
    1.41739e+00     2.31303e+03     1.83616e+02     2.15271e+02
    1.42148e+00     2.31350e+03     1.83077e+02     2.14281e+02
    1.42557e+00     2.30950e+03     1.82554e+02     2.12721e+02
    1.42966e+00     2.30644e+03     1.82345e+02     2.12153e+02
    1.43375e+00     2.30322e+03     1.81740e+02     2.10845e+02
    1.43784e+00     2.30401e+03     1.81950e+02     2.09591e+02
    1.44193e+00     2.29705e+03     1.80735e+02     2.09219e+02
    1.44602e+00     2.29763e+03     1.80623e+02     2.07426e+02
    1.45011e+00     2.29269e+03     1.80416e+02     2.06786e+02
    1.45420e+00     2.29472e+03     1.80647e+02     2.05637e+02
    1.45830e+00     2.28506e+03     1.78037e+02     2.04859e+02
    1.46239e+00     2.28476e+03     1.78829e+02     2.04052e+02
    1.46648e+00     2.28399e+03     1.79290e+02     2.02784e+02
    1.47056e+00     2.27813e+03     1.78047e+02     2.01684e+02
    1.47465e+00     2.27517e+03     1.77373e+02     2.01241e+02
    1.47874e+00     2.27706e+03     1.77426e+02     1.99863e+02
    1.48283e+00     2.26878e+03     1.77061e+02     1.99031e+02
    1.48693e+00     2.27154e+03     1.76170e+02     1.98208e+02
    1.49102e+00     2.26672e+03     1.75646e+02     1.97266e+02
    1.49511e+00     2.26358e+03     1.75322e+02     1.96033e+02
    1.49920e+00     2.25966e+03     1.75326e+02     1.95307e+02
    1.50329e+00     2.25536e+03     1.74040e+02     1.94045e+02
    1.50738e+00     2.25389e+03     1.74229e+02     1.93175e+02
    1.51148e+00     2.25394e+03     1.73920e+02     1.92297e+02
    1.51557e+00     2.24543e+03     1.72779e+02     1.91447e+02
    1.51965e+00     2.24255e+03     1.72892e+02     1.90452e+02
    1.52374e+00     2.24060e+03     1.72741e+02     1.89636e+02
    1.52784e+00     2.23762e+03     1.72204e+02     1.88697e+02
    1.53193e+00     2.23830e+03     1.70909e+02     1.87664e+02
    1.53602e+00     2.22954e+03     1.70931e+02     1.86753e+02
    1.54011e+00     2.22997e+03     1.70739e+02     1.85767e+02
    1.54420e+00     2.22633e+03     1.70560e+02     1.84777e+02
    1.54829e+00     2.22686e+03     1.69766e+02     1.84242e+02
    1.55238e+00     2.22189e+03     1.69906e+02     1.83147e+02
    1.55647e+00     2.21943e+03     1.69346e+02     1.82126e+02
    1.56056e+00     2.21544e+03     1.69521e+02     1.81250e+02
    1.56465e+00     2.21489e+03     1.68762e+02     1.80493e+02
    1.56874e+00     2.21266e+03     1.68315e+02     1.79599e+02
    1.57283e+00     2.20887e+03     1.67256e+02     1.78527e+02
    1.57693e+00     2.20844e+03     1.67778e+02     1.77767e+02
    1.58102e+00     2.20403e+03     1.67152e+02     1.76947e+02
    1.58510e+00     2.19927e+03     1.66843e+02     1.75925e+02
    1.58919e+00     2.19841e+03     1.65962e+02     1.74987e+02
    1.59329e+00     2.19248e+03     1.65733e+02     1.74317e+02
    1.59738e+00     2.19519e+03     1.65310e+02     1.73230e+02
    1.60147e+00     2.19272e+03     1.65378e+02     1.72490e+02
    1.60556e+00     2.18643e+03     1.64774e+02     1.71394e+02
    1.60965e+00     2.18585e+03     1.64618e+02     1.70821e+02
    1.61374e+00     2.18269e+03     1.64614e+02     1.70132e+02
    1.61783e+00     2.17248e+03     1.62570e+02     1.68971e+02
    1.62192e+00     2.17679e+03     1.63505e+02     1.68375e+02
    1.62601e+00     2.17348e+03     1.62849e+02     1.67393e+02
    1.63010e+00     2.16416e+03     1.62357e+02     1.66490e+02
    1.63419e+00     2.17123e+03     1.62065e+02     1.65699e+02
    1.63828e+00     2.16613e+03     1.61902e+02     1.65088e+02
    1.64238e+00     2.16243e+03     1.61702e+02     1.63971e+02
    1.64647e+00     2.16126e+03     1.60725e+02     1.63154e+02
    1.65055e+00     2.15635e+03     1.61713e+02     1.62767e+02
    1.65465e+00     2.15381e+03     1.60979e+02     1.61738e+02
    1.65874e+00     2.15158e+03     1.60232e+02     1.61302e+02
    1.66283e+00     2.14674e+03     1.59800e+02     1.60537e+02
    1.66691e+00     2.14404e+03     1.59324e+02     1.59463e+02
    1.67101e+00     2.14696e+03     1.58886e+02     1.58561e+02
    1.67510e+00     2.13848e+03     1.58722e+02     1.57982e+02
    1.67919e+00     2.14074e+03     1.58390e+02     1.57168e+02
    1.68328e+00     2.13515e+03     1.57802e+02     1.56369e+02
    1.68737e+00     2.12979e+03     1.57241e+02     1.55676e+02
    1.69146e+00     2.12974e+03     1.56981e+02     1.55049e+02
    1.69555e+00     2.12859e+03     1.57136e+02     1.53999e+02
    1.69964e+00     2.11697e+03     1.56174e+02     1.52976e+02
    1.70373e+00     2.11936e+03     1.55764e+02     1.52480e+02
    1.70782e+00     2.11661e+03     1.56422e+02     1.51746e+02
    1.71191e+00     2.11855e+03     1.55456e+02     1.51039e+02
    1.71600e+00     2.11245e+03     1.55205e+02     1.50368e+02
    1.72009e+00     2.10793e+03     1.54909e+02     1.49614e+02
    1.72418e+00     2.10735e+03     1.53949e+02     1.48675e+02
    1.72828e+00     2.10350e+03     1.52990e+02     1.47848e+02
    1.73237e+00     2.09784e+03     1.53496e+02     1.47206e+02
    1.73646e+00     2.09686e+03     1.53298e+02     1.46640e+02
    1.74055e+00     2.09117e+03     1.52371e+02     1.46130e+02
    1.74464e+00     2.09088e+03     1.52797e+02     1.45240e+02
    1.74874e+00     2.09003e+03     1.52688e+02     1.44557e+02
    1.75282e+00     2.08762e+03     1.52134e+02     1.43676e+02
    1.75691e+00     2.08493e+03     1.50819e+02     1.42874e+02
    1.76100e+00     2.08322e+03     1.51377e+02     1.42282e+02
    1.76509e+00     2.07868e+03     1.51421e+02     1.41786e+02
    1.76918e+00     2.07700e+03     1.50802e+02     1.40882e+02
    1.77327e+00     2.07397e+03     1.50234e+02     1.40317e+02
    1.77737e+00     2.07122e+03     1.49886e+02     1.39397e+02
    1.78146e+00     2.06933e+03     1.49544e+02     1.38755e+02
    1.78554e+00     2.06211e+03     1.48862e+02     1.37950e+02
    1.78964e+00     2.06385e+03     1.48762e+02     1.37357e+02
    1.79373e+00     2.05668e+03     1.47440e+02     1.36640e+02
    1.79782e+00     2.05232e+03     1.47450e+02     1.35953e+02
    1.80191e+00     2.05500e+03     1.47727e+02     1.35207e+02
    1.80600e+00     2.04567e+03     1.47124e+02     1.34721e+02
    1.81009e+00     2.04504e+03     1.47174e+02     1.34263e+02
    1.81418e+00     2.04323e+03     1.46547e+02     1.33389e+02
    1.81827e+00     2.03996e+03     1.45788e+02     1.32762e+02
    1.82236e+00     2.03576e+03     1.45672e+02     1.32070e+02
    1.82645e+00     2.03211e+03     1.45261e+02     1.31472e+02
    1.83054e+00     2.03312e+03     1.45397e+02     1.30744e+02
    1.83463e+00     2.02974e+03     1.44718e+02     1.30169e+02
    1.83872e+00     2.02483e+03     1.44812e+02     1.29290e+02
    1.84281e+00     2.02225e+03     1.44210e+02     1.29011e+02
    1.84691e+00     2.01774e+03     1.43988e+02     1.28092e+02
    1.85100e+00     2.01321e+03     1.43182e+02     1.27530e+02
    1.85509e+00     2.01471e+03     1.43523e+02     1.26997e+02
    1.85918e+00     2.01127e+03     1.43191e+02     1.26415e+02
    1.86327e+00     2.00649e+03     1.42597e+02     1.25547e+02
    1.86736e+00     2.01074e+03     1.41736e+02     1.24905e+02
    1.87145e+00     2.00544e+03     1.41733e+02     1.24446e+02
    1.87554e+00     1.99914e+03     1.41755e+02     1.23778e+02
    1.87963e+00     1.99558e+03     1.41223e+02     1.23069e+02
    1.88372e+00     1.99465e+03     1.41438e+02     1.22418e+02
    1.88781e+00     1.99373e+03     1.40717e+02     1.21996e+02
    1.89190e+00     1.99056e+03     1.40395e+02     1.21323e+02
    1.89599e+00     1.98824e+03     1.40076e+02     1.20870e+02
    1.90008e+00     1.98297e+03     1.39375e+02     1.20071e+02
    1.90417e+00     1.98105e+03     1.39949e+02     1.19419e+02
    1.90827e+00     1.98057e+03     1.39310e+02     1.18876e+02
    1.91236e+00     1.97582e+03     1.38660e+02     1.18385e+02
    1.91645e+00     1.97322e+03     1.38379e+02     1.17800e+02
    1.92054e+00     1.97026e+03     1.37883e+02     1.17242e+02
    1.92463e+00     1.96773e+03     1.38126e+02     1.16603e+02
    1.92872e+00     1.96532e+03     1.37698e+02     1.16049e+02
    1.93281e+00     1.96263e+03     1.36917e+02     1.15535e+02
    1.93690e+00     1.95685e+03     1.36272e+02     1.14778e+02
    1.94099e+00     1.95436e+03     1.36159e+02     1.14175e+02
    1.94508e+00     1.95593e+03     1.35838e+02     1.13504e+02
    1.94917e+00     1.95091e+03     1.36016e+02     1.13162e+02
    1.95326e+00     1.94827e+03     1.35546e+02     1.12677e+02
    1.95735e+00     1.94265e+03     1.35447e+02     1.12081e+02
    1.96144e+00     1.94162e+03     1.34641e+02     1.11384e+02
    1.96553e+00     1.93738e+03     1.34980e+02     1.10876e+02
    1.96962e+00     1.93465e+03     1.33888e+02     1.10292e+02
    1.97371e+00     1.93637e+03     1.33612e+02     1.09768e+02
    1.97781e+00     1.93010e+03     1.33983e+02     1.09290e+02
    1.98190e+00     1.93113e+03     1.33343e+02     1.08650e+02
    1.98599e+00     1.92353e+03     1.32978e+02     1.08016e+02
    1.99008e+00     1.92136e+03     1.32235e+02     1.07531e+02
    1.99417e+00     1.91910e+03     1.32134e+02     1.07061e+02
    1.99826e+00     1.91687e+03     1.32104e+02     1.06614e+02
    2.00235e+00     1.91609e+03     1.31873e+02     1.05981e+02
    2.00644e+00     1.91048e+03     1.31096e+02     1.05391e+02
    2.01053e+00     1.90843e+03     1.31280e+02     1.04926e+02
    2.01462e+00     1.90466e+03     1.31041e+02     1.04367e+02
    2.01871e+00     1.90255e+03     1.30544e+02     1.03808e+02
    2.02280e+00     1.89770e+03     1.30008e+02     1.03387e+02
    2.02689e+00     1.89740e+03     1.29971e+02     1.02749e+02
    2.03098e+00     1.89380e+03     1.29464e+02     1.02169e+02
    2.03507e+00     1.89429e+03     1.29022e+02     1.01762e+02
    2.03917e+00     1.88987e+03     1.29486e+02     1.01382e+02
    2.04325e+00     1.88516e+03     1.28015e+02     1.00660e+02
    2.04735e+00     1.88269e+03     1.27880e+02     1.00058e+02
    2.05143e+00     1.87847e+03     1.27780e+02     9.97285e+01
    2.05552e+00     1.87523e+03     1.27439e+02     9.93049e+01
    2.05962e+00     1.87380e+03     1.27176e+02     9.85932e+01
    2.06371e+00     1.86774e+03     1.26486e+02     9.81653e+01
    2.06780e+00     1.86927e+03     1.26407e+02     9.77208e+01
    2.07189e+00     1.86676e+03     1.25994e+02     9.71485e+01
    2.07598e+00     1.86121e+03     1.25904e+02     9.67966e+01
    2.08007e+00     1.85622e+03     1.25060e+02     9.63031e+01
    2.08416e+00     1.85515e+03     1.25387e+02     9.57831e+01
    2.08825e+00     1.85361e+03     1.24738e+02     9.53904e+01
    2.09234e+00     1.85045e+03     1.24186e+02     9.46899e+01
    2.09644e+00     1.84714e+03     1.24569e+02     9.43274e+01
    2.10053e+00     1.84452e+03     1.24075e+02     9.37753e+01
    2.10461e+00     1.84280e+03     1.23703e+02     9.33226e+01
    2.10870e+00     1.83901e+03     1.23078e+02     9.28749e+01
    2.11280e+00     1.83813e+03     1.23032e+02     9.25200e+01
    2.11688e+00     1.83189e+03     1.22892e+02     9.19391e+01
    2.12098e+00     1.83199e+03     1.22557e+02     9.14197e+01
    2.12507e+00     1.82834e+03     1.22263e+02     9.09790e+01
    2.12916e+00     1.82570e+03     1.22000e+02     9.06026e+01
    2.13325e+00     1.82442e+03     1.21909e+02     9.02265e+01
    2.13734e+00     1.81629e+03     1.20976e+02     8.96096e+01
    2.14143e+00     1.82108e+03     1.21570e+02     8.92257e+01
    2.14552e+00     1.81541e+03     1.20598e+02     8.87040e+01
    2.14961e+00     1.80880e+03     1.20171e+02     8.81998e+01
    2.15370e+00     1.80868e+03     1.19915e+02     8.78238e+01
    2.15779e+00     1.80646e+03     1.19669e+02     8.73248e+01
    2.16188e+00     1.80233e+03     1.19421e+02     8.70049e+01
    2.16597e+00     1.79793e+03     1.19526e+02     8.66513e+01
    2.17006e+00     1.79619e+03     1.18734e+02     8.60518e+01
    2.17416e+00     1.79129e+03     1.18144e+02     8.56776e+01
    2.17825e+00     1.79175e+03     1.17798e+02     8.51615e+01
    2.18234e+00     1.78853e+03     1.17973e+02     8.46932e+01
    2.18643e+00     1.78378e+03     1.17469e+02     8.43529e+01
    2.19052e+00     1.78377e+03     1.17549e+02     8.39336e+01
    2.19461e+00     1.77876e+03     1.16894e+02     8.34856e+01
    2.19870e+00     1.77671e+03     1.16990e+02     8.33137e+01
    2.20279e+00     1.77298e+03     1.16556e+02     8.27664e+01
    2.20688e+00     1.77119e+03     1.16531e+02     8.23102e+01
    2.21097e+00     1.76893e+03     1.15990e+02     8.17644e+01
    2.21506e+00     1.76517e+03     1.15540e+02     8.12766e+01
    2.21915e+00     1.76305e+03     1.15044e+02     8.09435e+01
    2.22324e+00     1.75929e+03     1.14822e+02     8.05729e+01
    2.22733e+00     1.75761e+03     1.14644e+02     8.02574e+01
    2.23142e+00     1.75353e+03     1.14003e+02     7.98364e+01
    2.23552e+00     1.75214e+03     1.13990e+02     7.93576e+01
    2.23961e+00     1.74854e+03     1.13932e+02     7.89837e+01
    2.24369e+00     1.74823e+03     1.13186e+02     7.84838e+01
    2.24779e+00     1.74215e+03     1.13362e+02     7.81384e+01
    2.25188e+00     1.73848e+03     1.13042e+02     7.78481e+01
    2.25597e+00     1.73875e+03     1.12434e+02     7.73364e+01
    2.26006e+00     1.73424e+03     1.12260e+02     7.69530e+01
    2.26415e+00     1.73054e+03     1.11646e+02     7.64893e+01
    2.26824e+00     1.72983e+03     1.11693e+02     7.61231e+01
    2.27233e+00     1.72661e+03     1.11476e+02     7.58159e+01
    2.27642e+00     1.72267e+03     1.11162e+02     7.54079e+01
    2.28051e+00     1.71983e+03     1.10920e+02     7.50350e+01
    2.28460e+00     1.71733e+03     1.10716e+02     7.46764e+01
    2.28869e+00     1.71462e+03     1.10392e+02     7.42838e+01
    2.29278e+00     1.71243e+03     1.09867e+02     7.39287e+01
    2.29687e+00     1.70989e+03     1.09631e+02     7.35790e+01
    2.30096e+00     1.70406e+03     1.09313e+02     7.31158e+01
    2.30506e+00     1.70223e+03     1.08859e+02     7.27604e+01
    2.30915e+00     1.69900e+03     1.08256e+02     7.24002e+01
    2.31324e+00     1.69658e+03     1.08389e+02     7.21059e+01
    2.31733e+00     1.69277e+03     1.08380e+02     7.17227e+01
    2.32142e+00     1.69044e+03     1.07839e+02     7.13324e+01
    2.32551e+00     1.68809e+03     1.07450e+02     7.08947e+01
    2.32960e+00     1.68567e+03     1.07257e+02     7.06045e+01
    2.33369e+00     1.68366e+03     1.07104e+02     7.01518e+01
    2.33778e+00     1.67755e+03     1.06508e+02     6.98386e+01
    2.34187e+00     1.67649e+03     1.06580e+02     6.94727e+01
    2.34596e+00     1.67420e+03     1.06111e+02     6.90970e+01
    2.35005e+00     1.67145e+03     1.05708e+02     6.87238e+01
    2.35414e+00     1.66665e+03     1.05320e+02     6.84386e+01
    2.35823e+00     1.66698e+03     1.05537e+02     6.81511e+01
    2.36232e+00     1.66351e+03     1.05303e+02     6.78062e+01
    2.36641e+00     1.66121e+03     1.04771e+02     6.74087e+01
    2.37051e+00     1.65721e+03     1.04292e+02     6.70212e+01
    2.37460e+00     1.65375e+03     1.04256e+02     6.68184e+01
    2.37869e+00     1.65130e+03     1.03964e+02     6.64389e+01
    2.38278e+00     1.64878e+03     1.03555e+02     6.60102e+01
    2.38687e+00     1.64830e+03     1.03403e+02     6.56647e+01
    2.39096e+00     1.64426e+03     1.03137e+02     6.53701e+01
    2.39505e+00     1.64088e+03     1.02674e+02     6.50169e+01
    2.39914e+00     1.63578e+03     1.02394e+02     6.46666e+01
    2.40323e+00     1.63546e+03     1.02079e+02     6.43538e+01
    2.40732e+00     1.63108e+03     1.01843e+02     6.40761e+01
    2.41141e+00     1.62765e+03     1.01576e+02     6.37286e+01
    2.41550e+00     1.62531e+03     1.01333e+02     6.34164e+01
    2.41959e+00     1.62412e+03     1.01114e+02     6.30044e+01
    2.42368e+00     1.62060e+03     1.00785e+02     6.27565e+01
    2.42777e+00     1.61720e+03     1.00512e+02     6.24144e+01
    2.43187e+00     1.61534e+03     1.00141e+02     6.21208e+01
    2.43596e+00     1.61243e+03     1.00098e+02     6.18629e+01
    2.44004e+00     1.60860e+03     9.96711e+01     6.14810e+01
    2.44414e+00     1.60546e+03     9.91932e+01     6.11192e+01
    2.44823e+00     1.60271e+03     9.90547e+01     6.08602e+01
    2.45232e+00     1.59801e+03     9.85163e+01     6.04648e+01
    2.45640e+00     1.59493e+03     9.82315e+01     6.01508e+01
    2.46050e+00     1.59587e+03     9.83602e+01     5.99489e+01
    2.46459e+00     1.59218e+03     9.79947e+01     5.96587e+01
    2.46868e+00     1.58784e+03     9.76585e+01     5.92461e+01
    2.47277e+00     1.58468e+03     9.71644e+01     5.89577e+01
    2.47686e+00     1.58332e+03     9.71743e+01     5.87155e+01
    2.48095e+00     1.58005e+03     9.69326e+01     5.83531e+01
    2.48504e+00     1.57978e+03     9.65305e+01     5.80659e+01
    2.48913e+00     1.57562e+03     9.63715e+01     5.77838e+01
    2.49322e+00     1.57294e+03     9.59076e+01     5.74798e+01
    2.49731e+00     1.56787e+03     9.54906e+01     5.71485e+01
    2.50141e+00     1.56657e+03     9.52049e+01     5.68689e+01
    2.50550e+00     1.56444e+03     9.52336e+01     5.65679e+01
    2.50959e+00     1.56195e+03     9.48357e+01     5.62491e+01
    2.51368e+00     1.55835e+03     9.48169e+01     5.60132e+01
    2.51777e+00     1.55652e+03     9.42165e+01     5.56824e+01
    2.52186e+00     1.55233e+03     9.40315e+01     5.54767e+01
    2.52595e+00     1.54997e+03     9.37242e+01     5.51478e+01
    2.53004e+00     1.54664e+03     9.34073e+01     5.48638e+01
    2.53413e+00     1.54519e+03     9.34602e+01     5.46455e+01
    2.53822e+00     1.54160e+03     9.30344e+01     5.42863e+01
    2.54231e+00     1.54007e+03     9.28014e+01     5.40310e+01
    2.54640e+00     1.53443e+03     9.24822e+01     5.37133e+01
    2.55049e+00     1.53218e+03     9.21976e+01     5.34688e+01
    2.55458e+00     1.52906e+03     9.17489e+01     5.31760e+01
    2.55867e+00     1.52696e+03     9.16901e+01     5.29450e+01
    2.56276e+00     1.52457e+03     9.14076e+01     5.25843e+01
    2.56685e+00     1.52223e+03     9.10943e+01     5.23706e+01
    2.57095e+00     1.51884e+03     9.05927e+01     5.20711e+01
    2.57504e+00     1.51558e+03     9.05520e+01     5.18071e+01
    2.57913e+00     1.51360e+03     9.03075e+01     5.15730e+01
    2.58322e+00     1.51132e+03     9.01144e+01     5.12912e+01
    2.58731e+00     1.50781e+03     8.97336e+01     5.10255e+01
    2.59140e+00     1.50504e+03     8.93805e+01     5.08005e+01
    2.59549e+00     1.50117e+03     8.91910e+01     5.04921e+01
    2.59958e+00     1.50030e+03     8.90924e+01     5.02205e+01
    2.60367e+00     1.49694e+03     8.86500e+01     4.99712e+01
    2.60776e+00     1.49408e+03     8.84517e+01     4.97286e+01
    2.61185e+00     1.49163e+03     8.82150e+01     4.94472e+01
    2.61594e+00     1.48858e+03     8.77551e+01     4.91860e+01
    2.62003e+00     1.48639e+03     8.76482e+01     4.89728e+01
    2.62412e+00     1.48467e+03     8.73772e+01     4.86813e+01
    2.62821e+00     1.47971e+03     8.71688e+01     4.84463e+01
    2.63230e+00     1.47864e+03     8.67750e+01     4.81692e+01
    2.63640e+00     1.47414e+03     8.65105e+01     4.79838e+01
    2.64049e+00     1.47110e+03     8.64312e+01     4.76762e+01
    2.64457e+00     1.46880e+03     8.61855e+01     4.74892e+01
    2.64867e+00     1.46684e+03     8.58435e+01     4.71968e+01
    2.65276e+00     1.46231e+03     8.54638e+01     4.69571e+01
    2.65685e+00     1.45985e+03     8.52608e+01     4.67457e+01
    2.66094e+00     1.45652e+03     8.47948e+01     4.64738e+01
    2.66503e+00     1.45610e+03     8.49276e+01     4.62382e+01
    2.66912e+00     1.45360e+03     8.44401e+01     4.59834e+01
    2.67321e+00     1.44959e+03     8.42155e+01     4.57643e+01
    2.67730e+00     1.44698e+03     8.38913e+01     4.55182e+01
    2.68139e+00     1.44432e+03     8.37065e+01     4.52841e+01
    2.68548e+00     1.44306e+03     8.38618e+01     4.50828e+01
    2.68957e+00     1.43902e+03     8.30987e+01     4.47587e+01
    2.69366e+00     1.43641e+03     8.28958e+01     4.45851e+01
    2.69776e+00     1.43342e+03     8.27011e+01     4.43337e+01
    2.70185e+00     1.43032e+03     8.23663e+01     4.41446e+01
    2.70594e+00     1.43001e+03     8.22993e+01     4.38779e+01
    2.71003e+00     1.42545e+03     8.17797e+01     4.36298e+01
    2.71412e+00     1.42226e+03     8.17687e+01     4.34577e+01
    2.71821e+00     1.42058e+03     8.15427e+01     4.32125e+01
    2.72230e+00     1.41784e+03     8.12425e+01     4.29841e+01
    2.72639e+00     1.41375e+03     8.09348e+01     4.27679e+01
    2.73048e+00     1.41085e+03     8.06552e+01     4.25265e+01
    2.73457e+00     1.40961e+03     8.05325e+01     4.23163e+01
    2.73866e+00     1.40652e+03     8.03033e+01     4.20590e+01
    2.74275e+00     1.40417e+03     7.99192e+01     4.18926e+01
    2.74684e+00     1.40202e+03     7.98453e+01     4.16772e+01
    2.75093e+00     1.39891e+03     7.96733e+01     4.14782e+01
    2.75502e+00     1.39504e+03     7.91304e+01     4.12512e+01
    2.75911e+00     1.39360e+03     7.89829e+01     4.10458e+01
    2.76320e+00     1.38933e+03     7.87880e+01     4.08062e+01
    2.76730e+00     1.38731e+03     7.81829e+01     4.05448e+01
    2.77139e+00     1.38461e+03     7.83189e+01     4.03680e+01
    2.77548e+00     1.38233e+03     7.80601e+01     4.01874e+01
    2.77957e+00     1.38057e+03     7.79831e+01     3.99630e+01
    2.78366e+00     1.37759e+03     7.74010e+01     3.97167e+01
    2.78775e+00     1.37534e+03     7.73568e+01     3.95581e+01
    2.79184e+00     1.37093e+03     7.68311e+01     3.92857e+01
    2.79593e+00     1.37045e+03     7.68536e+01     3.91216e+01
    2.80002e+00     1.36535e+03     7.64860e+01     3.89254e+01
    2.80411e+00     1.36235e+03     7.60625e+01     3.86995e+01
    2.80820e+00     1.35895e+03     7.58556e+01     3.84975e+01
    2.81229e+00     1.35949e+03     7.57833e+01     3.83087e+01
    2.81638e+00     1.35580e+03     7.55552e+01     3.81128e+01
    2.82047e+00     1.35298e+03     7.52802e+01     3.78862e+01
    2.82457e+00     1.35007e+03     7.50062e+01     3.77097e+01
    2.82866e+00     1.34785e+03     7.47975e+01     3.75152e+01
    2.83275e+00     1.34468e+03     7.45626e+01     3.72945e+01
    2.83684e+00     1.34142e+03     7.44304e+01     3.71251e+01
    2.84093e+00     1.33872e+03     7.41358e+01     3.69521e+01
    2.84502e+00     1.33587e+03     7.38588e+01     3.67129e+01
    2.84911e+00     1.33500e+03     7.36673e+01     3.65525e+01
    2.85320e+00     1.33143e+03     7.34440e+01     3.63384e+01
    2.85729e+00     1.32862e+03     7.31884e+01     3.61767e+01
    2.86138e+00     1.32682e+03     7.29629e+01     3.59602e+01
    2.86547e+00     1.32356e+03     7.28175e+01     3.57735e+01
    2.86956e+00     1.32052e+03     7.24254e+01     3.56102e+01
    2.87365e+00     1.31825e+03     7.22694e+01     3.54239e+01
    2.87774e+00     1.31638e+03     7.20124e+01     3.52178e+01
    2.88183e+00     1.31372e+03     7.18373e+01     3.50674e+01
    2.88592e+00     1.30951e+03     7.15174e+01     3.48495e+01
    2.89001e+00     1.30699e+03     7.11297e+01     3.46555e+01
    2.89410e+00     1.30567e+03     7.10850e+01     3.44681e+01
    2.89820e+00     1.30370e+03     7.07745e+01     3.43010e+01
    2.90229e+00     1.29999e+03     7.05339e+01     3.41297e+01
    2.90638e+00     1.29799e+03     7.04032e+01     3.39454e+01
    2.91047e+00     1.29461e+03     7.00535e+01     3.37924e+01
    2.91456e+00     1.29120e+03     6.98093e+01     3.35884e+01
    2.91865e+00     1.28931e+03     6.96392e+01     3.34700e+01
    2.92274e+00     1.28780e+03     6.95575e+01     3.32735e+01
    2.92683e+00     1.28431e+03     6.91719e+01     3.30556e+01
    2.93092e+00     1.28194e+03     6.89184e+01     3.28902e+01
    2.93501e+00     1.28053e+03     6.87350e+01     3.27164e+01
    2.93910e+00     1.27630e+03     6.85480e+01     3.25389e+01
    2.94319e+00     1.27379e+03     6.83010e+01     3.23777e+01
    2.94728e+00     1.27190e+03     6.81220e+01     3.22046e+01
    2.95137e+00     1.26973e+03     6.78125e+01     3.20267e+01
    2.95546e+00     1.26718e+03     6.76903e+01     3.18678e+01
    2.95955e+00     1.26300e+03     6.73451e+01     3.17145e+01
    2.96364e+00     1.26133e+03     6.72266e+01     3.15257e+01
    2.96774e+00     1.25805e+03     6.69077e+01     3.13760e+01
    2.97183e+00     1.25678e+03     6.68076e+01     3.12178e+01
    2.97592e+00     1.25444e+03     6.64364e+01     3.10477e+01
    2.98001e+00     1.25148e+03     6.63354e+01     3.08775e+01
    2.98410e+00     1.24868e+03     6.61253e+01     3.07048e+01
    2.98819e+00     1.24492e+03     6.58154e+01     3.05758e+01
    2.99228e+00     1.24427e+03     6.57105e+01     3.03823e+01
    2.99637e+00     1.24026e+03     6.52590e+01     3.02487e+01
    3.00046e+00     1.23865e+03     6.52717e+01     3.01024e+01
    3.00455e+00     1.23636e+03     6.50804e+01     2.99318e+01
    3.00864e+00     1.23287e+03     6.48579e+01     2.97740e+01
    3.01273e+00     1.23120e+03     6.45993e+01     2.96045e+01
    3.01682e+00     1.22724e+03     6.43605e+01     2.94521e+01
    3.02091e+00     1.22644e+03     6.41076e+01     2.92968e+01
    3.02500e+00     1.22438e+03     6.40049e+01     2.91355e+01
    3.02910e+00     1.21995e+03     6.34711e+01     2.89894e+01
    3.03319e+00     1.21797e+03     6.33853e+01     2.88066e+01
    3.03728e+00     1.21495e+03     6.31889e+01     2.86678e+01
    3.04137e+00     1.21457e+03     6.30559e+01     2.85257e+01
    3.04546e+00     1.20971e+03     6.28106e+01     2.83869e+01
    3.04955e+00     1.20717e+03     6.26345e+01     2.82346e+01
    3.05364e+00     1.20660e+03     6.24888e+01     2.80749e+01
    3.05773e+00     1.20321e+03     6.20925e+01     2.79160e+01
    3.06182e+00     1.20169e+03     6.21561e+01     2.78105e+01
    3.06591e+00     1.19930e+03     6.17681e+01     2.76266e+01
    3.07000e+00     1.19504e+03     6.15915e+01     2.74929e+01
    3.07409e+00     1.19440e+03     6.14887e+01     2.73382e+01
    3.07818e+00     1.19034e+03     6.11156e+01     2.72147e+01
    3.08227e+00     1.18883e+03     6.11811e+01     2.70816e+01
    3.08636e+00     1.18645e+03     6.07391e+01     2.69262e+01
    3.09045e+00     1.18295e+03     6.05333e+01     2.67797e+01
    3.09454e+00     1.18108e+03     6.04185e+01     2.66715e+01
    3.09863e+00     1.17813e+03     6.00310e+01     2.64954e+01
    3.10272e+00     1.17636e+03     5.99859e+01     2.63731e+01
    3.10682e+00     1.17394e+03     5.98582e+01     2.62256e+01
    3.11091e+00     1.17188e+03     5.95705e+01     2.60736e+01
    3.11500e+00     1.16893e+03     5.93594e+01     2.59457e+01
    3.11909e+00     1.16577e+03     5.91805e+01     2.58122e+01
    3.12318e+00     1.16349e+03     5.87675e+01     2.56633e+01
    3.12727e+00     1.16078e+03     5.87154e+01     2.55447e+01
    3.13136e+00     1.15917e+03     5.85679e+01     2.54021e+01
    3.13545e+00     1.15786e+03     5.84313e+01     2.52745e+01
    3.13954e+00     1.15504e+03     5.81822e+01     2.51275e+01
    3.14363e+00     1.15224e+03     5.80036e+01     2.50019e+01
    3.14772e+00     1.15030e+03     5.77253e+01     2.48750e+01
    3.15181e+00     1.14712e+03     5.75167e+01     2.47271e+01
    3.15590e+00     1.14548e+03     5.74824e+01     2.46224e+01
    3.16000e+00     1.14296e+03     5.70630e+01     2.44653e+01
    3.16409e+00     1.13976e+03     5.69596e+01     2.43617e+01
    3.16818e+00     1.13677e+03     5.67034e+01     2.42226e+01
    3.17227e+00     1.13592e+03     5.66606e+01     2.41066e+01
    3.17636e+00     1.13175e+03     5.63467e+01     2.39905e+01
    3.18045e+00     1.13043e+03     5.62172e+01     2.38502e+01
    3.18454e+00     1.12768e+03     5.59107e+01     2.37258e+01
    3.18863e+00     1.12614e+03     5.58178e+01     2.35747e+01
    3.19272e+00     1.12338e+03     5.55958e+01     2.34819e+01
    3.19681e+00     1.12147e+03     5.54056e+01     2.33528e+01
    3.20090e+00     1.11936e+03     5.51860e+01     2.32163e+01
    3.20499e+00     1.11637e+03     5.49576e+01     2.30850e+01
    3.20908e+00     1.11494e+03     5.48202e+01     2.29353e+01
    3.21317e+00     1.11191e+03     5.45643e+01     2.28477e+01
    3.21726e+00     1.11018e+03     5.43568e+01     2.27336e+01
    3.22135e+00     1.10793e+03     5.42148e+01     2.26025e+01
    3.22545e+00     1.10528e+03     5.41184e+01     2.25119e+01
    3.22954e+00     1.10188e+03     5.38056e+01     2.23581e+01
    3.23363e+00     1.10009e+03     5.36744e+01     2.22508e+01
    3.23772e+00     1.09790e+03     5.34769e+01     2.21501e+01
    3.24181e+00     1.09594e+03     5.34007e+01     2.20356e+01
    3.24590e+00     1.09315e+03     5.30685e+01     2.19024e+01
    3.24999e+00     1.09040e+03     5.28767e+01     2.17883e+01
    3.25408e+00     1.08822e+03     5.27229e+01     2.16538e+01
    3.25817e+00     1.08528e+03     5.24911e+01     2.15555e+01
    3.26226e+00     1.08357e+03     5.24359e+01     2.14359e+01
    3.26635e+00     1.08066e+03     5.21827e+01     2.13235e+01
    3.27044e+00     1.07810e+03     5.19430e+01     2.12117e+01
    3.27453e+00     1.07708e+03     5.18544e+01     2.11078e+01
    3.27862e+00     1.07388e+03     5.16498e+01     2.10065e+01
    3.28271e+00     1.07167e+03     5.14040e+01     2.08804e+01
    3.28681e+00     1.06994e+03     5.12349e+01     2.07783e+01
    3.29090e+00     1.06824e+03     5.11437e+01     2.06744e+01
    3.29499e+00     1.06529e+03     5.09005e+01     2.05469e+01
    3.29908e+00     1.06359e+03     5.07373e+01     2.04488e+01
    3.30317e+00     1.06182e+03     5.06395e+01     2.03374e+01
    3.30725e+00     1.05854e+03     5.03794e+01     2.02288e+01
    3.31135e+00     1.05654e+03     5.01683e+01     2.01017e+01
    3.31544e+00     1.05608e+03     5.00795e+01     2.00295e+01
    3.31953e+00     1.05178e+03     4.97970e+01     1.99070e+01
    3.32362e+00     1.04853e+03     4.96201e+01     1.97946e+01
    3.32771e+00     1.04810e+03     4.95052e+01     1.96940e+01
    3.33180e+00     1.04577e+03     4.93730e+01     1.96004e+01
    3.33589e+00     1.04296e+03     4.90752e+01     1.95030e+01
    3.33998e+00     1.04123e+03     4.90623e+01     1.94001e+01
    3.34407e+00     1.03846e+03     4.87968e+01     1.92828e+01
    3.34816e+00     1.03608e+03     4.86266e+01     1.91898e+01
    3.35226e+00     1.03517e+03     4.85290e+01     1.90891e+01
    3.35634e+00     1.03175e+03     4.82724e+01     1.89913e+01
    3.36043e+00     1.02994e+03     4.81047e+01     1.88928e+01
    3.36453e+00     1.02932e+03     4.80187e+01     1.87896e+01
    3.36862e+00     1.02508e+03     4.77359e+01     1.86859e+01
    3.37271e+00     1.02319e+03     4.75657e+01     1.85819e+01
    3.37680e+00     1.02130e+03     4.74981e+01     1.85010e+01
    3.38089e+00     1.01990e+03     4.73615e+01     1.84035e+01
    3.38498e+00     1.01753e+03     4.70937e+01     1.83075e+01
    3.38907e+00     1.01408e+03     4.69266e+01     1.82018e+01
    3.39316e+00     1.01255e+03     4.68462e+01     1.81088e+01
    3.39725e+00     1.01067e+03     4.66648e+01     1.80208e+01
    3.40134e+00     1.00790e+03     4.64265e+01     1.79350e+01
    3.40543e+00     1.00617e+03     4.62317e+01     1.78248e+01
    3.40952e+00     1.00369e+03     4.61394e+01     1.77365e+01
    3.41362e+00     1.00231e+03     4.59337e+01     1.76264e+01
    3.41770e+00     9.99736e+02     4.57695e+01     1.75447e+01
    3.42179e+00     9.97031e+02     4.56835e+01     1.74560e+01
    3.42588e+00     9.95061e+02     4.55000e+01     1.73661e+01
    3.42997e+00     9.93400e+02     4.53690e+01     1.72969e+01
    3.43406e+00     9.91767e+02     4.52333e+01     1.71958e+01
    3.43816e+00     9.89255e+02     4.49856e+01     1.70997e+01
    3.44225e+00     9.87034e+02     4.48916e+01     1.70060e+01
    3.44634e+00     9.84878e+02     4.46947e+01     1.69139e+01
    3.45043e+00     9.82231e+02     4.45246e+01     1.68311e+01
    3.45452e+00     9.81132e+02     4.43319e+01     1.67357e+01
    3.45861e+00     9.78044e+02     4.41194e+01     1.66485e+01
    3.46270e+00     9.77850e+02     4.40928e+01     1.65594e+01
    3.46679e+00     9.74351e+02     4.37932e+01     1.64633e+01
    3.47088e+00     9.72198e+02     4.37089e+01     1.63854e+01
    3.47497e+00     9.70843e+02     4.36262e+01     1.63102e+01
    3.47906e+00     9.68872e+02     4.34179e+01     1.62156e+01
    3.48315e+00     9.66779e+02     4.33237e+01     1.61530e+01
    3.48725e+00     9.64472e+02     4.31496e+01     1.60652e+01
    3.49134e+00     9.61633e+02     4.29435e+01     1.59704e+01
    3.49543e+00     9.60086e+02     4.27831e+01     1.58850e+01
    3.49952e+00     9.57799e+02     4.26953e+01     1.58035e+01
    3.50361e+00     9.56347e+02     4.24971e+01     1.57132e+01
    3.50770e+00     9.53985e+02     4.23406e+01     1.56477e+01
    3.51179e+00     9.52030e+02     4.22168e+01     1.55705e+01
    3.51588e+00     9.50295e+02     4.20384e+01     1.54788e+01
    3.51997e+00     9.47826e+02     4.18831e+01     1.54041e+01
    3.52406e+00     9.45944e+02     4.17877e+01     1.53201e+01
    3.52815e+00     9.44396e+02     4.16229e+01     1.52406e+01
    3.53224e+00     9.42034e+02     4.14528e+01     1.51658e+01
    3.53633e+00     9.40394e+02     4.13197e+01     1.50760e+01
    3.54042e+00     9.38099e+02     4.11407e+01     1.49977e+01
    3.54451e+00     9.35963e+02     4.10705e+01     1.49301e+01
    3.54860e+00     9.34088e+02     4.08428e+01     1.48420e+01
    3.55270e+00     9.31816e+02     4.07125e+01     1.47676e+01
    3.55679e+00     9.30046e+02     4.05255e+01     1.46868e+01
    3.56088e+00     9.27595e+02     4.04267e+01     1.46053e+01
    3.56497e+00     9.26279e+02     4.03110e+01     1.45415e+01
    3.56906e+00     9.24189e+02     4.01624e+01     1.44614e+01
    3.57315e+00     9.21743e+02     3.99437e+01     1.43929e+01
    3.57724e+00     9.20436e+02     3.98433e+01     1.43169e+01
    3.58133e+00     9.18670e+02     3.97912e+01     1.42441e+01
    3.58542e+00     9.16343e+02     3.95974e+01     1.41685e+01
    3.58951e+00     9.14029e+02     3.93755e+01     1.40864e+01
    3.59360e+00     9.13258e+02     3.93043e+01     1.40295e+01
    3.59769e+00     9.11411e+02     3.91885e+01     1.39505e+01
    3.60178e+00     9.08737e+02     3.89976e+01     1.38768e+01
    3.60587e+00     9.06669e+02     3.88667e+01     1.38067e+01
    3.60996e+00     9.03828e+02     3.86860e+01     1.37272e+01
    3.61405e+00     9.02481e+02     3.85291e+01     1.36639e+01
    3.61814e+00     9.01135e+02     3.84948e+01     1.36027e+01
    3.62224e+00     8.98775e+02     3.83847e+01     1.35244e+01
    3.62633e+00     8.96906e+02     3.81984e+01     1.34600e+01
    3.63042e+00     8.95605e+02     3.81315e+01     1.33925e+01
    3.63451e+00     8.93051e+02     3.78382e+01     1.33113e+01
    3.63860e+00     8.91866e+02     3.77756e+01     1.32419e+01
    3.64269e+00     8.89635e+02     3.76713e+01     1.31952e+01
    3.64678e+00     8.87519e+02     3.75057e+01     1.31169e+01
    3.65087e+00     8.85738e+02     3.73859e+01     1.30377e+01
    3.65496e+00     8.83658e+02     3.72678e+01     1.29882e+01
    3.65905e+00     8.82633e+02     3.71275e+01     1.29260e+01
    3.66314e+00     8.80385e+02     3.70018e+01     1.28501e+01
    3.66723e+00     8.79091e+02     3.68803e+01     1.27825e+01
    3.67132e+00     8.77061e+02     3.67535e+01     1.27317e+01
    3.67541e+00     8.75052e+02     3.66152e+01     1.26616e+01
    3.67950e+00     8.73161e+02     3.65006e+01     1.25909e+01
    3.68359e+00     8.70851e+02     3.62876e+01     1.25227e+01
    3.68769e+00     8.68910e+02     3.61479e+01     1.24582e+01
    3.69177e+00     8.67312e+02     3.61429e+01     1.24116e+01
    3.69587e+00     8.66221e+02     3.59628e+01     1.23309e+01
    3.69996e+00     8.64194e+02     3.58383e+01     1.22764e+01
    3.70405e+00     8.62219e+02     3.57034e+01     1.22125e+01
    3.70814e+00     8.61245e+02     3.55976e+01     1.21601e+01
    3.71223e+00     8.58677e+02     3.54250e+01     1.20883e+01
    3.71632e+00     8.57431e+02     3.53949e+01     1.20351e+01
    3.72041e+00     8.54684e+02     3.51586e+01     1.19682e+01
    3.72450e+00     8.53366e+02     3.50945e+01     1.19105e+01
    3.72859e+00     8.51960e+02     3.50011e+01     1.18584e+01
    3.73268e+00     8.49472e+02     3.48149e+01     1.17917e+01
    3.73677e+00     8.48359e+02     3.47611e+01     1.17376e+01
    3.74086e+00     8.46736e+02     3.46246e+01     1.16706e+01
    3.74495e+00     8.44945e+02     3.44982e+01     1.16118e+01
    3.74905e+00     8.43405e+02     3.43412e+01     1.15560e+01
    3.75313e+00     8.40764e+02     3.42379e+01     1.14972e+01
    3.75722e+00     8.40036e+02     3.41705e+01     1.14516e+01
    3.76131e+00     8.38115e+02     3.40255e+01     1.13884e+01
    3.76541e+00     8.37029e+02     3.39762e+01     1.13342e+01
    3.76950e+00     8.34180e+02     3.37610e+01     1.12771e+01
    3.77359e+00     8.32416e+02     3.36410e+01     1.12205e+01
    3.77768e+00     8.30696e+02     3.35653e+01     1.11663e+01
    3.78177e+00     8.29267e+02     3.33957e+01     1.11051e+01
    3.78586e+00     8.28270e+02     3.33313e+01     1.10494e+01
    3.78995e+00     8.25777e+02     3.31635e+01     1.09979e+01
    3.79404e+00     8.24192e+02     3.30766e+01     1.09432e+01
    3.79813e+00     8.22506e+02     3.29897e+01     1.08883e+01
    3.80222e+00     8.20693e+02     3.28514e+01     1.08342e+01
    3.80632e+00     8.19119e+02     3.27733e+01     1.07821e+01
    3.81040e+00     8.18416e+02     3.26528e+01     1.07349e+01
    3.81449e+00     8.15991e+02     3.24852e+01     1.06789e+01
    3.81859e+00     8.14122e+02     3.24134e+01     1.06262e+01
    3.82268e+00     8.13359e+02     3.23060e+01     1.05747e+01
    3.82677e+00     8.10268e+02     3.21196e+01     1.05091e+01
    3.83086e+00     8.09566e+02     3.20954e+01     1.04703e+01
    3.83495e+00     8.07294e+02     3.19563e+01     1.04239e+01
    3.83904e+00     8.06130e+02     3.18768e+01     1.03733e+01
    3.84313e+00     8.04044e+02     3.17509e+01     1.03229e+01
    3.84722e+00     8.02716e+02     3.16469e+01     1.02741e+01
    3.85131e+00     8.01279e+02     3.15112e+01     1.02137e+01
    3.85540e+00     7.99399e+02     3.14261e+01     1.01669e+01
    3.85949e+00     7.97971e+02     3.13262e+01     1.01189e+01
    3.86358e+00     7.96705e+02     3.12267e+01     1.00686e+01
    3.86768e+00     7.94723e+02     3.10753e+01     1.00224e+01
    3.87177e+00     7.93571e+02     3.09965e+01     9.97297e+00
    3.87585e+00     7.91876e+02     3.08394e+01     9.92220e+00
    3.87994e+00     7.90174e+02     3.07816e+01     9.87807e+00
    3.88403e+00     7.88461e+02     3.06748e+01     9.83189e+00
    3.88813e+00     7.87060e+02     3.05955e+01     9.79071e+00
    3.89222e+00     7.85718e+02     3.05076e+01     9.73697e+00
    3.89631e+00     7.84564e+02     3.03790e+01     9.69586e+00
    3.90040e+00     7.82531e+02     3.03001e+01     9.65476e+00
    3.90449e+00     7.81135e+02     3.02275e+01     9.60375e+00
    3.90858e+00     7.79344e+02     3.01065e+01     9.56025e+00
    3.91267e+00     7.77045e+02     2.99116e+01     9.50702e+00
    3.91676e+00     7.75845e+02     2.98935e+01     9.46587e+00
    3.92085e+00     7.74450e+02     2.97690e+01     9.42383e+00
    3.92494e+00     7.72754e+02     2.96264e+01     9.37587e+00
    3.92903e+00     7.71904e+02     2.96057e+01     9.33191e+00
    3.93312e+00     7.69400e+02     2.94248e+01     9.29077e+00
    3.93721e+00     7.68687e+02     2.93374e+01     9.24814e+00
    3.94130e+00     7.67146e+02     2.93056e+01     9.20844e+00
    3.94539e+00     7.65811e+02     2.91586e+01     9.16081e+00
    3.94949e+00     7.63917e+02     2.90711e+01     9.12360e+00
    3.95358e+00     7.63055e+02     2.90274e+01     9.08182e+00
    3.95767e+00     7.60762e+02     2.88804e+01     9.03283e+00
    3.96176e+00     7.59747e+02     2.87883e+01     8.99529e+00
    3.96585e+00     7.58555e+02     2.87226e+01     8.95482e+00
    3.96994e+00     7.56608e+02     2.86473e+01     8.91620e+00
    3.97403e+00     7.55430e+02     2.85127e+01     8.86870e+00
    3.97812e+00     7.53567e+02     2.84080e+01     8.83089e+00
    3.98221e+00     7.52344e+02     2.83239e+01     8.79076e+00
    3.98630e+00     7.50995e+02     2.82412e+01     8.75257e+00
    3.99039e+00     7.49301e+02     2.81288e+01     8.70900e+00
    3.99448e+00     7.47977e+02     2.80933e+01     8.67823e+00
    3.99857e+00     7.46202e+02     2.79802e+01     8.63312e+00
    4.00266e+00     7.45176e+02     2.78838e+01     8.59721e+00
    4.00675e+00     7.44150e+02     2.77907e+01     8.56260e+00
    4.01085e+00     7.41924e+02     2.76779e+01     8.51265e+00
    4.01494e+00     7.41192e+02     2.75905e+01     8.47734e+00
    4.01902e+00     7.39887e+02     2.75148e+01     8.43205e+00
    4.02312e+00     7.38317e+02     2.74635e+01     8.40433e+00
    4.02721e+00     7.37174e+02     2.73540e+01     8.36498e+00
    4.03130e+00     7.35452e+02     2.72885e+01     8.33142e+00
    4.03539e+00     7.34397e+02     2.71654e+01     8.28728e+00
    4.03948e+00     7.32594e+02     2.71077e+01     8.25879e+00
    4.04357e+00     7.31163e+02     2.70238e+01     8.22288e+00
    4.04766e+00     7.30092e+02     2.69253e+01     8.18511e+00
    4.05175e+00     7.28731e+02     2.68262e+01     8.14169e+00
    4.05584e+00     7.27299e+02     2.67576e+01     8.11717e+00
    4.05993e+00     7.26282e+02     2.66683e+01     8.07959e+00
    4.06402e+00     7.24864e+02     2.66259e+01     8.05043e+00
    4.06811e+00     7.23140e+02     2.65074e+01     8.01098e+00
    4.07220e+00     7.22133e+02     2.64293e+01     7.97425e+00
    4.07630e+00     7.20467e+02     2.63161e+01     7.94151e+00
    4.08038e+00     7.20081e+02     2.63131e+01     7.90749e+00
    4.08447e+00     7.17723e+02     2.61646e+01     7.87369e+00
    4.08857e+00     7.16977e+02     2.61325e+01     7.84289e+00
    4.09266e+00     7.15184e+02     2.60115e+01     7.80580e+00
    4.09675e+00     7.13957e+02     2.59358e+01     7.77050e+00
    4.10084e+00     7.12959e+02     2.58957e+01     7.74117e+00
    4.10493e+00     7.11586e+02     2.58263e+01     7.70855e+00
    4.10902e+00     7.09878e+02     2.56995e+01     7.68115e+00
    4.11311e+00     7.09044e+02     2.56471e+01     7.65114e+00
    4.11720e+00     7.07898e+02     2.55502e+01     7.61021e+00
    4.12129e+00     7.06390e+02     2.54811e+01     7.58126e+00
    4.12538e+00     7.05478e+02     2.54046e+01     7.54906e+00
    4.12947e+00     7.03975e+02     2.53063e+01     7.51857e+00
    4.13356e+00     7.02723e+02     2.52552e+01     7.49049e+00
    4.13765e+00     7.01784e+02     2.51699e+01     7.45923e+00
    4.14175e+00     6.99857e+02     2.51063e+01     7.42775e+00
    4.14584e+00     6.99073e+02     2.50439e+01     7.40004e+00
    4.14993e+00     6.98040e+02     2.49600e+01     7.36794e+00
    4.15402e+00     6.96422e+02     2.48515e+01     7.33372e+00
    4.15811e+00     6.96078e+02     2.48437e+01     7.30959e+00
    4.16220e+00     6.94008e+02     2.47512e+01     7.28043e+00
    4.16629e+00     6.92650e+02     2.46297e+01     7.25009e+00
    4.17038e+00     6.91742e+02     2.45763e+01     7.21880e+00
    4.17447e+00     6.90665e+02     2.44706e+01     7.19008e+00
    4.17856e+00     6.89262e+02     2.44543e+01     7.16360e+00
    4.18265e+00     6.88145e+02     2.43949e+01     7.14058e+00
    4.18674e+00     6.86823e+02     2.43042e+01     7.10797e+00
