# Real space auto- and cross-spectra.
# z=3.000, 12.500<lgM<13.000
#      k[h/Mpc]            P_hh            P_hm            P_mm
    0.00000e+00     0.00000e+00     0.00000e+00     0.00000e+00
    5.79404e-03     6.83660e+04     1.05732e+04     1.86970e+03
    1.04717e-02     6.70311e+04     9.63203e+03     1.68708e+03
    1.42665e-02     7.50986e+04     1.19353e+04     2.27872e+03
    1.81228e-02     8.56779e+04     1.41372e+04     2.66116e+03
    2.24845e-02     8.26202e+04     1.27125e+04     2.32644e+03
    2.64508e-02     7.58882e+04     1.15908e+04     2.12396e+03
    3.04474e-02     6.83193e+04     1.06698e+04     2.04825e+03
    3.47320e-02     7.07664e+04     1.09506e+04     2.05037e+03
    3.88308e-02     5.80689e+04     8.56723e+03     1.59784e+03
    4.28140e-02     5.16401e+04     7.39138e+03     1.40023e+03
    4.68856e-02     4.88060e+04     6.85477e+03     1.29027e+03
    5.09858e-02     4.83635e+04     6.63129e+03     1.23869e+03
    5.51458e-02     4.55717e+04     6.17388e+03     1.15451e+03
    5.92243e-02     4.46990e+04     6.01350e+03     1.12602e+03
    6.32864e-02     4.47751e+04     5.93046e+03     1.08007e+03
    6.73674e-02     4.27748e+04     5.63588e+03     1.04598e+03
    7.14960e-02     4.02300e+04     5.10097e+03     9.45488e+02
    7.55894e-02     3.86700e+04     4.87443e+03     9.05079e+02
    7.96660e-02     3.68371e+04     4.56223e+03     8.39656e+02
    8.38183e-02     3.53617e+04     4.21359e+03     7.78080e+02
    8.78941e-02     3.36090e+04     3.89680e+03     7.12131e+02
    9.19238e-02     3.31312e+04     3.68765e+03     6.67910e+02
    9.60446e-02     2.97620e+04     3.23289e+03     5.90287e+02
    1.00128e-01     2.96098e+04     3.10541e+03     5.65792e+02
    1.04209e-01     2.82285e+04     2.91754e+03     5.33082e+02
    1.08333e-01     2.75691e+04     2.74477e+03     4.91437e+02
    1.12448e-01     2.66556e+04     2.63716e+03     4.73035e+02
    1.16521e-01     2.71226e+04     2.61757e+03     4.68093e+02
    1.20596e-01     2.53058e+04     2.46429e+03     4.48157e+02
    1.24665e-01     2.55645e+04     2.40161e+03     4.32786e+02
    1.28771e-01     2.52623e+04     2.36248e+03     4.20395e+02
    1.32874e-01     2.44204e+04     2.26949e+03     4.10201e+02
    1.36975e-01     2.41946e+04     2.18876e+03     3.91548e+02
    1.41075e-01     2.36215e+04     2.07524e+03     3.68373e+02
    1.45172e-01     2.29390e+04     1.96645e+03     3.47695e+02
    1.49268e-01     2.20895e+04     1.83312e+03     3.21082e+02
    1.53330e-01     2.15070e+04     1.72511e+03     3.05648e+02
    1.57416e-01     2.13194e+04     1.66992e+03     2.89562e+02
    1.61514e-01     2.03926e+04     1.55795e+03     2.70355e+02
    1.65592e-01     2.07657e+04     1.57783e+03     2.69518e+02
    1.69693e-01     1.98515e+04     1.43943e+03     2.50110e+02
    1.73803e-01     1.98273e+04     1.42697e+03     2.45115e+02
    1.77905e-01     1.98054e+04     1.39426e+03     2.38290e+02
    1.82001e-01     1.89970e+04     1.33419e+03     2.31699e+02
    1.86092e-01     1.87006e+04     1.28123e+03     2.21536e+02
    1.90161e-01     1.91861e+04     1.30557e+03     2.18404e+02
    1.94237e-01     1.86426e+04     1.24796e+03     2.12408e+02
    1.98334e-01     1.84082e+04     1.21161e+03     2.07374e+02
    2.02427e-01     1.84864e+04     1.18376e+03     1.98972e+02
    2.06523e-01     1.79117e+04     1.13831e+03     1.91976e+02
    2.10626e-01     1.80030e+04     1.12325e+03     1.86440e+02
    2.14724e-01     1.76531e+04     1.06401e+03     1.77094e+02
    2.18827e-01     1.74516e+04     1.03426e+03     1.70145e+02
    2.22903e-01     1.70638e+04     9.78371e+02     1.62129e+02
    2.26990e-01     1.70458e+04     9.54480e+02     1.55624e+02
    2.31084e-01     1.66013e+04     9.15997e+02     1.50751e+02
    2.35153e-01     1.66269e+04     8.93847e+02     1.47129e+02
    2.39244e-01     1.64314e+04     8.63698e+02     1.40938e+02
    2.43338e-01     1.65192e+04     8.73848e+02     1.40916e+02
    2.47445e-01     1.61445e+04     8.44491e+02     1.37104e+02
    2.51539e-01     1.61307e+04     8.30418e+02     1.33844e+02
    2.55609e-01     1.59372e+04     8.10968e+02     1.30453e+02
    2.59718e-01     1.59551e+04     7.99349e+02     1.27025e+02
    2.63814e-01     1.59509e+04     7.89260e+02     1.24562e+02
    2.67904e-01     1.55471e+04     7.41362e+02     1.19519e+02
    2.71993e-01     1.54913e+04     7.39737e+02     1.16611e+02
    2.76068e-01     1.53688e+04     7.24397e+02     1.13329e+02
    2.80171e-01     1.53742e+04     7.04368e+02     1.09765e+02
    2.84268e-01     1.52833e+04     6.95338e+02     1.07488e+02
    2.88346e-01     1.49678e+04     6.66457e+02     1.03907e+02
    2.92426e-01     1.48988e+04     6.52589e+02     1.00580e+02
    2.96514e-01     1.48706e+04     6.37056e+02     9.83504e+01
    3.00627e-01     1.47581e+04     6.34925e+02     9.60736e+01
    3.04729e-01     1.46565e+04     6.14246e+02     9.35818e+01
    3.08821e-01     1.45684e+04     6.00756e+02     9.15301e+01
    3.12919e-01     1.44403e+04     5.92921e+02     8.98977e+01
    3.16999e-01     1.44813e+04     5.81745e+02     8.75274e+01
    3.21078e-01     1.42478e+04     5.62771e+02     8.53824e+01
    3.25167e-01     1.42042e+04     5.62852e+02     8.45003e+01
    3.29247e-01     1.42858e+04     5.59064e+02     8.30697e+01
    3.33333e-01     1.41319e+04     5.37839e+02     7.98516e+01
    3.37443e-01     1.39383e+04     5.24433e+02     7.82259e+01
    3.41545e-01     1.39229e+04     5.17399e+02     7.61951e+01
    3.45625e-01     1.37395e+04     5.05000e+02     7.42153e+01
    3.49715e-01     1.37418e+04     4.99556e+02     7.28848e+01
    3.53817e-01     1.37691e+04     4.92950e+02     7.19946e+01
    3.57906e-01     1.36763e+04     4.84981e+02     7.04058e+01
    3.61975e-01     1.36187e+04     4.73493e+02     6.84782e+01
    3.66071e-01     1.34100e+04     4.61491e+02     6.67424e+01
    3.70189e-01     1.33450e+04     4.53843e+02     6.58607e+01
    3.74277e-01     1.34563e+04     4.52183e+02     6.44676e+01
    3.78356e-01     1.33686e+04     4.46196e+02     6.33616e+01
    3.82448e-01     1.32831e+04     4.37467e+02     6.19922e+01
    3.86535e-01     1.31237e+04     4.27458e+02     6.12733e+01
    3.90624e-01     1.31685e+04     4.21376e+02     5.94638e+01
    3.94706e-01     1.31940e+04     4.16469e+02     5.84375e+01
    3.98794e-01     1.30019e+04     4.06254e+02     5.74366e+01
    4.02896e-01     1.30569e+04     4.05072e+02     5.63031e+01
    4.06986e-01     1.29210e+04     3.96637e+02     5.51931e+01
    4.11069e-01     1.29442e+04     3.93140e+02     5.43413e+01
    4.15170e-01     1.28089e+04     3.83767e+02     5.30379e+01
    4.19263e-01     1.28348e+04     3.80061e+02     5.19911e+01
    4.23353e-01     1.27133e+04     3.70701e+02     5.08672e+01
    4.27447e-01     1.27172e+04     3.67755e+02     5.04816e+01
    4.31534e-01     1.26437e+04     3.66661e+02     4.96589e+01
    4.35624e-01     1.25743e+04     3.60230e+02     4.88238e+01
    4.39718e-01     1.26805e+04     3.58489e+02     4.78373e+01
    4.43804e-01     1.26498e+04     3.54611e+02     4.73756e+01
    4.47892e-01     1.24971e+04     3.47131e+02     4.64224e+01
    4.51977e-01     1.24052e+04     3.42750e+02     4.54819e+01
    4.56067e-01     1.23702e+04     3.33791e+02     4.45364e+01
    4.60165e-01     1.24389e+04     3.35006e+02     4.39389e+01
    4.64260e-01     1.24111e+04     3.31822e+02     4.32461e+01
    4.68355e-01     1.23297e+04     3.24713e+02     4.25783e+01
    4.72450e-01     1.23288e+04     3.23004e+02     4.20176e+01
    4.76540e-01     1.21653e+04     3.14865e+02     4.10068e+01
    4.80633e-01     1.21713e+04     3.14458e+02     4.05830e+01
    4.84718e-01     1.21235e+04     3.07764e+02     3.95437e+01
    4.88794e-01     1.20764e+04     3.06329e+02     3.93207e+01
    4.92888e-01     1.19973e+04     2.97451e+02     3.86191e+01
    4.96984e-01     1.19900e+04     3.00232e+02     3.81717e+01
    5.01073e-01     1.19141e+04     2.91627e+02     3.76113e+01
    5.05169e-01     1.19297e+04     2.91090e+02     3.68781e+01
    5.09268e-01     1.18934e+04     2.86633e+02     3.63074e+01
    5.13369e-01     1.18597e+04     2.84161e+02     3.59483e+01
    5.17441e-01     1.18864e+04     2.79920e+02     3.52142e+01
    5.21516e-01     1.18101e+04     2.77126e+02     3.47669e+01
    5.25611e-01     1.17789e+04     2.75461e+02     3.44213e+01
    5.29706e-01     1.17179e+04     2.72348e+02     3.37867e+01
    5.33801e-01     1.16721e+04     2.67626e+02     3.32792e+01
    5.37888e-01     1.16539e+04     2.64702e+02     3.29612e+01
    5.41985e-01     1.16190e+04     2.61273e+02     3.24164e+01
    5.46091e-01     1.16747e+04     2.60179e+02     3.18903e+01
    5.50174e-01     1.16089e+04     2.58734e+02     3.14843e+01
    5.54252e-01     1.15946e+04     2.55440e+02     3.09208e+01
    5.58346e-01     1.15849e+04     2.53110e+02     3.05776e+01
    5.62439e-01     1.15138e+04     2.49198e+02     3.03045e+01
    5.66527e-01     1.14604e+04     2.47009e+02     2.96855e+01
    5.70616e-01     1.13938e+04     2.42312e+02     2.91890e+01
    5.74707e-01     1.14440e+04     2.41862e+02     2.89855e+01
    5.78798e-01     1.14196e+04     2.41935e+02     2.87169e+01
    5.82883e-01     1.13515e+04     2.36491e+02     2.80770e+01
    5.86977e-01     1.13818e+04     2.36823e+02     2.79973e+01
    5.91070e-01     1.13479e+04     2.32956e+02     2.75842e+01
    5.95166e-01     1.12751e+04     2.31372e+02     2.71593e+01
    5.99260e-01     1.12637e+04     2.28175e+02     2.67829e+01
    6.03349e-01     1.12124e+04     2.26761e+02     2.64161e+01
    6.07445e-01     1.11867e+04     2.21529e+02     2.60183e+01
    6.11543e-01     1.11633e+04     2.20921e+02     2.57720e+01
    6.15623e-01     1.11428e+04     2.19996e+02     2.54734e+01
    6.19704e-01     1.11111e+04     2.17990e+02     2.51868e+01
    6.23792e-01     1.10725e+04     2.15521e+02     2.49713e+01
    6.27891e-01     1.10976e+04     2.13851e+02     2.45733e+01
    6.31991e-01     1.10171e+04     2.12979e+02     2.42616e+01
    6.36073e-01     1.10648e+04     2.09925e+02     2.38899e+01
    6.40158e-01     1.09943e+04     2.08312e+02     2.36595e+01
    6.44244e-01     1.09216e+04     2.05115e+02     2.33325e+01
    6.48338e-01     1.09485e+04     2.03844e+02     2.30440e+01
    6.52432e-01     1.09537e+04     2.04662e+02     2.28762e+01
    6.56514e-01     1.08959e+04     2.00583e+02     2.25988e+01
    6.60609e-01     1.08740e+04     1.97522e+02     2.22911e+01
    6.64712e-01     1.08586e+04     1.97804e+02     2.20706e+01
    6.68801e-01     1.08689e+04     1.96419e+02     2.18229e+01
    6.72890e-01     1.08388e+04     1.93474e+02     2.15589e+01
    6.76984e-01     1.08360e+04     1.92326e+02     2.12589e+01
    6.81074e-01     1.07968e+04     1.90687e+02     2.09785e+01
    6.85160e-01     1.07619e+04     1.89615e+02     2.08550e+01
    6.89246e-01     1.07165e+04     1.88276e+02     2.05056e+01
    6.93336e-01     1.07656e+04     1.86557e+02     2.03047e+01
    6.97434e-01     1.07027e+04     1.84333e+02     2.01658e+01
    7.01528e-01     1.07132e+04     1.85342e+02     1.99200e+01
    7.05618e-01     1.06563e+04     1.81774e+02     1.97187e+01
    7.09708e-01     1.06282e+04     1.81134e+02     1.94619e+01
    7.13796e-01     1.06110e+04     1.78546e+02     1.92011e+01
    7.17892e-01     1.05487e+04     1.78050e+02     1.90762e+01
    7.21982e-01     1.05892e+04     1.78361e+02     1.89467e+01
    7.26059e-01     1.05526e+04     1.75972e+02     1.86854e+01
    7.30145e-01     1.05764e+04     1.74172e+02     1.84208e+01
    7.34240e-01     1.05311e+04     1.73018e+02     1.82644e+01
    7.38340e-01     1.05298e+04     1.72099e+02     1.81077e+01
    7.42427e-01     1.05087e+04     1.70269e+02     1.78923e+01
    7.46511e-01     1.04652e+04     1.69145e+02     1.77192e+01
    7.50614e-01     1.05134e+04     1.69456e+02     1.76340e+01
    7.54706e-01     1.04620e+04     1.67547e+02     1.73845e+01
    7.58795e-01     1.04323e+04     1.65189e+02     1.72089e+01
    7.62888e-01     1.03784e+04     1.64127e+02     1.70183e+01
    7.66986e-01     1.03897e+04     1.63310e+02     1.68443e+01
    7.71073e-01     1.03559e+04     1.62227e+02     1.67127e+01
    7.75153e-01     1.03398e+04     1.62037e+02     1.65342e+01
    7.79241e-01     1.03322e+04     1.60144e+02     1.64038e+01
    7.83335e-01     1.03109e+04     1.58049e+02     1.62089e+01
    7.87426e-01     1.03130e+04     1.56752e+02     1.60295e+01
    7.91513e-01     1.02496e+04     1.55438e+02     1.58877e+01
    7.95606e-01     1.02769e+04     1.54481e+02     1.56747e+01
    7.99702e-01     1.02706e+04     1.54908e+02     1.55894e+01
    8.03798e-01     1.02417e+04     1.52725e+02     1.53993e+01
    8.07879e-01     1.01988e+04     1.51515e+02     1.52640e+01
    8.11963e-01     1.02177e+04     1.53042e+02     1.52177e+01
    8.16059e-01     1.01622e+04     1.50573e+02     1.49906e+01
    8.20152e-01     1.01576e+04     1.49215e+02     1.48306e+01
    8.24242e-01     1.01765e+04     1.49998e+02     1.47308e+01
    8.28331e-01     1.01435e+04     1.47554e+02     1.46281e+01
    8.32425e-01     1.00926e+04     1.45936e+02     1.44485e+01
    8.36516e-01     1.00915e+04     1.45156e+02     1.43125e+01
    8.40610e-01     1.00736e+04     1.44223e+02     1.41766e+01
    8.44704e-01     1.00767e+04     1.43058e+02     1.40141e+01
    8.48790e-01     1.00673e+04     1.42951e+02     1.39179e+01
    8.52876e-01     1.00350e+04     1.42242e+02     1.38286e+01
    8.56967e-01     1.00050e+04     1.41184e+02     1.36933e+01
    8.61059e-01     1.00132e+04     1.40364e+02     1.35782e+01
    8.65147e-01     9.99492e+03     1.40292e+02     1.34735e+01
    8.69235e-01     9.96110e+03     1.37995e+02     1.33354e+01
    8.73334e-01     9.93114e+03     1.36946e+02     1.31905e+01
    8.77429e-01     9.92114e+03     1.37134e+02     1.30762e+01
    8.81512e-01     9.90515e+03     1.36907e+02     1.30262e+01
    8.85601e-01     9.88102e+03     1.34144e+02     1.28300e+01
    8.89691e-01     9.89240e+03     1.33875e+02     1.27110e+01
    8.93784e-01     9.86974e+03     1.34012e+02     1.26521e+01
    8.97875e-01     9.85299e+03     1.32250e+02     1.25350e+01
    9.01960e-01     9.80399e+03     1.31951e+02     1.24471e+01
    9.06054e-01     9.79244e+03     1.31165e+02     1.23382e+01
    9.10146e-01     9.80599e+03     1.30412e+02     1.22227e+01
    9.14237e-01     9.81355e+03     1.29299e+02     1.20906e+01
    9.18331e-01     9.77008e+03     1.28601e+02     1.19910e+01
    9.22421e-01     9.77302e+03     1.28189e+02     1.19057e+01
    9.26509e-01     9.70365e+03     1.27498e+02     1.18103e+01
    9.30598e-01     9.76396e+03     1.27026e+02     1.17494e+01
    9.34692e-01     9.73283e+03     1.26195e+02     1.16311e+01
    9.38787e-01     9.69282e+03     1.24780e+02     1.15116e+01
    9.42873e-01     9.67476e+03     1.24900e+02     1.14520e+01
    9.46961e-01     9.65556e+03     1.23860e+02     1.13264e+01
    9.51054e-01     9.65212e+03     1.23805e+02     1.12501e+01
    9.55150e-01     9.65364e+03     1.22064e+02     1.11432e+01
    9.59240e-01     9.63597e+03     1.21890e+02     1.10389e+01
    9.63327e-01     9.61457e+03     1.21385e+02     1.10070e+01
    9.67420e-01     9.59107e+03     1.20379e+02     1.08933e+01
    9.71506e-01     9.63435e+03     1.20677e+02     1.08028e+01
    9.75588e-01     9.58506e+03     1.19271e+02     1.07042e+01
    9.79678e-01     9.55536e+03     1.18913e+02     1.06261e+01
    9.83773e-01     9.55497e+03     1.17897e+02     1.05189e+01
    9.87866e-01     9.53901e+03     1.17548e+02     1.04478e+01
    9.91960e-01     9.50942e+03     1.16980e+02     1.03765e+01
    9.96055e-01     9.47228e+03     1.16166e+02     1.03035e+01
    1.00015e+00     9.52309e+03     1.15849e+02     1.02307e+01
    1.00424e+00     9.48012e+03     1.14621e+02     1.01242e+01
    1.00832e+00     9.45207e+03     1.14616e+02     1.00720e+01
    1.01242e+00     9.43124e+03     1.13157e+02     9.95900e+00
    1.01651e+00     9.43277e+03     1.13663e+02     9.90976e+00
    1.02059e+00     9.39529e+03     1.11748e+02     9.82864e+00
    1.02468e+00     9.39994e+03     1.12290e+02     9.77503e+00
    1.02878e+00     9.38143e+03     1.11034e+02     9.67450e+00
    1.03287e+00     9.40854e+03     1.11551e+02     9.63054e+00
    1.03695e+00     9.33754e+03     1.09721e+02     9.55401e+00
    1.04105e+00     9.35653e+03     1.10417e+02     9.49337e+00
    1.04515e+00     9.36127e+03     1.09478e+02     9.42961e+00
    1.04923e+00     9.29436e+03     1.08425e+02     9.35858e+00
    1.05332e+00     9.30834e+03     1.08044e+02     9.28585e+00
    1.05741e+00     9.29885e+03     1.07428e+02     9.19871e+00
    1.06150e+00     9.29965e+03     1.07265e+02     9.13941e+00
    1.06559e+00     9.27261e+03     1.06549e+02     9.06419e+00
    1.06968e+00     9.29291e+03     1.06768e+02     9.00474e+00
    1.07377e+00     9.25330e+03     1.05421e+02     8.92100e+00
    1.07786e+00     9.22788e+03     1.04620e+02     8.84880e+00
    1.08195e+00     9.20011e+03     1.04149e+02     8.80305e+00
    1.08605e+00     9.20088e+03     1.04474e+02     8.75714e+00
    1.09014e+00     9.20413e+03     1.03413e+02     8.67104e+00
    1.09422e+00     9.18375e+03     1.03529e+02     8.61129e+00
    1.09832e+00     9.16951e+03     1.02844e+02     8.56814e+00
    1.10242e+00     9.14331e+03     1.01848e+02     8.48192e+00
    1.10650e+00     9.14464e+03     1.02061e+02     8.45498e+00
    1.11059e+00     9.15514e+03     1.01577e+02     8.38316e+00
    1.11468e+00     9.11678e+03     1.00802e+02     8.33036e+00
    1.11878e+00     9.09757e+03     9.97881e+01     8.26823e+00
    1.12287e+00     9.12188e+03     1.00138e+02     8.23679e+00
    1.12695e+00     9.08209e+03     9.93955e+01     8.15712e+00
    1.13105e+00     9.07345e+03     9.92520e+01     8.11337e+00
    1.13514e+00     9.05605e+03     9.85656e+01     8.03709e+00
    1.13922e+00     9.05658e+03     9.80632e+01     7.98397e+00
    1.14331e+00     9.03200e+03     9.76232e+01     7.92834e+00
    1.14741e+00     9.00714e+03     9.74450e+01     7.88661e+00
    1.15150e+00     8.99394e+03     9.63150e+01     7.81257e+00
    1.15559e+00     8.99503e+03     9.64555e+01     7.75131e+00
    1.15968e+00     8.97816e+03     9.60235e+01     7.73971e+00
    1.16377e+00     8.97321e+03     9.53445e+01     7.67455e+00
    1.16786e+00     8.95890e+03     9.47611e+01     7.62025e+00
    1.17195e+00     8.94027e+03     9.44295e+01     7.57528e+00
    1.17604e+00     8.91567e+03     9.38146e+01     7.52490e+00
    1.18013e+00     8.93075e+03     9.41385e+01     7.48487e+00
    1.18422e+00     8.91545e+03     9.33182e+01     7.42989e+00
    1.18831e+00     8.89566e+03     9.29282e+01     7.36612e+00
    1.19240e+00     8.89801e+03     9.24925e+01     7.31062e+00
    1.19649e+00     8.85576e+03     9.22223e+01     7.26798e+00
    1.20059e+00     8.83798e+03     9.12747e+01     7.23363e+00
    1.20468e+00     8.83358e+03     9.18491e+01     7.18689e+00
    1.20877e+00     8.82884e+03     9.09782e+01     7.13819e+00
    1.21286e+00     8.82618e+03     9.06725e+01     7.08552e+00
    1.21695e+00     8.80161e+03     9.07065e+01     7.02806e+00
    1.22104e+00     8.80370e+03     8.98301e+01     6.99333e+00
    1.22513e+00     8.77855e+03     8.91904e+01     6.95055e+00
    1.22922e+00     8.77514e+03     8.91084e+01     6.88298e+00
    1.23330e+00     8.75401e+03     8.89833e+01     6.86700e+00
    1.23740e+00     8.75652e+03     8.83206e+01     6.80871e+00
    1.24149e+00     8.71722e+03     8.74283e+01     6.77015e+00
    1.24558e+00     8.72715e+03     8.75858e+01     6.72957e+00
    1.24967e+00     8.71525e+03     8.70928e+01     6.68512e+00
    1.25376e+00     8.68394e+03     8.67617e+01     6.65224e+00
    1.25785e+00     8.68144e+03     8.63321e+01     6.60066e+00
    1.26194e+00     8.66393e+03     8.59608e+01     6.56406e+00
    1.26603e+00     8.64905e+03     8.56400e+01     6.52245e+00
    1.27012e+00     8.65054e+03     8.50587e+01     6.47843e+00
    1.27422e+00     8.62335e+03     8.51087e+01     6.43740e+00
    1.27831e+00     8.60372e+03     8.45665e+01     6.40408e+00
    1.28240e+00     8.59492e+03     8.41606e+01     6.35402e+00
    1.28649e+00     8.59705e+03     8.37282e+01     6.30578e+00
    1.29058e+00     8.59789e+03     8.37319e+01     6.28342e+00
    1.29467e+00     8.55517e+03     8.30901e+01     6.23389e+00
    1.29876e+00     8.56408e+03     8.29823e+01     6.20026e+00
    1.30285e+00     8.55694e+03     8.27621e+01     6.17452e+00
    1.30694e+00     8.53976e+03     8.25648e+01     6.14118e+00
    1.31103e+00     8.51605e+03     8.20407e+01     6.09634e+00
    1.31512e+00     8.51915e+03     8.17092e+01     6.06012e+00
    1.31921e+00     8.51012e+03     8.13132e+01     6.01614e+00
    1.32331e+00     8.50627e+03     8.11413e+01     5.99165e+00
    1.32739e+00     8.48703e+03     8.05985e+01     5.93790e+00
    1.33148e+00     8.45065e+03     8.04717e+01     5.92216e+00
    1.33558e+00     8.44404e+03     7.97639e+01     5.87229e+00
    1.33967e+00     8.46066e+03     7.98093e+01     5.84343e+00
    1.34376e+00     8.43515e+03     7.95895e+01     5.80807e+00
    1.34785e+00     8.42293e+03     7.92263e+01     5.77959e+00
    1.35195e+00     8.41270e+03     7.89082e+01     5.75575e+00
    1.35603e+00     8.39500e+03     7.86496e+01     5.71314e+00
    1.36011e+00     8.39413e+03     7.86156e+01     5.68555e+00
    1.36421e+00     8.36797e+03     7.79738e+01     5.64046e+00
    1.36830e+00     8.35950e+03     7.78693e+01     5.59894e+00
    1.37239e+00     8.33698e+03     7.70546e+01     5.57165e+00
    1.37648e+00     8.31904e+03     7.69362e+01     5.54696e+00
    1.38057e+00     8.33576e+03     7.72665e+01     5.51113e+00
    1.38466e+00     8.31662e+03     7.66722e+01     5.47689e+00
    1.38875e+00     8.28906e+03     7.59709e+01     5.44465e+00
    1.39285e+00     8.26775e+03     7.56676e+01     5.40385e+00
    1.39694e+00     8.27705e+03     7.52981e+01     5.37272e+00
    1.40102e+00     8.26301e+03     7.50950e+01     5.34992e+00
    1.40512e+00     8.24694e+03     7.48459e+01     5.32894e+00
    1.40921e+00     8.25015e+03     7.48420e+01     5.29964e+00
    1.41330e+00     8.23955e+03     7.44103e+01     5.26459e+00
    1.41739e+00     8.23649e+03     7.44680e+01     5.22760e+00
    1.42148e+00     8.22388e+03     7.43603e+01     5.21880e+00
    1.42557e+00     8.17963e+03     7.32561e+01     5.16248e+00
    1.42966e+00     8.19468e+03     7.35883e+01     5.13922e+00
    1.43375e+00     8.17451e+03     7.31494e+01     5.11916e+00
    1.43784e+00     8.15400e+03     7.27867e+01     5.08991e+00
    1.44193e+00     8.13197e+03     7.24199e+01     5.06188e+00
    1.44602e+00     8.13981e+03     7.22360e+01     5.02469e+00
    1.45011e+00     8.13618e+03     7.21639e+01     4.99687e+00
    1.45420e+00     8.12185e+03     7.19164e+01     4.97147e+00
    1.45830e+00     8.09909e+03     7.16118e+01     4.94748e+00
    1.46239e+00     8.10763e+03     7.11764e+01     4.90951e+00
    1.46648e+00     8.09230e+03     7.10772e+01     4.89149e+00
    1.47056e+00     8.06802e+03     7.08113e+01     4.86378e+00
    1.47465e+00     8.04851e+03     7.05537e+01     4.84326e+00
    1.47874e+00     8.03181e+03     7.00337e+01     4.80560e+00
    1.48283e+00     8.04040e+03     7.01176e+01     4.77991e+00
    1.48693e+00     8.03330e+03     6.98412e+01     4.75877e+00
    1.49102e+00     8.01684e+03     6.94928e+01     4.73064e+00
    1.49511e+00     8.00884e+03     6.90700e+01     4.70182e+00
    1.49920e+00     7.97906e+03     6.89475e+01     4.67998e+00
    1.50329e+00     7.98843e+03     6.88109e+01     4.65973e+00
    1.50738e+00     7.96997e+03     6.83557e+01     4.62099e+00
    1.51148e+00     7.96079e+03     6.79729e+01     4.59562e+00
    1.51557e+00     7.94519e+03     6.80206e+01     4.57913e+00
    1.51965e+00     7.93126e+03     6.76572e+01     4.54824e+00
    1.52374e+00     7.91862e+03     6.76640e+01     4.53544e+00
    1.52784e+00     7.90785e+03     6.69990e+01     4.49809e+00
    1.53193e+00     7.90191e+03     6.71904e+01     4.47509e+00
    1.53602e+00     7.87851e+03     6.67440e+01     4.45888e+00
    1.54011e+00     7.88939e+03     6.67609e+01     4.43130e+00
    1.54420e+00     7.86467e+03     6.64271e+01     4.41401e+00
    1.54829e+00     7.85819e+03     6.62788e+01     4.38973e+00
    1.55238e+00     7.84994e+03     6.58037e+01     4.35481e+00
    1.55647e+00     7.84218e+03     6.58391e+01     4.34198e+00
    1.56056e+00     7.83352e+03     6.55937e+01     4.31918e+00
    1.56465e+00     7.81066e+03     6.51013e+01     4.29690e+00
    1.56874e+00     7.79187e+03     6.50766e+01     4.26962e+00
    1.57283e+00     7.79244e+03     6.48487e+01     4.24935e+00
    1.57693e+00     7.77261e+03     6.44919e+01     4.22596e+00
    1.58102e+00     7.76892e+03     6.43526e+01     4.20527e+00
    1.58510e+00     7.76523e+03     6.44679e+01     4.18702e+00
    1.58919e+00     7.73763e+03     6.39166e+01     4.15952e+00
    1.59329e+00     7.73047e+03     6.39528e+01     4.14424e+00
    1.59738e+00     7.71983e+03     6.33568e+01     4.11854e+00
    1.60147e+00     7.70106e+03     6.30941e+01     4.09233e+00
    1.60556e+00     7.69703e+03     6.30270e+01     4.07586e+00
    1.60965e+00     7.69297e+03     6.28810e+01     4.05589e+00
    1.61374e+00     7.66824e+03     6.26759e+01     4.03474e+00
    1.61783e+00     7.67151e+03     6.25758e+01     4.01512e+00
    1.62192e+00     7.64997e+03     6.21005e+01     3.99253e+00
    1.62601e+00     7.62992e+03     6.19342e+01     3.96689e+00
    1.63010e+00     7.63537e+03     6.17449e+01     3.94834e+00
    1.63419e+00     7.61276e+03     6.15566e+01     3.93167e+00
    1.63828e+00     7.60395e+03     6.14849e+01     3.90951e+00
    1.64238e+00     7.59208e+03     6.11784e+01     3.89045e+00
    1.64647e+00     7.57690e+03     6.10227e+01     3.86551e+00
    1.65055e+00     7.56413e+03     6.09085e+01     3.85040e+00
    1.65465e+00     7.55426e+03     6.03750e+01     3.82890e+00
    1.65874e+00     7.54757e+03     6.04976e+01     3.81670e+00
    1.66283e+00     7.53576e+03     6.00235e+01     3.78632e+00
    1.66691e+00     7.52634e+03     5.99515e+01     3.77318e+00
    1.67101e+00     7.50708e+03     5.95693e+01     3.75106e+00
    1.67510e+00     7.50588e+03     5.94770e+01     3.73426e+00
    1.67919e+00     7.48775e+03     5.91924e+01     3.71265e+00
    1.68328e+00     7.48188e+03     5.92460e+01     3.69980e+00
    1.68737e+00     7.46913e+03     5.91070e+01     3.67745e+00
    1.69146e+00     7.45435e+03     5.87003e+01     3.66119e+00
    1.69555e+00     7.44604e+03     5.83946e+01     3.64343e+00
    1.69964e+00     7.44651e+03     5.83757e+01     3.62566e+00
    1.70373e+00     7.41603e+03     5.79703e+01     3.60416e+00
    1.70782e+00     7.40575e+03     5.78838e+01     3.58531e+00
    1.71191e+00     7.40756e+03     5.77972e+01     3.56675e+00
    1.71600e+00     7.39919e+03     5.76846e+01     3.55436e+00
    1.72009e+00     7.38007e+03     5.74927e+01     3.53619e+00
    1.72418e+00     7.36806e+03     5.70260e+01     3.51530e+00
    1.72828e+00     7.35236e+03     5.68041e+01     3.49822e+00
    1.73237e+00     7.32721e+03     5.66774e+01     3.47467e+00
    1.73646e+00     7.34033e+03     5.66019e+01     3.45954e+00
    1.74055e+00     7.32419e+03     5.64800e+01     3.44166e+00
    1.74464e+00     7.31354e+03     5.62978e+01     3.42284e+00
    1.74874e+00     7.29392e+03     5.59649e+01     3.41060e+00
    1.75282e+00     7.29947e+03     5.59017e+01     3.39590e+00
    1.75691e+00     7.27761e+03     5.57768e+01     3.37726e+00
    1.76100e+00     7.26987e+03     5.55717e+01     3.37064e+00
    1.76509e+00     7.25063e+03     5.52213e+01     3.34281e+00
    1.76918e+00     7.24586e+03     5.52712e+01     3.33387e+00
    1.77327e+00     7.23104e+03     5.51882e+01     3.31332e+00
    1.77737e+00     7.22536e+03     5.48123e+01     3.29446e+00
    1.78146e+00     7.21286e+03     5.46893e+01     3.28147e+00
    1.78554e+00     7.21178e+03     5.45387e+01     3.27108e+00
    1.78964e+00     7.18445e+03     5.41543e+01     3.24698e+00
    1.79373e+00     7.17595e+03     5.40870e+01     3.22896e+00
    1.79782e+00     7.18115e+03     5.40887e+01     3.22042e+00
    1.80191e+00     7.16112e+03     5.37848e+01     3.20604e+00
    1.80600e+00     7.14929e+03     5.36145e+01     3.18004e+00
    1.81009e+00     7.13183e+03     5.34177e+01     3.17092e+00
    1.81418e+00     7.11785e+03     5.33025e+01     3.15416e+00
    1.81827e+00     7.11238e+03     5.29782e+01     3.13621e+00
    1.82236e+00     7.10342e+03     5.29782e+01     3.12632e+00
    1.82645e+00     7.10159e+03     5.27363e+01     3.10770e+00
    1.83054e+00     7.08059e+03     5.26907e+01     3.09702e+00
    1.83463e+00     7.07365e+03     5.25570e+01     3.07614e+00
    1.83872e+00     7.06940e+03     5.22969e+01     3.06874e+00
    1.84281e+00     7.04989e+03     5.19762e+01     3.04430e+00
    1.84691e+00     7.04335e+03     5.20138e+01     3.03689e+00
    1.85100e+00     7.01986e+03     5.16663e+01     3.01652e+00
    1.85509e+00     7.01066e+03     5.16113e+01     3.00971e+00
    1.85918e+00     6.99645e+03     5.13572e+01     2.99286e+00
    1.86327e+00     6.98456e+03     5.10944e+01     2.97426e+00
    1.86736e+00     6.98064e+03     5.10020e+01     2.96263e+00
    1.87145e+00     6.96896e+03     5.09657e+01     2.95041e+00
    1.87554e+00     6.95703e+03     5.07901e+01     2.93435e+00
    1.87963e+00     6.95631e+03     5.06569e+01     2.92380e+00
    1.88372e+00     6.93780e+03     5.03758e+01     2.90617e+00
    1.88781e+00     6.92774e+03     5.02253e+01     2.89393e+00
    1.89190e+00     6.91886e+03     5.00979e+01     2.87784e+00
    1.89599e+00     6.89460e+03     4.98710e+01     2.86629e+00
    1.90008e+00     6.88558e+03     4.98474e+01     2.85660e+00
    1.90417e+00     6.88155e+03     4.96271e+01     2.83953e+00
    1.90827e+00     6.87147e+03     4.95850e+01     2.83031e+00
    1.91236e+00     6.85645e+03     4.94708e+01     2.81342e+00
    1.91645e+00     6.83769e+03     4.91638e+01     2.80207e+00
    1.92054e+00     6.83348e+03     4.90823e+01     2.78608e+00
    1.92463e+00     6.82513e+03     4.88349e+01     2.77507e+00
    1.92872e+00     6.81180e+03     4.86317e+01     2.75605e+00
    1.93281e+00     6.80902e+03     4.85866e+01     2.74758e+00
    1.93690e+00     6.78674e+03     4.84910e+01     2.73245e+00
    1.94099e+00     6.78878e+03     4.83040e+01     2.72174e+00
    1.94508e+00     6.77902e+03     4.81844e+01     2.71223e+00
    1.94917e+00     6.75400e+03     4.78463e+01     2.69361e+00
    1.95326e+00     6.75697e+03     4.78311e+01     2.68341e+00
    1.95735e+00     6.73237e+03     4.76668e+01     2.67107e+00
    1.96144e+00     6.72372e+03     4.76530e+01     2.66117e+00
    1.96553e+00     6.71980e+03     4.73483e+01     2.64571e+00
    1.96962e+00     6.70240e+03     4.72400e+01     2.63341e+00
    1.97371e+00     6.69840e+03     4.71405e+01     2.62299e+00
    1.97781e+00     6.67823e+03     4.69577e+01     2.60743e+00
    1.98190e+00     6.67575e+03     4.69332e+01     2.60301e+00
    1.98599e+00     6.65549e+03     4.67044e+01     2.58428e+00
    1.99008e+00     6.65735e+03     4.65657e+01     2.57249e+00
    1.99417e+00     6.63797e+03     4.63918e+01     2.56474e+00
    1.99826e+00     6.62669e+03     4.62779e+01     2.55030e+00
    2.00235e+00     6.62239e+03     4.61538e+01     2.53663e+00
    2.00644e+00     6.59433e+03     4.58542e+01     2.52701e+00
    2.01053e+00     6.59951e+03     4.57292e+01     2.51265e+00
    2.01462e+00     6.58594e+03     4.54985e+01     2.50283e+00
    2.01871e+00     6.57837e+03     4.54695e+01     2.49080e+00
    2.02280e+00     6.57346e+03     4.55314e+01     2.48172e+00
    2.02689e+00     6.56544e+03     4.54129e+01     2.47125e+00
    2.03098e+00     6.53204e+03     4.51844e+01     2.45830e+00
    2.03507e+00     6.53082e+03     4.48561e+01     2.44465e+00
    2.03917e+00     6.51523e+03     4.46383e+01     2.43309e+00
    2.04325e+00     6.50902e+03     4.46747e+01     2.42522e+00
    2.04735e+00     6.49483e+03     4.44951e+01     2.40887e+00
    2.05143e+00     6.48477e+03     4.43682e+01     2.40158e+00
    2.05552e+00     6.48003e+03     4.41516e+01     2.39048e+00
    2.05962e+00     6.46731e+03     4.40309e+01     2.37875e+00
    2.06371e+00     6.45032e+03     4.38890e+01     2.36976e+00
    2.06780e+00     6.45271e+03     4.39971e+01     2.36088e+00
    2.07189e+00     6.43722e+03     4.36628e+01     2.34599e+00
    2.07598e+00     6.41854e+03     4.34911e+01     2.33687e+00
    2.08007e+00     6.42004e+03     4.34719e+01     2.32224e+00
    2.08416e+00     6.39631e+03     4.32466e+01     2.31265e+00
    2.08825e+00     6.38701e+03     4.30669e+01     2.30195e+00
    2.09234e+00     6.37444e+03     4.30002e+01     2.29301e+00
    2.09644e+00     6.37160e+03     4.29569e+01     2.28217e+00
    2.10053e+00     6.35662e+03     4.29206e+01     2.27472e+00
    2.10461e+00     6.35227e+03     4.26006e+01     2.26149e+00
    2.10870e+00     6.34107e+03     4.25908e+01     2.25223e+00
    2.11280e+00     6.32378e+03     4.22824e+01     2.24306e+00
    2.11688e+00     6.31793e+03     4.23326e+01     2.23411e+00
    2.12098e+00     6.30619e+03     4.20979e+01     2.22057e+00
    2.12507e+00     6.30264e+03     4.20607e+01     2.21203e+00
    2.12916e+00     6.28440e+03     4.19127e+01     2.20020e+00
    2.13325e+00     6.27553e+03     4.18484e+01     2.19490e+00
    2.13734e+00     6.25415e+03     4.15999e+01     2.18208e+00
    2.14143e+00     6.25946e+03     4.15565e+01     2.17305e+00
    2.14552e+00     6.23807e+03     4.13228e+01     2.16251e+00
    2.14961e+00     6.22458e+03     4.12692e+01     2.15430e+00
    2.15370e+00     6.21711e+03     4.11546e+01     2.14446e+00
    2.15779e+00     6.20879e+03     4.11610e+01     2.13624e+00
    2.16188e+00     6.20511e+03     4.09130e+01     2.12284e+00
    2.16597e+00     6.18028e+03     4.07057e+01     2.11382e+00
    2.17006e+00     6.18021e+03     4.05575e+01     2.10391e+00
    2.17416e+00     6.17242e+03     4.05554e+01     2.09533e+00
    2.17825e+00     6.14972e+03     4.03562e+01     2.08508e+00
    2.18234e+00     6.14328e+03     4.03040e+01     2.07648e+00
    2.18643e+00     6.13531e+03     4.00823e+01     2.06888e+00
    2.19052e+00     6.11846e+03     3.99610e+01     2.05896e+00
    2.19461e+00     6.10752e+03     3.98339e+01     2.04828e+00
    2.19870e+00     6.09806e+03     3.97580e+01     2.03744e+00
    2.20279e+00     6.09245e+03     3.96206e+01     2.03080e+00
    2.20688e+00     6.08132e+03     3.95583e+01     2.02032e+00
    2.21097e+00     6.07735e+03     3.94455e+01     2.01154e+00
    2.21506e+00     6.06165e+03     3.93109e+01     2.00404e+00
    2.21915e+00     6.04197e+03     3.90416e+01     1.99494e+00
    2.22324e+00     6.04017e+03     3.91321e+01     1.98741e+00
    2.22733e+00     6.02760e+03     3.88471e+01     1.97613e+00
    2.23142e+00     6.01108e+03     3.87775e+01     1.96676e+00
    2.23552e+00     6.00904e+03     3.87577e+01     1.96061e+00
    2.23961e+00     5.98795e+03     3.85115e+01     1.95045e+00
    2.24369e+00     5.98967e+03     3.84020e+01     1.94140e+00
    2.24779e+00     5.98158e+03     3.83467e+01     1.93339e+00
    2.25188e+00     5.96537e+03     3.82172e+01     1.92383e+00
    2.25597e+00     5.94440e+03     3.80423e+01     1.91672e+00
    2.26006e+00     5.94822e+03     3.80256e+01     1.91000e+00
    2.26415e+00     5.93462e+03     3.78675e+01     1.89824e+00
    2.26824e+00     5.92026e+03     3.76249e+01     1.88893e+00
    2.27233e+00     5.91472e+03     3.76403e+01     1.88266e+00
    2.27642e+00     5.89509e+03     3.75116e+01     1.87498e+00
    2.28051e+00     5.89461e+03     3.75439e+01     1.86916e+00
    2.28460e+00     5.87638e+03     3.72937e+01     1.85922e+00
    2.28869e+00     5.86566e+03     3.71293e+01     1.84765e+00
    2.29278e+00     5.85940e+03     3.71028e+01     1.84117e+00
    2.29687e+00     5.85143e+03     3.68559e+01     1.83289e+00
    2.30096e+00     5.83793e+03     3.68680e+01     1.82604e+00
    2.30506e+00     5.83518e+03     3.67446e+01     1.81757e+00
    2.30915e+00     5.81220e+03     3.66048e+01     1.80851e+00
    2.31324e+00     5.80706e+03     3.65606e+01     1.80110e+00
    2.31733e+00     5.78764e+03     3.62714e+01     1.79245e+00
    2.32142e+00     5.78213e+03     3.62754e+01     1.78556e+00
    2.32551e+00     5.78225e+03     3.61983e+01     1.77906e+00
    2.32960e+00     5.76081e+03     3.59914e+01     1.77023e+00
    2.33369e+00     5.76152e+03     3.59994e+01     1.76220e+00
    2.33778e+00     5.73977e+03     3.58525e+01     1.75334e+00
    2.34187e+00     5.74008e+03     3.57347e+01     1.74604e+00
    2.34596e+00     5.72753e+03     3.56860e+01     1.73972e+00
    2.35005e+00     5.71359e+03     3.55412e+01     1.73240e+00
    2.35414e+00     5.70106e+03     3.53531e+01     1.72239e+00
    2.35823e+00     5.69312e+03     3.53136e+01     1.71585e+00
    2.36232e+00     5.68154e+03     3.51792e+01     1.70819e+00
    2.36641e+00     5.66536e+03     3.50017e+01     1.70026e+00
    2.37051e+00     5.67153e+03     3.51325e+01     1.69425e+00
    2.37460e+00     5.65568e+03     3.49400e+01     1.68660e+00
    2.37869e+00     5.63931e+03     3.47617e+01     1.67825e+00
    2.38278e+00     5.62050e+03     3.46435e+01     1.66994e+00
    2.38687e+00     5.62229e+03     3.45808e+01     1.66249e+00
    2.39096e+00     5.60675e+03     3.44079e+01     1.65669e+00
    2.39505e+00     5.59586e+03     3.43417e+01     1.64886e+00
    2.39914e+00     5.58572e+03     3.41683e+01     1.64223e+00
    2.40323e+00     5.57451e+03     3.41212e+01     1.63569e+00
    2.40732e+00     5.56876e+03     3.40444e+01     1.62765e+00
    2.41141e+00     5.55668e+03     3.38224e+01     1.61857e+00
    2.41550e+00     5.54866e+03     3.38348e+01     1.61287e+00
    2.41959e+00     5.53878e+03     3.36942e+01     1.60620e+00
    2.42368e+00     5.52665e+03     3.36608e+01     1.60005e+00
    2.42777e+00     5.51755e+03     3.35510e+01     1.59278e+00
    2.43187e+00     5.51375e+03     3.34938e+01     1.58441e+00
    2.43596e+00     5.49573e+03     3.33379e+01     1.58054e+00
    2.44004e+00     5.48736e+03     3.32250e+01     1.57161e+00
    2.44414e+00     5.47068e+03     3.31140e+01     1.56550e+00
    2.44823e+00     5.47282e+03     3.30798e+01     1.55749e+00
    2.45232e+00     5.45027e+03     3.29063e+01     1.55182e+00
    2.45640e+00     5.45054e+03     3.28464e+01     1.54471e+00
    2.46050e+00     5.43783e+03     3.27043e+01     1.53743e+00
    2.46459e+00     5.42716e+03     3.26321e+01     1.53152e+00
    2.46868e+00     5.41569e+03     3.24786e+01     1.52489e+00
    2.47277e+00     5.40114e+03     3.24536e+01     1.52052e+00
    2.47686e+00     5.39519e+03     3.23420e+01     1.51207e+00
    2.48095e+00     5.38728e+03     3.22307e+01     1.50528e+00
    2.48504e+00     5.36928e+03     3.20577e+01     1.49809e+00
    2.48913e+00     5.36449e+03     3.20516e+01     1.49327e+00
    2.49322e+00     5.35194e+03     3.19087e+01     1.48505e+00
    2.49731e+00     5.34686e+03     3.18228e+01     1.47832e+00
    2.50141e+00     5.33373e+03     3.17215e+01     1.47440e+00
    2.50550e+00     5.32848e+03     3.16750e+01     1.46577e+00
    2.50959e+00     5.31144e+03     3.15608e+01     1.46041e+00
    2.51368e+00     5.30098e+03     3.14420e+01     1.45421e+00
    2.51777e+00     5.29084e+03     3.13663e+01     1.44745e+00
    2.52186e+00     5.28141e+03     3.12338e+01     1.44176e+00
    2.52595e+00     5.27113e+03     3.11899e+01     1.43566e+00
    2.53004e+00     5.26142e+03     3.10121e+01     1.43119e+00
    2.53413e+00     5.24901e+03     3.09593e+01     1.42278e+00
    2.53822e+00     5.24782e+03     3.09636e+01     1.41816e+00
    2.54231e+00     5.23668e+03     3.07214e+01     1.40960e+00
    2.54640e+00     5.22744e+03     3.07606e+01     1.40449e+00
    2.55049e+00     5.21081e+03     3.05702e+01     1.39772e+00
    2.55458e+00     5.20527e+03     3.04789e+01     1.39212e+00
    2.55867e+00     5.19235e+03     3.03843e+01     1.38667e+00
    2.56276e+00     5.18273e+03     3.03273e+01     1.38199e+00
    2.56685e+00     5.17046e+03     3.02398e+01     1.37627e+00
    2.57095e+00     5.16758e+03     3.01881e+01     1.36969e+00
    2.57504e+00     5.15454e+03     3.00567e+01     1.36186e+00
    2.57913e+00     5.14379e+03     2.99502e+01     1.35781e+00
    2.58322e+00     5.13445e+03     2.98672e+01     1.35016e+00
    2.58731e+00     5.12322e+03     2.97585e+01     1.34447e+00
    2.59140e+00     5.11356e+03     2.96921e+01     1.33980e+00
    2.59549e+00     5.10150e+03     2.95817e+01     1.33332e+00
    2.59958e+00     5.09561e+03     2.95560e+01     1.32817e+00
    2.60367e+00     5.08653e+03     2.94001e+01     1.32199e+00
    2.60776e+00     5.06615e+03     2.92366e+01     1.31627e+00
    2.61185e+00     5.06688e+03     2.92280e+01     1.31139e+00
    2.61594e+00     5.04986e+03     2.90907e+01     1.30387e+00
    2.62003e+00     5.04965e+03     2.90125e+01     1.29851e+00
    2.62412e+00     5.03305e+03     2.88894e+01     1.29284e+00
    2.62821e+00     5.02759e+03     2.89150e+01     1.28882e+00
    2.63230e+00     5.01736e+03     2.86853e+01     1.28082e+00
    2.63640e+00     5.00705e+03     2.86193e+01     1.27518e+00
    2.64049e+00     4.99611e+03     2.85622e+01     1.27165e+00
    2.64457e+00     4.98248e+03     2.84808e+01     1.26602e+00
    2.64867e+00     4.97373e+03     2.83554e+01     1.26193e+00
    2.65276e+00     4.96472e+03     2.83482e+01     1.25609e+00
    2.65685e+00     4.95825e+03     2.82534e+01     1.24922e+00
    2.66094e+00     4.94558e+03     2.82188e+01     1.24629e+00
    2.66503e+00     4.93587e+03     2.80674e+01     1.23957e+00
    2.66912e+00     4.92474e+03     2.79306e+01     1.23357e+00
    2.67321e+00     4.91785e+03     2.78168e+01     1.22779e+00
    2.67730e+00     4.91205e+03     2.78715e+01     1.22363e+00
    2.68139e+00     4.89794e+03     2.77629e+01     1.21832e+00
    2.68548e+00     4.88770e+03     2.77086e+01     1.21368e+00
    2.68957e+00     4.87795e+03     2.74692e+01     1.20682e+00
    2.69366e+00     4.86969e+03     2.74616e+01     1.20291e+00
    2.69776e+00     4.86428e+03     2.73725e+01     1.19728e+00
    2.70185e+00     4.84961e+03     2.72913e+01     1.19227e+00
    2.70594e+00     4.84128e+03     2.71596e+01     1.18605e+00
    2.71003e+00     4.82819e+03     2.71479e+01     1.18263e+00
    2.71412e+00     4.82170e+03     2.70244e+01     1.17645e+00
    2.71821e+00     4.81089e+03     2.69665e+01     1.17284e+00
    2.72230e+00     4.79920e+03     2.69229e+01     1.16728e+00
    2.72639e+00     4.79487e+03     2.68487e+01     1.16207e+00
    2.73048e+00     4.78075e+03     2.66969e+01     1.15596e+00
    2.73457e+00     4.77823e+03     2.66449e+01     1.15358e+00
    2.73866e+00     4.76126e+03     2.65326e+01     1.14818e+00
    2.74275e+00     4.75535e+03     2.64827e+01     1.14346e+00
    2.74684e+00     4.74964e+03     2.63793e+01     1.13693e+00
    2.75093e+00     4.73334e+03     2.63697e+01     1.13285e+00
    2.75502e+00     4.72406e+03     2.62574e+01     1.12842e+00
    2.75911e+00     4.71525e+03     2.61638e+01     1.12247e+00
    2.76320e+00     4.70200e+03     2.60425e+01     1.11856e+00
    2.76730e+00     4.69514e+03     2.59684e+01     1.11305e+00
    2.77139e+00     4.68345e+03     2.59095e+01     1.10978e+00
    2.77548e+00     4.67925e+03     2.58079e+01     1.10390e+00
    2.77957e+00     4.66933e+03     2.57719e+01     1.09880e+00
    2.78366e+00     4.65618e+03     2.56181e+01     1.09441e+00
    2.78775e+00     4.65510e+03     2.56324e+01     1.08991e+00
    2.79184e+00     4.64128e+03     2.55157e+01     1.08611e+00
    2.79593e+00     4.63023e+03     2.53749e+01     1.08092e+00
    2.80002e+00     4.62189e+03     2.53746e+01     1.07695e+00
    2.80411e+00     4.60955e+03     2.52411e+01     1.07210e+00
    2.80820e+00     4.60245e+03     2.52142e+01     1.06683e+00
    2.81229e+00     4.59525e+03     2.51443e+01     1.06344e+00
    2.81638e+00     4.58367e+03     2.50534e+01     1.05873e+00
    2.82047e+00     4.57463e+03     2.49753e+01     1.05232e+00
    2.82457e+00     4.56789e+03     2.49206e+01     1.04931e+00
    2.82866e+00     4.55881e+03     2.48680e+01     1.04542e+00
    2.83275e+00     4.54617e+03     2.47496e+01     1.04050e+00
    2.83684e+00     4.53506e+03     2.46827e+01     1.03583e+00
    2.84093e+00     4.52482e+03     2.45530e+01     1.03137e+00
    2.84502e+00     4.52267e+03     2.45132e+01     1.02602e+00
    2.84911e+00     4.51339e+03     2.44430e+01     1.02265e+00
    2.85320e+00     4.50297e+03     2.43489e+01     1.01868e+00
    2.85729e+00     4.48989e+03     2.42664e+01     1.01357e+00
    2.86138e+00     4.48305e+03     2.42272e+01     1.01007e+00
    2.86547e+00     4.46995e+03     2.41264e+01     1.00474e+00
    2.86956e+00     4.46313e+03     2.40371e+01     1.00058e+00
    2.87365e+00     4.45249e+03     2.39868e+01     9.97052e-01
    2.87774e+00     4.44594e+03     2.39377e+01     9.93845e-01
    2.88183e+00     4.43811e+03     2.37950e+01     9.88316e-01
    2.88592e+00     4.43088e+03     2.37446e+01     9.83707e-01
    2.89001e+00     4.41974e+03     2.36846e+01     9.80372e-01
    2.89410e+00     4.40835e+03     2.36159e+01     9.76657e-01
    2.89820e+00     4.40136e+03     2.35256e+01     9.71248e-01
    2.90229e+00     4.39059e+03     2.34842e+01     9.67779e-01
    2.90638e+00     4.38128e+03     2.33904e+01     9.63908e-01
    2.91047e+00     4.37527e+03     2.33435e+01     9.59388e-01
    2.91456e+00     4.36437e+03     2.32298e+01     9.55038e-01
    2.91865e+00     4.35596e+03     2.31625e+01     9.51262e-01
    2.92274e+00     4.34859e+03     2.30801e+01     9.47428e-01
    2.92683e+00     4.33478e+03     2.30080e+01     9.43716e-01
    2.93092e+00     4.33106e+03     2.29730e+01     9.39917e-01
    2.93501e+00     4.31656e+03     2.28258e+01     9.35304e-01
    2.93910e+00     4.31191e+03     2.28207e+01     9.31472e-01
    2.94319e+00     4.30573e+03     2.27341e+01     9.27233e-01
    2.94728e+00     4.29175e+03     2.26700e+01     9.23957e-01
    2.95137e+00     4.28078e+03     2.25951e+01     9.19881e-01
    2.95546e+00     4.27903e+03     2.25926e+01     9.17324e-01
    2.95955e+00     4.26803e+03     2.24504e+01     9.11482e-01
    2.96364e+00     4.25814e+03     2.23833e+01     9.08083e-01
    2.96774e+00     4.24880e+03     2.23564e+01     9.04864e-01
    2.97183e+00     4.24382e+03     2.22700e+01     9.00398e-01
    2.97592e+00     4.23060e+03     2.21726e+01     8.96895e-01
    2.98001e+00     4.22313e+03     2.21193e+01     8.92642e-01
    2.98410e+00     4.21555e+03     2.20702e+01     8.89833e-01
    2.98819e+00     4.20190e+03     2.19578e+01     8.85564e-01
    2.99228e+00     4.19313e+03     2.19058e+01     8.81855e-01
    2.99637e+00     4.18750e+03     2.18353e+01     8.78769e-01
    3.00046e+00     4.17918e+03     2.17996e+01     8.74924e-01
    3.00455e+00     4.17005e+03     2.17040e+01     8.70915e-01
    3.00864e+00     4.16403e+03     2.16619e+01     8.67009e-01
    3.01273e+00     4.15392e+03     2.15962e+01     8.63787e-01
    3.01682e+00     4.14537e+03     2.15100e+01     8.59166e-01
    3.02091e+00     4.13504e+03     2.14394e+01     8.56022e-01
    3.02500e+00     4.12415e+03     2.13516e+01     8.52165e-01
    3.02910e+00     4.11414e+03     2.12790e+01     8.48683e-01
    3.03319e+00     4.10729e+03     2.12725e+01     8.46665e-01
    3.03728e+00     4.09733e+03     2.11762e+01     8.41696e-01
    3.04137e+00     4.09153e+03     2.11451e+01     8.38489e-01
    3.04546e+00     4.08289e+03     2.10264e+01     8.35262e-01
    3.04955e+00     4.07579e+03     2.10052e+01     8.32551e-01
    3.05364e+00     4.06711e+03     2.09315e+01     8.28053e-01
    3.05773e+00     4.05669e+03     2.08482e+01     8.24416e-01
    3.06182e+00     4.05039e+03     2.08097e+01     8.21158e-01
    3.06591e+00     4.03861e+03     2.07340e+01     8.17156e-01
    3.07000e+00     4.02746e+03     2.06464e+01     8.13474e-01
    3.07409e+00     4.02697e+03     2.05957e+01     8.11242e-01
    3.07818e+00     4.01697e+03     2.05525e+01     8.07638e-01
    3.08227e+00     4.00729e+03     2.04510e+01     8.04599e-01
    3.08636e+00     3.99659e+03     2.03867e+01     8.00941e-01
    3.09045e+00     3.99138e+03     2.03193e+01     7.96913e-01
    3.09454e+00     3.97619e+03     2.02422e+01     7.94078e-01
    3.09863e+00     3.96951e+03     2.01907e+01     7.89657e-01
    3.10272e+00     3.96420e+03     2.01059e+01     7.87140e-01
    3.10682e+00     3.95960e+03     2.01209e+01     7.83724e-01
    3.11091e+00     3.94609e+03     2.00276e+01     7.81001e-01
    3.11500e+00     3.93820e+03     1.99868e+01     7.77790e-01
    3.11909e+00     3.92899e+03     1.98680e+01     7.74514e-01
    3.12318e+00     3.91807e+03     1.98128e+01     7.70745e-01
    3.12727e+00     3.91605e+03     1.97540e+01     7.67334e-01
    3.13136e+00     3.90612e+03     1.97101e+01     7.64472e-01
    3.13545e+00     3.89723e+03     1.96214e+01     7.60936e-01
    3.13954e+00     3.88787e+03     1.95664e+01     7.58087e-01
    3.14363e+00     3.88374e+03     1.95345e+01     7.54893e-01
    3.14772e+00     3.87482e+03     1.94642e+01     7.51624e-01
    3.15181e+00     3.86408e+03     1.94102e+01     7.48830e-01
    3.15590e+00     3.85533e+03     1.93559e+01     7.45847e-01
    3.16000e+00     3.84941e+03     1.92403e+01     7.42763e-01
    3.16409e+00     3.83932e+03     1.92118e+01     7.40008e-01
    3.16818e+00     3.82937e+03     1.91603e+01     7.36789e-01
    3.17227e+00     3.82370e+03     1.90871e+01     7.32856e-01
    3.17636e+00     3.81584e+03     1.90584e+01     7.30223e-01
    3.18045e+00     3.81007e+03     1.89862e+01     7.27852e-01
    3.18454e+00     3.79858e+03     1.89079e+01     7.24156e-01
    3.18863e+00     3.78976e+03     1.88299e+01     7.21259e-01
    3.19272e+00     3.78262e+03     1.87927e+01     7.18781e-01
    3.19681e+00     3.77425e+03     1.87137e+01     7.14930e-01
    3.20090e+00     3.76538e+03     1.86824e+01     7.12518e-01
    3.20499e+00     3.75747e+03     1.86156e+01     7.09236e-01
    3.20908e+00     3.75340e+03     1.85736e+01     7.06497e-01
    3.21317e+00     3.74485e+03     1.85248e+01     7.03352e-01
    3.21726e+00     3.73292e+03     1.84628e+01     7.00954e-01
    3.22135e+00     3.72536e+03     1.83592e+01     6.97212e-01
    3.22545e+00     3.72056e+03     1.83591e+01     6.95251e-01
    3.22954e+00     3.71073e+03     1.82985e+01     6.92311e-01
    3.23363e+00     3.70077e+03     1.82080e+01     6.88589e-01
    3.23772e+00     3.69547e+03     1.81601e+01     6.86381e-01
    3.24181e+00     3.68910e+03     1.81123e+01     6.82973e-01
    3.24590e+00     3.68055e+03     1.80463e+01     6.80709e-01
    3.24999e+00     3.67090e+03     1.79919e+01     6.78065e-01
    3.25408e+00     3.66262e+03     1.79215e+01     6.74935e-01
    3.25817e+00     3.66038e+03     1.78801e+01     6.71712e-01
    3.26226e+00     3.64928e+03     1.78251e+01     6.69176e-01
    3.26635e+00     3.64221e+03     1.78037e+01     6.67277e-01
    3.27044e+00     3.63529e+03     1.77294e+01     6.63872e-01
    3.27453e+00     3.62494e+03     1.76543e+01     6.60934e-01
    3.27862e+00     3.61654e+03     1.75309e+01     6.57370e-01
    3.28271e+00     3.60711e+03     1.75472e+01     6.56198e-01
    3.28681e+00     3.60392e+03     1.74875e+01     6.52543e-01
    3.29090e+00     3.59563e+03     1.74432e+01     6.50168e-01
    3.29499e+00     3.58283e+03     1.73694e+01     6.47810e-01
    3.29908e+00     3.57733e+03     1.73413e+01     6.45713e-01
    3.30317e+00     3.56885e+03     1.72457e+01     6.42015e-01
    3.30725e+00     3.56648e+03     1.72300e+01     6.39679e-01
    3.31135e+00     3.55974e+03     1.71902e+01     6.37467e-01
    3.31544e+00     3.54704e+03     1.70940e+01     6.34669e-01
    3.31953e+00     3.54140e+03     1.70683e+01     6.31912e-01
    3.32362e+00     3.53185e+03     1.69899e+01     6.29304e-01
    3.32771e+00     3.52526e+03     1.69427e+01     6.26917e-01
    3.33180e+00     3.51875e+03     1.69236e+01     6.24337e-01
    3.33589e+00     3.51109e+03     1.68453e+01     6.21873e-01
    3.33998e+00     3.50159e+03     1.68182e+01     6.19563e-01
    3.34407e+00     3.49674e+03     1.67366e+01     6.16942e-01
    3.34816e+00     3.48816e+03     1.66948e+01     6.14224e-01
    3.35226e+00     3.48097e+03     1.66067e+01     6.11431e-01
    3.35634e+00     3.47696e+03     1.65878e+01     6.09240e-01
    3.36043e+00     3.46477e+03     1.65228e+01     6.06166e-01
    3.36453e+00     3.45590e+03     1.64746e+01     6.04323e-01
    3.36862e+00     3.45246e+03     1.64350e+01     6.01695e-01
    3.37271e+00     3.44281e+03     1.63538e+01     5.99008e-01
    3.37680e+00     3.43392e+03     1.63008e+01     5.96909e-01
    3.38089e+00     3.42963e+03     1.62690e+01     5.94600e-01
    3.38498e+00     3.42022e+03     1.62350e+01     5.91958e-01
    3.38907e+00     3.41383e+03     1.61739e+01     5.89777e-01
    3.39316e+00     3.40413e+03     1.61294e+01     5.87306e-01
    3.39725e+00     3.40114e+03     1.60769e+01     5.84850e-01
    3.40134e+00     3.39202e+03     1.60189e+01     5.82046e-01
    3.40543e+00     3.38098e+03     1.59510e+01     5.80154e-01
    3.40952e+00     3.37898e+03     1.59391e+01     5.77869e-01
    3.41362e+00     3.37005e+03     1.58712e+01     5.75352e-01
    3.41770e+00     3.36275e+03     1.58271e+01     5.72905e-01
    3.42179e+00     3.35621e+03     1.57761e+01     5.70530e-01
    3.42588e+00     3.34398e+03     1.56931e+01     5.68390e-01
    3.42997e+00     3.34174e+03     1.56763e+01     5.65713e-01
    3.43406e+00     3.33470e+03     1.56415e+01     5.63761e-01
    3.43816e+00     3.32807e+03     1.55905e+01     5.61467e-01
    3.44225e+00     3.31978e+03     1.55555e+01     5.59469e-01
    3.44634e+00     3.31090e+03     1.54489e+01     5.56544e-01
    3.45043e+00     3.30489e+03     1.54438e+01     5.55070e-01
    3.45452e+00     3.29888e+03     1.53808e+01     5.52313e-01
    3.45861e+00     3.29145e+03     1.53402e+01     5.50413e-01
    3.46270e+00     3.28380e+03     1.52915e+01     5.48114e-01
    3.46679e+00     3.27990e+03     1.52603e+01     5.45598e-01
    3.47088e+00     3.26958e+03     1.52101e+01     5.43695e-01
    3.47497e+00     3.26303e+03     1.51643e+01     5.41225e-01
    3.47906e+00     3.25586e+03     1.51072e+01     5.39083e-01
    3.48315e+00     3.25017e+03     1.50513e+01     5.36924e-01
    3.48725e+00     3.24104e+03     1.50044e+01     5.34711e-01
    3.49134e+00     3.23752e+03     1.49657e+01     5.32291e-01
    3.49543e+00     3.22948e+03     1.49310e+01     5.30777e-01
    3.49952e+00     3.22304e+03     1.48782e+01     5.28828e-01
    3.50361e+00     3.21351e+03     1.47796e+01     5.26187e-01
    3.50770e+00     3.20737e+03     1.47984e+01     5.24278e-01
    3.51179e+00     3.20190e+03     1.47437e+01     5.22000e-01
    3.51588e+00     3.19469e+03     1.47111e+01     5.20264e-01
    3.51997e+00     3.18556e+03     1.46533e+01     5.18278e-01
    3.52406e+00     3.18179e+03     1.46158e+01     5.16393e-01
    3.52815e+00     3.17429e+03     1.45742e+01     5.13660e-01
    3.53224e+00     3.16471e+03     1.44883e+01     5.12053e-01
    3.53633e+00     3.15872e+03     1.44626e+01     5.09967e-01
    3.54042e+00     3.15394e+03     1.44347e+01     5.07952e-01
    3.54451e+00     3.14929e+03     1.43917e+01     5.05785e-01
    3.54860e+00     3.14094e+03     1.43090e+01     5.03433e-01
    3.55270e+00     3.13521e+03     1.42947e+01     5.01774e-01
    3.55679e+00     3.12641e+03     1.42368e+01     4.99782e-01
    3.56088e+00     3.11828e+03     1.41970e+01     4.97883e-01
    3.56497e+00     3.11464e+03     1.41765e+01     4.96396e-01
    3.56906e+00     3.10619e+03     1.41190e+01     4.93976e-01
    3.57315e+00     3.09874e+03     1.40557e+01     4.91952e-01
    3.57724e+00     3.09411e+03     1.40098e+01     4.89966e-01
    3.58133e+00     3.08767e+03     1.39933e+01     4.87871e-01
    3.58542e+00     3.08116e+03     1.39267e+01     4.85955e-01
    3.58951e+00     3.07687e+03     1.38967e+01     4.84222e-01
    3.59360e+00     3.06718e+03     1.38538e+01     4.82462e-01
    3.59769e+00     3.06242e+03     1.38182e+01     4.80632e-01
    3.60178e+00     3.05276e+03     1.37534e+01     4.78584e-01
    3.60587e+00     3.04557e+03     1.37096e+01     4.76885e-01
    3.60996e+00     3.04147e+03     1.36725e+01     4.74664e-01
    3.61405e+00     3.03633e+03     1.36503e+01     4.72829e-01
    3.61814e+00     3.02870e+03     1.36110e+01     4.71208e-01
    3.62224e+00     3.02187e+03     1.35499e+01     4.69138e-01
    3.62633e+00     3.01664e+03     1.35282e+01     4.67614e-01
    3.63042e+00     3.01165e+03     1.34753e+01     4.65921e-01
    3.63451e+00     3.00339e+03     1.34474e+01     4.63795e-01
    3.63860e+00     2.99709e+03     1.34084e+01     4.61995e-01
    3.64269e+00     2.99102e+03     1.33565e+01     4.60491e-01
    3.64678e+00     2.98444e+03     1.33325e+01     4.58515e-01
    3.65087e+00     2.97922e+03     1.32705e+01     4.56600e-01
    3.65496e+00     2.97217e+03     1.32410e+01     4.55152e-01
    3.65905e+00     2.96513e+03     1.31976e+01     4.53258e-01
    3.66314e+00     2.96160e+03     1.31560e+01     4.51376e-01
    3.66723e+00     2.95453e+03     1.31057e+01     4.49097e-01
    3.67132e+00     2.94681e+03     1.30709e+01     4.48046e-01
    3.67541e+00     2.94280e+03     1.30399e+01     4.46083e-01
    3.67950e+00     2.93462e+03     1.29645e+01     4.43842e-01
    3.68359e+00     2.92908e+03     1.29680e+01     4.42667e-01
    3.68769e+00     2.92344e+03     1.29179e+01     4.40889e-01
    3.69177e+00     2.91450e+03     1.28588e+01     4.39403e-01
    3.69587e+00     2.91146e+03     1.28535e+01     4.37508e-01
    3.69996e+00     2.90399e+03     1.27986e+01     4.35889e-01
    3.70405e+00     2.89881e+03     1.27599e+01     4.34233e-01
    3.70814e+00     2.89407e+03     1.27178e+01     4.32698e-01
    3.71223e+00     2.88798e+03     1.27206e+01     4.31305e-01
    3.71632e+00     2.88069e+03     1.26380e+01     4.29390e-01
    3.72041e+00     2.87724e+03     1.26125e+01     4.27654e-01
    3.72450e+00     2.86900e+03     1.25758e+01     4.26059e-01
    3.72859e+00     2.86553e+03     1.25535e+01     4.24682e-01
    3.73268e+00     2.85746e+03     1.25148e+01     4.22963e-01
    3.73677e+00     2.85249e+03     1.24801e+01     4.21478e-01
    3.74086e+00     2.84460e+03     1.24143e+01     4.19605e-01
    3.74495e+00     2.83868e+03     1.23993e+01     4.18193e-01
    3.74905e+00     2.83366e+03     1.23573e+01     4.16680e-01
    3.75313e+00     2.82842e+03     1.23234e+01     4.15047e-01
    3.75722e+00     2.82290e+03     1.22818e+01     4.13346e-01
    3.76131e+00     2.81723e+03     1.22564e+01     4.11735e-01
    3.76541e+00     2.81142e+03     1.22323e+01     4.10494e-01
    3.76950e+00     2.80639e+03     1.21759e+01     4.08744e-01
    3.77359e+00     2.79867e+03     1.21479e+01     4.07396e-01
    3.77768e+00     2.79365e+03     1.20985e+01     4.05631e-01
    3.78177e+00     2.78876e+03     1.20646e+01     4.03984e-01
    3.78586e+00     2.77904e+03     1.20234e+01     4.02899e-01
    3.78995e+00     2.77823e+03     1.20101e+01     4.01549e-01
    3.79404e+00     2.77222e+03     1.19677e+01     3.99852e-01
    3.79813e+00     2.76809e+03     1.19431e+01     3.98334e-01
    3.80222e+00     2.76158e+03     1.18930e+01     3.96687e-01
    3.80632e+00     2.75462e+03     1.18632e+01     3.95533e-01
    3.81040e+00     2.75168e+03     1.18323e+01     3.94026e-01
    3.81449e+00     2.74115e+03     1.17708e+01     3.92551e-01
    3.81859e+00     2.73702e+03     1.17549e+01     3.91107e-01
    3.82268e+00     2.73085e+03     1.17182e+01     3.89462e-01
    3.82677e+00     2.72878e+03     1.16878e+01     3.88018e-01
    3.83086e+00     2.72111e+03     1.16478e+01     3.86784e-01
    3.83495e+00     2.71681e+03     1.16200e+01     3.85381e-01
    3.83904e+00     2.71114e+03     1.15830e+01     3.83751e-01
    3.84313e+00     2.70525e+03     1.15502e+01     3.82201e-01
    3.84722e+00     2.69777e+03     1.15153e+01     3.81178e-01
    3.85131e+00     2.69340e+03     1.14981e+01     3.79633e-01
    3.85540e+00     2.68884e+03     1.14591e+01     3.78627e-01
    3.85949e+00     2.68344e+03     1.14127e+01     3.76702e-01
    3.86358e+00     2.67684e+03     1.13802e+01     3.75689e-01
    3.86768e+00     2.67311e+03     1.13396e+01     3.74075e-01
    3.87177e+00     2.66682e+03     1.13307e+01     3.72992e-01
    3.87585e+00     2.66362e+03     1.12790e+01     3.71330e-01
    3.87994e+00     2.65374e+03     1.12508e+01     3.70503e-01
    3.88403e+00     2.65192e+03     1.12300e+01     3.68954e-01
    3.88813e+00     2.64530e+03     1.11920e+01     3.67622e-01
    3.89222e+00     2.64072e+03     1.11613e+01     3.66093e-01
    3.89631e+00     2.63790e+03     1.11327e+01     3.64948e-01
    3.90040e+00     2.63094e+03     1.10934e+01     3.63511e-01
    3.90449e+00     2.62608e+03     1.10681e+01     3.62357e-01
    3.90858e+00     2.61980e+03     1.10426e+01     3.61234e-01
    3.91267e+00     2.61476e+03     1.10086e+01     3.59610e-01
    3.91676e+00     2.60872e+03     1.09708e+01     3.58991e-01
    3.92085e+00     2.60392e+03     1.09382e+01     3.57384e-01
    3.92494e+00     2.60008e+03     1.09255e+01     3.56131e-01
    3.92903e+00     2.59604e+03     1.08830e+01     3.54750e-01
    3.93312e+00     2.58911e+03     1.08586e+01     3.53666e-01
    3.93721e+00     2.58261e+03     1.08261e+01     3.52179e-01
    3.94130e+00     2.57932e+03     1.07878e+01     3.51281e-01
    3.94539e+00     2.57519e+03     1.07763e+01     3.49898e-01
    3.94949e+00     2.56951e+03     1.07356e+01     3.48647e-01
    3.95358e+00     2.56391e+03     1.06980e+01     3.47467e-01
    3.95767e+00     2.55863e+03     1.06699e+01     3.46272e-01
    3.96176e+00     2.55502e+03     1.06490e+01     3.45001e-01
    3.96585e+00     2.55227e+03     1.06130e+01     3.43749e-01
    3.96994e+00     2.54723e+03     1.06000e+01     3.42791e-01
    3.97403e+00     2.54213e+03     1.05641e+01     3.41509e-01
    3.97812e+00     2.53645e+03     1.05326e+01     3.40379e-01
    3.98221e+00     2.53161e+03     1.05086e+01     3.39251e-01
    3.98630e+00     2.52527e+03     1.04787e+01     3.38053e-01
    3.99039e+00     2.51911e+03     1.04403e+01     3.36867e-01
    3.99448e+00     2.51701e+03     1.04112e+01     3.35811e-01
    3.99857e+00     2.51096e+03     1.03930e+01     3.34558e-01
    4.00266e+00     2.50572e+03     1.03483e+01     3.33559e-01
    4.00675e+00     2.50414e+03     1.03378e+01     3.32311e-01
    4.01085e+00     2.49772e+03     1.03073e+01     3.31226e-01
    4.01494e+00     2.49296e+03     1.02830e+01     3.30341e-01
    4.01902e+00     2.48857e+03     1.02418e+01     3.28898e-01
    4.02312e+00     2.48248e+03     1.02091e+01     3.27826e-01
    4.02721e+00     2.47927e+03     1.01978e+01     3.27023e-01
    4.03130e+00     2.47571e+03     1.01653e+01     3.25699e-01
    4.03539e+00     2.47063e+03     1.01510e+01     3.24824e-01
    4.03948e+00     2.46429e+03     1.01338e+01     3.23875e-01
    4.04357e+00     2.46054e+03     1.00845e+01     3.22766e-01
    4.04766e+00     2.45548e+03     1.00733e+01     3.21920e-01
    4.05175e+00     2.45047e+03     1.00275e+01     3.20530e-01
    4.05584e+00     2.44752e+03     1.00158e+01     3.19346e-01
    4.05993e+00     2.44311e+03     9.99187e+00     3.18472e-01
    4.06402e+00     2.43781e+03     9.95320e+00     3.17273e-01
    4.06811e+00     2.43245e+03     9.93773e+00     3.16364e-01
    4.07220e+00     2.42874e+03     9.90443e+00     3.15420e-01
    4.07630e+00     2.42492e+03     9.87562e+00     3.14367e-01
    4.08038e+00     2.41922e+03     9.85320e+00     3.13268e-01
    4.08447e+00     2.41657e+03     9.82121e+00     3.12282e-01
    4.08857e+00     2.41168e+03     9.81207e+00     3.11633e-01
    4.09266e+00     2.40648e+03     9.79004e+00     3.10418e-01
    4.09675e+00     2.40372e+03     9.76110e+00     3.09456e-01
    4.10084e+00     2.39870e+03     9.74209e+00     3.08535e-01
    4.10493e+00     2.39218e+03     9.69404e+00     3.07468e-01
    4.10902e+00     2.38807e+03     9.66761e+00     3.06370e-01
    4.11311e+00     2.38620e+03     9.66679e+00     3.05657e-01
    4.11720e+00     2.38207e+03     9.64182e+00     3.04631e-01
    4.12129e+00     2.37757e+03     9.60805e+00     3.03774e-01
    4.12538e+00     2.37196e+03     9.57853e+00     3.02800e-01
    4.12947e+00     2.36904e+03     9.56525e+00     3.01850e-01
    4.13356e+00     2.36485e+03     9.54088e+00     3.00955e-01
    4.13765e+00     2.36049e+03     9.52181e+00     3.00047e-01
    4.14175e+00     2.35596e+03     9.49903e+00     2.99105e-01
    4.14584e+00     2.35150e+03     9.47697e+00     2.98224e-01
    4.14993e+00     2.34735e+03     9.44333e+00     2.97183e-01
    4.15402e+00     2.34459e+03     9.42889e+00     2.96442e-01
    4.15811e+00     2.33908e+03     9.40279e+00     2.95435e-01
    4.16220e+00     2.33696e+03     9.38502e+00     2.94611e-01
    4.16629e+00     2.33115e+03     9.34739e+00     2.93943e-01
    4.17038e+00     2.32722e+03     9.33395e+00     2.93107e-01
    4.17447e+00     2.32383e+03     9.30810e+00     2.92056e-01
    4.17856e+00     2.32067e+03     9.28741e+00     2.90983e-01
    4.18265e+00     2.31519e+03     9.26474e+00     2.90228e-01
    4.18674e+00     2.31268e+03     9.25598e+00     2.89573e-01
