# Real space auto- and cross-spectra.
# z=0.500, 12.500<lgM<13.000
#      k[h/Mpc]            P_hh            P_hm            P_mm
    0.00000e+00     0.00000e+00     0.00000e+00     0.00000e+00
    5.79404e-03     1.62494e+04     1.34964e+04     1.21711e+04
    1.04717e-02     2.54734e+04     1.90557e+04     1.54258e+04
    1.42665e-02     1.79569e+04     1.38620e+04     1.20361e+04
    1.81228e-02     2.56872e+04     2.00172e+04     1.69303e+04
    2.24845e-02     2.27603e+04     1.75492e+04     1.45639e+04
    2.64508e-02     2.04181e+04     1.55307e+04     1.28147e+04
    3.04474e-02     1.97032e+04     1.49829e+04     1.23963e+04
    3.47320e-02     1.62878e+04     1.21365e+04     1.00018e+04
    3.88308e-02     1.50108e+04     1.14932e+04     9.70107e+03
    4.28140e-02     1.26696e+04     9.44636e+03     8.00070e+03
    4.68856e-02     1.23839e+04     9.11879e+03     7.65092e+03
    5.09858e-02     1.26106e+04     9.25837e+03     7.72176e+03
    5.51458e-02     1.18824e+04     8.48288e+03     7.02664e+03
    5.92243e-02     1.06599e+04     7.69487e+03     6.51469e+03
    6.32864e-02     1.03292e+04     7.27408e+03     6.02745e+03
    6.73674e-02     1.01576e+04     7.07328e+03     5.81986e+03
    7.14960e-02     9.34891e+03     6.61541e+03     5.56558e+03
    7.55894e-02     9.40327e+03     6.52917e+03     5.42730e+03
    7.96660e-02     8.41776e+03     5.72204e+03     4.76038e+03
    8.38183e-02     7.86618e+03     5.31709e+03     4.44309e+03
    8.78941e-02     7.10587e+03     4.77022e+03     4.07692e+03
    9.19238e-02     6.89100e+03     4.58531e+03     3.87604e+03
    9.60446e-02     6.70165e+03     4.33932e+03     3.61423e+03
    1.00128e-01     6.09885e+03     3.88146e+03     3.26430e+03
    1.04209e-01     5.75566e+03     3.66350e+03     3.09854e+03
    1.08333e-01     5.72701e+03     3.61821e+03     3.07136e+03
    1.12448e-01     5.57502e+03     3.45387e+03     2.89966e+03
    1.16521e-01     5.36514e+03     3.32352e+03     2.80461e+03
    1.20596e-01     5.12557e+03     3.12379e+03     2.64745e+03
    1.24665e-01     4.98961e+03     3.03368e+03     2.56443e+03
    1.28771e-01     4.93039e+03     2.97528e+03     2.50487e+03
    1.32874e-01     4.64159e+03     2.76801e+03     2.35945e+03
    1.36975e-01     4.71672e+03     2.79094e+03     2.35919e+03
    1.41075e-01     4.47828e+03     2.60814e+03     2.23160e+03
    1.45172e-01     4.20208e+03     2.42509e+03     2.08229e+03
    1.49268e-01     4.17076e+03     2.36554e+03     2.00314e+03
    1.53330e-01     4.00622e+03     2.24898e+03     1.90937e+03
    1.57416e-01     3.77971e+03     2.07905e+03     1.80528e+03
    1.61514e-01     3.71703e+03     2.00310e+03     1.71375e+03
    1.65592e-01     3.58301e+03     1.91269e+03     1.65740e+03
    1.69693e-01     3.49610e+03     1.84902e+03     1.60022e+03
    1.73803e-01     3.40539e+03     1.79861e+03     1.55293e+03
    1.77905e-01     3.34858e+03     1.73852e+03     1.51443e+03
    1.82001e-01     3.31683e+03     1.71537e+03     1.49320e+03
    1.86092e-01     3.25029e+03     1.66063e+03     1.44128e+03
    1.90161e-01     3.16191e+03     1.59610e+03     1.39798e+03
    1.94237e-01     3.11223e+03     1.55266e+03     1.35730e+03
    1.98334e-01     3.02792e+03     1.49929e+03     1.31061e+03
    2.02427e-01     2.97743e+03     1.45468e+03     1.27290e+03
    2.06523e-01     2.90162e+03     1.39706e+03     1.22968e+03
    2.10626e-01     2.83680e+03     1.33490e+03     1.18148e+03
    2.14724e-01     2.84119e+03     1.32987e+03     1.16110e+03
    2.18827e-01     2.73716e+03     1.26502e+03     1.11961e+03
    2.22903e-01     2.68626e+03     1.22514e+03     1.08398e+03
    2.26990e-01     2.63710e+03     1.19999e+03     1.06338e+03
    2.31084e-01     2.56675e+03     1.15243e+03     1.02653e+03
    2.35153e-01     2.56208e+03     1.12676e+03     1.01142e+03
    2.39244e-01     2.50232e+03     1.09162e+03     9.84014e+02
    2.43338e-01     2.48524e+03     1.07400e+03     9.64872e+02
    2.47445e-01     2.45552e+03     1.04430e+03     9.37387e+02
    2.51539e-01     2.41466e+03     1.01762e+03     9.17857e+02
    2.55609e-01     2.38160e+03     9.95646e+02     8.98298e+02
    2.59718e-01     2.35943e+03     9.75510e+02     8.81487e+02
    2.63814e-01     2.29158e+03     9.38958e+02     8.60893e+02
    2.67904e-01     2.28428e+03     9.32291e+02     8.47196e+02
    2.71993e-01     2.24141e+03     9.00282e+02     8.29212e+02
    2.76068e-01     2.22422e+03     8.67047e+02     7.87004e+02
    2.80171e-01     2.18349e+03     8.47749e+02     7.81333e+02
    2.84268e-01     2.14108e+03     8.24137e+02     7.65408e+02
    2.88346e-01     2.16085e+03     8.22959e+02     7.54161e+02
    2.92426e-01     2.12216e+03     7.99039e+02     7.37264e+02
    2.96514e-01     2.08328e+03     7.75891e+02     7.20546e+02
    3.00627e-01     2.05773e+03     7.59715e+02     7.10875e+02
    3.04729e-01     2.03349e+03     7.43305e+02     6.96630e+02
    3.08821e-01     2.02816e+03     7.28486e+02     6.83084e+02
    3.12919e-01     1.99921e+03     7.13112e+02     6.69196e+02
    3.16999e-01     1.99186e+03     7.03438e+02     6.58869e+02
    3.21078e-01     1.97804e+03     6.96000e+02     6.51574e+02
    3.25167e-01     1.94151e+03     6.73823e+02     6.36560e+02
    3.29247e-01     1.92169e+03     6.55614e+02     6.22058e+02
    3.33333e-01     1.90674e+03     6.44253e+02     6.10710e+02
    3.37443e-01     1.89591e+03     6.37417e+02     6.07444e+02
    3.41545e-01     1.86605e+03     6.15633e+02     5.89037e+02
    3.45625e-01     1.86832e+03     6.09081e+02     5.83978e+02
    3.49715e-01     1.85611e+03     6.02914e+02     5.73402e+02
    3.53817e-01     1.83794e+03     5.87573e+02     5.67257e+02
    3.57906e-01     1.81515e+03     5.79649e+02     5.57957e+02
    3.61975e-01     1.78993e+03     5.65726e+02     5.48377e+02
    3.66071e-01     1.79302e+03     5.58530e+02     5.41349e+02
    3.70189e-01     1.78232e+03     5.49976e+02     5.34417e+02
    3.74277e-01     1.76189e+03     5.36182e+02     5.25505e+02
    3.78356e-01     1.75246e+03     5.32843e+02     5.16991e+02
    3.82448e-01     1.73805e+03     5.20130e+02     5.06875e+02
    3.86535e-01     1.71790e+03     5.08757e+02     5.02687e+02
    3.90624e-01     1.71986e+03     5.10013e+02     4.96954e+02
    3.94706e-01     1.69040e+03     4.91334e+02     4.87484e+02
    3.98794e-01     1.69427e+03     4.90937e+02     4.84891e+02
    4.02896e-01     1.67292e+03     4.76999e+02     4.74167e+02
    4.06986e-01     1.66141e+03     4.69010e+02     4.66271e+02
    4.11069e-01     1.65544e+03     4.65082e+02     4.63544e+02
    4.15170e-01     1.64508e+03     4.59039e+02     4.57125e+02
    4.19263e-01     1.62955e+03     4.49089e+02     4.52060e+02
    4.23353e-01     1.62047e+03     4.40402e+02     4.42936e+02
    4.27447e-01     1.62279e+03     4.34296e+02     4.37348e+02
    4.31534e-01     1.60265e+03     4.29376e+02     4.33460e+02
    4.35624e-01     1.59528e+03     4.22932e+02     4.26375e+02
    4.39718e-01     1.57912e+03     4.13812e+02     4.19070e+02
    4.43804e-01     1.58709e+03     4.11389e+02     4.19874e+02
    4.47892e-01     1.57477e+03     4.05382e+02     4.14597e+02
    4.51977e-01     1.55415e+03     3.93938e+02     4.03656e+02
    4.56067e-01     1.54547e+03     3.90201e+02     4.04469e+02
    4.60165e-01     1.55101e+03     3.88876e+02     4.00583e+02
    4.64260e-01     1.54160e+03     3.88004e+02     3.96513e+02
    4.68355e-01     1.53745e+03     3.84211e+02     3.94083e+02
    4.72450e-01     1.53005e+03     3.73687e+02     3.86535e+02
    4.76540e-01     1.50826e+03     3.66019e+02     3.79478e+02
    4.80633e-01     1.50787e+03     3.60525e+02     3.75398e+02
    4.84718e-01     1.49073e+03     3.54290e+02     3.73103e+02
    4.88794e-01     1.48223e+03     3.49923e+02     3.67358e+02
    4.92888e-01     1.49310e+03     3.48664e+02     3.63105e+02
    4.96984e-01     1.49432e+03     3.50077e+02     3.62831e+02
    5.01073e-01     1.46911e+03     3.37689e+02     3.57823e+02
    5.05169e-01     1.46986e+03     3.35930e+02     3.52271e+02
    5.09268e-01     1.46160e+03     3.30866e+02     3.50543e+02
    5.13369e-01     1.46484e+03     3.29403e+02     3.46418e+02
    5.17441e-01     1.45734e+03     3.24070e+02     3.44310e+02
    5.21516e-01     1.44643e+03     3.19739e+02     3.39204e+02
    5.25611e-01     1.43662e+03     3.13220e+02     3.35311e+02
    5.29706e-01     1.43720e+03     3.11856e+02     3.32617e+02
    5.33801e-01     1.42405e+03     3.06115e+02     3.30958e+02
    5.37888e-01     1.42206e+03     3.07766e+02     3.28139e+02
    5.41985e-01     1.41923e+03     3.00242e+02     3.23009e+02
    5.46091e-01     1.41162e+03     2.97473e+02     3.21385e+02
    5.50174e-01     1.41155e+03     2.95114e+02     3.17805e+02
    5.54252e-01     1.40346e+03     2.93099e+02     3.14524e+02
    5.58346e-01     1.39748e+03     2.88198e+02     3.12127e+02
    5.62439e-01     1.38739e+03     2.83610e+02     3.09553e+02
    5.66527e-01     1.38606e+03     2.80121e+02     3.06708e+02
    5.70616e-01     1.38021e+03     2.78778e+02     3.05208e+02
    5.74707e-01     1.37645e+03     2.76031e+02     3.00878e+02
    5.78798e-01     1.37962e+03     2.75675e+02     2.99250e+02
    5.82883e-01     1.37089e+03     2.71676e+02     2.96299e+02
    5.86977e-01     1.36347e+03     2.66920e+02     2.92917e+02
    5.91070e-01     1.36059e+03     2.65630e+02     2.92058e+02
    5.95166e-01     1.35289e+03     2.60143e+02     2.86673e+02
    5.99260e-01     1.34685e+03     2.57875e+02     2.86269e+02
    6.03349e-01     1.34395e+03     2.54689e+02     2.83258e+02
    6.07445e-01     1.35182e+03     2.57053e+02     2.83282e+02
    6.11543e-01     1.33523e+03     2.52528e+02     2.79241e+02
    6.15623e-01     1.33148e+03     2.48389e+02     2.75777e+02
    6.19704e-01     1.33211e+03     2.46062e+02     2.74166e+02
    6.23792e-01     1.32147e+03     2.41791e+02     2.72317e+02
    6.27891e-01     1.31849e+03     2.41582e+02     2.69358e+02
    6.31991e-01     1.31578e+03     2.37030e+02     2.67336e+02
    6.36073e-01     1.32165e+03     2.38422e+02     2.67119e+02
    6.40158e-01     1.31189e+03     2.34845e+02     2.63715e+02
    6.44244e-01     1.30704e+03     2.31690e+02     2.61753e+02
    6.48338e-01     1.30486e+03     2.30449e+02     2.60621e+02
    6.52432e-01     1.29848e+03     2.28471e+02     2.57768e+02
    6.56514e-01     1.29687e+03     2.26630e+02     2.56543e+02
    6.60609e-01     1.29646e+03     2.24080e+02     2.54765e+02
    6.64712e-01     1.29845e+03     2.23606e+02     2.52619e+02
    6.68801e-01     1.28727e+03     2.19230e+02     2.50480e+02
    6.72890e-01     1.28128e+03     2.17117e+02     2.48304e+02
    6.76984e-01     1.28061e+03     2.14887e+02     2.46900e+02
    6.81074e-01     1.27439e+03     2.13535e+02     2.45276e+02
    6.85160e-01     1.27636e+03     2.11669e+02     2.43250e+02
    6.89246e-01     1.26778e+03     2.09728e+02     2.41105e+02
    6.93336e-01     1.26415e+03     2.08749e+02     2.39624e+02
    6.97434e-01     1.26121e+03     2.03798e+02     2.37384e+02
    7.01528e-01     1.25805e+03     2.04132e+02     2.36900e+02
    7.05618e-01     1.25403e+03     2.01223e+02     2.33908e+02
    7.09708e-01     1.25326e+03     1.99182e+02     2.32426e+02
    7.13796e-01     1.24710e+03     1.99361e+02     2.31805e+02
    7.17892e-01     1.24367e+03     1.97508e+02     2.30363e+02
    7.21982e-01     1.24061e+03     1.94605e+02     2.27289e+02
    7.26059e-01     1.23858e+03     1.93813e+02     2.26889e+02
    7.30145e-01     1.23324e+03     1.91727e+02     2.24826e+02
    7.34240e-01     1.23670e+03     1.91456e+02     2.23365e+02
    7.38340e-01     1.23475e+03     1.88024e+02     2.21434e+02
    7.42427e-01     1.22683e+03     1.86571e+02     2.20382e+02
    7.46511e-01     1.22356e+03     1.86449e+02     2.18672e+02
    7.50614e-01     1.22235e+03     1.83793e+02     2.16739e+02
    7.54706e-01     1.21562e+03     1.83865e+02     2.16177e+02
    7.58795e-01     1.21435e+03     1.82383e+02     2.15437e+02
    7.62888e-01     1.21303e+03     1.79472e+02     2.12839e+02
    7.66986e-01     1.21162e+03     1.78402e+02     2.12354e+02
    7.71073e-01     1.20381e+03     1.75784e+02     2.10664e+02
    7.75153e-01     1.20345e+03     1.76313e+02     2.09275e+02
    7.79241e-01     1.20128e+03     1.73387e+02     2.07240e+02
    7.83335e-01     1.20439e+03     1.73033e+02     2.06901e+02
    7.87426e-01     1.19964e+03     1.71757e+02     2.05158e+02
    7.91513e-01     1.19753e+03     1.69901e+02     2.03374e+02
    7.95606e-01     1.19460e+03     1.69831e+02     2.02677e+02
    7.99702e-01     1.19223e+03     1.68495e+02     2.01682e+02
    8.03798e-01     1.18985e+03     1.67077e+02     2.00257e+02
    8.07879e-01     1.18678e+03     1.66594e+02     1.99731e+02
    8.11963e-01     1.18210e+03     1.63523e+02     1.97487e+02
    8.16059e-01     1.17961e+03     1.63667e+02     1.96106e+02
    8.20152e-01     1.17779e+03     1.62476e+02     1.96199e+02
    8.24242e-01     1.17451e+03     1.62079e+02     1.94592e+02
    8.28331e-01     1.17542e+03     1.59838e+02     1.93512e+02
    8.32425e-01     1.16932e+03     1.57944e+02     1.91466e+02
    8.36516e-01     1.16562e+03     1.57302e+02     1.90589e+02
    8.40610e-01     1.17165e+03     1.56918e+02     1.89458e+02
    8.44704e-01     1.16518e+03     1.55888e+02     1.88946e+02
    8.48790e-01     1.16207e+03     1.54320e+02     1.87544e+02
    8.52876e-01     1.16287e+03     1.54324e+02     1.86142e+02
    8.56967e-01     1.15972e+03     1.52217e+02     1.85354e+02
    8.61059e-01     1.15333e+03     1.51737e+02     1.84462e+02
    8.65147e-01     1.15437e+03     1.49749e+02     1.82737e+02
    8.69235e-01     1.14897e+03     1.48774e+02     1.82115e+02
    8.73334e-01     1.14842e+03     1.49267e+02     1.81042e+02
    8.77429e-01     1.14952e+03     1.47940e+02     1.79841e+02
    8.81512e-01     1.14779e+03     1.46619e+02     1.78518e+02
    8.85601e-01     1.14183e+03     1.44876e+02     1.77731e+02
    8.89691e-01     1.14022e+03     1.43900e+02     1.76839e+02
    8.93784e-01     1.13809e+03     1.43118e+02     1.75528e+02
    8.97875e-01     1.13787e+03     1.43058e+02     1.74720e+02
    9.01960e-01     1.13705e+03     1.41835e+02     1.73758e+02
    9.06054e-01     1.13422e+03     1.40743e+02     1.72864e+02
    9.10146e-01     1.13212e+03     1.39330e+02     1.71492e+02
    9.14237e-01     1.13129e+03     1.40148e+02     1.70801e+02
    9.18331e-01     1.12889e+03     1.39397e+02     1.70307e+02
    9.22421e-01     1.12597e+03     1.37958e+02     1.69253e+02
    9.26509e-01     1.12198e+03     1.35959e+02     1.68093e+02
    9.30598e-01     1.11817e+03     1.36352e+02     1.66866e+02
    9.34692e-01     1.12215e+03     1.35050e+02     1.66019e+02
    9.38787e-01     1.12012e+03     1.34919e+02     1.65960e+02
    9.42873e-01     1.11271e+03     1.32969e+02     1.64520e+02
    9.46961e-01     1.11291e+03     1.32179e+02     1.63531e+02
    9.51054e-01     1.10879e+03     1.31972e+02     1.63172e+02
    9.55150e-01     1.11059e+03     1.31129e+02     1.61703e+02
    9.59240e-01     1.10498e+03     1.29276e+02     1.60672e+02
    9.63327e-01     1.10316e+03     1.28751e+02     1.60090e+02
    9.67420e-01     1.10410e+03     1.29485e+02     1.59580e+02
    9.71506e-01     1.10226e+03     1.28813e+02     1.59063e+02
    9.75588e-01     1.09882e+03     1.27422e+02     1.57476e+02
    9.79678e-01     1.09818e+03     1.26657e+02     1.57005e+02
    9.83773e-01     1.09988e+03     1.26865e+02     1.56166e+02
    9.87866e-01     1.09608e+03     1.25085e+02     1.55059e+02
    9.91960e-01     1.09433e+03     1.24990e+02     1.54548e+02
    9.96055e-01     1.08905e+03     1.22947e+02     1.53398e+02
    1.00015e+00     1.08815e+03     1.22845e+02     1.52589e+02
    1.00424e+00     1.08382e+03     1.22192e+02     1.51986e+02
    1.00832e+00     1.08677e+03     1.22263e+02     1.51408e+02
    1.01242e+00     1.08454e+03     1.21663e+02     1.50690e+02
    1.01651e+00     1.08155e+03     1.20053e+02     1.49935e+02
    1.02059e+00     1.08107e+03     1.19186e+02     1.48288e+02
    1.02468e+00     1.07714e+03     1.18998e+02     1.48282e+02
    1.02878e+00     1.07589e+03     1.18316e+02     1.47329e+02
    1.03287e+00     1.07713e+03     1.18393e+02     1.46339e+02
    1.03695e+00     1.07240e+03     1.17079e+02     1.45942e+02
    1.04105e+00     1.07291e+03     1.17312e+02     1.45318e+02
    1.04515e+00     1.06918e+03     1.15748e+02     1.44186e+02
    1.04923e+00     1.06998e+03     1.15398e+02     1.43504e+02
    1.05332e+00     1.06570e+03     1.14758e+02     1.42880e+02
    1.05741e+00     1.06660e+03     1.14808e+02     1.42210e+02
    1.06150e+00     1.06334e+03     1.13434e+02     1.41332e+02
    1.06559e+00     1.06204e+03     1.13261e+02     1.41058e+02
    1.06968e+00     1.06004e+03     1.12486e+02     1.39919e+02
    1.07377e+00     1.05931e+03     1.11520e+02     1.39209e+02
    1.07786e+00     1.05750e+03     1.11657e+02     1.38987e+02
    1.08195e+00     1.05736e+03     1.10907e+02     1.37989e+02
    1.08605e+00     1.05291e+03     1.09402e+02     1.37206e+02
    1.09014e+00     1.05382e+03     1.08955e+02     1.36133e+02
    1.09422e+00     1.05129e+03     1.09060e+02     1.35673e+02
    1.09832e+00     1.04818e+03     1.08990e+02     1.35600e+02
    1.10242e+00     1.04538e+03     1.07667e+02     1.34345e+02
    1.10650e+00     1.04523e+03     1.06923e+02     1.33935e+02
    1.11059e+00     1.04305e+03     1.06570e+02     1.33078e+02
    1.11468e+00     1.03951e+03     1.06177e+02     1.32398e+02
    1.11878e+00     1.03782e+03     1.06118e+02     1.31976e+02
    1.12287e+00     1.03501e+03     1.04918e+02     1.31079e+02
    1.12695e+00     1.03885e+03     1.04584e+02     1.30361e+02
    1.13105e+00     1.03698e+03     1.03953e+02     1.29725e+02
    1.13514e+00     1.03363e+03     1.03622e+02     1.29582e+02
    1.13922e+00     1.03428e+03     1.03772e+02     1.28671e+02
    1.14331e+00     1.02884e+03     1.02472e+02     1.27884e+02
    1.14741e+00     1.02873e+03     1.02310e+02     1.27449e+02
    1.15150e+00     1.02898e+03     1.01810e+02     1.26691e+02
    1.15559e+00     1.02340e+03     1.00947e+02     1.26076e+02
    1.15968e+00     1.02685e+03     1.01175e+02     1.25734e+02
    1.16377e+00     1.02316e+03     1.00416e+02     1.25277e+02
    1.16786e+00     1.02310e+03     1.00304e+02     1.24587e+02
    1.17195e+00     1.02222e+03     9.97858e+01     1.23889e+02
    1.17604e+00     1.01783e+03     9.87342e+01     1.23159e+02
    1.18013e+00     1.01602e+03     9.88503e+01     1.22615e+02
    1.18422e+00     1.01480e+03     9.83206e+01     1.22324e+02
    1.18831e+00     1.01217e+03     9.77429e+01     1.21379e+02
    1.19240e+00     1.01120e+03     9.69164e+01     1.20615e+02
    1.19649e+00     1.01364e+03     9.70978e+01     1.20013e+02
    1.20059e+00     1.01038e+03     9.69959e+01     1.19743e+02
    1.20468e+00     1.00676e+03     9.56403e+01     1.18794e+02
    1.20877e+00     1.00588e+03     9.57621e+01     1.18490e+02
    1.21286e+00     1.00271e+03     9.49753e+01     1.17648e+02
    1.21695e+00     1.00409e+03     9.48318e+01     1.17436e+02
    1.22104e+00     1.00084e+03     9.44152e+01     1.16771e+02
    1.22513e+00     1.00149e+03     9.42258e+01     1.16277e+02
    1.22922e+00     9.99489e+02     9.34691e+01     1.15726e+02
    1.23330e+00     9.98938e+02     9.39402e+01     1.15208e+02
    1.23740e+00     9.98809e+02     9.32272e+01     1.14568e+02
    1.24149e+00     9.91689e+02     9.20964e+01     1.13990e+02
    1.24558e+00     9.93121e+02     9.17186e+01     1.13472e+02
    1.24967e+00     9.92615e+02     9.17842e+01     1.12865e+02
    1.25376e+00     9.91093e+02     9.13871e+01     1.12229e+02
    1.25785e+00     9.89343e+02     9.08905e+01     1.11931e+02
    1.26194e+00     9.87119e+02     9.08185e+01     1.11481e+02
    1.26603e+00     9.86057e+02     9.02064e+01     1.10878e+02
    1.27012e+00     9.86730e+02     9.00158e+01     1.10525e+02
    1.27422e+00     9.79513e+02     8.93789e+01     1.09884e+02
    1.27831e+00     9.80687e+02     8.88982e+01     1.09304e+02
    1.28240e+00     9.80970e+02     8.82902e+01     1.08717e+02
    1.28649e+00     9.79448e+02     8.81335e+01     1.08261e+02
    1.29058e+00     9.77671e+02     8.80201e+01     1.07798e+02
    1.29467e+00     9.75807e+02     8.76329e+01     1.07305e+02
    1.29876e+00     9.75092e+02     8.69727e+01     1.06698e+02
    1.30285e+00     9.72470e+02     8.70278e+01     1.06241e+02
    1.30694e+00     9.71183e+02     8.63481e+01     1.05704e+02
    1.31103e+00     9.69035e+02     8.62814e+01     1.05260e+02
    1.31512e+00     9.68877e+02     8.56097e+01     1.04822e+02
    1.31921e+00     9.68683e+02     8.54512e+01     1.04186e+02
    1.32331e+00     9.68286e+02     8.56873e+01     1.03839e+02
    1.32739e+00     9.67208e+02     8.45292e+01     1.03095e+02
    1.33148e+00     9.65426e+02     8.48316e+01     1.02944e+02
    1.33558e+00     9.62801e+02     8.43945e+01     1.02374e+02
    1.33967e+00     9.60307e+02     8.40676e+01     1.01987e+02
    1.34376e+00     9.59018e+02     8.38302e+01     1.01486e+02
    1.34785e+00     9.58975e+02     8.34929e+01     1.01198e+02
    1.35195e+00     9.57347e+02     8.35312e+01     1.00670e+02
    1.35603e+00     9.55760e+02     8.26775e+01     9.97195e+01
    1.36011e+00     9.52203e+02     8.22956e+01     9.96702e+01
    1.36421e+00     9.53895e+02     8.20672e+01     9.90331e+01
    1.36830e+00     9.53070e+02     8.18367e+01     9.86432e+01
    1.37239e+00     9.52026e+02     8.18397e+01     9.79515e+01
    1.37648e+00     9.50373e+02     8.12403e+01     9.76867e+01
    1.38057e+00     9.48097e+02     8.11205e+01     9.71805e+01
    1.38466e+00     9.43560e+02     8.03332e+01     9.67819e+01
    1.38875e+00     9.43283e+02     8.03061e+01     9.64270e+01
    1.39285e+00     9.42471e+02     7.97742e+01     9.60081e+01
    1.39694e+00     9.42009e+02     7.96335e+01     9.53768e+01
    1.40102e+00     9.40593e+02     7.89803e+01     9.48470e+01
    1.40512e+00     9.37923e+02     7.92004e+01     9.46906e+01
    1.40921e+00     9.37512e+02     7.87591e+01     9.41014e+01
    1.41330e+00     9.36389e+02     7.80926e+01     9.35387e+01
    1.41739e+00     9.35345e+02     7.80568e+01     9.32901e+01
    1.42148e+00     9.33112e+02     7.81266e+01     9.28070e+01
    1.42557e+00     9.33769e+02     7.82422e+01     9.23545e+01
    1.42966e+00     9.30531e+02     7.75929e+01     9.20328e+01
    1.43375e+00     9.29756e+02     7.73671e+01     9.17364e+01
    1.43784e+00     9.27415e+02     7.66171e+01     9.11589e+01
    1.44193e+00     9.28755e+02     7.70027e+01     9.07195e+01
    1.44602e+00     9.25372e+02     7.65283e+01     9.03870e+01
    1.45011e+00     9.26037e+02     7.63827e+01     9.00985e+01
    1.45420e+00     9.20819e+02     7.57584e+01     8.95731e+01
    1.45830e+00     9.20489e+02     7.55660e+01     8.92190e+01
    1.46239e+00     9.20226e+02     7.51798e+01     8.86540e+01
    1.46648e+00     9.20005e+02     7.53548e+01     8.81681e+01
    1.47056e+00     9.18307e+02     7.46299e+01     8.78055e+01
    1.47465e+00     9.14759e+02     7.43869e+01     8.74236e+01
    1.47874e+00     9.15816e+02     7.40042e+01     8.70701e+01
    1.48283e+00     9.15406e+02     7.42708e+01     8.67045e+01
    1.48693e+00     9.11782e+02     7.34628e+01     8.62258e+01
    1.49102e+00     9.11413e+02     7.32030e+01     8.58144e+01
    1.49511e+00     9.10374e+02     7.32680e+01     8.54364e+01
    1.49920e+00     9.09285e+02     7.31150e+01     8.52101e+01
    1.50329e+00     9.06552e+02     7.27437e+01     8.47400e+01
    1.50738e+00     9.05830e+02     7.27203e+01     8.45916e+01
    1.51148e+00     9.03841e+02     7.21310e+01     8.41216e+01
    1.51557e+00     9.02580e+02     7.16969e+01     8.34827e+01
    1.51965e+00     9.00963e+02     7.20612e+01     8.31568e+01
    1.52374e+00     8.99729e+02     7.16649e+01     8.28992e+01
    1.52784e+00     8.99081e+02     7.18176e+01     8.24628e+01
    1.53193e+00     8.98537e+02     7.09725e+01     8.20624e+01
    1.53602e+00     8.94701e+02     7.06140e+01     8.17353e+01
    1.54011e+00     8.96941e+02     7.09376e+01     8.12962e+01
    1.54420e+00     8.95301e+02     7.02846e+01     8.09277e+01
    1.54829e+00     8.93487e+02     7.04143e+01     8.05254e+01
    1.55238e+00     8.91019e+02     6.99784e+01     8.01918e+01
    1.55647e+00     8.89051e+02     6.97228e+01     7.98128e+01
    1.56056e+00     8.88031e+02     6.94483e+01     7.94504e+01
    1.56465e+00     8.87247e+02     6.91469e+01     7.92151e+01
    1.56874e+00     8.86757e+02     6.93487e+01     7.88037e+01
    1.57283e+00     8.84789e+02     6.89123e+01     7.83051e+01
    1.57693e+00     8.85973e+02     6.87521e+01     7.79485e+01
    1.58102e+00     8.83549e+02     6.85337e+01     7.76919e+01
    1.58510e+00     8.80856e+02     6.79349e+01     7.73721e+01
    1.58919e+00     8.78741e+02     6.79997e+01     7.70040e+01
    1.59329e+00     8.79370e+02     6.74932e+01     7.64395e+01
    1.59738e+00     8.78177e+02     6.74343e+01     7.62220e+01
    1.60147e+00     8.74902e+02     6.72255e+01     7.58541e+01
    1.60556e+00     8.74109e+02     6.68186e+01     7.54171e+01
    1.60965e+00     8.73103e+02     6.67132e+01     7.51423e+01
    1.61374e+00     8.72038e+02     6.65979e+01     7.49203e+01
    1.61783e+00     8.69321e+02     6.65297e+01     7.45524e+01
    1.62192e+00     8.68743e+02     6.64716e+01     7.41408e+01
    1.62601e+00     8.67038e+02     6.58693e+01     7.38168e+01
    1.63010e+00     8.67266e+02     6.57794e+01     7.33875e+01
    1.63419e+00     8.64040e+02     6.57338e+01     7.32515e+01
    1.63828e+00     8.63330e+02     6.54915e+01     7.28447e+01
    1.64238e+00     8.62913e+02     6.52175e+01     7.25193e+01
    1.64647e+00     8.60442e+02     6.48653e+01     7.20415e+01
    1.65055e+00     8.59781e+02     6.46101e+01     7.17025e+01
    1.65465e+00     8.57358e+02     6.43080e+01     7.15466e+01
    1.65874e+00     8.56642e+02     6.42465e+01     7.10800e+01
    1.66283e+00     8.55905e+02     6.39451e+01     7.08155e+01
    1.66691e+00     8.54988e+02     6.42529e+01     7.06505e+01
    1.67101e+00     8.53842e+02     6.38746e+01     7.00393e+01
    1.67510e+00     8.52633e+02     6.35779e+01     6.98085e+01
    1.67919e+00     8.51820e+02     6.35150e+01     6.95032e+01
    1.68328e+00     8.50112e+02     6.33218e+01     6.92339e+01
    1.68737e+00     8.49158e+02     6.31279e+01     6.89324e+01
    1.69146e+00     8.48069e+02     6.29542e+01     6.85511e+01
    1.69555e+00     8.45806e+02     6.28278e+01     6.83013e+01
    1.69964e+00     8.45499e+02     6.25950e+01     6.79469e+01
    1.70373e+00     8.43633e+02     6.22400e+01     6.75905e+01
    1.70782e+00     8.42298e+02     6.22391e+01     6.73579e+01
    1.71191e+00     8.40956e+02     6.20247e+01     6.69336e+01
    1.71600e+00     8.41085e+02     6.16378e+01     6.67381e+01
    1.72009e+00     8.38900e+02     6.15597e+01     6.63208e+01
    1.72418e+00     8.37771e+02     6.13823e+01     6.60832e+01
    1.72828e+00     8.34627e+02     6.12499e+01     6.57139e+01
    1.73237e+00     8.35805e+02     6.11379e+01     6.54430e+01
    1.73646e+00     8.33326e+02     6.08390e+01     6.52498e+01
    1.74055e+00     8.31708e+02     6.06609e+01     6.49006e+01
    1.74464e+00     8.31138e+02     6.05854e+01     6.45719e+01
    1.74874e+00     8.29331e+02     6.02659e+01     6.42438e+01
    1.75282e+00     8.27781e+02     6.02182e+01     6.40124e+01
    1.75691e+00     8.26470e+02     5.97329e+01     6.36034e+01
    1.76100e+00     8.27642e+02     6.01342e+01     6.34896e+01
    1.76509e+00     8.24349e+02     5.96776e+01     6.30190e+01
    1.76918e+00     8.23057e+02     5.93989e+01     6.28006e+01
    1.77327e+00     8.22283e+02     5.92578e+01     6.24438e+01
    1.77737e+00     8.21071e+02     5.94062e+01     6.22557e+01
    1.78146e+00     8.18963e+02     5.89132e+01     6.19974e+01
    1.78554e+00     8.17526e+02     5.88649e+01     6.16097e+01
    1.78964e+00     8.17051e+02     5.85829e+01     6.14739e+01
    1.79373e+00     8.16310e+02     5.84836e+01     6.10661e+01
    1.79782e+00     8.13952e+02     5.84894e+01     6.08338e+01
    1.80191e+00     8.13079e+02     5.80505e+01     6.04961e+01
    1.80600e+00     8.13220e+02     5.81351e+01     6.02380e+01
    1.81009e+00     8.10962e+02     5.76299e+01     5.99847e+01
    1.81418e+00     8.10313e+02     5.76800e+01     5.96875e+01
    1.81827e+00     8.09637e+02     5.76326e+01     5.94666e+01
    1.82236e+00     8.07390e+02     5.75808e+01     5.92753e+01
    1.82645e+00     8.05390e+02     5.74218e+01     5.89897e+01
    1.83054e+00     8.05260e+02     5.70044e+01     5.86363e+01
    1.83463e+00     8.05427e+02     5.70551e+01     5.83123e+01
    1.83872e+00     8.01338e+02     5.66161e+01     5.81075e+01
    1.84281e+00     8.00372e+02     5.62937e+01     5.77436e+01
    1.84691e+00     7.99904e+02     5.66197e+01     5.76022e+01
    1.85100e+00     7.98842e+02     5.61602e+01     5.72878e+01
    1.85509e+00     7.96900e+02     5.60750e+01     5.70216e+01
    1.85918e+00     7.96021e+02     5.61928e+01     5.67707e+01
    1.86327e+00     7.95121e+02     5.57560e+01     5.64481e+01
    1.86736e+00     7.94083e+02     5.54447e+01     5.62341e+01
    1.87145e+00     7.92815e+02     5.53102e+01     5.58633e+01
    1.87554e+00     7.90382e+02     5.51407e+01     5.56322e+01
    1.87963e+00     7.90954e+02     5.50581e+01     5.53859e+01
    1.88372e+00     7.88636e+02     5.49109e+01     5.51150e+01
    1.88781e+00     7.88179e+02     5.48260e+01     5.50230e+01
    1.89190e+00     7.85876e+02     5.46476e+01     5.46819e+01
    1.89599e+00     7.84938e+02     5.41387e+01     5.44400e+01
    1.90008e+00     7.84031e+02     5.41713e+01     5.41650e+01
    1.90417e+00     7.82919e+02     5.43923e+01     5.39710e+01
    1.90827e+00     7.80696e+02     5.39649e+01     5.36028e+01
    1.91236e+00     7.79869e+02     5.38631e+01     5.34480e+01
    1.91645e+00     7.78933e+02     5.39590e+01     5.31514e+01
    1.92054e+00     7.78703e+02     5.39772e+01     5.29973e+01
    1.92463e+00     7.77081e+02     5.35355e+01     5.27354e+01
    1.92872e+00     7.76422e+02     5.32868e+01     5.23716e+01
    1.93281e+00     7.74257e+02     5.31576e+01     5.21656e+01
    1.93690e+00     7.73047e+02     5.31276e+01     5.20448e+01
    1.94099e+00     7.71935e+02     5.30496e+01     5.17328e+01
    1.94508e+00     7.70805e+02     5.28469e+01     5.15496e+01
    1.94917e+00     7.69735e+02     5.27396e+01     5.12528e+01
    1.95326e+00     7.68168e+02     5.24773e+01     5.10553e+01
    1.95735e+00     7.66594e+02     5.23263e+01     5.07342e+01
    1.96144e+00     7.63802e+02     5.21480e+01     5.05489e+01
    1.96553e+00     7.63397e+02     5.19894e+01     5.02044e+01
    1.96962e+00     7.63393e+02     5.19608e+01     5.00562e+01
    1.97371e+00     7.61560e+02     5.18485e+01     4.98555e+01
    1.97781e+00     7.60190e+02     5.16740e+01     4.96373e+01
    1.98190e+00     7.58531e+02     5.14185e+01     4.93121e+01
    1.98599e+00     7.58458e+02     5.12598e+01     4.91159e+01
    1.99008e+00     7.57449e+02     5.12985e+01     4.88887e+01
    1.99417e+00     7.54738e+02     5.09839e+01     4.86882e+01
    1.99826e+00     7.53726e+02     5.09009e+01     4.84684e+01
    2.00235e+00     7.53537e+02     5.08454e+01     4.82316e+01
    2.00644e+00     7.51984e+02     5.06770e+01     4.79585e+01
    2.01053e+00     7.50650e+02     5.02308e+01     4.77749e+01
    2.01462e+00     7.49315e+02     5.03475e+01     4.75515e+01
    2.01871e+00     7.47807e+02     5.01006e+01     4.72438e+01
    2.02280e+00     7.46935e+02     5.01275e+01     4.71285e+01
    2.02689e+00     7.46175e+02     5.01295e+01     4.69357e+01
    2.03098e+00     7.45424e+02     4.98346e+01     4.66691e+01
    2.03507e+00     7.43485e+02     4.95428e+01     4.64273e+01
    2.03917e+00     7.42491e+02     4.95036e+01     4.62194e+01
    2.04325e+00     7.41194e+02     4.93605e+01     4.59928e+01
    2.04735e+00     7.40460e+02     4.91618e+01     4.57430e+01
    2.05143e+00     7.38279e+02     4.89628e+01     4.55787e+01
    2.05552e+00     7.37034e+02     4.91154e+01     4.53821e+01
    2.05962e+00     7.35528e+02     4.88145e+01     4.51759e+01
    2.06371e+00     7.35051e+02     4.87694e+01     4.49635e+01
    2.06780e+00     7.33373e+02     4.85330e+01     4.47145e+01
    2.07189e+00     7.32588e+02     4.84333e+01     4.44965e+01
    2.07598e+00     7.30761e+02     4.81786e+01     4.42591e+01
    2.08007e+00     7.28798e+02     4.80382e+01     4.40507e+01
    2.08416e+00     7.28518e+02     4.78961e+01     4.39382e+01
    2.08825e+00     7.28455e+02     4.83030e+01     4.37519e+01
    2.09234e+00     7.26205e+02     4.78076e+01     4.34008e+01
    2.09644e+00     7.25398e+02     4.76465e+01     4.33231e+01
    2.10053e+00     7.23966e+02     4.75254e+01     4.30969e+01
    2.10461e+00     7.22522e+02     4.73988e+01     4.28249e+01
    2.10870e+00     7.22205e+02     4.72982e+01     4.26852e+01
    2.11280e+00     7.21891e+02     4.71714e+01     4.24634e+01
    2.11688e+00     7.19194e+02     4.70103e+01     4.22625e+01
    2.12098e+00     7.18605e+02     4.69063e+01     4.20503e+01
    2.12507e+00     7.16637e+02     4.65964e+01     4.18667e+01
    2.12916e+00     7.16328e+02     4.66629e+01     4.16306e+01
    2.13325e+00     7.14212e+02     4.64440e+01     4.13967e+01
    2.13734e+00     7.13906e+02     4.63464e+01     4.12463e+01
    2.14143e+00     7.12166e+02     4.62507e+01     4.10647e+01
    2.14552e+00     7.09536e+02     4.61193e+01     4.08672e+01
    2.14961e+00     7.10423e+02     4.61485e+01     4.06950e+01
    2.15370e+00     7.07655e+02     4.60128e+01     4.05363e+01
    2.15779e+00     7.07117e+02     4.58417e+01     4.03365e+01
    2.16188e+00     7.06325e+02     4.56978e+01     4.01337e+01
    2.16597e+00     7.05192e+02     4.56766e+01     3.99148e+01
    2.17006e+00     7.03345e+02     4.52848e+01     3.96857e+01
    2.17416e+00     7.01056e+02     4.51041e+01     3.95173e+01
    2.17825e+00     7.00859e+02     4.52102e+01     3.93650e+01
    2.18234e+00     7.00230e+02     4.49868e+01     3.91623e+01
    2.18643e+00     6.99934e+02     4.51042e+01     3.89924e+01
    2.19052e+00     6.97831e+02     4.49342e+01     3.88008e+01
    2.19461e+00     6.96712e+02     4.45533e+01     3.85699e+01
    2.19870e+00     6.95488e+02     4.45733e+01     3.84129e+01
    2.20279e+00     6.94001e+02     4.44826e+01     3.82482e+01
    2.20688e+00     6.92468e+02     4.44032e+01     3.80323e+01
    2.21097e+00     6.93197e+02     4.44188e+01     3.78697e+01
    2.21506e+00     6.90419e+02     4.41815e+01     3.76916e+01
    2.21915e+00     6.89729e+02     4.40973e+01     3.75584e+01
    2.22324e+00     6.86926e+02     4.36786e+01     3.72813e+01
    2.22733e+00     6.88106e+02     4.39749e+01     3.72055e+01
    2.23142e+00     6.85370e+02     4.36197e+01     3.70161e+01
    2.23552e+00     6.84612e+02     4.34258e+01     3.68111e+01
    2.23961e+00     6.83665e+02     4.33808e+01     3.66544e+01
    2.24369e+00     6.82520e+02     4.32184e+01     3.64355e+01
    2.24779e+00     6.80865e+02     4.31917e+01     3.62462e+01
    2.25188e+00     6.79648e+02     4.30740e+01     3.61317e+01
    2.25597e+00     6.78814e+02     4.29096e+01     3.59359e+01
    2.26006e+00     6.77998e+02     4.29218e+01     3.57816e+01
    2.26415e+00     6.75899e+02     4.24205e+01     3.55646e+01
    2.26824e+00     6.74796e+02     4.26501e+01     3.54117e+01
    2.27233e+00     6.73525e+02     4.25027e+01     3.52755e+01
    2.27642e+00     6.72451e+02     4.23504e+01     3.50759e+01
    2.28051e+00     6.71166e+02     4.23044e+01     3.48427e+01
    2.28460e+00     6.69491e+02     4.20576e+01     3.47219e+01
    2.28869e+00     6.69066e+02     4.20027e+01     3.45443e+01
    2.29278e+00     6.68369e+02     4.18650e+01     3.43911e+01
    2.29687e+00     6.67111e+02     4.19060e+01     3.42576e+01
    2.30096e+00     6.65245e+02     4.16473e+01     3.40744e+01
    2.30506e+00     6.64205e+02     4.16643e+01     3.39371e+01
    2.30915e+00     6.63551e+02     4.13754e+01     3.37532e+01
    2.31324e+00     6.62160e+02     4.13252e+01     3.35566e+01
    2.31733e+00     6.60217e+02     4.11472e+01     3.34519e+01
    2.32142e+00     6.60055e+02     4.11183e+01     3.32487e+01
    2.32551e+00     6.58295e+02     4.10098e+01     3.30482e+01
    2.32960e+00     6.56758e+02     4.08348e+01     3.29517e+01
    2.33369e+00     6.55502e+02     4.06878e+01     3.27704e+01
    2.33778e+00     6.54979e+02     4.06732e+01     3.26819e+01
    2.34187e+00     6.53759e+02     4.05610e+01     3.24841e+01
    2.34596e+00     6.53028e+02     4.04287e+01     3.23111e+01
    2.35005e+00     6.51269e+02     4.04447e+01     3.21570e+01
    2.35414e+00     6.50059e+02     4.01930e+01     3.19821e+01
    2.35823e+00     6.49697e+02     4.01735e+01     3.18215e+01
    2.36232e+00     6.48076e+02     4.00557e+01     3.16754e+01
    2.36641e+00     6.47091e+02     3.99141e+01     3.15267e+01
    2.37051e+00     6.45669e+02     3.97672e+01     3.13738e+01
    2.37460e+00     6.44224e+02     3.97833e+01     3.12978e+01
    2.37869e+00     6.43980e+02     3.95325e+01     3.10631e+01
    2.38278e+00     6.42592e+02     3.94762e+01     3.09323e+01
    2.38687e+00     6.41696e+02     3.93670e+01     3.07841e+01
    2.39096e+00     6.40378e+02     3.91850e+01     3.06276e+01
    2.39505e+00     6.39280e+02     3.91951e+01     3.04985e+01
    2.39914e+00     6.37812e+02     3.90786e+01     3.03681e+01
    2.40323e+00     6.36083e+02     3.89342e+01     3.01780e+01
    2.40732e+00     6.35134e+02     3.87578e+01     3.00464e+01
    2.41141e+00     6.34060e+02     3.86744e+01     2.98681e+01
    2.41550e+00     6.33251e+02     3.85872e+01     2.97257e+01
    2.41959e+00     6.32367e+02     3.84956e+01     2.95958e+01
    2.42368e+00     6.30820e+02     3.83213e+01     2.94055e+01
    2.42777e+00     6.29636e+02     3.84605e+01     2.93519e+01
    2.43187e+00     6.28653e+02     3.82171e+01     2.91629e+01
    2.43596e+00     6.26559e+02     3.80954e+01     2.90321e+01
    2.44004e+00     6.26397e+02     3.79886e+01     2.88959e+01
    2.44414e+00     6.24759e+02     3.78742e+01     2.87629e+01
    2.44823e+00     6.24392e+02     3.79979e+01     2.86491e+01
    2.45232e+00     6.23075e+02     3.76783e+01     2.84579e+01
    2.45640e+00     6.21906e+02     3.77225e+01     2.83134e+01
    2.46050e+00     6.20838e+02     3.74956e+01     2.81654e+01
    2.46459e+00     6.18818e+02     3.73578e+01     2.80525e+01
    2.46868e+00     6.18177e+02     3.72730e+01     2.79035e+01
    2.47277e+00     6.16251e+02     3.72335e+01     2.78092e+01
    2.47686e+00     6.16083e+02     3.71595e+01     2.76639e+01
    2.48095e+00     6.14688e+02     3.70129e+01     2.75348e+01
    2.48504e+00     6.13540e+02     3.68197e+01     2.73484e+01
    2.48913e+00     6.12513e+02     3.67694e+01     2.72299e+01
    2.49322e+00     6.10746e+02     3.66858e+01     2.70905e+01
    2.49731e+00     6.10255e+02     3.65572e+01     2.69568e+01
    2.50141e+00     6.09900e+02     3.64493e+01     2.68129e+01
    2.50550e+00     6.07587e+02     3.65215e+01     2.67440e+01
    2.50959e+00     6.06834e+02     3.61763e+01     2.65573e+01
    2.51368e+00     6.05482e+02     3.61950e+01     2.64729e+01
    2.51777e+00     6.04171e+02     3.60127e+01     2.62982e+01
    2.52186e+00     6.03200e+02     3.59727e+01     2.62106e+01
    2.52595e+00     6.02162e+02     3.58702e+01     2.60686e+01
    2.53004e+00     6.01263e+02     3.58026e+01     2.59602e+01
    2.53413e+00     5.98815e+02     3.56863e+01     2.58038e+01
    2.53822e+00     5.98490e+02     3.55189e+01     2.56620e+01
    2.54231e+00     5.97347e+02     3.54089e+01     2.55386e+01
    2.54640e+00     5.97100e+02     3.53916e+01     2.54073e+01
    2.55049e+00     5.94898e+02     3.52860e+01     2.53484e+01
    2.55458e+00     5.94196e+02     3.51274e+01     2.51537e+01
    2.55867e+00     5.92670e+02     3.50734e+01     2.50438e+01
    2.56276e+00     5.92383e+02     3.51158e+01     2.49310e+01
    2.56685e+00     5.91433e+02     3.48778e+01     2.47717e+01
    2.57095e+00     5.90209e+02     3.48112e+01     2.46818e+01
    2.57504e+00     5.89010e+02     3.47391e+01     2.45671e+01
    2.57913e+00     5.87709e+02     3.46092e+01     2.44590e+01
    2.58322e+00     5.86557e+02     3.44070e+01     2.42998e+01
    2.58731e+00     5.85368e+02     3.44591e+01     2.42173e+01
    2.59140e+00     5.84654e+02     3.44043e+01     2.41185e+01
    2.59549e+00     5.82832e+02     3.41426e+01     2.39863e+01
    2.59958e+00     5.82471e+02     3.41322e+01     2.38440e+01
    2.60367e+00     5.80828e+02     3.40464e+01     2.37377e+01
    2.60776e+00     5.79614e+02     3.39728e+01     2.36452e+01
    2.61185e+00     5.79537e+02     3.38698e+01     2.35081e+01
    2.61594e+00     5.77943e+02     3.38083e+01     2.33835e+01
    2.62003e+00     5.77057e+02     3.36517e+01     2.32808e+01
    2.62412e+00     5.74814e+02     3.35263e+01     2.31714e+01
    2.62821e+00     5.74851e+02     3.34655e+01     2.30548e+01
    2.63230e+00     5.73369e+02     3.33879e+01     2.29516e+01
    2.63640e+00     5.72406e+02     3.32952e+01     2.28008e+01
    2.64049e+00     5.70798e+02     3.31313e+01     2.26808e+01
    2.64457e+00     5.69356e+02     3.31220e+01     2.25673e+01
    2.64867e+00     5.69358e+02     3.30145e+01     2.24736e+01
    2.65276e+00     5.67739e+02     3.28776e+01     2.23626e+01
    2.65685e+00     5.66339e+02     3.29072e+01     2.22671e+01
    2.66094e+00     5.65368e+02     3.26505e+01     2.21250e+01
    2.66503e+00     5.64368e+02     3.25717e+01     2.20299e+01
    2.66912e+00     5.62864e+02     3.24806e+01     2.19305e+01
    2.67321e+00     5.61919e+02     3.23400e+01     2.18136e+01
    2.67730e+00     5.61112e+02     3.22837e+01     2.17018e+01
    2.68139e+00     5.60053e+02     3.22318e+01     2.16053e+01
    2.68548e+00     5.59168e+02     3.21856e+01     2.14862e+01
    2.68957e+00     5.57470e+02     3.20547e+01     2.13513e+01
    2.69366e+00     5.56830e+02     3.20008e+01     2.12738e+01
    2.69776e+00     5.56061e+02     3.19206e+01     2.11716e+01
    2.70185e+00     5.54740e+02     3.17606e+01     2.10611e+01
    2.70594e+00     5.53741e+02     3.17200e+01     2.09811e+01
    2.71003e+00     5.51956e+02     3.15744e+01     2.08549e+01
    2.71412e+00     5.51657e+02     3.15396e+01     2.07395e+01
    2.71821e+00     5.50320e+02     3.13036e+01     2.06429e+01
    2.72230e+00     5.49592e+02     3.14144e+01     2.05720e+01
    2.72639e+00     5.48311e+02     3.12319e+01     2.04296e+01
    2.73048e+00     5.46720e+02     3.11310e+01     2.03264e+01
    2.73457e+00     5.46092e+02     3.10683e+01     2.02459e+01
    2.73866e+00     5.44913e+02     3.09961e+01     2.01397e+01
    2.74275e+00     5.44038e+02     3.08870e+01     2.00403e+01
    2.74684e+00     5.42754e+02     3.08455e+01     1.99513e+01
    2.75093e+00     5.41681e+02     3.06702e+01     1.98307e+01
    2.75502e+00     5.41115e+02     3.06536e+01     1.97258e+01
    2.75911e+00     5.40033e+02     3.05982e+01     1.96433e+01
    2.76320e+00     5.39266e+02     3.05485e+01     1.95465e+01
    2.76730e+00     5.37262e+02     3.03458e+01     1.94533e+01
    2.77139e+00     5.36804e+02     3.03171e+01     1.93525e+01
    2.77548e+00     5.34785e+02     3.01344e+01     1.92447e+01
    2.77957e+00     5.34367e+02     3.01546e+01     1.91495e+01
    2.78366e+00     5.33602e+02     3.00470e+01     1.90532e+01
    2.78775e+00     5.32183e+02     2.99010e+01     1.89527e+01
    2.79184e+00     5.30875e+02     2.98315e+01     1.88613e+01
    2.79593e+00     5.29475e+02     2.97253e+01     1.87661e+01
    2.80002e+00     5.28998e+02     2.97130e+01     1.86958e+01
    2.80411e+00     5.28344e+02     2.96477e+01     1.85907e+01
    2.80820e+00     5.27105e+02     2.95190e+01     1.84878e+01
    2.81229e+00     5.25762e+02     2.94876e+01     1.83863e+01
    2.81638e+00     5.24652e+02     2.93240e+01     1.82985e+01
    2.82047e+00     5.24484e+02     2.93219e+01     1.82112e+01
    2.82457e+00     5.22854e+02     2.91802e+01     1.81048e+01
    2.82866e+00     5.22036e+02     2.91121e+01     1.80376e+01
    2.83275e+00     5.20955e+02     2.89754e+01     1.79353e+01
    2.83684e+00     5.19455e+02     2.89171e+01     1.78532e+01
    2.84093e+00     5.18485e+02     2.88018e+01     1.77623e+01
    2.84502e+00     5.17384e+02     2.87311e+01     1.76718e+01
    2.84911e+00     5.16468e+02     2.86409e+01     1.75793e+01
    2.85320e+00     5.15343e+02     2.86255e+01     1.74949e+01
    2.85729e+00     5.14260e+02     2.85148e+01     1.74069e+01
    2.86138e+00     5.13217e+02     2.84311e+01     1.73262e+01
    2.86547e+00     5.12568e+02     2.83447e+01     1.72322e+01
    2.86956e+00     5.11118e+02     2.82046e+01     1.71345e+01
    2.87365e+00     5.10372e+02     2.82019e+01     1.70621e+01
    2.87774e+00     5.08883e+02     2.80667e+01     1.69703e+01
    2.88183e+00     5.07626e+02     2.79448e+01     1.68833e+01
    2.88592e+00     5.07501e+02     2.79683e+01     1.67978e+01
    2.89001e+00     5.06161e+02     2.78277e+01     1.67091e+01
    2.89410e+00     5.05173e+02     2.77513e+01     1.66242e+01
    2.89820e+00     5.03860e+02     2.76974e+01     1.65580e+01
    2.90229e+00     5.03490e+02     2.75842e+01     1.64611e+01
    2.90638e+00     5.02384e+02     2.75469e+01     1.63784e+01
    2.91047e+00     5.01158e+02     2.74325e+01     1.62918e+01
    2.91456e+00     5.00511e+02     2.73768e+01     1.61914e+01
    2.91865e+00     4.98988e+02     2.72133e+01     1.61253e+01
    2.92274e+00     4.98258e+02     2.71773e+01     1.60446e+01
    2.92683e+00     4.97420e+02     2.70934e+01     1.59559e+01
    2.93092e+00     4.96173e+02     2.70296e+01     1.58987e+01
    2.93501e+00     4.94731e+02     2.69819e+01     1.58060e+01
    2.93910e+00     4.93872e+02     2.68681e+01     1.57190e+01
    2.94319e+00     4.92406e+02     2.67274e+01     1.56531e+01
    2.94728e+00     4.91833e+02     2.66740e+01     1.55728e+01
    2.95137e+00     4.90618e+02     2.66355e+01     1.54734e+01
    2.95546e+00     4.89573e+02     2.64995e+01     1.53974e+01
    2.95955e+00     4.88684e+02     2.64020e+01     1.53170e+01
    2.96364e+00     4.87794e+02     2.63697e+01     1.52436e+01
    2.96774e+00     4.87044e+02     2.62907e+01     1.51743e+01
    2.97183e+00     4.86425e+02     2.62785e+01     1.51066e+01
    2.97592e+00     4.84523e+02     2.61031e+01     1.50211e+01
    2.98001e+00     4.83275e+02     2.60496e+01     1.49348e+01
    2.98410e+00     4.82666e+02     2.59879e+01     1.48680e+01
    2.98819e+00     4.81291e+02     2.59057e+01     1.47871e+01
    2.99228e+00     4.80713e+02     2.58299e+01     1.47108e+01
    2.99637e+00     4.79816e+02     2.57240e+01     1.46442e+01
    3.00046e+00     4.78844e+02     2.56830e+01     1.45765e+01
    3.00455e+00     4.78182e+02     2.56519e+01     1.45088e+01
    3.00864e+00     4.76806e+02     2.54796e+01     1.44246e+01
    3.01273e+00     4.75921e+02     2.54616e+01     1.43465e+01
    3.01682e+00     4.75601e+02     2.54385e+01     1.42806e+01
    3.02091e+00     4.74277e+02     2.52507e+01     1.41801e+01
    3.02500e+00     4.73051e+02     2.52463e+01     1.41209e+01
    3.02910e+00     4.71701e+02     2.51203e+01     1.40613e+01
    3.03319e+00     4.70985e+02     2.50986e+01     1.39652e+01
    3.03728e+00     4.69718e+02     2.49788e+01     1.39227e+01
    3.04137e+00     4.69219e+02     2.49462e+01     1.38466e+01
    3.04546e+00     4.68135e+02     2.48324e+01     1.37731e+01
    3.04955e+00     4.67177e+02     2.47560e+01     1.36864e+01
    3.05364e+00     4.66164e+02     2.46969e+01     1.36323e+01
    3.05773e+00     4.65290e+02     2.45903e+01     1.35548e+01
    3.06182e+00     4.63847e+02     2.45261e+01     1.34941e+01
    3.06591e+00     4.63166e+02     2.44741e+01     1.34330e+01
    3.07000e+00     4.62231e+02     2.43370e+01     1.33463e+01
    3.07409e+00     4.61430e+02     2.43495e+01     1.32863e+01
    3.07818e+00     4.60583e+02     2.42515e+01     1.32017e+01
    3.08227e+00     4.59581e+02     2.41905e+01     1.31578e+01
    3.08636e+00     4.58697e+02     2.41153e+01     1.30932e+01
    3.09045e+00     4.58080e+02     2.40572e+01     1.30132e+01
    3.09454e+00     4.56274e+02     2.39421e+01     1.29456e+01
    3.09863e+00     4.55939e+02     2.39060e+01     1.28762e+01
    3.10272e+00     4.54347e+02     2.38298e+01     1.28171e+01
    3.10682e+00     4.53516e+02     2.37347e+01     1.27452e+01
    3.11091e+00     4.52841e+02     2.36558e+01     1.26819e+01
    3.11500e+00     4.52126e+02     2.35943e+01     1.26240e+01
    3.11909e+00     4.50835e+02     2.35093e+01     1.25609e+01
    3.12318e+00     4.50319e+02     2.34743e+01     1.24884e+01
    3.12727e+00     4.49056e+02     2.33722e+01     1.24309e+01
    3.13136e+00     4.48098e+02     2.32909e+01     1.23582e+01
    3.13545e+00     4.47331e+02     2.32641e+01     1.23013e+01
    3.13954e+00     4.46526e+02     2.31719e+01     1.22395e+01
    3.14363e+00     4.45243e+02     2.30794e+01     1.21808e+01
    3.14772e+00     4.44249e+02     2.29961e+01     1.21090e+01
    3.15181e+00     4.43168e+02     2.29234e+01     1.20505e+01
    3.15590e+00     4.42495e+02     2.28622e+01     1.19837e+01
    3.16000e+00     4.41656e+02     2.27984e+01     1.19090e+01
    3.16409e+00     4.40804e+02     2.27512e+01     1.18646e+01
    3.16818e+00     4.39552e+02     2.26531e+01     1.18081e+01
    3.17227e+00     4.38764e+02     2.25729e+01     1.17377e+01
    3.17636e+00     4.38208e+02     2.25369e+01     1.16888e+01
    3.18045e+00     4.37085e+02     2.24810e+01     1.16221e+01
    3.18454e+00     4.36073e+02     2.24212e+01     1.15726e+01
    3.18863e+00     4.35142e+02     2.23130e+01     1.15062e+01
    3.19272e+00     4.34423e+02     2.22417e+01     1.14399e+01
    3.19681e+00     4.33231e+02     2.21992e+01     1.13955e+01
    3.20090e+00     4.31939e+02     2.20916e+01     1.13348e+01
    3.20499e+00     4.31303e+02     2.20608e+01     1.12744e+01
    3.20908e+00     4.30702e+02     2.19586e+01     1.12159e+01
    3.21317e+00     4.29527e+02     2.19065e+01     1.11569e+01
    3.21726e+00     4.28560e+02     2.18704e+01     1.10978e+01
    3.22135e+00     4.27485e+02     2.17506e+01     1.10372e+01
    3.22545e+00     4.27019e+02     2.17168e+01     1.09910e+01
    3.22954e+00     4.25933e+02     2.16581e+01     1.09256e+01
    3.23363e+00     4.24992e+02     2.16031e+01     1.08735e+01
    3.23772e+00     4.24132e+02     2.15135e+01     1.08211e+01
    3.24181e+00     4.23478e+02     2.14830e+01     1.07717e+01
    3.24590e+00     4.22333e+02     2.13555e+01     1.07054e+01
    3.24999e+00     4.21491e+02     2.13174e+01     1.06504e+01
    3.25408e+00     4.20464e+02     2.12303e+01     1.06033e+01
    3.25817e+00     4.19707e+02     2.11792e+01     1.05500e+01
    3.26226e+00     4.19053e+02     2.11367e+01     1.04863e+01
    3.26635e+00     4.18090e+02     2.10377e+01     1.04366e+01
    3.27044e+00     4.16739e+02     2.09742e+01     1.03806e+01
    3.27453e+00     4.16301e+02     2.09549e+01     1.03384e+01
    3.27862e+00     4.15190e+02     2.08511e+01     1.02713e+01
    3.28271e+00     4.14563e+02     2.07708e+01     1.02158e+01
    3.28681e+00     4.13844e+02     2.07434e+01     1.01703e+01
    3.29090e+00     4.12669e+02     2.06547e+01     1.01166e+01
    3.29499e+00     4.11726e+02     2.05819e+01     1.00633e+01
    3.29908e+00     4.11002e+02     2.05344e+01     1.00102e+01
    3.30317e+00     4.09973e+02     2.04540e+01     9.96237e+00
    3.30725e+00     4.09100e+02     2.03841e+01     9.90911e+00
    3.31135e+00     4.08589e+02     2.03710e+01     9.86237e+00
    3.31544e+00     4.07628e+02     2.02733e+01     9.80668e+00
    3.31953e+00     4.06616e+02     2.01937e+01     9.75860e+00
    3.32362e+00     4.05941e+02     2.01547e+01     9.71585e+00
    3.32771e+00     4.05127e+02     2.01347e+01     9.66470e+00
    3.33180e+00     4.04110e+02     1.99931e+01     9.60405e+00
    3.33589e+00     4.03145e+02     1.99499e+01     9.56549e+00
    3.33998e+00     4.02362e+02     1.98863e+01     9.50994e+00
    3.34407e+00     4.01674e+02     1.98487e+01     9.45761e+00
    3.34816e+00     4.00551e+02     1.97510e+01     9.41702e+00
    3.35226e+00     3.99468e+02     1.96930e+01     9.36837e+00
    3.35634e+00     3.99110e+02     1.96600e+01     9.32160e+00
    3.36043e+00     3.98085e+02     1.95868e+01     9.27199e+00
    3.36453e+00     3.97307e+02     1.95219e+01     9.22139e+00
    3.36862e+00     3.96021e+02     1.94290e+01     9.17530e+00
    3.37271e+00     3.95525e+02     1.93863e+01     9.12395e+00
    3.37680e+00     3.94613e+02     1.93188e+01     9.08094e+00
    3.38089e+00     3.94048e+02     1.93170e+01     9.03926e+00
    3.38498e+00     3.92881e+02     1.91997e+01     8.99040e+00
    3.38907e+00     3.92378e+02     1.91620e+01     8.94090e+00
    3.39316e+00     3.91455e+02     1.90960e+01     8.89769e+00
    3.39725e+00     3.90528e+02     1.90354e+01     8.86003e+00
    3.40134e+00     3.90163e+02     1.90020e+01     8.80990e+00
    3.40543e+00     3.89181e+02     1.88948e+01     8.76395e+00
    3.40952e+00     3.88213e+02     1.88704e+01     8.71209e+00
    3.41362e+00     3.87098e+02     1.87886e+01     8.67138e+00
    3.41770e+00     3.86482e+02     1.87499e+01     8.62882e+00
    3.42179e+00     3.85940e+02     1.86978e+01     8.58728e+00
    3.42588e+00     3.84969e+02     1.86329e+01     8.54272e+00
    3.42997e+00     3.83649e+02     1.85652e+01     8.50208e+00
    3.43406e+00     3.83257e+02     1.85218e+01     8.45133e+00
    3.43816e+00     3.82537e+02     1.84707e+01     8.40534e+00
    3.44225e+00     3.81684e+02     1.84061e+01     8.36034e+00
    3.44634e+00     3.80964e+02     1.83345e+01     8.32426e+00
    3.45043e+00     3.79943e+02     1.82535e+01     8.28415e+00
    3.45452e+00     3.79080e+02     1.82235e+01     8.23484e+00
    3.45861e+00     3.78606e+02     1.81634e+01     8.19680e+00
    3.46270e+00     3.77495e+02     1.81004e+01     8.15052e+00
    3.46679e+00     3.76692e+02     1.80292e+01     8.11858e+00
    3.47088e+00     3.75884e+02     1.80077e+01     8.06808e+00
    3.47497e+00     3.75350e+02     1.79392e+01     8.02720e+00
    3.47906e+00     3.74006e+02     1.78544e+01     7.99031e+00
    3.48315e+00     3.73466e+02     1.78368e+01     7.94292e+00
    3.48725e+00     3.72817e+02     1.77752e+01     7.91087e+00
    3.49134e+00     3.72169e+02     1.77430e+01     7.86409e+00
    3.49543e+00     3.71034e+02     1.76155e+01     7.82306e+00
    3.49952e+00     3.70634e+02     1.76190e+01     7.79105e+00
    3.50361e+00     3.69678e+02     1.75286e+01     7.75098e+00
    3.50770e+00     3.68844e+02     1.74735e+01     7.70982e+00
    3.51179e+00     3.68084e+02     1.74280e+01     7.66698e+00
    3.51588e+00     3.67197e+02     1.73972e+01     7.63349e+00
    3.51997e+00     3.66590e+02     1.73211e+01     7.58969e+00
    3.52406e+00     3.65820e+02     1.72993e+01     7.55407e+00
    3.52815e+00     3.64992e+02     1.72107e+01     7.51559e+00
    3.53224e+00     3.64206e+02     1.71604e+01     7.47051e+00
    3.53633e+00     3.63364e+02     1.71223e+01     7.44617e+00
    3.54042e+00     3.62398e+02     1.70301e+01     7.40016e+00
    3.54451e+00     3.61531e+02     1.69933e+01     7.36511e+00
    3.54860e+00     3.61468e+02     1.69757e+01     7.32564e+00
    3.55270e+00     3.60482e+02     1.68973e+01     7.29071e+00
    3.55679e+00     3.59708e+02     1.68423e+01     7.24936e+00
    3.56088e+00     3.59068e+02     1.67767e+01     7.21113e+00
    3.56497e+00     3.58155e+02     1.67397e+01     7.17953e+00
    3.56906e+00     3.57388e+02     1.66824e+01     7.14707e+00
    3.57315e+00     3.56464e+02     1.66285e+01     7.10766e+00
    3.57724e+00     3.56242e+02     1.65904e+01     7.07298e+00
    3.58133e+00     3.55112e+02     1.65282e+01     7.03360e+00
    3.58542e+00     3.54380e+02     1.64929e+01     7.00286e+00
    3.58951e+00     3.53657e+02     1.64467e+01     6.96795e+00
    3.59360e+00     3.52945e+02     1.63754e+01     6.93044e+00
    3.59769e+00     3.52184e+02     1.63200e+01     6.89154e+00
    3.60178e+00     3.51689e+02     1.62855e+01     6.86734e+00
    3.60587e+00     3.50617e+02     1.62309e+01     6.82657e+00
    3.60996e+00     3.49862e+02     1.61824e+01     6.79203e+00
    3.61405e+00     3.49078e+02     1.61332e+01     6.75599e+00
    3.61814e+00     3.48212e+02     1.60473e+01     6.72580e+00
    3.62224e+00     3.47962e+02     1.60317e+01     6.69155e+00
    3.62633e+00     3.47160e+02     1.60033e+01     6.65877e+00
    3.63042e+00     3.46106e+02     1.59055e+01     6.62178e+00
    3.63451e+00     3.45546e+02     1.58766e+01     6.58880e+00
    3.63860e+00     3.44747e+02     1.58190e+01     6.56250e+00
    3.64269e+00     3.44091e+02     1.57718e+01     6.52427e+00
    3.64678e+00     3.43534e+02     1.57285e+01     6.49633e+00
    3.65087e+00     3.42715e+02     1.57105e+01     6.46408e+00
    3.65496e+00     3.41901e+02     1.55910e+01     6.42296e+00
    3.65905e+00     3.41403e+02     1.55732e+01     6.39383e+00
    3.66314e+00     3.40568e+02     1.55324e+01     6.36516e+00
    3.66723e+00     3.40015e+02     1.54625e+01     6.32831e+00
    3.67132e+00     3.39337e+02     1.54713e+01     6.30197e+00
    3.67541e+00     3.38296e+02     1.53699e+01     6.26290e+00
    3.67950e+00     3.37686e+02     1.53314e+01     6.23508e+00
    3.68359e+00     3.37061e+02     1.52576e+01     6.20596e+00
    3.68769e+00     3.36573e+02     1.52556e+01     6.17801e+00
    3.69177e+00     3.35801e+02     1.51853e+01     6.14390e+00
    3.69587e+00     3.35047e+02     1.51572e+01     6.11594e+00
    3.69996e+00     3.34671e+02     1.50949e+01     6.08095e+00
    3.70405e+00     3.33830e+02     1.50786e+01     6.06057e+00
    3.70814e+00     3.33074e+02     1.50008e+01     6.02334e+00
    3.71223e+00     3.32208e+02     1.49571e+01     5.99775e+00
    3.71632e+00     3.31541e+02     1.49283e+01     5.96863e+00
    3.72041e+00     3.31024e+02     1.48729e+01     5.93680e+00
    3.72450e+00     3.30241e+02     1.48373e+01     5.91520e+00
    3.72859e+00     3.29673e+02     1.47913e+01     5.87824e+00
    3.73268e+00     3.28769e+02     1.47122e+01     5.85026e+00
    3.73677e+00     3.28302e+02     1.46976e+01     5.82175e+00
    3.74086e+00     3.27564e+02     1.46391e+01     5.79735e+00
    3.74495e+00     3.27099e+02     1.46083e+01     5.76610e+00
    3.74905e+00     3.26407e+02     1.45620e+01     5.73525e+00
    3.75313e+00     3.25540e+02     1.44987e+01     5.71145e+00
    3.75722e+00     3.25050e+02     1.44480e+01     5.67887e+00
    3.76131e+00     3.24297e+02     1.44024e+01     5.65529e+00
    3.76541e+00     3.23678e+02     1.43844e+01     5.62616e+00
    3.76950e+00     3.23047e+02     1.43261e+01     5.59659e+00
    3.77359e+00     3.22381e+02     1.42927e+01     5.57128e+00
    3.77768e+00     3.21616e+02     1.42538e+01     5.54651e+00
    3.78177e+00     3.21125e+02     1.42164e+01     5.51700e+00
    3.78586e+00     3.20139e+02     1.41372e+01     5.48909e+00
    3.78995e+00     3.19987e+02     1.41162e+01     5.46478e+00
    3.79404e+00     3.19017e+02     1.40675e+01     5.43647e+00
    3.79813e+00     3.18590e+02     1.40420e+01     5.41179e+00
    3.80222e+00     3.17805e+02     1.39853e+01     5.38854e+00
    3.80632e+00     3.17041e+02     1.39412e+01     5.35979e+00
    3.81040e+00     3.16229e+02     1.38872e+01     5.33462e+00
    3.81449e+00     3.15935e+02     1.38578e+01     5.30345e+00
    3.81859e+00     3.15233e+02     1.38234e+01     5.28018e+00
    3.82268e+00     3.14614e+02     1.37823e+01     5.25763e+00
    3.82677e+00     3.14003e+02     1.37515e+01     5.23452e+00
    3.83086e+00     3.13285e+02     1.36942e+01     5.20728e+00
    3.83495e+00     3.12777e+02     1.36506e+01     5.18565e+00
    3.83904e+00     3.12117e+02     1.35984e+01     5.15716e+00
    3.84313e+00     3.11594e+02     1.35911e+01     5.13499e+00
    3.84722e+00     3.10780e+02     1.35054e+01     5.10409e+00
    3.85131e+00     3.10615e+02     1.35253e+01     5.08799e+00
    3.85540e+00     3.09794e+02     1.34372e+01     5.06308e+00
    3.85949e+00     3.09121e+02     1.34186e+01     5.03720e+00
    3.86358e+00     3.08282e+02     1.33657e+01     5.01432e+00
    3.86768e+00     3.07527e+02     1.33037e+01     4.98812e+00
    3.87177e+00     3.07168e+02     1.32729e+01     4.96450e+00
    3.87585e+00     3.06801e+02     1.32613e+01     4.94177e+00
    3.87994e+00     3.05988e+02     1.32093e+01     4.92023e+00
    3.88403e+00     3.05504e+02     1.31736e+01     4.89473e+00
    3.88813e+00     3.04758e+02     1.31220e+01     4.87320e+00
    3.89222e+00     3.04118e+02     1.30994e+01     4.85064e+00
    3.89631e+00     3.03522e+02     1.30393e+01     4.82743e+00
    3.90040e+00     3.02861e+02     1.30112e+01     4.80550e+00
    3.90449e+00     3.02476e+02     1.29762e+01     4.78335e+00
    3.90858e+00     3.01735e+02     1.29288e+01     4.76302e+00
    3.91267e+00     3.01232e+02     1.28906e+01     4.73590e+00
    3.91676e+00     3.00682e+02     1.28532e+01     4.71718e+00
    3.92085e+00     2.99642e+02     1.28028e+01     4.69372e+00
    3.92494e+00     2.99345e+02     1.27793e+01     4.67439e+00
    3.92903e+00     2.98644e+02     1.27445e+01     4.65491e+00
    3.93312e+00     2.98158e+02     1.26955e+01     4.63361e+00
    3.93721e+00     2.97929e+02     1.26831e+01     4.61155e+00
    3.94130e+00     2.97204e+02     1.26397e+01     4.58685e+00
    3.94539e+00     2.96566e+02     1.25963e+01     4.56606e+00
    3.94949e+00     2.95966e+02     1.25586e+01     4.54837e+00
    3.95358e+00     2.95571e+02     1.25432e+01     4.52929e+00
    3.95767e+00     2.95151e+02     1.24893e+01     4.50664e+00
    3.96176e+00     2.94338e+02     1.24462e+01     4.48747e+00
    3.96585e+00     2.93713e+02     1.24048e+01     4.46494e+00
    3.96994e+00     2.93505e+02     1.23966e+01     4.44858e+00
    3.97403e+00     2.92905e+02     1.23460e+01     4.42582e+00
    3.97812e+00     2.91976e+02     1.23154e+01     4.40941e+00
    3.98221e+00     2.91783e+02     1.22883e+01     4.38587e+00
    3.98630e+00     2.90998e+02     1.22491e+01     4.36675e+00
    3.99039e+00     2.90414e+02     1.21977e+01     4.34518e+00
    3.99448e+00     2.89578e+02     1.21410e+01     4.32820e+00
    3.99857e+00     2.89457e+02     1.21382e+01     4.31100e+00
    4.00266e+00     2.88877e+02     1.20996e+01     4.29250e+00
    4.00675e+00     2.88354e+02     1.20799e+01     4.27331e+00
    4.01085e+00     2.87745e+02     1.20458e+01     4.25428e+00
    4.01494e+00     2.86942e+02     1.20016e+01     4.23433e+00
    4.01902e+00     2.86662e+02     1.19661e+01     4.21462e+00
    4.02312e+00     2.85973e+02     1.19193e+01     4.19898e+00
    4.02721e+00     2.85507e+02     1.18987e+01     4.18162e+00
    4.03130e+00     2.85063e+02     1.18674e+01     4.16287e+00
    4.03539e+00     2.84371e+02     1.18198e+01     4.14269e+00
    4.03948e+00     2.84105e+02     1.18203e+01     4.12745e+00
    4.04357e+00     2.83750e+02     1.17851e+01     4.10956e+00
    4.04766e+00     2.83121e+02     1.17310e+01     4.09098e+00
    4.05175e+00     2.82522e+02     1.17088e+01     4.07286e+00
    4.05584e+00     2.82166e+02     1.16944e+01     4.05810e+00
    4.05993e+00     2.81506e+02     1.16356e+01     4.03970e+00
    4.06402e+00     2.80936e+02     1.15909e+01     4.01850e+00
    4.06811e+00     2.80414e+02     1.15768e+01     4.00587e+00
    4.07220e+00     2.79935e+02     1.15565e+01     3.98798e+00
    4.07630e+00     2.79395e+02     1.15111e+01     3.97120e+00
    4.08038e+00     2.79059e+02     1.14941e+01     3.95644e+00
    4.08447e+00     2.78404e+02     1.14458e+01     3.93708e+00
    4.08857e+00     2.78018e+02     1.14241e+01     3.92258e+00
    4.09266e+00     2.77280e+02     1.13713e+01     3.90286e+00
    4.09675e+00     2.76839e+02     1.13446e+01     3.88591e+00
    4.10084e+00     2.76417e+02     1.13254e+01     3.87511e+00
    4.10493e+00     2.75950e+02     1.13171e+01     3.85636e+00
    4.10902e+00     2.75394e+02     1.12741e+01     3.84107e+00
    4.11311e+00     2.75073e+02     1.12519e+01     3.82711e+00
    4.11720e+00     2.74470e+02     1.12073e+01     3.81057e+00
    4.12129e+00     2.73898e+02     1.11646e+01     3.79226e+00
    4.12538e+00     2.73365e+02     1.11473e+01     3.77777e+00
    4.12947e+00     2.72882e+02     1.11164e+01     3.76273e+00
    4.13356e+00     2.72477e+02     1.10844e+01     3.74818e+00
    4.13765e+00     2.72064e+02     1.10678e+01     3.73346e+00
    4.14175e+00     2.71385e+02     1.10343e+01     3.72079e+00
    4.14584e+00     2.71140e+02     1.09992e+01     3.70403e+00
    4.14993e+00     2.70675e+02     1.09708e+01     3.69066e+00
    4.15402e+00     2.70147e+02     1.09481e+01     3.67511e+00
    4.15811e+00     2.69678e+02     1.09176e+01     3.66431e+00
    4.16220e+00     2.69370e+02     1.08906e+01     3.64666e+00
    4.16629e+00     2.68870e+02     1.08706e+01     3.63516e+00
    4.17038e+00     2.68401e+02     1.08316e+01     3.61964e+00
    4.17447e+00     2.67950e+02     1.08165e+01     3.60248e+00
    4.17856e+00     2.67489e+02     1.07703e+01     3.58913e+00
    4.18265e+00     2.67124e+02     1.07643e+01     3.57964e+00
    4.18674e+00     2.66488e+02     1.07274e+01     3.56391e+00
