# Real space auto- and cross-spectra.
# z=0.000, 12.500<lgM<13.000
#      k[h/Mpc]            P_hh            P_hm            P_mm
    0.00000e+00     0.00000e+00     0.00000e+00     0.00000e+00
    5.79404e-03     1.43790e+04     1.63819e+04     2.04869e+04
    1.04717e-02     2.33361e+04     2.36622e+04     2.59732e+04
    1.42665e-02     1.59351e+04     1.68412e+04     2.02058e+04
    1.81228e-02     2.38085e+04     2.47886e+04     2.85005e+04
    2.24845e-02     2.01243e+04     2.11708e+04     2.44806e+04
    2.64508e-02     1.89178e+04     1.91828e+04     2.15119e+04
    3.04474e-02     1.84304e+04     1.86026e+04     2.08186e+04
    3.47320e-02     1.51728e+04     1.49681e+04     1.67219e+04
    3.88308e-02     1.38710e+04     1.40033e+04     1.62408e+04
    4.28140e-02     1.17076e+04     1.15229e+04     1.34055e+04
    4.68856e-02     1.18395e+04     1.13149e+04     1.28265e+04
    5.09858e-02     1.14383e+04     1.11992e+04     1.29070e+04
    5.51458e-02     1.07776e+04     1.02852e+04     1.17788e+04
    5.92243e-02     9.90149e+03     9.33805e+03     1.08323e+04
    6.32864e-02     9.41222e+03     8.70629e+03     1.00026e+04
    6.73674e-02     9.19387e+03     8.51528e+03     9.71599e+03
    7.14960e-02     8.66247e+03     8.04824e+03     9.30837e+03
    7.55894e-02     8.46707e+03     7.78065e+03     9.04332e+03
    7.96660e-02     7.71201e+03     6.85923e+03     7.95854e+03
    8.38183e-02     7.23520e+03     6.36957e+03     7.42983e+03
    8.78941e-02     6.56047e+03     5.78666e+03     6.88234e+03
    9.19238e-02     6.44757e+03     5.53834e+03     6.51502e+03
    9.60446e-02     6.15382e+03     5.17300e+03     6.07214e+03
    1.00128e-01     5.63660e+03     4.63646e+03     5.53582e+03
    1.04209e-01     5.37465e+03     4.42778e+03     5.26531e+03
    1.08333e-01     5.14189e+03     4.27601e+03     5.22459e+03
    1.12448e-01     5.16045e+03     4.12975e+03     4.91421e+03
    1.16521e-01     4.91190e+03     3.95231e+03     4.77174e+03
    1.20596e-01     4.69178e+03     3.69843e+03     4.46386e+03
    1.24665e-01     4.59817e+03     3.58856e+03     4.34843e+03
    1.28771e-01     4.50905e+03     3.48719e+03     4.26636e+03
    1.32874e-01     4.29736e+03     3.28324e+03     4.00525e+03
    1.36975e-01     4.31221e+03     3.27875e+03     4.00591e+03
    1.41075e-01     4.07678e+03     3.05671e+03     3.79977e+03
    1.45172e-01     3.88224e+03     2.86505e+03     3.58084e+03
    1.49268e-01     3.81627e+03     2.76990e+03     3.44858e+03
    1.53330e-01     3.65096e+03     2.62543e+03     3.29630e+03
    1.57416e-01     3.48731e+03     2.45671e+03     3.14310e+03
    1.61514e-01     3.40936e+03     2.36169e+03     3.00395e+03
    1.65592e-01     3.31095e+03     2.24567e+03     2.89881e+03
    1.69693e-01     3.21729e+03     2.17885e+03     2.81472e+03
    1.73803e-01     3.13448e+03     2.11449e+03     2.74361e+03
    1.77905e-01     3.08169e+03     2.03937e+03     2.66618e+03
    1.82001e-01     3.05220e+03     2.00587e+03     2.64528e+03
    1.86092e-01     3.00725e+03     1.94324e+03     2.54035e+03
    1.90161e-01     2.90267e+03     1.86354e+03     2.46217e+03
    1.94237e-01     2.88764e+03     1.80766e+03     2.40221e+03
    1.98334e-01     2.79834e+03     1.74590e+03     2.31910e+03
    2.02427e-01     2.72804e+03     1.67893e+03     2.25424e+03
    2.06523e-01     2.66067e+03     1.61284e+03     2.19647e+03
    2.10626e-01     2.63133e+03     1.55729e+03     2.11395e+03
    2.14724e-01     2.57687e+03     1.52508e+03     2.09102e+03
    2.18827e-01     2.53329e+03     1.47252e+03     2.01558e+03
    2.22903e-01     2.48250e+03     1.43148e+03     1.97434e+03
    2.26990e-01     2.46199e+03     1.40068e+03     1.93191e+03
    2.31084e-01     2.38210e+03     1.34627e+03     1.88050e+03
    2.35153e-01     2.37115e+03     1.32680e+03     1.86473e+03
    2.39244e-01     2.31922e+03     1.26782e+03     1.79574e+03
    2.43338e-01     2.29425e+03     1.24128e+03     1.77049e+03
    2.47445e-01     2.26907e+03     1.20995e+03     1.72420e+03
    2.51539e-01     2.21983e+03     1.16269e+03     1.68238e+03
    2.55609e-01     2.18442e+03     1.13688e+03     1.65859e+03
    2.59718e-01     2.17982e+03     1.12699e+03     1.62342e+03
    2.63814e-01     2.13048e+03     1.08579e+03     1.59425e+03
    2.67904e-01     2.11166e+03     1.07202e+03     1.57234e+03
    2.71993e-01     2.07912e+03     1.02346e+03     1.54128e+03
    2.76068e-01     2.05024e+03     9.88469e+02     1.47559e+03
    2.80171e-01     2.02746e+03     9.81599e+02     1.46758e+03
    2.84268e-01     2.00516e+03     9.58020e+02     1.44717e+03
    2.88346e-01     1.98154e+03     9.36567e+02     1.42488e+03
    2.92426e-01     1.97069e+03     9.16357e+02     1.39477e+03
    2.96514e-01     1.92960e+03     8.89596e+02     1.37309e+03
    3.00627e-01     1.92060e+03     8.70714e+02     1.35338e+03
    3.04729e-01     1.89416e+03     8.58078e+02     1.33067e+03
    3.08821e-01     1.88167e+03     8.40185e+02     1.30789e+03
    3.12919e-01     1.86051e+03     8.14032e+02     1.28532e+03
    3.16999e-01     1.84340e+03     7.99365e+02     1.26660e+03
    3.21078e-01     1.82685e+03     7.80898e+02     1.25215e+03
    3.25167e-01     1.80474e+03     7.69921e+02     1.22785e+03
    3.29247e-01     1.78703e+03     7.41550e+02     1.20583e+03
    3.33333e-01     1.76587e+03     7.32492e+02     1.19070e+03
    3.37443e-01     1.77103e+03     7.25693e+02     1.17762e+03
    3.41545e-01     1.72833e+03     6.88014e+02     1.14693e+03
    3.45625e-01     1.73139e+03     6.95054e+02     1.14211e+03
    3.49715e-01     1.71955e+03     6.76681e+02     1.12318e+03
    3.53817e-01     1.70169e+03     6.63842e+02     1.11128e+03
    3.57906e-01     1.69399e+03     6.56156e+02     1.10102e+03
    3.61975e-01     1.67966e+03     6.45678e+02     1.08159e+03
    3.66071e-01     1.66971e+03     6.28825e+02     1.06862e+03
    3.70189e-01     1.64716e+03     6.17505e+02     1.06017e+03
    3.74277e-01     1.63550e+03     6.01347e+02     1.04268e+03
    3.78356e-01     1.62612e+03     5.93666e+02     1.02785e+03
    3.82448e-01     1.61633e+03     5.85694e+02     1.00784e+03
    3.86535e-01     1.60181e+03     5.70757e+02     1.00172e+03
    3.90624e-01     1.59347e+03     5.61878e+02     9.87720e+02
    3.94706e-01     1.57595e+03     5.48635e+02     9.77671e+02
    3.98794e-01     1.57832e+03     5.47681e+02     9.71873e+02
    4.02896e-01     1.56716e+03     5.35330e+02     9.57748e+02
    4.06986e-01     1.55828e+03     5.21395e+02     9.37841e+02
    4.11069e-01     1.54410e+03     5.14228e+02     9.38111e+02
    4.15170e-01     1.53643e+03     5.14772e+02     9.27595e+02
    4.19263e-01     1.52085e+03     4.94666e+02     9.14504e+02
    4.23353e-01     1.50966e+03     4.84684e+02     8.96566e+02
    4.27447e-01     1.49935e+03     4.82559e+02     8.94537e+02
    4.31534e-01     1.49091e+03     4.77395e+02     8.86398e+02
    4.35624e-01     1.48249e+03     4.69055e+02     8.74306e+02
    4.39718e-01     1.48355e+03     4.62034e+02     8.62038e+02
    4.43804e-01     1.47026e+03     4.53190e+02     8.63193e+02
    4.47892e-01     1.47442e+03     4.50408e+02     8.52793e+02
    4.51977e-01     1.45629e+03     4.34125e+02     8.35459e+02
    4.56067e-01     1.45704e+03     4.37156e+02     8.36996e+02
    4.60165e-01     1.45680e+03     4.34576e+02     8.34060e+02
    4.64260e-01     1.43966e+03     4.23303e+02     8.20915e+02
    4.68355e-01     1.43614e+03     4.16316e+02     8.13979e+02
    4.72450e-01     1.42645e+03     4.11138e+02     8.04315e+02
    4.76540e-01     1.41967e+03     4.04253e+02     7.96668e+02
    4.80633e-01     1.40996e+03     3.91575e+02     7.85923e+02
    4.84718e-01     1.40461e+03     3.90836e+02     7.82079e+02
    4.88794e-01     1.39116e+03     3.83431e+02     7.72624e+02
    4.92888e-01     1.39624e+03     3.84427e+02     7.64714e+02
    4.96984e-01     1.39220e+03     3.81270e+02     7.63513e+02
    5.01073e-01     1.38335e+03     3.69507e+02     7.56525e+02
    5.05169e-01     1.37555e+03     3.66004e+02     7.44548e+02
    5.09268e-01     1.37902e+03     3.61958e+02     7.39042e+02
    5.13369e-01     1.36291e+03     3.56537e+02     7.35113e+02
    5.17441e-01     1.36641e+03     3.55189e+02     7.31157e+02
    5.21516e-01     1.35201e+03     3.45703e+02     7.20101e+02
    5.25611e-01     1.34748e+03     3.37747e+02     7.12633e+02
    5.29706e-01     1.34068e+03     3.36471e+02     7.08374e+02
    5.33801e-01     1.34484e+03     3.33806e+02     7.08343e+02
    5.37888e-01     1.33822e+03     3.33376e+02     7.00422e+02
    5.41985e-01     1.32498e+03     3.24428e+02     6.91915e+02
    5.46091e-01     1.32509e+03     3.24053e+02     6.88863e+02
    5.50174e-01     1.32250e+03     3.17666e+02     6.85200e+02
    5.54252e-01     1.31595e+03     3.12727e+02     6.74486e+02
    5.58346e-01     1.31410e+03     3.10839e+02     6.72564e+02
    5.62439e-01     1.30886e+03     3.09872e+02     6.68050e+02
    5.66527e-01     1.30353e+03     3.01373e+02     6.63056e+02
    5.70616e-01     1.30226e+03     3.00897e+02     6.59954e+02
    5.74707e-01     1.29347e+03     2.94594e+02     6.49768e+02
    5.78798e-01     1.28995e+03     2.92171e+02     6.49085e+02
    5.82883e-01     1.28764e+03     2.92433e+02     6.43015e+02
    5.86977e-01     1.27916e+03     2.84937e+02     6.37008e+02
    5.91070e-01     1.28062e+03     2.85984e+02     6.34565e+02
    5.95166e-01     1.27457e+03     2.79838e+02     6.25699e+02
    5.99260e-01     1.27092e+03     2.76529e+02     6.26728e+02
    6.03349e-01     1.26430e+03     2.72195e+02     6.19532e+02
    6.07445e-01     1.25774e+03     2.70562e+02     6.16595e+02
    6.11543e-01     1.26386e+03     2.69807e+02     6.12802e+02
    6.15623e-01     1.24800e+03     2.61636e+02     6.05174e+02
    6.19704e-01     1.25226e+03     2.61170e+02     6.02217e+02
    6.23792e-01     1.24388e+03     2.59360e+02     6.00362e+02
    6.27891e-01     1.24209e+03     2.54979e+02     5.95644e+02
    6.31991e-01     1.23765e+03     2.52561e+02     5.90373e+02
    6.36073e-01     1.24082e+03     2.53304e+02     5.88374e+02
    6.40158e-01     1.22625e+03     2.43595e+02     5.80412e+02
    6.44244e-01     1.23641e+03     2.44748e+02     5.78737e+02
    6.48338e-01     1.22757e+03     2.43909e+02     5.75469e+02
    6.52432e-01     1.21781e+03     2.39063e+02     5.72840e+02
    6.56514e-01     1.21759e+03     2.35297e+02     5.66849e+02
    6.60609e-01     1.22181e+03     2.39320e+02     5.64701e+02
    6.64712e-01     1.21344e+03     2.33687e+02     5.59753e+02
    6.68801e-01     1.21207e+03     2.30113e+02     5.56501e+02
    6.72890e-01     1.21151e+03     2.29346e+02     5.52287e+02
    6.76984e-01     1.19908e+03     2.23278e+02     5.50158e+02
    6.81074e-01     1.20518e+03     2.22688e+02     5.44792e+02
    6.85160e-01     1.19738e+03     2.22397e+02     5.44389e+02
    6.89246e-01     1.19436e+03     2.17415e+02     5.40585e+02
    6.93336e-01     1.19155e+03     2.17902e+02     5.33868e+02
    6.97434e-01     1.19125e+03     2.14874e+02     5.31029e+02
    7.01528e-01     1.18580e+03     2.12362e+02     5.28114e+02
    7.05618e-01     1.18208e+03     2.09106e+02     5.25432e+02
    7.09708e-01     1.18189e+03     2.08698e+02     5.22610e+02
    7.13796e-01     1.17977e+03     2.06966e+02     5.19891e+02
    7.17892e-01     1.17644e+03     2.04448e+02     5.15759e+02
    7.21982e-01     1.16988e+03     2.04212e+02     5.13031e+02
    7.26059e-01     1.16502e+03     1.99774e+02     5.09066e+02
    7.30145e-01     1.16870e+03     1.97281e+02     5.06876e+02
    7.34240e-01     1.16528e+03     1.97445e+02     5.05337e+02
    7.38340e-01     1.16121e+03     1.95487e+02     5.00774e+02
    7.42427e-01     1.15697e+03     1.92208e+02     4.97711e+02
    7.46511e-01     1.15876e+03     1.93126e+02     4.96190e+02
    7.50614e-01     1.15315e+03     1.88689e+02     4.91982e+02
    7.54706e-01     1.15116e+03     1.87644e+02     4.86843e+02
    7.58795e-01     1.14805e+03     1.86122e+02     4.88060e+02
    7.62888e-01     1.14574e+03     1.83777e+02     4.81202e+02
    7.66986e-01     1.14751e+03     1.85213e+02     4.81200e+02
    7.71073e-01     1.14380e+03     1.80726e+02     4.77399e+02
    7.75153e-01     1.14264e+03     1.82426e+02     4.76404e+02
    7.79241e-01     1.13539e+03     1.79317e+02     4.73825e+02
    7.83335e-01     1.13459e+03     1.77199e+02     4.70268e+02
    7.87426e-01     1.13415e+03     1.76227e+02     4.68329e+02
    7.91513e-01     1.12903e+03     1.73307e+02     4.63081e+02
    7.95606e-01     1.12982e+03     1.72474e+02     4.61477e+02
    7.99702e-01     1.12640e+03     1.72004e+02     4.58423e+02
    8.03798e-01     1.12394e+03     1.70716e+02     4.55044e+02
    8.07879e-01     1.12140e+03     1.68922e+02     4.55636e+02
    8.11963e-01     1.11896e+03     1.66119e+02     4.50645e+02
    8.16059e-01     1.11994e+03     1.67705e+02     4.48411e+02
    8.20152e-01     1.11637e+03     1.65003e+02     4.47491e+02
    8.24242e-01     1.11581e+03     1.63181e+02     4.44242e+02
    8.28331e-01     1.11434e+03     1.63599e+02     4.44139e+02
    8.32425e-01     1.10938e+03     1.60893e+02     4.39184e+02
    8.36516e-01     1.10454e+03     1.59659e+02     4.36138e+02
    8.40610e-01     1.10164e+03     1.58099e+02     4.35318e+02
    8.44704e-01     1.10386e+03     1.56731e+02     4.31663e+02
    8.48790e-01     1.10029e+03     1.57000e+02     4.29174e+02
    8.52876e-01     1.10062e+03     1.54634e+02     4.28395e+02
    8.56967e-01     1.09631e+03     1.53245e+02     4.25952e+02
    8.61059e-01     1.09133e+03     1.51810e+02     4.23649e+02
    8.65147e-01     1.09222e+03     1.50693e+02     4.21636e+02
    8.69235e-01     1.09144e+03     1.50762e+02     4.20036e+02
    8.73334e-01     1.08852e+03     1.50934e+02     4.17285e+02
    8.77429e-01     1.08813e+03     1.48444e+02     4.13948e+02
    8.81512e-01     1.08546e+03     1.46142e+02     4.11665e+02
    8.85601e-01     1.07984e+03     1.45041e+02     4.09400e+02
    8.89691e-01     1.08080e+03     1.45327e+02     4.07595e+02
    8.93784e-01     1.07843e+03     1.43108e+02     4.04249e+02
    8.97875e-01     1.07650e+03     1.42029e+02     4.02867e+02
    9.01960e-01     1.07262e+03     1.41718e+02     4.00580e+02
    9.06054e-01     1.07363e+03     1.39207e+02     3.99127e+02
    9.10146e-01     1.07088e+03     1.38608e+02     3.95762e+02
    9.14237e-01     1.07120e+03     1.37684e+02     3.94753e+02
    9.18331e-01     1.06456e+03     1.38925e+02     3.92565e+02
    9.22421e-01     1.06766e+03     1.38895e+02     3.92184e+02
    9.26509e-01     1.06646e+03     1.36057e+02     3.89476e+02
    9.30598e-01     1.05871e+03     1.35394e+02     3.86252e+02
    9.34692e-01     1.05803e+03     1.33691e+02     3.83479e+02
    9.38787e-01     1.05653e+03     1.33232e+02     3.83175e+02
    9.42873e-01     1.05267e+03     1.32338e+02     3.80950e+02
    9.46961e-01     1.05625e+03     1.31509e+02     3.78495e+02
    9.51054e-01     1.05262e+03     1.31723e+02     3.76279e+02
    9.55150e-01     1.05424e+03     1.30402e+02     3.73967e+02
    9.59240e-01     1.04949e+03     1.28836e+02     3.72142e+02
    9.63327e-01     1.04942e+03     1.28909e+02     3.71205e+02
    9.67420e-01     1.04880e+03     1.28391e+02     3.69590e+02
    9.71506e-01     1.04333e+03     1.26368e+02     3.67657e+02
    9.75588e-01     1.04306e+03     1.25470e+02     3.65047e+02
    9.79678e-01     1.04253e+03     1.25311e+02     3.63519e+02
    9.83773e-01     1.04018e+03     1.23801e+02     3.61684e+02
    9.87866e-01     1.03497e+03     1.21493e+02     3.59231e+02
    9.91960e-01     1.03501e+03     1.22060e+02     3.57832e+02
    9.96055e-01     1.03888e+03     1.21973e+02     3.55482e+02
    1.00015e+00     1.03515e+03     1.21215e+02     3.53519e+02
    1.00424e+00     1.03063e+03     1.20164e+02     3.51814e+02
    1.00832e+00     1.02942e+03     1.18654e+02     3.49678e+02
    1.01242e+00     1.02670e+03     1.18398e+02     3.48233e+02
    1.01651e+00     1.02659e+03     1.18041e+02     3.46544e+02
    1.02059e+00     1.02345e+03     1.16595e+02     3.45573e+02
    1.02468e+00     1.02738e+03     1.16537e+02     3.43676e+02
    1.02878e+00     1.02174e+03     1.15938e+02     3.41767e+02
    1.03287e+00     1.02022e+03     1.15746e+02     3.40960e+02
    1.03695e+00     1.01760e+03     1.14424e+02     3.38936e+02
    1.04105e+00     1.01603e+03     1.14210e+02     3.35951e+02
    1.04515e+00     1.01399e+03     1.13690e+02     3.34913e+02
    1.04923e+00     1.01401e+03     1.13787e+02     3.34253e+02
    1.05332e+00     1.01173e+03     1.10858e+02     3.32249e+02
    1.05741e+00     1.01222e+03     1.12203e+02     3.29827e+02
    1.06150e+00     1.01081e+03     1.10994e+02     3.28884e+02
    1.06559e+00     1.00179e+03     1.09201e+02     3.26585e+02
    1.06968e+00     1.00662e+03     1.09322e+02     3.24814e+02
    1.07377e+00     1.00182e+03     1.09795e+02     3.23718e+02
    1.07786e+00     1.00242e+03     1.07907e+02     3.22554e+02
    1.08195e+00     1.00496e+03     1.09294e+02     3.20286e+02
    1.08605e+00     1.00103e+03     1.05793e+02     3.18774e+02
    1.09014e+00     9.97638e+02     1.06181e+02     3.17704e+02
    1.09422e+00     9.96292e+02     1.05482e+02     3.15916e+02
    1.09832e+00     9.94627e+02     1.05521e+02     3.13554e+02
    1.10242e+00     9.92890e+02     1.03853e+02     3.13400e+02
    1.10650e+00     9.92546e+02     1.04250e+02     3.11377e+02
    1.11059e+00     9.91179e+02     1.03127e+02     3.09758e+02
    1.11468e+00     9.88775e+02     1.03290e+02     3.08321e+02
    1.11878e+00     9.91098e+02     1.03551e+02     3.06677e+02
    1.12287e+00     9.87375e+02     1.02010e+02     3.04829e+02
    1.12695e+00     9.87918e+02     1.01377e+02     3.03110e+02
    1.13105e+00     9.81968e+02     1.00849e+02     3.02886e+02
    1.13514e+00     9.81062e+02     1.00174e+02     3.00608e+02
    1.13922e+00     9.79466e+02     9.94724e+01     2.99095e+02
    1.14331e+00     9.80638e+02     9.99433e+01     2.97546e+02
    1.14741e+00     9.79834e+02     9.99404e+01     2.96141e+02
    1.15150e+00     9.75576e+02     9.88469e+01     2.94202e+02
    1.15559e+00     9.72653e+02     9.84393e+01     2.93261e+02
    1.15968e+00     9.73454e+02     9.75901e+01     2.91919e+02
    1.16377e+00     9.69622e+02     9.65645e+01     2.89784e+02
    1.16786e+00     9.71432e+02     9.74551e+01     2.89782e+02
    1.17195e+00     9.70649e+02     9.56342e+01     2.87394e+02
    1.17604e+00     9.69484e+02     9.53375e+01     2.86482e+02
    1.18013e+00     9.66485e+02     9.56049e+01     2.84869e+02
    1.18422e+00     9.66869e+02     9.54786e+01     2.83193e+02
    1.18831e+00     9.62826e+02     9.34033e+01     2.81331e+02
    1.19240e+00     9.63026e+02     9.31361e+01     2.80092e+02
    1.19649e+00     9.61181e+02     9.30422e+01     2.79113e+02
    1.20059e+00     9.60894e+02     9.23998e+01     2.77684e+02
    1.20468e+00     9.58528e+02     9.25182e+01     2.76188e+02
    1.20877e+00     9.57418e+02     9.27242e+01     2.74939e+02
    1.21286e+00     9.57208e+02     9.16759e+01     2.74117e+02
    1.21695e+00     9.52091e+02     9.10768e+01     2.72310e+02
    1.22104e+00     9.51509e+02     9.02168e+01     2.70994e+02
    1.22513e+00     9.50638e+02     9.00728e+01     2.69735e+02
    1.22922e+00     9.51301e+02     9.09448e+01     2.69341e+02
    1.23330e+00     9.49365e+02     8.89709e+01     2.66681e+02
    1.23740e+00     9.47224e+02     8.85554e+01     2.65653e+02
    1.24149e+00     9.46649e+02     8.80746e+01     2.64019e+02
    1.24558e+00     9.46244e+02     8.83727e+01     2.63277e+02
    1.24967e+00     9.43332e+02     8.87369e+01     2.61756e+02
    1.25376e+00     9.42186e+02     8.74253e+01     2.60626e+02
    1.25785e+00     9.40985e+02     8.74326e+01     2.58787e+02
    1.26194e+00     9.40986e+02     8.68114e+01     2.57925e+02
    1.26603e+00     9.39078e+02     8.69913e+01     2.56915e+02
    1.27012e+00     9.36842e+02     8.51725e+01     2.54927e+02
    1.27422e+00     9.33988e+02     8.52249e+01     2.54129e+02
    1.27831e+00     9.35364e+02     8.54356e+01     2.53113e+02
    1.28240e+00     9.33743e+02     8.47974e+01     2.51706e+02
    1.28649e+00     9.32842e+02     8.49333e+01     2.50841e+02
    1.29058e+00     9.28971e+02     8.46534e+01     2.49256e+02
    1.29467e+00     9.29750e+02     8.40664e+01     2.48236e+02
    1.29876e+00     9.26978e+02     8.32342e+01     2.46903e+02
    1.30285e+00     9.26462e+02     8.35829e+01     2.45726e+02
    1.30694e+00     9.24172e+02     8.34399e+01     2.44924e+02
    1.31103e+00     9.22658e+02     8.21392e+01     2.42823e+02
    1.31512e+00     9.22978e+02     8.21658e+01     2.42435e+02
    1.31921e+00     9.21707e+02     8.15074e+01     2.40800e+02
    1.32331e+00     9.19728e+02     8.09418e+01     2.39388e+02
    1.32739e+00     9.19966e+02     8.09567e+01     2.38506e+02
    1.33148e+00     9.17081e+02     8.06981e+01     2.36980e+02
    1.33558e+00     9.16135e+02     8.04707e+01     2.36110e+02
    1.33967e+00     9.13884e+02     7.95792e+01     2.34735e+02
    1.34376e+00     9.13075e+02     7.98020e+01     2.34005e+02
    1.34785e+00     9.11382e+02     7.90674e+01     2.32988e+02
    1.35195e+00     9.11251e+02     7.89783e+01     2.31293e+02
    1.35603e+00     9.09968e+02     7.88944e+01     2.30309e+02
    1.36011e+00     9.08017e+02     7.92383e+01     2.29437e+02
    1.36421e+00     9.09366e+02     7.89089e+01     2.28423e+02
    1.36830e+00     9.05415e+02     7.80598e+01     2.27248e+02
    1.37239e+00     9.05412e+02     7.84735e+01     2.25794e+02
    1.37648e+00     9.03880e+02     7.74053e+01     2.25157e+02
    1.38057e+00     9.02709e+02     7.74483e+01     2.23710e+02
    1.38466e+00     8.99973e+02     7.71324e+01     2.22777e+02
    1.38875e+00     8.99989e+02     7.76899e+01     2.21904e+02
    1.39285e+00     8.98284e+02     7.61642e+01     2.20036e+02
    1.39694e+00     8.97102e+02     7.62959e+01     2.19694e+02
    1.40102e+00     8.97535e+02     7.56514e+01     2.18665e+02
    1.40512e+00     8.93477e+02     7.53073e+01     2.17409e+02
    1.40921e+00     8.92429e+02     7.53451e+01     2.16422e+02
    1.41330e+00     8.90653e+02     7.49782e+01     2.15648e+02
    1.41739e+00     8.91010e+02     7.48435e+01     2.13811e+02
    1.42148e+00     8.89750e+02     7.43438e+01     2.13049e+02
    1.42557e+00     8.86750e+02     7.38544e+01     2.12149e+02
    1.42966e+00     8.87405e+02     7.39397e+01     2.11065e+02
    1.43375e+00     8.84849e+02     7.34439e+01     2.10763e+02
    1.43784e+00     8.85159e+02     7.35596e+01     2.09117e+02
    1.44193e+00     8.84435e+02     7.31544e+01     2.08218e+02
    1.44602e+00     8.80937e+02     7.29936e+01     2.07316e+02
    1.45011e+00     8.78036e+02     7.23495e+01     2.06030e+02
    1.45420e+00     8.80370e+02     7.32533e+01     2.05015e+02
    1.45830e+00     8.77785e+02     7.21049e+01     2.04141e+02
    1.46239e+00     8.76768e+02     7.18504e+01     2.02463e+02
    1.46648e+00     8.75481e+02     7.19506e+01     2.02001e+02
    1.47056e+00     8.73829e+02     7.10715e+01     2.01079e+02
    1.47465e+00     8.71603e+02     7.08493e+01     1.99887e+02
    1.47874e+00     8.71350e+02     7.08593e+01     1.99252e+02
    1.48283e+00     8.70771e+02     7.04296e+01     1.98155e+02
    1.48693e+00     8.69346e+02     6.99575e+01     1.97120e+02
    1.49102e+00     8.67706e+02     7.01509e+01     1.96283e+02
    1.49511e+00     8.67357e+02     7.03339e+01     1.95367e+02
    1.49920e+00     8.66524e+02     6.94930e+01     1.93868e+02
    1.50329e+00     8.64753e+02     6.95340e+01     1.93104e+02
    1.50738e+00     8.62659e+02     6.92554e+01     1.92498e+02
    1.51148e+00     8.63375e+02     6.89350e+01     1.91377e+02
    1.51557e+00     8.60622e+02     6.89402e+01     1.91056e+02
    1.51965e+00     8.59353e+02     6.84885e+01     1.89490e+02
    1.52374e+00     8.58692e+02     6.82039e+01     1.88607e+02
    1.52784e+00     8.56338e+02     6.83536e+01     1.87887e+02
    1.53193e+00     8.57027e+02     6.81060e+01     1.86826e+02
    1.53602e+00     8.55458e+02     6.79658e+01     1.85830e+02
    1.54011e+00     8.53976e+02     6.77065e+01     1.84830e+02
    1.54420e+00     8.52396e+02     6.70587e+01     1.83864e+02
    1.54829e+00     8.52253e+02     6.71819e+01     1.83093e+02
    1.55238e+00     8.50532e+02     6.69465e+01     1.82309e+02
    1.55647e+00     8.49219e+02     6.69264e+01     1.81400e+02
    1.56056e+00     8.48053e+02     6.67689e+01     1.80497e+02
    1.56465e+00     8.45987e+02     6.64947e+01     1.79377e+02
    1.56874e+00     8.45569e+02     6.59819e+01     1.78950e+02
    1.57283e+00     8.43823e+02     6.59271e+01     1.77912e+02
    1.57693e+00     8.42819e+02     6.52247e+01     1.77050e+02
    1.58102e+00     8.40674e+02     6.51834e+01     1.76368e+02
    1.58510e+00     8.40601e+02     6.51771e+01     1.75012e+02
    1.58919e+00     8.40180e+02     6.49020e+01     1.74685e+02
    1.59329e+00     8.38175e+02     6.50857e+01     1.73335e+02
    1.59738e+00     8.35549e+02     6.44502e+01     1.72633e+02
    1.60147e+00     8.34265e+02     6.43072e+01     1.71669e+02
    1.60556e+00     8.35085e+02     6.48256e+01     1.71056e+02
    1.60965e+00     8.33069e+02     6.37255e+01     1.70363e+02
    1.61374e+00     8.31662e+02     6.38078e+01     1.69314e+02
    1.61783e+00     8.30558e+02     6.39518e+01     1.68428e+02
    1.62192e+00     8.29941e+02     6.34860e+01     1.67503e+02
    1.62601e+00     8.29684e+02     6.34030e+01     1.67046e+02
    1.63010e+00     8.26595e+02     6.24541e+01     1.65761e+02
    1.63419e+00     8.25724e+02     6.26876e+01     1.65025e+02
    1.63828e+00     8.25276e+02     6.27917e+01     1.64403e+02
    1.64238e+00     8.23651e+02     6.25164e+01     1.63568e+02
    1.64647e+00     8.21392e+02     6.21102e+01     1.62734e+02
    1.65055e+00     8.21320e+02     6.20014e+01     1.61942e+02
    1.65465e+00     8.18600e+02     6.18207e+01     1.61117e+02
    1.65874e+00     8.19200e+02     6.20529e+01     1.60426e+02
    1.66283e+00     8.17005e+02     6.15066e+01     1.59591e+02
    1.66691e+00     8.17122e+02     6.13699e+01     1.58622e+02
    1.67101e+00     8.15990e+02     6.09920e+01     1.58047e+02
    1.67510e+00     8.13633e+02     6.07796e+01     1.57384e+02
    1.67919e+00     8.12586e+02     6.10665e+01     1.56462e+02
    1.68328e+00     8.10993e+02     6.04027e+01     1.55474e+02
    1.68737e+00     8.10558e+02     6.05489e+01     1.54845e+02
    1.69146e+00     8.11126e+02     6.06053e+01     1.54264e+02
    1.69555e+00     8.07834e+02     6.07536e+01     1.53376e+02
    1.69964e+00     8.08436e+02     6.04552e+01     1.52701e+02
    1.70373e+00     8.05072e+02     6.03202e+01     1.51867e+02
    1.70782e+00     8.04987e+02     5.98091e+01     1.50998e+02
    1.71191e+00     8.03064e+02     5.93077e+01     1.50333e+02
    1.71600e+00     8.01452e+02     5.90519e+01     1.49732e+02
    1.72009e+00     8.00579e+02     5.89830e+01     1.48649e+02
    1.72418e+00     7.99292e+02     5.92637e+01     1.48226e+02
    1.72828e+00     8.00179e+02     5.89660e+01     1.47181e+02
    1.73237e+00     7.99071e+02     5.89308e+01     1.46782e+02
    1.73646e+00     7.96245e+02     5.83301e+01     1.45675e+02
    1.74055e+00     7.94917e+02     5.83172e+01     1.45079e+02
    1.74464e+00     7.94312e+02     5.80544e+01     1.44607e+02
    1.74874e+00     7.91790e+02     5.79824e+01     1.43646e+02
    1.75282e+00     7.91494e+02     5.80467e+01     1.43130e+02
    1.75691e+00     7.89934e+02     5.73121e+01     1.42333e+02
    1.76100e+00     7.90906e+02     5.77652e+01     1.41699e+02
    1.76509e+00     7.87239e+02     5.70145e+01     1.41096e+02
    1.76918e+00     7.86395e+02     5.69393e+01     1.40146e+02
    1.77327e+00     7.85521e+02     5.68724e+01     1.39595e+02
    1.77737e+00     7.83201e+02     5.68190e+01     1.38995e+02
    1.78146e+00     7.83932e+02     5.70271e+01     1.38211e+02
    1.78554e+00     7.82147e+02     5.66142e+01     1.37571e+02
    1.78964e+00     7.80059e+02     5.65581e+01     1.36590e+02
    1.79373e+00     7.80072e+02     5.59435e+01     1.36206e+02
    1.79782e+00     7.79082e+02     5.57249e+01     1.35396e+02
    1.80191e+00     7.76817e+02     5.57514e+01     1.34605e+02
    1.80600e+00     7.76097e+02     5.55469e+01     1.34094e+02
    1.81009e+00     7.75879e+02     5.55256e+01     1.33300e+02
    1.81418e+00     7.74393e+02     5.57780e+01     1.32745e+02
    1.81827e+00     7.71638e+02     5.50858e+01     1.32143e+02
    1.82236e+00     7.72443e+02     5.54406e+01     1.31519e+02
    1.82645e+00     7.70676e+02     5.52745e+01     1.30943e+02
    1.83054e+00     7.69204e+02     5.49122e+01     1.30179e+02
    1.83463e+00     7.67967e+02     5.46919e+01     1.29474e+02
    1.83872e+00     7.66752e+02     5.48943e+01     1.28777e+02
    1.84281e+00     7.65687e+02     5.43495e+01     1.28333e+02
    1.84691e+00     7.63263e+02     5.43772e+01     1.27690e+02
    1.85100e+00     7.63328e+02     5.47008e+01     1.26666e+02
    1.85509e+00     7.61695e+02     5.41284e+01     1.26382e+02
    1.85918e+00     7.60460e+02     5.38754e+01     1.25648e+02
    1.86327e+00     7.58345e+02     5.37394e+01     1.25106e+02
    1.86736e+00     7.57893e+02     5.34944e+01     1.24526e+02
    1.87145e+00     7.56475e+02     5.34702e+01     1.23741e+02
    1.87554e+00     7.56823e+02     5.35092e+01     1.23165e+02
    1.87963e+00     7.55653e+02     5.33194e+01     1.22403e+02
    1.88372e+00     7.54056e+02     5.30222e+01     1.22089e+02
    1.88781e+00     7.52919e+02     5.30859e+01     1.21480e+02
    1.89190e+00     7.51351e+02     5.27376e+01     1.20858e+02
    1.89599e+00     7.50208e+02     5.26042e+01     1.20303e+02
    1.90008e+00     7.49202e+02     5.26556e+01     1.19436e+02
    1.90417e+00     7.49021e+02     5.24165e+01     1.18958e+02
    1.90827e+00     7.47497e+02     5.22417e+01     1.18200e+02
    1.91236e+00     7.45734e+02     5.23528e+01     1.17996e+02
    1.91645e+00     7.44754e+02     5.23005e+01     1.17037e+02
    1.92054e+00     7.43150e+02     5.20363e+01     1.16802e+02
    1.92463e+00     7.42474e+02     5.16927e+01     1.16120e+02
    1.92872e+00     7.40545e+02     5.15181e+01     1.15401e+02
    1.93281e+00     7.40367e+02     5.14785e+01     1.14797e+02
    1.93690e+00     7.38266e+02     5.13673e+01     1.14090e+02
    1.94099e+00     7.37874e+02     5.12356e+01     1.13785e+02
    1.94508e+00     7.36635e+02     5.10802e+01     1.12994e+02
    1.94917e+00     7.34649e+02     5.10798e+01     1.12582e+02
    1.95326e+00     7.33963e+02     5.11262e+01     1.12167e+02
    1.95735e+00     7.33881e+02     5.05998e+01     1.11477e+02
    1.96144e+00     7.31683e+02     5.08083e+01     1.10925e+02
    1.96553e+00     7.30500e+02     5.04629e+01     1.10357e+02
    1.96962e+00     7.29151e+02     5.04688e+01     1.09738e+02
    1.97371e+00     7.28463e+02     5.03087e+01     1.09365e+02
    1.97781e+00     7.27614e+02     5.01646e+01     1.08622e+02
    1.98190e+00     7.25480e+02     4.99721e+01     1.08376e+02
    1.98599e+00     7.24837e+02     4.97382e+01     1.07622e+02
    1.99008e+00     7.22913e+02     4.96697e+01     1.07192e+02
    1.99417e+00     7.21483e+02     4.94645e+01     1.06386e+02
    1.99826e+00     7.21365e+02     4.94007e+01     1.05937e+02
    2.00235e+00     7.19402e+02     4.94976e+01     1.05545e+02
    2.00644e+00     7.18761e+02     4.92595e+01     1.04990e+02
    2.01053e+00     7.17932e+02     4.90960e+01     1.04457e+02
    2.01462e+00     7.16201e+02     4.90308e+01     1.03828e+02
    2.01871e+00     7.15943e+02     4.88190e+01     1.03531e+02
    2.02280e+00     7.14665e+02     4.89832e+01     1.02901e+02
    2.02689e+00     7.13468e+02     4.86559e+01     1.02304e+02
    2.03098e+00     7.12116e+02     4.84604e+01     1.01899e+02
    2.03507e+00     7.10201e+02     4.84747e+01     1.01304e+02
    2.03917e+00     7.09678e+02     4.81789e+01     1.00787e+02
    2.04325e+00     7.08683e+02     4.81136e+01     1.00403e+02
    2.04735e+00     7.07034e+02     4.79363e+01     9.96643e+01
    2.05143e+00     7.06252e+02     4.80659e+01     9.93902e+01
    2.05552e+00     7.04586e+02     4.75948e+01     9.87797e+01
    2.05962e+00     7.04162e+02     4.78995e+01     9.82445e+01
    2.06371e+00     7.02515e+02     4.74334e+01     9.77431e+01
    2.06780e+00     7.01621e+02     4.72063e+01     9.73192e+01
    2.07189e+00     6.99923e+02     4.69902e+01     9.68190e+01
    2.07598e+00     6.99735e+02     4.73076e+01     9.63709e+01
    2.08007e+00     6.98833e+02     4.70160e+01     9.60169e+01
    2.08416e+00     6.97183e+02     4.71723e+01     9.55232e+01
    2.08825e+00     6.96274e+02     4.67609e+01     9.48115e+01
    2.09234e+00     6.94295e+02     4.67044e+01     9.43497e+01
    2.09644e+00     6.93149e+02     4.65316e+01     9.39598e+01
    2.10053e+00     6.93121e+02     4.66262e+01     9.35714e+01
    2.10461e+00     6.91934e+02     4.64887e+01     9.30796e+01
    2.10870e+00     6.89904e+02     4.61632e+01     9.25060e+01
    2.11280e+00     6.89734e+02     4.61243e+01     9.20582e+01
    2.11688e+00     6.87906e+02     4.59137e+01     9.15450e+01
    2.12098e+00     6.87455e+02     4.59824e+01     9.12515e+01
    2.12507e+00     6.86147e+02     4.59226e+01     9.06187e+01
    2.12916e+00     6.85405e+02     4.57515e+01     9.01834e+01
    2.13325e+00     6.83655e+02     4.56658e+01     8.97679e+01
    2.13734e+00     6.82567e+02     4.54968e+01     8.93888e+01
    2.14143e+00     6.81588e+02     4.52539e+01     8.88322e+01
    2.14552e+00     6.80049e+02     4.53995e+01     8.83956e+01
    2.14961e+00     6.79042e+02     4.51268e+01     8.78585e+01
    2.15370e+00     6.78578e+02     4.51891e+01     8.75296e+01
    2.15779e+00     6.76844e+02     4.51228e+01     8.70424e+01
    2.16188e+00     6.75742e+02     4.46232e+01     8.64907e+01
    2.16597e+00     6.74573e+02     4.44891e+01     8.60883e+01
    2.17006e+00     6.73407e+02     4.46586e+01     8.57009e+01
    2.17416e+00     6.72419e+02     4.45283e+01     8.53237e+01
    2.17825e+00     6.70474e+02     4.42305e+01     8.48769e+01
    2.18234e+00     6.70044e+02     4.42309e+01     8.45334e+01
    2.18643e+00     6.68439e+02     4.39172e+01     8.40213e+01
    2.19052e+00     6.67437e+02     4.39975e+01     8.36418e+01
    2.19461e+00     6.67045e+02     4.39570e+01     8.31213e+01
    2.19870e+00     6.64072e+02     4.39011e+01     8.28007e+01
    2.20279e+00     6.63993e+02     4.39132e+01     8.23693e+01
    2.20688e+00     6.63365e+02     4.37914e+01     8.18766e+01
    2.21097e+00     6.62075e+02     4.34983e+01     8.15258e+01
    2.21506e+00     6.61289e+02     4.34263e+01     8.10804e+01
    2.21915e+00     6.59871e+02     4.31286e+01     8.06734e+01
    2.22324e+00     6.58074e+02     4.31323e+01     8.02157e+01
    2.22733e+00     6.57498e+02     4.29617e+01     7.98333e+01
    2.23142e+00     6.56350e+02     4.30093e+01     7.95347e+01
    2.23552e+00     6.54686e+02     4.28869e+01     7.91029e+01
    2.23961e+00     6.53741e+02     4.26136e+01     7.86250e+01
    2.24369e+00     6.53469e+02     4.24864e+01     7.82810e+01
    2.24779e+00     6.51680e+02     4.27140e+01     7.78596e+01
    2.25188e+00     6.51041e+02     4.25062e+01     7.75517e+01
    2.25597e+00     6.48982e+02     4.23576e+01     7.71144e+01
    2.26006e+00     6.48248e+02     4.20646e+01     7.67080e+01
    2.26415e+00     6.48047e+02     4.20126e+01     7.63496e+01
    2.26824e+00     6.46849e+02     4.18899e+01     7.58549e+01
    2.27233e+00     6.44473e+02     4.17254e+01     7.55203e+01
    2.27642e+00     6.43479e+02     4.15407e+01     7.50715e+01
    2.28051e+00     6.43597e+02     4.15498e+01     7.47469e+01
    2.28460e+00     6.41517e+02     4.13758e+01     7.44115e+01
    2.28869e+00     6.40754e+02     4.14040e+01     7.39754e+01
    2.29278e+00     6.39007e+02     4.14202e+01     7.35902e+01
    2.29687e+00     6.37683e+02     4.12929e+01     7.32573e+01
    2.30096e+00     6.36992e+02     4.12745e+01     7.28746e+01
    2.30506e+00     6.35982e+02     4.10996e+01     7.24811e+01
    2.30915e+00     6.35227e+02     4.10607e+01     7.21639e+01
    2.31324e+00     6.33539e+02     4.08253e+01     7.17854e+01
    2.31733e+00     6.32909e+02     4.06891e+01     7.13235e+01
    2.32142e+00     6.31836e+02     4.05757e+01     7.10999e+01
    2.32551e+00     6.30528e+02     4.06012e+01     7.06104e+01
    2.32960e+00     6.28608e+02     4.03837e+01     7.03188e+01
    2.33369e+00     6.28382e+02     4.02560e+01     6.99267e+01
    2.33778e+00     6.27340e+02     4.02473e+01     6.96617e+01
    2.34187e+00     6.24943e+02     4.01554e+01     6.92611e+01
    2.34596e+00     6.24940e+02     3.99543e+01     6.89272e+01
    2.35005e+00     6.24122e+02     3.99877e+01     6.84962e+01
    2.35414e+00     6.22532e+02     3.97804e+01     6.81668e+01
    2.35823e+00     6.21965e+02     3.95897e+01     6.78595e+01
    2.36232e+00     6.20253e+02     3.96899e+01     6.74935e+01
    2.36641e+00     6.19175e+02     3.96009e+01     6.71524e+01
    2.37051e+00     6.17766e+02     3.94984e+01     6.68217e+01
    2.37460e+00     6.16628e+02     3.91679e+01     6.64556e+01
    2.37869e+00     6.15233e+02     3.92054e+01     6.60668e+01
    2.38278e+00     6.14603e+02     3.90908e+01     6.57358e+01
    2.38687e+00     6.13572e+02     3.90009e+01     6.54838e+01
    2.39096e+00     6.12034e+02     3.89087e+01     6.50334e+01
    2.39505e+00     6.11497e+02     3.86125e+01     6.47799e+01
    2.39914e+00     6.10063e+02     3.88239e+01     6.44264e+01
    2.40323e+00     6.09924e+02     3.86360e+01     6.40596e+01
    2.40732e+00     6.08069e+02     3.85198e+01     6.37531e+01
    2.41141e+00     6.07272e+02     3.83852e+01     6.34656e+01
    2.41550e+00     6.05918e+02     3.82243e+01     6.30805e+01
    2.41959e+00     6.04600e+02     3.83811e+01     6.27954e+01
    2.42368e+00     6.04743e+02     3.80808e+01     6.25094e+01
    2.42777e+00     6.02238e+02     3.80046e+01     6.21543e+01
    2.43187e+00     6.01892e+02     3.80120e+01     6.18895e+01
    2.43596e+00     5.99653e+02     3.77736e+01     6.15256e+01
    2.44004e+00     5.99359e+02     3.78449e+01     6.12257e+01
    2.44414e+00     5.99054e+02     3.74057e+01     6.08305e+01
    2.44823e+00     5.96994e+02     3.75473e+01     6.06114e+01
    2.45232e+00     5.95478e+02     3.74844e+01     6.02519e+01
    2.45640e+00     5.95568e+02     3.74593e+01     6.00267e+01
    2.46050e+00     5.93925e+02     3.73690e+01     5.96737e+01
    2.46459e+00     5.92065e+02     3.72501e+01     5.93357e+01
    2.46868e+00     5.91357e+02     3.71544e+01     5.91133e+01
    2.47277e+00     5.90819e+02     3.71070e+01     5.87603e+01
    2.47686e+00     5.88801e+02     3.70372e+01     5.85095e+01
    2.48095e+00     5.87985e+02     3.67585e+01     5.81586e+01
    2.48504e+00     5.87646e+02     3.67458e+01     5.78340e+01
    2.48913e+00     5.86219e+02     3.67002e+01     5.75512e+01
    2.49322e+00     5.85051e+02     3.64375e+01     5.72461e+01
    2.49731e+00     5.84006e+02     3.63437e+01     5.69918e+01
    2.50141e+00     5.83298e+02     3.63497e+01     5.66915e+01
    2.50550e+00     5.82142e+02     3.63620e+01     5.63680e+01
    2.50959e+00     5.81117e+02     3.60657e+01     5.60105e+01
    2.51368e+00     5.79967e+02     3.62395e+01     5.58118e+01
    2.51777e+00     5.78855e+02     3.58965e+01     5.54976e+01
    2.52186e+00     5.78300e+02     3.60888e+01     5.52721e+01
    2.52595e+00     5.76282e+02     3.57976e+01     5.48822e+01
    2.53004e+00     5.75417e+02     3.57677e+01     5.46365e+01
    2.53413e+00     5.74474e+02     3.54365e+01     5.43022e+01
    2.53822e+00     5.73393e+02     3.53446e+01     5.40308e+01
    2.54231e+00     5.71917e+02     3.53860e+01     5.38247e+01
    2.54640e+00     5.71053e+02     3.53057e+01     5.35427e+01
    2.55049e+00     5.69981e+02     3.51999e+01     5.32671e+01
    2.55458e+00     5.69082e+02     3.50277e+01     5.29412e+01
    2.55867e+00     5.67806e+02     3.50101e+01     5.26834e+01
    2.56276e+00     5.67087e+02     3.49524e+01     5.24803e+01
    2.56685e+00     5.65647e+02     3.50034e+01     5.22446e+01
    2.57095e+00     5.64364e+02     3.47766e+01     5.19268e+01
    2.57504e+00     5.63747e+02     3.48111e+01     5.16706e+01
    2.57913e+00     5.62599e+02     3.46716e+01     5.13812e+01
    2.58322e+00     5.61804e+02     3.45234e+01     5.11295e+01
    2.58731e+00     5.60714e+02     3.43760e+01     5.07822e+01
    2.59140e+00     5.59816e+02     3.43203e+01     5.05485e+01
    2.59549e+00     5.58352e+02     3.42618e+01     5.03489e+01
    2.59958e+00     5.56594e+02     3.41130e+01     5.00084e+01
    2.60367e+00     5.55675e+02     3.39356e+01     4.97599e+01
    2.60776e+00     5.55062e+02     3.38641e+01     4.95499e+01
    2.61185e+00     5.54645e+02     3.39029e+01     4.92467e+01
    2.61594e+00     5.53543e+02     3.36747e+01     4.90042e+01
    2.62003e+00     5.52131e+02     3.37181e+01     4.87771e+01
    2.62412e+00     5.51039e+02     3.36518e+01     4.85566e+01
    2.62821e+00     5.49581e+02     3.34745e+01     4.83052e+01
    2.63230e+00     5.49410e+02     3.34766e+01     4.79757e+01
    2.63640e+00     5.48158e+02     3.33923e+01     4.77490e+01
    2.64049e+00     5.46802e+02     3.31701e+01     4.75446e+01
    2.64457e+00     5.45767e+02     3.32074e+01     4.72941e+01
    2.64867e+00     5.44624e+02     3.31936e+01     4.70799e+01
    2.65276e+00     5.44370e+02     3.30290e+01     4.67898e+01
    2.65685e+00     5.42540e+02     3.30131e+01     4.65867e+01
    2.66094e+00     5.41067e+02     3.27206e+01     4.62855e+01
    2.66503e+00     5.40853e+02     3.27784e+01     4.60415e+01
    2.66912e+00     5.39747e+02     3.26365e+01     4.58027e+01
    2.67321e+00     5.38398e+02     3.25434e+01     4.55816e+01
    2.67730e+00     5.37188e+02     3.23856e+01     4.53237e+01
    2.68139e+00     5.36119e+02     3.24131e+01     4.51304e+01
    2.68548e+00     5.35585e+02     3.23269e+01     4.48938e+01
    2.68957e+00     5.33661e+02     3.21819e+01     4.46289e+01
    2.69366e+00     5.33152e+02     3.21662e+01     4.44124e+01
    2.69776e+00     5.31839e+02     3.20386e+01     4.42422e+01
    2.70185e+00     5.30768e+02     3.19682e+01     4.39363e+01
    2.70594e+00     5.30050e+02     3.18514e+01     4.37075e+01
    2.71003e+00     5.28476e+02     3.17226e+01     4.35125e+01
    2.71412e+00     5.28163e+02     3.17004e+01     4.32669e+01
    2.71821e+00     5.26771e+02     3.16802e+01     4.30494e+01
    2.72230e+00     5.25736e+02     3.15231e+01     4.28194e+01
    2.72639e+00     5.24769e+02     3.14589e+01     4.25793e+01
    2.73048e+00     5.23742e+02     3.13970e+01     4.23781e+01
    2.73457e+00     5.22724e+02     3.12759e+01     4.21315e+01
    2.73866e+00     5.21982e+02     3.12555e+01     4.19562e+01
    2.74275e+00     5.20150e+02     3.10506e+01     4.16826e+01
    2.74684e+00     5.19551e+02     3.10835e+01     4.14916e+01
    2.75093e+00     5.19196e+02     3.09645e+01     4.12951e+01
    2.75502e+00     5.17272e+02     3.08474e+01     4.10712e+01
    2.75911e+00     5.16949e+02     3.08327e+01     4.08644e+01
    2.76320e+00     5.15878e+02     3.06493e+01     4.06102e+01
    2.76730e+00     5.14843e+02     3.06340e+01     4.04234e+01
    2.77139e+00     5.14000e+02     3.04994e+01     4.02201e+01
    2.77548e+00     5.13454e+02     3.04937e+01     4.00126e+01
    2.77957e+00     5.11380e+02     3.02775e+01     3.97816e+01
    2.78366e+00     5.11080e+02     3.02507e+01     3.96010e+01
    2.78775e+00     5.09872e+02     3.02404e+01     3.93944e+01
    2.79184e+00     5.08095e+02     3.00695e+01     3.91705e+01
    2.79593e+00     5.07535e+02     3.00122e+01     3.89429e+01
    2.80002e+00     5.07106e+02     2.99442e+01     3.87658e+01
    2.80411e+00     5.05140e+02     2.98259e+01     3.85508e+01
    2.80820e+00     5.04468e+02     2.97518e+01     3.83585e+01
    2.81229e+00     5.03357e+02     2.97131e+01     3.81515e+01
    2.81638e+00     5.02305e+02     2.95491e+01     3.79679e+01
    2.82047e+00     5.01926e+02     2.94818e+01     3.77497e+01
    2.82457e+00     5.00303e+02     2.94996e+01     3.76104e+01
    2.82866e+00     4.99498e+02     2.93834e+01     3.73605e+01
    2.83275e+00     4.97795e+02     2.91950e+01     3.71716e+01
    2.83684e+00     4.97539e+02     2.92382e+01     3.70006e+01
    2.84093e+00     4.95745e+02     2.90512e+01     3.67968e+01
    2.84502e+00     4.95686e+02     2.90493e+01     3.66102e+01
    2.84911e+00     4.94613e+02     2.90366e+01     3.64256e+01
    2.85320e+00     4.92869e+02     2.88804e+01     3.61903e+01
    2.85729e+00     4.92290e+02     2.88269e+01     3.60095e+01
    2.86138e+00     4.91603e+02     2.86546e+01     3.58586e+01
    2.86547e+00     4.90632e+02     2.86744e+01     3.56725e+01
    2.86956e+00     4.89313e+02     2.85222e+01     3.54691e+01
    2.87365e+00     4.88429e+02     2.85227e+01     3.52971e+01
    2.87774e+00     4.87216e+02     2.83510e+01     3.51082e+01
    2.88183e+00     4.86712e+02     2.83705e+01     3.49296e+01
    2.88592e+00     4.85032e+02     2.82227e+01     3.47365e+01
    2.89001e+00     4.84717e+02     2.80735e+01     3.45535e+01
    2.89410e+00     4.82999e+02     2.81233e+01     3.43787e+01
    2.89820e+00     4.82483e+02     2.80178e+01     3.41554e+01
    2.90229e+00     4.81575e+02     2.78898e+01     3.39836e+01
    2.90638e+00     4.80557e+02     2.78287e+01     3.38265e+01
    2.91047e+00     4.79858e+02     2.77949e+01     3.36284e+01
    2.91456e+00     4.78378e+02     2.76599e+01     3.34588e+01
    2.91865e+00     4.77581e+02     2.76296e+01     3.33061e+01
    2.92274e+00     4.76549e+02     2.74435e+01     3.31150e+01
    2.92683e+00     4.75412e+02     2.74644e+01     3.29722e+01
    2.93092e+00     4.74841e+02     2.73884e+01     3.27631e+01
    2.93501e+00     4.73816e+02     2.71775e+01     3.25821e+01
    2.93910e+00     4.72453e+02     2.72383e+01     3.24591e+01
    2.94319e+00     4.71821e+02     2.70697e+01     3.22567e+01
    2.94728e+00     4.70800e+02     2.70905e+01     3.21071e+01
    2.95137e+00     4.68934e+02     2.69139e+01     3.19306e+01
    2.95546e+00     4.68949e+02     2.69222e+01     3.17602e+01
    2.95955e+00     4.68240e+02     2.68190e+01     3.15923e+01
    2.96364e+00     4.66932e+02     2.68204e+01     3.14348e+01
    2.96774e+00     4.65824e+02     2.67241e+01     3.12664e+01
    2.97183e+00     4.64958e+02     2.66340e+01     3.11167e+01
    2.97592e+00     4.64101e+02     2.64570e+01     3.09497e+01
    2.98001e+00     4.63168e+02     2.65359e+01     3.07960e+01
    2.98410e+00     4.62511e+02     2.64005e+01     3.06303e+01
    2.98819e+00     4.60888e+02     2.62228e+01     3.04710e+01
    2.99228e+00     4.60582e+02     2.62131e+01     3.02880e+01
    2.99637e+00     4.59467e+02     2.61669e+01     3.01403e+01
    3.00046e+00     4.58672e+02     2.60185e+01     2.99588e+01
    3.00455e+00     4.58004e+02     2.60298e+01     2.98156e+01
    3.00864e+00     4.56651e+02     2.59019e+01     2.96270e+01
    3.01273e+00     4.55703e+02     2.57710e+01     2.94829e+01
    3.01682e+00     4.54022e+02     2.56718e+01     2.93465e+01
    3.02091e+00     4.53512e+02     2.56930e+01     2.91918e+01
    3.02500e+00     4.52597e+02     2.56021e+01     2.90289e+01
    3.02910e+00     4.52006e+02     2.55040e+01     2.88841e+01
    3.03319e+00     4.50801e+02     2.54291e+01     2.87333e+01
    3.03728e+00     4.49600e+02     2.53558e+01     2.85870e+01
    3.04137e+00     4.49543e+02     2.53283e+01     2.84432e+01
    3.04546e+00     4.48216e+02     2.52544e+01     2.83067e+01
    3.04955e+00     4.46628e+02     2.50929e+01     2.81107e+01
    3.05364e+00     4.45942e+02     2.50074e+01     2.79829e+01
    3.05773e+00     4.45490e+02     2.50260e+01     2.78722e+01
    3.06182e+00     4.44284e+02     2.49778e+01     2.76772e+01
    3.06591e+00     4.43364e+02     2.48489e+01     2.75340e+01
    3.07000e+00     4.42241e+02     2.48290e+01     2.74012e+01
    3.07409e+00     4.41774e+02     2.47344e+01     2.72477e+01
    3.07818e+00     4.40684e+02     2.46488e+01     2.71057e+01
    3.08227e+00     4.39660e+02     2.45864e+01     2.69531e+01
    3.08636e+00     4.38535e+02     2.44731e+01     2.68231e+01
    3.09045e+00     4.38068e+02     2.44067e+01     2.66853e+01
    3.09454e+00     4.36873e+02     2.43768e+01     2.65582e+01
    3.09863e+00     4.36290e+02     2.42591e+01     2.63915e+01
    3.10272e+00     4.35091e+02     2.42303e+01     2.62405e+01
    3.10682e+00     4.34293e+02     2.41510e+01     2.61215e+01
    3.11091e+00     4.33324e+02     2.40100e+01     2.59893e+01
    3.11500e+00     4.32837e+02     2.40071e+01     2.58464e+01
    3.11909e+00     4.31383e+02     2.39306e+01     2.57377e+01
    3.12318e+00     4.30730e+02     2.38928e+01     2.55798e+01
    3.12727e+00     4.29980e+02     2.38646e+01     2.54734e+01
    3.13136e+00     4.28347e+02     2.36933e+01     2.53054e+01
    3.13545e+00     4.27634e+02     2.36171e+01     2.51864e+01
    3.13954e+00     4.27074e+02     2.35688e+01     2.50677e+01
    3.14363e+00     4.26030e+02     2.34747e+01     2.48940e+01
    3.14772e+00     4.25593e+02     2.35272e+01     2.48030e+01
    3.15181e+00     4.24282e+02     2.34027e+01     2.46436e+01
    3.15590e+00     4.23373e+02     2.32546e+01     2.45214e+01
    3.16000e+00     4.22235e+02     2.32659e+01     2.44008e+01
    3.16409e+00     4.21733e+02     2.31225e+01     2.42819e+01
    3.16818e+00     4.20626e+02     2.30588e+01     2.41468e+01
    3.17227e+00     4.19680e+02     2.29858e+01     2.39957e+01
    3.17636e+00     4.19304e+02     2.29583e+01     2.38770e+01
    3.18045e+00     4.18047e+02     2.28917e+01     2.37421e+01
    3.18454e+00     4.17360e+02     2.29076e+01     2.36493e+01
    3.18863e+00     4.16142e+02     2.26990e+01     2.34950e+01
    3.19272e+00     4.15537e+02     2.27231e+01     2.33868e+01
    3.19681e+00     4.14809e+02     2.26667e+01     2.32932e+01
    3.20090e+00     4.13777e+02     2.25325e+01     2.31413e+01
    3.20499e+00     4.12785e+02     2.24317e+01     2.30185e+01
    3.20908e+00     4.11680e+02     2.24041e+01     2.28901e+01
    3.21317e+00     4.11045e+02     2.23613e+01     2.27905e+01
    3.21726e+00     4.10067e+02     2.22569e+01     2.26513e+01
    3.22135e+00     4.09582e+02     2.21624e+01     2.25359e+01
    3.22545e+00     4.08483e+02     2.22004e+01     2.24303e+01
    3.22954e+00     4.07530e+02     2.20465e+01     2.22853e+01
    3.23363e+00     4.06774e+02     2.20267e+01     2.21950e+01
    3.23772e+00     4.05655e+02     2.19581e+01     2.20558e+01
    3.24181e+00     4.04749e+02     2.18725e+01     2.19392e+01
    3.24590e+00     4.04221e+02     2.18436e+01     2.18343e+01
    3.24999e+00     4.03517e+02     2.17924e+01     2.17168e+01
    3.25408e+00     4.02470e+02     2.16722e+01     2.15921e+01
    3.25817e+00     4.01374e+02     2.16042e+01     2.14884e+01
    3.26226e+00     4.01140e+02     2.15126e+01     2.13576e+01
    3.26635e+00     4.00072e+02     2.14903e+01     2.12634e+01
    3.27044e+00     3.99368e+02     2.14338e+01     2.11495e+01
    3.27453e+00     3.98165e+02     2.13920e+01     2.10446e+01
    3.27862e+00     3.97177e+02     2.13312e+01     2.09293e+01
    3.28271e+00     3.96551e+02     2.11810e+01     2.08011e+01
    3.28681e+00     3.95836e+02     2.11402e+01     2.07115e+01
    3.29090e+00     3.94866e+02     2.10826e+01     2.05850e+01
    3.29499e+00     3.94096e+02     2.10135e+01     2.04784e+01
    3.29908e+00     3.93101e+02     2.10027e+01     2.03821e+01
    3.30317e+00     3.92384e+02     2.08729e+01     2.02545e+01
    3.30725e+00     3.91281e+02     2.08648e+01     2.01602e+01
    3.31135e+00     3.90538e+02     2.07531e+01     2.00600e+01
    3.31544e+00     3.89821e+02     2.07697e+01     1.99511e+01
    3.31953e+00     3.89086e+02     2.07254e+01     1.98597e+01
    3.32362e+00     3.88296e+02     2.06233e+01     1.97416e+01
    3.32771e+00     3.87456e+02     2.04758e+01     1.96231e+01
    3.33180e+00     3.86134e+02     2.03754e+01     1.95215e+01
    3.33589e+00     3.85752e+02     2.04034e+01     1.94481e+01
    3.33998e+00     3.84787e+02     2.03448e+01     1.93579e+01
    3.34407e+00     3.83937e+02     2.03008e+01     1.92321e+01
    3.34816e+00     3.83573e+02     2.02375e+01     1.91294e+01
    3.35226e+00     3.82306e+02     2.01352e+01     1.90348e+01
    3.35634e+00     3.81465e+02     2.01104e+01     1.89238e+01
    3.36043e+00     3.80530e+02     2.00535e+01     1.88302e+01
    3.36453e+00     3.80291e+02     2.00017e+01     1.87319e+01
    3.36862e+00     3.79058e+02     1.98955e+01     1.86450e+01
    3.37271e+00     3.78455e+02     1.98513e+01     1.85318e+01
    3.37680e+00     3.77716e+02     1.97940e+01     1.84371e+01
    3.38089e+00     3.76590e+02     1.97042e+01     1.83577e+01
    3.38498e+00     3.76042e+02     1.96891e+01     1.82393e+01
    3.38907e+00     3.75077e+02     1.95545e+01     1.81415e+01
    3.39316e+00     3.74219e+02     1.95729e+01     1.80561e+01
    3.39725e+00     3.73485e+02     1.95002e+01     1.79645e+01
    3.40134e+00     3.72749e+02     1.94525e+01     1.78660e+01
    3.40543e+00     3.72152e+02     1.93883e+01     1.77786e+01
    3.40952e+00     3.71140e+02     1.93181e+01     1.76739e+01
    3.41362e+00     3.70697e+02     1.92587e+01     1.75816e+01
    3.41770e+00     3.69694e+02     1.91864e+01     1.74906e+01
    3.42179e+00     3.68978e+02     1.91819e+01     1.74150e+01
    3.42588e+00     3.67867e+02     1.91110e+01     1.73187e+01
    3.42997e+00     3.67409e+02     1.89955e+01     1.72013e+01
    3.43406e+00     3.66548e+02     1.89458e+01     1.71195e+01
    3.43816e+00     3.65638e+02     1.89207e+01     1.70387e+01
    3.44225e+00     3.65047e+02     1.88454e+01     1.69479e+01
    3.44634e+00     3.64009e+02     1.87916e+01     1.68576e+01
    3.45043e+00     3.63726e+02     1.87699e+01     1.67738e+01
    3.45452e+00     3.62471e+02     1.86631e+01     1.66881e+01
    3.45861e+00     3.61971e+02     1.86645e+01     1.66072e+01
    3.46270e+00     3.61188e+02     1.85587e+01     1.65222e+01
    3.46679e+00     3.60368e+02     1.84967e+01     1.64362e+01
    3.47088e+00     3.59651e+02     1.84481e+01     1.63353e+01
    3.47497e+00     3.59090e+02     1.84116e+01     1.62536e+01
    3.47906e+00     3.57731e+02     1.83653e+01     1.61826e+01
    3.48315e+00     3.57212e+02     1.82896e+01     1.60999e+01
    3.48725e+00     3.56670e+02     1.82406e+01     1.60086e+01
    3.49134e+00     3.56164e+02     1.81836e+01     1.59235e+01
    3.49543e+00     3.55043e+02     1.81454e+01     1.58519e+01
    3.49952e+00     3.54168e+02     1.81179e+01     1.57579e+01
    3.50361e+00     3.53598e+02     1.80552e+01     1.56912e+01
    3.50770e+00     3.52780e+02     1.79167e+01     1.55879e+01
    3.51179e+00     3.52192e+02     1.79254e+01     1.55118e+01
    3.51588e+00     3.51413e+02     1.78174e+01     1.54236e+01
    3.51997e+00     3.50549e+02     1.78274e+01     1.53522e+01
    3.52406e+00     3.50073e+02     1.77930e+01     1.52573e+01
    3.52815e+00     3.48873e+02     1.77159e+01     1.51952e+01
    3.53224e+00     3.48767e+02     1.76839e+01     1.51152e+01
    3.53633e+00     3.47642e+02     1.76187e+01     1.50463e+01
    3.54042e+00     3.46892e+02     1.75212e+01     1.49469e+01
    3.54451e+00     3.45979e+02     1.74866e+01     1.48836e+01
    3.54860e+00     3.45333e+02     1.74218e+01     1.48000e+01
    3.55270e+00     3.44720e+02     1.73290e+01     1.47130e+01
    3.55679e+00     3.44023e+02     1.73370e+01     1.46539e+01
    3.56088e+00     3.43221e+02     1.72807e+01     1.45672e+01
    3.56497e+00     3.42591e+02     1.72188e+01     1.44996e+01
    3.56906e+00     3.41732e+02     1.71207e+01     1.44122e+01
    3.57315e+00     3.41218e+02     1.71282e+01     1.43535e+01
    3.57724e+00     3.40185e+02     1.70541e+01     1.42843e+01
    3.58133e+00     3.39707e+02     1.70420e+01     1.42121e+01
    3.58542e+00     3.38904e+02     1.69259e+01     1.41255e+01
    3.58951e+00     3.38335e+02     1.69016e+01     1.40690e+01
    3.59360e+00     3.37400e+02     1.68365e+01     1.39836e+01
    3.59769e+00     3.36798e+02     1.68156e+01     1.39239e+01
    3.60178e+00     3.35904e+02     1.67277e+01     1.38378e+01
    3.60587e+00     3.35112e+02     1.66759e+01     1.37656e+01
    3.60996e+00     3.34661e+02     1.66121e+01     1.37051e+01
    3.61405e+00     3.34047e+02     1.66429e+01     1.36254e+01
    3.61814e+00     3.33448e+02     1.65215e+01     1.35545e+01
    3.62224e+00     3.32568e+02     1.64847e+01     1.34872e+01
    3.62633e+00     3.31869e+02     1.64717e+01     1.34231e+01
    3.63042e+00     3.31155e+02     1.63776e+01     1.33530e+01
    3.63451e+00     3.30408e+02     1.63134e+01     1.32891e+01
    3.63860e+00     3.29942e+02     1.62608e+01     1.32099e+01
    3.64269e+00     3.28938e+02     1.62461e+01     1.31511e+01
    3.64678e+00     3.28438e+02     1.61605e+01     1.30765e+01
    3.65087e+00     3.27821e+02     1.61436e+01     1.30197e+01
    3.65496e+00     3.27056e+02     1.60749e+01     1.29437e+01
    3.65905e+00     3.26361e+02     1.60527e+01     1.28797e+01
    3.66314e+00     3.25694e+02     1.60106e+01     1.28093e+01
    3.66723e+00     3.25144e+02     1.59452e+01     1.27530e+01
    3.67132e+00     3.24417e+02     1.58683e+01     1.26817e+01
    3.67541e+00     3.23469e+02     1.58446e+01     1.26199e+01
    3.67950e+00     3.23152e+02     1.58004e+01     1.25585e+01
    3.68359e+00     3.22634e+02     1.58108e+01     1.24979e+01
    3.68769e+00     3.21694e+02     1.57106e+01     1.24302e+01
    3.69177e+00     3.21020e+02     1.56338e+01     1.23653e+01
    3.69587e+00     3.20239e+02     1.55875e+01     1.23042e+01
    3.69996e+00     3.19729e+02     1.55536e+01     1.22423e+01
    3.70405e+00     3.18978e+02     1.55268e+01     1.21876e+01
    3.70814e+00     3.18469e+02     1.54755e+01     1.21188e+01
    3.71223e+00     3.18079e+02     1.54445e+01     1.20555e+01
    3.71632e+00     3.17046e+02     1.54132e+01     1.19951e+01
    3.72041e+00     3.16601e+02     1.52932e+01     1.19428e+01
    3.72450e+00     3.15849e+02     1.53089e+01     1.18821e+01
    3.72859e+00     3.15182e+02     1.52662e+01     1.18261e+01
    3.73268e+00     3.14448e+02     1.52071e+01     1.17564e+01
    3.73677e+00     3.14058e+02     1.51887e+01     1.16958e+01
    3.74086e+00     3.13088e+02     1.50927e+01     1.16424e+01
    3.74495e+00     3.12492e+02     1.50478e+01     1.15772e+01
    3.74905e+00     3.11924e+02     1.50284e+01     1.15142e+01
    3.75313e+00     3.11438e+02     1.49790e+01     1.14616e+01
    3.75722e+00     3.10704e+02     1.49214e+01     1.14004e+01
    3.76131e+00     3.09769e+02     1.48847e+01     1.13608e+01
    3.76541e+00     3.09405e+02     1.48436e+01     1.12928e+01
    3.76950e+00     3.08434e+02     1.47823e+01     1.12446e+01
    3.77359e+00     3.08261e+02     1.47285e+01     1.11840e+01
    3.77768e+00     3.07375e+02     1.46900e+01     1.11220e+01
    3.78177e+00     3.06952e+02     1.46517e+01     1.10806e+01
    3.78586e+00     3.06351e+02     1.46371e+01     1.10199e+01
    3.78995e+00     3.05722e+02     1.45834e+01     1.09629e+01
    3.79404e+00     3.05198e+02     1.45169e+01     1.09066e+01
    3.79813e+00     3.04282e+02     1.44901e+01     1.08637e+01
    3.80222e+00     3.04033e+02     1.44694e+01     1.08057e+01
    3.80632e+00     3.03173e+02     1.43947e+01     1.07534e+01
    3.81040e+00     3.02556e+02     1.43506e+01     1.06963e+01
    3.81449e+00     3.01917e+02     1.43147e+01     1.06434e+01
    3.81859e+00     3.01446e+02     1.42762e+01     1.05973e+01
    3.82268e+00     3.00619e+02     1.41974e+01     1.05380e+01
    3.82677e+00     2.99970e+02     1.42017e+01     1.04935e+01
    3.83086e+00     2.99399e+02     1.41230e+01     1.04391e+01
    3.83495e+00     2.99012e+02     1.41143e+01     1.03896e+01
    3.83904e+00     2.98233e+02     1.40494e+01     1.03366e+01
    3.84313e+00     2.97866e+02     1.40051e+01     1.02959e+01
    3.84722e+00     2.97195e+02     1.39656e+01     1.02336e+01
    3.85131e+00     2.96559e+02     1.39293e+01     1.01835e+01
    3.85540e+00     2.96075e+02     1.38890e+01     1.01398e+01
    3.85949e+00     2.95622e+02     1.38668e+01     1.01016e+01
    3.86358e+00     2.94870e+02     1.38264e+01     1.00378e+01
    3.86768e+00     2.94233e+02     1.37705e+01     9.99619e+00
    3.87177e+00     2.93493e+02     1.37244e+01     9.94806e+00
    3.87585e+00     2.92944e+02     1.36711e+01     9.89696e+00
    3.87994e+00     2.92730e+02     1.36888e+01     9.84822e+00
    3.88403e+00     2.92051e+02     1.36162e+01     9.80687e+00
    3.88813e+00     2.91199e+02     1.35716e+01     9.75733e+00
    3.89222e+00     2.90875e+02     1.35550e+01     9.71523e+00
    3.89631e+00     2.90212e+02     1.34784e+01     9.66047e+00
    3.90040e+00     2.89588e+02     1.34827e+01     9.62406e+00
    3.90449e+00     2.88946e+02     1.33909e+01     9.57694e+00
    3.90858e+00     2.88600e+02     1.33697e+01     9.52172e+00
    3.91267e+00     2.87806e+02     1.33593e+01     9.48915e+00
    3.91676e+00     2.87551e+02     1.32976e+01     9.44094e+00
    3.92085e+00     2.87085e+02     1.32832e+01     9.39328e+00
    3.92494e+00     2.86186e+02     1.32227e+01     9.34978e+00
    3.92903e+00     2.85996e+02     1.31912e+01     9.30875e+00
    3.93312e+00     2.85196e+02     1.31661e+01     9.26647e+00
    3.93721e+00     2.84560e+02     1.31149e+01     9.21878e+00
    3.94130e+00     2.83983e+02     1.30409e+01     9.17415e+00
    3.94539e+00     2.83542e+02     1.30252e+01     9.13011e+00
    3.94949e+00     2.82958e+02     1.29935e+01     9.09493e+00
    3.95358e+00     2.82423e+02     1.29439e+01     9.04807e+00
    3.95767e+00     2.81945e+02     1.29282e+01     9.01542e+00
    3.96176e+00     2.81368e+02     1.28870e+01     8.97057e+00
    3.96585e+00     2.80918e+02     1.28613e+01     8.92219e+00
    3.96994e+00     2.80222e+02     1.28213e+01     8.88067e+00
    3.97403e+00     2.79750e+02     1.27927e+01     8.83956e+00
    3.97812e+00     2.79478e+02     1.27510e+01     8.80344e+00
    3.98221e+00     2.78682e+02     1.27252e+01     8.75752e+00
    3.98630e+00     2.78075e+02     1.26559e+01     8.72643e+00
    3.99039e+00     2.77672e+02     1.26199e+01     8.67297e+00
    3.99448e+00     2.77163e+02     1.26033e+01     8.64548e+00
    3.99857e+00     2.76552e+02     1.25790e+01     8.60333e+00
    4.00266e+00     2.76106e+02     1.25650e+01     8.56448e+00
    4.00675e+00     2.75652e+02     1.25056e+01     8.52390e+00
    4.01085e+00     2.75227e+02     1.25039e+01     8.48779e+00
    4.01494e+00     2.74570e+02     1.24627e+01     8.45889e+00
    4.01902e+00     2.74039e+02     1.24076e+01     8.41542e+00
    4.02312e+00     2.73489e+02     1.23826e+01     8.37661e+00
    4.02721e+00     2.73054e+02     1.23520e+01     8.33884e+00
    4.03130e+00     2.72366e+02     1.23016e+01     8.30270e+00
    4.03539e+00     2.71916e+02     1.22677e+01     8.26862e+00
    4.03948e+00     2.71552e+02     1.22155e+01     8.23009e+00
    4.04357e+00     2.71037e+02     1.22057e+01     8.19194e+00
    4.04766e+00     2.70550e+02     1.21549e+01     8.16139e+00
    4.05175e+00     2.69904e+02     1.21407e+01     8.12222e+00
    4.05584e+00     2.69429e+02     1.20937e+01     8.09001e+00
    4.05993e+00     2.69312e+02     1.21044e+01     8.05294e+00
    4.06402e+00     2.68359e+02     1.20443e+01     8.02132e+00
    4.06811e+00     2.68051e+02     1.20055e+01     7.98378e+00
    4.07220e+00     2.67646e+02     1.19901e+01     7.95060e+00
    4.07630e+00     2.67152e+02     1.19622e+01     7.91871e+00
    4.08038e+00     2.66756e+02     1.19262e+01     7.88246e+00
    4.08447e+00     2.66308e+02     1.18824e+01     7.84574e+00
    4.08857e+00     2.65652e+02     1.18479e+01     7.81532e+00
    4.09266e+00     2.65110e+02     1.18334e+01     7.78245e+00
    4.09675e+00     2.64643e+02     1.17697e+01     7.74513e+00
    4.10084e+00     2.64291e+02     1.17530e+01     7.71377e+00
    4.10493e+00     2.63534e+02     1.17109e+01     7.68591e+00
    4.10902e+00     2.63274e+02     1.16881e+01     7.64936e+00
    4.11311e+00     2.62861e+02     1.16741e+01     7.62395e+00
    4.11720e+00     2.62396e+02     1.16312e+01     7.58739e+00
    4.12129e+00     2.61774e+02     1.16001e+01     7.55502e+00
    4.12538e+00     2.61493e+02     1.15747e+01     7.52647e+00
    4.12947e+00     2.60915e+02     1.15336e+01     7.49687e+00
    4.13356e+00     2.60315e+02     1.14968e+01     7.46223e+00
    4.13765e+00     2.60197e+02     1.14942e+01     7.43240e+00
    4.14175e+00     2.59610e+02     1.14523e+01     7.40425e+00
    4.14584e+00     2.59171e+02     1.14335e+01     7.37403e+00
    4.14993e+00     2.58803e+02     1.13988e+01     7.34163e+00
    4.15402e+00     2.58295e+02     1.13859e+01     7.31792e+00
    4.15811e+00     2.57966e+02     1.13469e+01     7.28562e+00
    4.16220e+00     2.57339e+02     1.13048e+01     7.25472e+00
    4.16629e+00     2.56917e+02     1.12706e+01     7.22971e+00
    4.17038e+00     2.56514e+02     1.12542e+01     7.19057e+00
    4.17447e+00     2.56080e+02     1.12310e+01     7.17754e+00
    4.17856e+00     2.55496e+02     1.11892e+01     7.13717e+00
    4.18265e+00     2.55277e+02     1.11814e+01     7.11428e+00
    4.18674e+00     2.54666e+02     1.11279e+01     7.08482e+00
