# Real space h-h auto- and h-m cross-spectra.
# z=1.000, 13.000<lgM<13.500
#      k[h/Mpc]            P_hh            P_hm
    0.00000e+00     0.00000e+00     0.00000e+00
    5.79404e-03     2.88278e+04     1.07335e+04
    1.04717e-02     4.23566e+04     1.53971e+04
    1.42665e-02     4.92234e+04     2.00528e+04
    1.81228e-02     6.05415e+04     2.47784e+04
    2.24845e-02     5.62842e+04     2.18528e+04
    2.64508e-02     5.34230e+04     2.15459e+04
    3.04474e-02     3.99337e+04     1.52775e+04
    3.47320e-02     4.10413e+04     1.57044e+04
    3.88308e-02     3.36023e+04     1.27510e+04
    4.28140e-02     3.33335e+04     1.25691e+04
    4.68856e-02     3.15236e+04     1.15231e+04
    5.09858e-02     3.03712e+04     1.10812e+04
    5.51458e-02     2.78470e+04     1.00385e+04
    5.92243e-02     2.72153e+04     9.70632e+03
    6.32864e-02     2.55689e+04     9.12815e+03
    6.73674e-02     2.59429e+04     9.14573e+03
    7.14960e-02     2.47279e+04     8.59967e+03
    7.55894e-02     2.33032e+04     7.98222e+03
    7.96660e-02     2.14360e+04     7.35442e+03
    8.38183e-02     2.08953e+04     7.01380e+03
    8.78941e-02     1.90949e+04     6.31191e+03
    9.19238e-02     1.81247e+04     5.83289e+03
    9.60446e-02     1.73120e+04     5.43081e+03
    1.00128e-01     1.62394e+04     5.03963e+03
    1.04209e-01     1.52225e+04     4.69428e+03
    1.08333e-01     1.45854e+04     4.40163e+03
    1.12448e-01     1.49450e+04     4.46887e+03
    1.16521e-01     1.45323e+04     4.27200e+03
    1.20596e-01     1.38289e+04     4.04015e+03
    1.24665e-01     1.38647e+04     4.03234e+03
    1.28771e-01     1.33502e+04     3.84453e+03
    1.32874e-01     1.30365e+04     3.69963e+03
    1.36975e-01     1.24919e+04     3.48803e+03
    1.41075e-01     1.22394e+04     3.33948e+03
    1.45172e-01     1.20145e+04     3.23083e+03
    1.49268e-01     1.13255e+04     2.95657e+03
    1.53330e-01     1.13196e+04     2.92137e+03
    1.57416e-01     1.08145e+04     2.76535e+03
    1.61514e-01     1.07889e+04     2.66958e+03
    1.65592e-01     1.03553e+04     2.53883e+03
    1.69693e-01     1.00791e+04     2.45030e+03
    1.73803e-01     9.93681e+03     2.36541e+03
    1.77905e-01     9.79878e+03     2.31592e+03
    1.82001e-01     9.65379e+03     2.25093e+03
    1.86092e-01     9.45590e+03     2.18367e+03
    1.90161e-01     9.44034e+03     2.15361e+03
    1.94237e-01     9.08779e+03     2.01783e+03
    1.98334e-01     9.21150e+03     2.06022e+03
    2.02427e-01     9.13387e+03     2.00241e+03
    2.06523e-01     8.81805e+03     1.90334e+03
    2.10626e-01     8.66702e+03     1.83477e+03
    2.14724e-01     8.52456e+03     1.76440e+03
    2.18827e-01     8.44512e+03     1.74664e+03
    2.22903e-01     8.38654e+03     1.69580e+03
    2.26990e-01     8.21486e+03     1.64809e+03
    2.31084e-01     8.12255e+03     1.60445e+03
    2.35153e-01     7.98421e+03     1.54430e+03
    2.39244e-01     7.86518e+03     1.51760e+03
    2.43338e-01     7.84396e+03     1.47693e+03
    2.47445e-01     7.75095e+03     1.45450e+03
    2.51539e-01     7.63624e+03     1.40894e+03
    2.55609e-01     7.57672e+03     1.38848e+03
    2.59718e-01     7.51654e+03     1.35698e+03
    2.63814e-01     7.54697e+03     1.34333e+03
    2.67904e-01     7.36034e+03     1.29855e+03
    2.71993e-01     7.28914e+03     1.27067e+03
    2.76068e-01     7.22934e+03     1.24051e+03
    2.80171e-01     7.13715e+03     1.21161e+03
    2.84268e-01     7.07992e+03     1.18585e+03
    2.88346e-01     7.04468e+03     1.16734e+03
    2.92426e-01     6.95852e+03     1.13604e+03
    2.96514e-01     6.91942e+03     1.11747e+03
    3.00627e-01     6.84151e+03     1.09814e+03
    3.04729e-01     6.80854e+03     1.07409e+03
    3.08821e-01     6.77786e+03     1.06972e+03
    3.12919e-01     6.76703e+03     1.05045e+03
    3.16999e-01     6.65304e+03     1.02380e+03
    3.21078e-01     6.55244e+03     9.88877e+02
    3.25167e-01     6.56807e+03     9.88233e+02
    3.29247e-01     6.48768e+03     9.62691e+02
    3.33333e-01     6.46818e+03     9.52334e+02
    3.37443e-01     6.45310e+03     9.38542e+02
    3.41545e-01     6.45453e+03     9.27486e+02
    3.45625e-01     6.35738e+03     9.04961e+02
    3.49715e-01     6.33047e+03     8.86623e+02
    3.53817e-01     6.28948e+03     8.79232e+02
    3.57906e-01     6.27030e+03     8.59721e+02
    3.61975e-01     6.15816e+03     8.38731e+02
    3.66071e-01     6.20352e+03     8.38531e+02
    3.70189e-01     6.21768e+03     8.28656e+02
    3.74277e-01     6.09450e+03     8.09108e+02
    3.78356e-01     6.07141e+03     7.97424e+02
    3.82448e-01     6.02490e+03     7.84062e+02
    3.86535e-01     6.03973e+03     7.80246e+02
    3.90624e-01     6.02403e+03     7.74015e+02
    3.94706e-01     5.97613e+03     7.60605e+02
    3.98794e-01     5.91496e+03     7.40019e+02
    4.02896e-01     5.93891e+03     7.36888e+02
    4.06986e-01     5.84927e+03     7.26989e+02
    4.11069e-01     5.83958e+03     7.14170e+02
    4.15170e-01     5.84854e+03     7.05070e+02
    4.19263e-01     5.80733e+03     6.99851e+02
    4.23353e-01     5.79056e+03     6.90527e+02
    4.27447e-01     5.78117e+03     6.80656e+02
    4.31534e-01     5.72727e+03     6.73578e+02
    4.35624e-01     5.69212e+03     6.62133e+02
    4.39718e-01     5.68950e+03     6.54835e+02
    4.43804e-01     5.68599e+03     6.49972e+02
    4.47892e-01     5.66693e+03     6.43486e+02
    4.51977e-01     5.58909e+03     6.26902e+02
    4.56067e-01     5.59028e+03     6.26712e+02
    4.60165e-01     5.57485e+03     6.18534e+02
    4.64260e-01     5.57712e+03     6.15685e+02
    4.68355e-01     5.52490e+03     6.01439e+02
    4.72450e-01     5.56788e+03     5.98403e+02
    4.76540e-01     5.54211e+03     5.95718e+02
    4.80633e-01     5.49279e+03     5.87688e+02
    4.84718e-01     5.49895e+03     5.81402e+02
    4.88794e-01     5.45732e+03     5.69528e+02
    4.92888e-01     5.46054e+03     5.69094e+02
    4.96984e-01     5.39806e+03     5.58618e+02
    5.01073e-01     5.41537e+03     5.55393e+02
    5.05169e-01     5.35867e+03     5.45410e+02
    5.09268e-01     5.37111e+03     5.42949e+02
    5.13369e-01     5.37288e+03     5.42310e+02
    5.17441e-01     5.37222e+03     5.38260e+02
    5.21516e-01     5.34905e+03     5.32695e+02
    5.25611e-01     5.29245e+03     5.23126e+02
    5.29706e-01     5.27287e+03     5.16332e+02
    5.33801e-01     5.24459e+03     5.08793e+02
    5.37888e-01     5.26646e+03     5.10437e+02
    5.41985e-01     5.26311e+03     5.10901e+02
    5.46091e-01     5.21336e+03     4.96374e+02
    5.50174e-01     5.22136e+03     4.94961e+02
    5.54252e-01     5.21399e+03     4.91813e+02
    5.58346e-01     5.18516e+03     4.84446e+02
    5.62439e-01     5.17213e+03     4.78592e+02
    5.66527e-01     5.15473e+03     4.77296e+02
    5.70616e-01     5.16069e+03     4.75208e+02
    5.74707e-01     5.12981e+03     4.68056e+02
    5.78798e-01     5.12736e+03     4.66039e+02
    5.82883e-01     5.11465e+03     4.62123e+02
    5.86977e-01     5.10003e+03     4.58011e+02
    5.91070e-01     5.07176e+03     4.53886e+02
    5.95166e-01     5.08494e+03     4.51433e+02
    5.99260e-01     5.05663e+03     4.44460e+02
    6.03349e-01     5.04034e+03     4.41593e+02
    6.07445e-01     5.05176e+03     4.41390e+02
    6.11543e-01     5.04089e+03     4.36756e+02
    6.15623e-01     5.03506e+03     4.35962e+02
    6.19704e-01     5.00475e+03     4.27005e+02
    6.23792e-01     4.99546e+03     4.26265e+02
    6.27891e-01     4.99909e+03     4.25520e+02
    6.31991e-01     4.98270e+03     4.17966e+02
    6.36073e-01     4.96842e+03     4.16224e+02
    6.40158e-01     4.94496e+03     4.12596e+02
    6.44244e-01     4.92909e+03     4.09889e+02
    6.48338e-01     4.92356e+03     4.06147e+02
    6.52432e-01     4.91676e+03     4.02873e+02
    6.56514e-01     4.91934e+03     4.01211e+02
    6.60609e-01     4.89159e+03     3.97962e+02
    6.64712e-01     4.88876e+03     3.95771e+02
    6.68801e-01     4.86555e+03     3.93216e+02
    6.72890e-01     4.86691e+03     3.90832e+02
    6.76984e-01     4.84570e+03     3.86684e+02
    6.81074e-01     4.84528e+03     3.84673e+02
    6.85160e-01     4.84424e+03     3.83405e+02
    6.89246e-01     4.82471e+03     3.79021e+02
    6.93336e-01     4.82017e+03     3.76857e+02
    6.97434e-01     4.81801e+03     3.73326e+02
    7.01528e-01     4.82910e+03     3.73639e+02
    7.05618e-01     4.80415e+03     3.71119e+02
    7.09708e-01     4.80092e+03     3.66839e+02
    7.13796e-01     4.79042e+03     3.64683e+02
    7.17892e-01     4.76966e+03     3.62034e+02
    7.21982e-01     4.77133e+03     3.60942e+02
    7.26059e-01     4.76066e+03     3.58831e+02
    7.30145e-01     4.74923e+03     3.55877e+02
    7.34240e-01     4.74666e+03     3.55384e+02
    7.38340e-01     4.72463e+03     3.53514e+02
    7.42427e-01     4.70088e+03     3.48490e+02
    7.46511e-01     4.72743e+03     3.48398e+02
    7.50614e-01     4.70162e+03     3.44442e+02
    7.54706e-01     4.70034e+03     3.42365e+02
    7.58795e-01     4.68351e+03     3.41463e+02
    7.62888e-01     4.66585e+03     3.37972e+02
    7.66986e-01     4.68199e+03     3.38339e+02
    7.71073e-01     4.67173e+03     3.35014e+02
    7.75153e-01     4.66356e+03     3.33585e+02
    7.79241e-01     4.65704e+03     3.31316e+02
    7.83335e-01     4.63852e+03     3.30434e+02
    7.87426e-01     4.63187e+03     3.27761e+02
    7.91513e-01     4.63820e+03     3.24639e+02
    7.95606e-01     4.61985e+03     3.24914e+02
    7.99702e-01     4.61734e+03     3.23201e+02
    8.03798e-01     4.60864e+03     3.19835e+02
    8.07879e-01     4.62494e+03     3.20965e+02
    8.11963e-01     4.59873e+03     3.18918e+02
    8.16059e-01     4.58555e+03     3.16040e+02
    8.20152e-01     4.56619e+03     3.12325e+02
    8.24242e-01     4.55929e+03     3.11449e+02
    8.28331e-01     4.56847e+03     3.10605e+02
    8.32425e-01     4.55964e+03     3.09010e+02
    8.36516e-01     4.54928e+03     3.06185e+02
    8.40610e-01     4.55940e+03     3.05144e+02
    8.44704e-01     4.54005e+03     3.05262e+02
    8.48790e-01     4.54391e+03     3.03126e+02
    8.52876e-01     4.52976e+03     3.01628e+02
    8.56967e-01     4.50699e+03     3.00057e+02
    8.61059e-01     4.50616e+03     2.98935e+02
    8.65147e-01     4.50594e+03     2.96638e+02
    8.69235e-01     4.50094e+03     2.94532e+02
    8.73334e-01     4.49635e+03     2.95146e+02
    8.77429e-01     4.49033e+03     2.92323e+02
    8.81512e-01     4.47762e+03     2.90867e+02
    8.85601e-01     4.47417e+03     2.91935e+02
    8.89691e-01     4.46808e+03     2.88725e+02
    8.93784e-01     4.46518e+03     2.86634e+02
    8.97875e-01     4.45732e+03     2.85952e+02
    9.01960e-01     4.44293e+03     2.83295e+02
    9.06054e-01     4.43534e+03     2.83230e+02
    9.10146e-01     4.42384e+03     2.81333e+02
    9.14237e-01     4.43093e+03     2.80763e+02
    9.18331e-01     4.43190e+03     2.80686e+02
    9.22421e-01     4.42035e+03     2.78708e+02
    9.26509e-01     4.40765e+03     2.76463e+02
    9.30598e-01     4.40394e+03     2.75468e+02
    9.34692e-01     4.38984e+03     2.74591e+02
    9.38787e-01     4.38491e+03     2.71652e+02
    9.42873e-01     4.37436e+03     2.70709e+02
    9.46961e-01     4.36749e+03     2.70671e+02
    9.51054e-01     4.37253e+03     2.70596e+02
    9.55150e-01     4.36038e+03     2.67878e+02
    9.59240e-01     4.36091e+03     2.66808e+02
    9.63327e-01     4.35367e+03     2.65648e+02
    9.67420e-01     4.35940e+03     2.65684e+02
    9.71506e-01     4.34220e+03     2.63277e+02
    9.75588e-01     4.33641e+03     2.62353e+02
    9.79678e-01     4.32828e+03     2.62539e+02
    9.83773e-01     4.32515e+03     2.59886e+02
    9.87866e-01     4.30840e+03     2.58918e+02
    9.91960e-01     4.31091e+03     2.57350e+02
    9.96055e-01     4.30354e+03     2.57399e+02
    1.00015e+00     4.29945e+03     2.56214e+02
    1.00424e+00     4.28905e+03     2.54311e+02
    1.00832e+00     4.30163e+03     2.55796e+02
    1.01242e+00     4.28281e+03     2.52535e+02
    1.01651e+00     4.28545e+03     2.52856e+02
    1.02059e+00     4.26843e+03     2.51599e+02
    1.02468e+00     4.26426e+03     2.50064e+02
    1.02878e+00     4.25323e+03     2.48413e+02
    1.03287e+00     4.25451e+03     2.47576e+02
    1.03695e+00     4.25478e+03     2.47582e+02
    1.04105e+00     4.23778e+03     2.45938e+02
    1.04515e+00     4.24365e+03     2.45275e+02
    1.04923e+00     4.23355e+03     2.43804e+02
    1.05332e+00     4.22516e+03     2.43806e+02
    1.05741e+00     4.23017e+03     2.42184e+02
    1.06150e+00     4.21464e+03     2.41619e+02
    1.06559e+00     4.21981e+03     2.39577e+02
    1.06968e+00     4.20316e+03     2.40188e+02
    1.07377e+00     4.20360e+03     2.38381e+02
    1.07786e+00     4.18851e+03     2.36771e+02
    1.08195e+00     4.18969e+03     2.36917e+02
    1.08605e+00     4.17714e+03     2.34718e+02
    1.09014e+00     4.17166e+03     2.34507e+02
    1.09422e+00     4.18044e+03     2.34408e+02
    1.09832e+00     4.17295e+03     2.33598e+02
    1.10242e+00     4.16503e+03     2.32840e+02
    1.10650e+00     4.16479e+03     2.32005e+02
    1.11059e+00     4.14690e+03     2.30647e+02
    1.11468e+00     4.15348e+03     2.29819e+02
    1.11878e+00     4.14952e+03     2.28670e+02
    1.12287e+00     4.13446e+03     2.28585e+02
    1.12695e+00     4.12865e+03     2.27728e+02
    1.13105e+00     4.12762e+03     2.26603e+02
    1.13514e+00     4.13322e+03     2.26426e+02
    1.13922e+00     4.12282e+03     2.24702e+02
    1.14331e+00     4.10227e+03     2.23543e+02
    1.14741e+00     4.10456e+03     2.23622e+02
    1.15150e+00     4.11589e+03     2.23354e+02
    1.15559e+00     4.10596e+03     2.22141e+02
    1.15968e+00     4.08668e+03     2.20876e+02
    1.16377e+00     4.08685e+03     2.21467e+02
    1.16786e+00     4.07651e+03     2.20284e+02
    1.17195e+00     4.07862e+03     2.19578e+02
    1.17604e+00     4.06273e+03     2.17988e+02
    1.18013e+00     4.07719e+03     2.18399e+02
    1.18422e+00     4.06125e+03     2.16702e+02
    1.18831e+00     4.06174e+03     2.16719e+02
    1.19240e+00     4.05202e+03     2.14744e+02
    1.19649e+00     4.04499e+03     2.14405e+02
    1.20059e+00     4.04374e+03     2.14113e+02
    1.20468e+00     4.04107e+03     2.13536e+02
    1.20877e+00     4.02785e+03     2.12640e+02
    1.21286e+00     4.02466e+03     2.12573e+02
    1.21695e+00     4.01580e+03     2.10519e+02
    1.22104e+00     4.01229e+03     2.10172e+02
    1.22513e+00     4.01036e+03     2.09868e+02
    1.22922e+00     4.00293e+03     2.08884e+02
    1.23330e+00     3.99391e+03     2.08253e+02
    1.23740e+00     3.99196e+03     2.07402e+02
    1.24149e+00     3.99047e+03     2.06506e+02
    1.24558e+00     3.98458e+03     2.05906e+02
    1.24967e+00     3.98224e+03     2.05662e+02
    1.25376e+00     3.98294e+03     2.05558e+02
    1.25785e+00     3.97757e+03     2.05760e+02
    1.26194e+00     3.97068e+03     2.04339e+02
    1.26603e+00     3.95753e+03     2.02805e+02
    1.27012e+00     3.95572e+03     2.02871e+02
    1.27422e+00     3.94977e+03     2.01612e+02
    1.27831e+00     3.93893e+03     2.00453e+02
    1.28240e+00     3.94695e+03     2.01122e+02
    1.28649e+00     3.93365e+03     1.99638e+02
    1.29058e+00     3.93777e+03     1.99164e+02
    1.29467e+00     3.92502e+03     1.98403e+02
    1.29876e+00     3.92294e+03     1.98190e+02
    1.30285e+00     3.91736e+03     1.97136e+02
    1.30694e+00     3.91209e+03     1.97241e+02
    1.31103e+00     3.91451e+03     1.97061e+02
    1.31512e+00     3.90341e+03     1.95470e+02
    1.31921e+00     3.89950e+03     1.95271e+02
    1.32331e+00     3.88990e+03     1.94423e+02
    1.32739e+00     3.88016e+03     1.94023e+02
    1.33148e+00     3.88032e+03     1.93441e+02
    1.33558e+00     3.89380e+03     1.93724e+02
    1.33967e+00     3.88028e+03     1.92567e+02
    1.34376e+00     3.86091e+03     1.90833e+02
    1.34785e+00     3.85506e+03     1.90537e+02
    1.35195e+00     3.85371e+03     1.90028e+02
    1.35603e+00     3.87094e+03     1.90768e+02
    1.36011e+00     3.85604e+03     1.89520e+02
    1.36421e+00     3.85103e+03     1.89303e+02
    1.36830e+00     3.83948e+03     1.87751e+02
    1.37239e+00     3.85242e+03     1.88648e+02
    1.37648e+00     3.83469e+03     1.86853e+02
    1.38057e+00     3.82946e+03     1.87197e+02
    1.38466e+00     3.82501e+03     1.86115e+02
    1.38875e+00     3.82061e+03     1.85784e+02
    1.39285e+00     3.82066e+03     1.84884e+02
    1.39694e+00     3.81363e+03     1.84672e+02
    1.40102e+00     3.80975e+03     1.84229e+02
    1.40512e+00     3.79440e+03     1.83151e+02
    1.40921e+00     3.79028e+03     1.82809e+02
    1.41330e+00     3.78867e+03     1.81985e+02
    1.41739e+00     3.79004e+03     1.81951e+02
    1.42148e+00     3.77927e+03     1.81578e+02
    1.42557e+00     3.78630e+03     1.80849e+02
    1.42966e+00     3.77692e+03     1.80919e+02
    1.43375e+00     3.77102e+03     1.80109e+02
    1.43784e+00     3.77061e+03     1.79681e+02
    1.44193e+00     3.76538e+03     1.78927e+02
    1.44602e+00     3.75446e+03     1.77871e+02
    1.45011e+00     3.75575e+03     1.77585e+02
    1.45420e+00     3.74026e+03     1.76741e+02
    1.45830e+00     3.73633e+03     1.77079e+02
    1.46239e+00     3.73274e+03     1.76464e+02
    1.46648e+00     3.73048e+03     1.75532e+02
    1.47056e+00     3.72725e+03     1.75381e+02
    1.47465e+00     3.72128e+03     1.74941e+02
    1.47874e+00     3.71435e+03     1.74047e+02
    1.48283e+00     3.71280e+03     1.73829e+02
    1.48693e+00     3.71038e+03     1.73605e+02
    1.49102e+00     3.70061e+03     1.72742e+02
    1.49511e+00     3.70165e+03     1.72328e+02
    1.49920e+00     3.68804e+03     1.71733e+02
    1.50329e+00     3.68228e+03     1.70836e+02
    1.50738e+00     3.68427e+03     1.71445e+02
    1.51148e+00     3.68174e+03     1.70389e+02
    1.51557e+00     3.67418e+03     1.69865e+02
    1.51965e+00     3.66611e+03     1.69251e+02
    1.52374e+00     3.66539e+03     1.69073e+02
    1.52784e+00     3.66307e+03     1.68730e+02
    1.53193e+00     3.65641e+03     1.67595e+02
    1.53602e+00     3.64925e+03     1.67486e+02
    1.54011e+00     3.63937e+03     1.67421e+02
    1.54420e+00     3.64102e+03     1.66930e+02
    1.54829e+00     3.63323e+03     1.65870e+02
    1.55238e+00     3.63794e+03     1.66307e+02
    1.55647e+00     3.62796e+03     1.65572e+02
    1.56056e+00     3.62247e+03     1.65175e+02
    1.56465e+00     3.61943e+03     1.64696e+02
    1.56874e+00     3.60845e+03     1.63747e+02
    1.57283e+00     3.60747e+03     1.63426e+02
    1.57693e+00     3.59982e+03     1.63162e+02
    1.58102e+00     3.59489e+03     1.62737e+02
    1.58510e+00     3.59829e+03     1.62201e+02
    1.58919e+00     3.58760e+03     1.61491e+02
    1.59329e+00     3.57966e+03     1.61012e+02
    1.59738e+00     3.57800e+03     1.61110e+02
    1.60147e+00     3.57663e+03     1.60128e+02
    1.60556e+00     3.57677e+03     1.60444e+02
    1.60965e+00     3.57034e+03     1.59707e+02
    1.61374e+00     3.56234e+03     1.59419e+02
    1.61783e+00     3.55858e+03     1.59060e+02
    1.62192e+00     3.55258e+03     1.58412e+02
    1.62601e+00     3.54777e+03     1.57964e+02
    1.63010e+00     3.54077e+03     1.57169e+02
    1.63419e+00     3.54028e+03     1.57157e+02
    1.63828e+00     3.53395e+03     1.56725e+02
    1.64238e+00     3.52836e+03     1.56061e+02
    1.64647e+00     3.52480e+03     1.56112e+02
    1.65055e+00     3.51936e+03     1.55205e+02
    1.65465e+00     3.51265e+03     1.54772e+02
    1.65874e+00     3.51061e+03     1.54721e+02
    1.66283e+00     3.50928e+03     1.54591e+02
    1.66691e+00     3.50279e+03     1.54063e+02
    1.67101e+00     3.49822e+03     1.53738e+02
    1.67510e+00     3.49638e+03     1.53209e+02
    1.67919e+00     3.48866e+03     1.53378e+02
    1.68328e+00     3.48917e+03     1.52702e+02
    1.68737e+00     3.47707e+03     1.51715e+02
    1.69146e+00     3.47072e+03     1.51111e+02
    1.69555e+00     3.46844e+03     1.51036e+02
    1.69964e+00     3.46113e+03     1.50231e+02
    1.70373e+00     3.46030e+03     1.50480e+02
    1.70782e+00     3.45420e+03     1.49688e+02
    1.71191e+00     3.44843e+03     1.49129e+02
    1.71600e+00     3.44109e+03     1.48566e+02
    1.72009e+00     3.44751e+03     1.49283e+02
    1.72418e+00     3.43237e+03     1.47573e+02
    1.72828e+00     3.43562e+03     1.47487e+02
    1.73237e+00     3.42831e+03     1.47330e+02
    1.73646e+00     3.42962e+03     1.47709e+02
    1.74055e+00     3.41965e+03     1.46599e+02
    1.74464e+00     3.41009e+03     1.46166e+02
    1.74874e+00     3.40523e+03     1.45824e+02
    1.75282e+00     3.39830e+03     1.45471e+02
    1.75691e+00     3.40108e+03     1.45154e+02
    1.76100e+00     3.39395e+03     1.44606e+02
    1.76509e+00     3.39126e+03     1.44382e+02
    1.76918e+00     3.38929e+03     1.44394e+02
    1.77327e+00     3.38689e+03     1.43967e+02
    1.77737e+00     3.37353e+03     1.43171e+02
    1.78146e+00     3.37111e+03     1.43068e+02
    1.78554e+00     3.37152e+03     1.42460e+02
    1.78964e+00     3.36751e+03     1.42332e+02
    1.79373e+00     3.36225e+03     1.41886e+02
    1.79782e+00     3.35424e+03     1.41426e+02
    1.80191e+00     3.34783e+03     1.41067e+02
    1.80600e+00     3.35292e+03     1.41099e+02
    1.81009e+00     3.34006e+03     1.40234e+02
    1.81418e+00     3.33820e+03     1.39914e+02
    1.81827e+00     3.33636e+03     1.39926e+02
    1.82236e+00     3.32695e+03     1.39183e+02
    1.82645e+00     3.32048e+03     1.38860e+02
    1.83054e+00     3.31540e+03     1.38426e+02
    1.83463e+00     3.31445e+03     1.38042e+02
    1.83872e+00     3.30892e+03     1.37556e+02
    1.84281e+00     3.30572e+03     1.37623e+02
    1.84691e+00     3.30027e+03     1.37313e+02
    1.85100e+00     3.29658e+03     1.37044e+02
    1.85509e+00     3.28954e+03     1.36398e+02
    1.85918e+00     3.28499e+03     1.36116e+02
    1.86327e+00     3.28201e+03     1.35870e+02
    1.86736e+00     3.27718e+03     1.35349e+02
    1.87145e+00     3.27211e+03     1.34901e+02
    1.87554e+00     3.26898e+03     1.34679e+02
    1.87963e+00     3.26200e+03     1.34334e+02
    1.88372e+00     3.25870e+03     1.34123e+02
    1.88781e+00     3.25339e+03     1.33682e+02
    1.89190e+00     3.24808e+03     1.33253e+02
    1.89599e+00     3.24495e+03     1.32888e+02
    1.90008e+00     3.24231e+03     1.32541e+02
    1.90417e+00     3.22877e+03     1.32010e+02
    1.90827e+00     3.23074e+03     1.31462e+02
    1.91236e+00     3.22740e+03     1.31573e+02
    1.91645e+00     3.21822e+03     1.31147e+02
    1.92054e+00     3.21335e+03     1.30753e+02
    1.92463e+00     3.20741e+03     1.30011e+02
    1.92872e+00     3.20257e+03     1.29661e+02
    1.93281e+00     3.20187e+03     1.30057e+02
    1.93690e+00     3.20015e+03     1.29522e+02
    1.94099e+00     3.19389e+03     1.29177e+02
    1.94508e+00     3.18734e+03     1.28728e+02
    1.94917e+00     3.18135e+03     1.28139e+02
    1.95326e+00     3.17369e+03     1.27844e+02
    1.95735e+00     3.17525e+03     1.27483e+02
    1.96144e+00     3.17371e+03     1.27484e+02
    1.96553e+00     3.16284e+03     1.26944e+02
    1.96962e+00     3.15777e+03     1.26690e+02
    1.97371e+00     3.15359e+03     1.26267e+02
    1.97781e+00     3.15138e+03     1.25915e+02
    1.98190e+00     3.14204e+03     1.25558e+02
    1.98599e+00     3.14667e+03     1.25547e+02
    1.99008e+00     3.13497e+03     1.24890e+02
    1.99417e+00     3.13193e+03     1.24673e+02
    1.99826e+00     3.12630e+03     1.24171e+02
    2.00235e+00     3.12395e+03     1.23941e+02
    2.00644e+00     3.11512e+03     1.23352e+02
    2.01053e+00     3.11531e+03     1.23265e+02
    2.01462e+00     3.10491e+03     1.22672e+02
    2.01871e+00     3.10979e+03     1.23024e+02
    2.02280e+00     3.10144e+03     1.22235e+02
    2.02689e+00     3.09591e+03     1.21950e+02
    2.03098e+00     3.08584e+03     1.21339e+02
    2.03507e+00     3.08773e+03     1.21533e+02
    2.03917e+00     3.08182e+03     1.20929e+02
    2.04325e+00     3.08297e+03     1.21091e+02
    2.04735e+00     3.07376e+03     1.20269e+02
    2.05143e+00     3.06209e+03     1.19840e+02
    2.05552e+00     3.05998e+03     1.19747e+02
    2.05962e+00     3.05455e+03     1.19116e+02
    2.06371e+00     3.05071e+03     1.18934e+02
    2.06780e+00     3.04621e+03     1.18749e+02
    2.07189e+00     3.04199e+03     1.18662e+02
    2.07598e+00     3.03604e+03     1.17783e+02
    2.08007e+00     3.02972e+03     1.17663e+02
    2.08416e+00     3.02591e+03     1.17350e+02
    2.08825e+00     3.02568e+03     1.17071e+02
    2.09234e+00     3.01845e+03     1.16823e+02
    2.09644e+00     3.01249e+03     1.16471e+02
    2.10053e+00     3.01211e+03     1.16224e+02
    2.10461e+00     3.00799e+03     1.16087e+02
    2.10870e+00     2.99715e+03     1.15486e+02
    2.11280e+00     2.99696e+03     1.15402e+02
    2.11688e+00     2.99124e+03     1.14995e+02
    2.12098e+00     2.98569e+03     1.14734e+02
    2.12507e+00     2.98065e+03     1.14127e+02
    2.12916e+00     2.97622e+03     1.13961e+02
    2.13325e+00     2.97036e+03     1.13642e+02
    2.13734e+00     2.96750e+03     1.13370e+02
    2.14143e+00     2.96934e+03     1.13253e+02
    2.14552e+00     2.95886e+03     1.12493e+02
    2.14961e+00     2.95678e+03     1.12600e+02
    2.15370e+00     2.95346e+03     1.12078e+02
    2.15779e+00     2.94661e+03     1.11957e+02
    2.16188e+00     2.94113e+03     1.11549e+02
    2.16597e+00     2.93511e+03     1.11192e+02
    2.17006e+00     2.93045e+03     1.10852e+02
    2.17416e+00     2.93044e+03     1.10830e+02
    2.17825e+00     2.92238e+03     1.10299e+02
    2.18234e+00     2.91606e+03     1.10030e+02
    2.18643e+00     2.91524e+03     1.10035e+02
    2.19052e+00     2.90737e+03     1.09313e+02
    2.19461e+00     2.89943e+03     1.09007e+02
    2.19870e+00     2.89852e+03     1.08734e+02
    2.20279e+00     2.89908e+03     1.08697e+02
    2.20688e+00     2.88813e+03     1.08008e+02
    2.21097e+00     2.88318e+03     1.07623e+02
    2.21506e+00     2.87709e+03     1.07464e+02
    2.21915e+00     2.87129e+03     1.07181e+02
    2.22324e+00     2.87224e+03     1.06883e+02
    2.22733e+00     2.86522e+03     1.06670e+02
    2.23142e+00     2.85972e+03     1.06212e+02
    2.23552e+00     2.85610e+03     1.06046e+02
    2.23961e+00     2.84957e+03     1.05613e+02
    2.24369e+00     2.84410e+03     1.05289e+02
    2.24779e+00     2.84033e+03     1.05023e+02
    2.25188e+00     2.84077e+03     1.04981e+02
    2.25597e+00     2.83118e+03     1.04437e+02
    2.26006e+00     2.82934e+03     1.04313e+02
    2.26415e+00     2.82842e+03     1.04100e+02
    2.26824e+00     2.81788e+03     1.03718e+02
    2.27233e+00     2.81550e+03     1.03288e+02
    2.27642e+00     2.81045e+03     1.03257e+02
    2.28051e+00     2.80500e+03     1.02749e+02
    2.28460e+00     2.80291e+03     1.02763e+02
    2.28869e+00     2.79301e+03     1.01986e+02
    2.29278e+00     2.79396e+03     1.01899e+02
    2.29687e+00     2.78690e+03     1.01645e+02
    2.30096e+00     2.78377e+03     1.01156e+02
    2.30506e+00     2.77668e+03     1.01079e+02
    2.30915e+00     2.77163e+03     1.00846e+02
    2.31324e+00     2.77114e+03     1.00551e+02
    2.31733e+00     2.76742e+03     1.00261e+02
    2.32142e+00     2.76028e+03     9.98861e+01
    2.32551e+00     2.75453e+03     9.95466e+01
    2.32960e+00     2.75594e+03     9.96830e+01
    2.33369e+00     2.74420e+03     9.90526e+01
    2.33778e+00     2.73940e+03     9.88410e+01
    2.34187e+00     2.73614e+03     9.85656e+01
    2.34596e+00     2.72887e+03     9.80917e+01
    2.35005e+00     2.72564e+03     9.78909e+01
    2.35414e+00     2.72320e+03     9.78213e+01
    2.35823e+00     2.71442e+03     9.73467e+01
    2.36232e+00     2.71116e+03     9.69826e+01
    2.36641e+00     2.71145e+03     9.69221e+01
    2.37051e+00     2.70322e+03     9.64963e+01
    2.37460e+00     2.70048e+03     9.63159e+01
    2.37869e+00     2.69578e+03     9.60233e+01
    2.38278e+00     2.68916e+03     9.57411e+01
    2.38687e+00     2.68574e+03     9.54012e+01
    2.39096e+00     2.67859e+03     9.50411e+01
    2.39505e+00     2.67849e+03     9.50386e+01
    2.39914e+00     2.66968e+03     9.45992e+01
    2.40323e+00     2.67180e+03     9.44627e+01
    2.40732e+00     2.66367e+03     9.39796e+01
    2.41141e+00     2.65361e+03     9.36810e+01
    2.41550e+00     2.65592e+03     9.35747e+01
    2.41959e+00     2.65087e+03     9.32298e+01
    2.42368e+00     2.64520e+03     9.29717e+01
    2.42777e+00     2.63822e+03     9.26277e+01
    2.43187e+00     2.63414e+03     9.24228e+01
    2.43596e+00     2.62772e+03     9.21400e+01
    2.44004e+00     2.62751e+03     9.19814e+01
    2.44414e+00     2.62070e+03     9.15863e+01
    2.44823e+00     2.61686e+03     9.14167e+01
    2.45232e+00     2.61036e+03     9.10378e+01
    2.45640e+00     2.60815e+03     9.08646e+01
    2.46050e+00     2.60426e+03     9.06765e+01
    2.46459e+00     2.59951e+03     9.03614e+01
    2.46868e+00     2.59717e+03     8.99108e+01
    2.47277e+00     2.58888e+03     8.98066e+01
    2.47686e+00     2.58758e+03     8.96061e+01
    2.48095e+00     2.57871e+03     8.91735e+01
    2.48504e+00     2.57239e+03     8.88370e+01
    2.48913e+00     2.57303e+03     8.85937e+01
    2.49322e+00     2.56802e+03     8.85976e+01
    2.49731e+00     2.56184e+03     8.82117e+01
    2.50141e+00     2.55738e+03     8.78272e+01
    2.50550e+00     2.55266e+03     8.76160e+01
    2.50959e+00     2.54917e+03     8.74630e+01
    2.51368e+00     2.54452e+03     8.71184e+01
    2.51777e+00     2.53836e+03     8.69551e+01
    2.52186e+00     2.53355e+03     8.65857e+01
    2.52595e+00     2.53200e+03     8.62827e+01
    2.53004e+00     2.52556e+03     8.60576e+01
    2.53413e+00     2.51864e+03     8.56871e+01
    2.53822e+00     2.51404e+03     8.54486e+01
    2.54231e+00     2.51128e+03     8.53122e+01
    2.54640e+00     2.50811e+03     8.50986e+01
    2.55049e+00     2.50189e+03     8.47087e+01
    2.55458e+00     2.49838e+03     8.44692e+01
    2.55867e+00     2.49369e+03     8.41925e+01
    2.56276e+00     2.48977e+03     8.40727e+01
    2.56685e+00     2.48383e+03     8.37182e+01
    2.57095e+00     2.47904e+03     8.34780e+01
    2.57504e+00     2.47696e+03     8.32741e+01
    2.57913e+00     2.46855e+03     8.28289e+01
    2.58322e+00     2.46855e+03     8.27411e+01
    2.58731e+00     2.46201e+03     8.24505e+01
    2.59140e+00     2.45828e+03     8.22059e+01
    2.59549e+00     2.45532e+03     8.21251e+01
    2.59958e+00     2.44996e+03     8.17036e+01
    2.60367e+00     2.44483e+03     8.13784e+01
    2.60776e+00     2.43820e+03     8.11119e+01
    2.61185e+00     2.43275e+03     8.08359e+01
    2.61594e+00     2.43037e+03     8.06892e+01
    2.62003e+00     2.42368e+03     8.02627e+01
    2.62412e+00     2.42014e+03     8.01908e+01
    2.62821e+00     2.41811e+03     7.99831e+01
    2.63230e+00     2.41351e+03     7.96953e+01
    2.63640e+00     2.40832e+03     7.94024e+01
    2.64049e+00     2.40537e+03     7.92833e+01
    2.64457e+00     2.39761e+03     7.88909e+01
    2.64867e+00     2.39623e+03     7.87932e+01
    2.65276e+00     2.38858e+03     7.83486e+01
    2.65685e+00     2.38555e+03     7.83421e+01
    2.66094e+00     2.38063e+03     7.79688e+01
    2.66503e+00     2.37511e+03     7.78287e+01
    2.66912e+00     2.37289e+03     7.75946e+01
    2.67321e+00     2.36911e+03     7.73187e+01
    2.67730e+00     2.36069e+03     7.69535e+01
    2.68139e+00     2.35782e+03     7.67053e+01
    2.68548e+00     2.35461e+03     7.64686e+01
    2.68957e+00     2.35142e+03     7.63412e+01
    2.69366e+00     2.34812e+03     7.60295e+01
    2.69776e+00     2.34088e+03     7.58248e+01
    2.70185e+00     2.33619e+03     7.55266e+01
    2.70594e+00     2.33361e+03     7.55028e+01
    2.71003e+00     2.32828e+03     7.50790e+01
    2.71412e+00     2.32488e+03     7.48556e+01
    2.71821e+00     2.31930e+03     7.45641e+01
    2.72230e+00     2.31480e+03     7.43754e+01
    2.72639e+00     2.30999e+03     7.42098e+01
    2.73048e+00     2.30541e+03     7.39476e+01
    2.73457e+00     2.30075e+03     7.37011e+01
    2.73866e+00     2.29537e+03     7.34160e+01
    2.74275e+00     2.29135e+03     7.30552e+01
    2.74684e+00     2.28731e+03     7.28759e+01
    2.75093e+00     2.28465e+03     7.27579e+01
    2.75502e+00     2.27853e+03     7.24750e+01
    2.75911e+00     2.27530e+03     7.22701e+01
    2.76320e+00     2.27211e+03     7.20444e+01
    2.76730e+00     2.26610e+03     7.18862e+01
    2.77139e+00     2.26286e+03     7.16142e+01
    2.77548e+00     2.25604e+03     7.12705e+01
    2.77957e+00     2.25395e+03     7.11411e+01
    2.78366e+00     2.24953e+03     7.10089e+01
    2.78775e+00     2.24581e+03     7.06696e+01
    2.79184e+00     2.24020e+03     7.03903e+01
    2.79593e+00     2.23681e+03     7.02346e+01
    2.80002e+00     2.23308e+03     7.01631e+01
    2.80411e+00     2.22833e+03     6.98034e+01
    2.80820e+00     2.22426e+03     6.94861e+01
    2.81229e+00     2.21854e+03     6.93928e+01
    2.81638e+00     2.21434e+03     6.89970e+01
    2.82047e+00     2.20972e+03     6.87796e+01
    2.82457e+00     2.20288e+03     6.85871e+01
    2.82866e+00     2.20146e+03     6.84462e+01
    2.83275e+00     2.19583e+03     6.81000e+01
    2.83684e+00     2.19292e+03     6.79606e+01
    2.84093e+00     2.18912e+03     6.77547e+01
    2.84502e+00     2.18340e+03     6.74678e+01
    2.84911e+00     2.17929e+03     6.73270e+01
    2.85320e+00     2.17649e+03     6.72020e+01
    2.85729e+00     2.17231e+03     6.69617e+01
    2.86138e+00     2.16754e+03     6.66385e+01
    2.86547e+00     2.16358e+03     6.65033e+01
    2.86956e+00     2.15905e+03     6.61503e+01
    2.87365e+00     2.15473e+03     6.60000e+01
    2.87774e+00     2.14793e+03     6.57017e+01
    2.88183e+00     2.14682e+03     6.55057e+01
    2.88592e+00     2.14202e+03     6.53210e+01
    2.89001e+00     2.13567e+03     6.50500e+01
    2.89410e+00     2.13250e+03     6.49312e+01
    2.89820e+00     2.13200e+03     6.48124e+01
    2.90229e+00     2.12224e+03     6.44046e+01
    2.90638e+00     2.12025e+03     6.42823e+01
    2.91047e+00     2.11412e+03     6.39943e+01
    2.91456e+00     2.11270e+03     6.39411e+01
    2.91865e+00     2.11013e+03     6.37268e+01
    2.92274e+00     2.10124e+03     6.33355e+01
    2.92683e+00     2.10072e+03     6.33268e+01
    2.93092e+00     2.09370e+03     6.29475e+01
    2.93501e+00     2.08922e+03     6.28398e+01
    2.93910e+00     2.08729e+03     6.26686e+01
    2.94319e+00     2.08237e+03     6.23169e+01
    2.94728e+00     2.07571e+03     6.21320e+01
    2.95137e+00     2.07328e+03     6.20007e+01
    2.95546e+00     2.07136e+03     6.18032e+01
    2.95955e+00     2.06589e+03     6.15220e+01
    2.96364e+00     2.06028e+03     6.12300e+01
    2.96774e+00     2.05919e+03     6.11333e+01
    2.97183e+00     2.05290e+03     6.08904e+01
    2.97592e+00     2.04870e+03     6.07160e+01
    2.98001e+00     2.04369e+03     6.04620e+01
    2.98410e+00     2.03968e+03     6.02752e+01
    2.98819e+00     2.03696e+03     6.00995e+01
    2.99228e+00     2.03161e+03     5.98354e+01
    2.99637e+00     2.02724e+03     5.96035e+01
    3.00046e+00     2.02199e+03     5.94108e+01
    3.00455e+00     2.02079e+03     5.92167e+01
    3.00864e+00     2.01606e+03     5.91033e+01
    3.01273e+00     2.01141e+03     5.89504e+01
    3.01682e+00     2.00803e+03     5.86908e+01
    3.02091e+00     2.00431e+03     5.84314e+01
    3.02500e+00     1.99839e+03     5.82663e+01
    3.02910e+00     1.99289e+03     5.80318e+01
    3.03319e+00     1.99180e+03     5.79173e+01
    3.03728e+00     1.98749e+03     5.77244e+01
    3.04137e+00     1.98431e+03     5.75100e+01
    3.04546e+00     1.98045e+03     5.72764e+01
    3.04955e+00     1.97435e+03     5.70797e+01
    3.05364e+00     1.96899e+03     5.68864e+01
    3.05773e+00     1.96697e+03     5.67176e+01
    3.06182e+00     1.96239e+03     5.65138e+01
    3.06591e+00     1.95927e+03     5.63699e+01
    3.07000e+00     1.95465e+03     5.60864e+01
    3.07409e+00     1.95016e+03     5.59546e+01
    3.07818e+00     1.94768e+03     5.57621e+01
    3.08227e+00     1.94247e+03     5.54957e+01
    3.08636e+00     1.93705e+03     5.53598e+01
    3.09045e+00     1.93513e+03     5.51679e+01
    3.09454e+00     1.92981e+03     5.49240e+01
    3.09863e+00     1.92687e+03     5.47499e+01
    3.10272e+00     1.92178e+03     5.45033e+01
    3.10682e+00     1.91701e+03     5.44012e+01
    3.11091e+00     1.91425e+03     5.41355e+01
    3.11500e+00     1.90984e+03     5.40077e+01
    3.11909e+00     1.90727e+03     5.38706e+01
    3.12318e+00     1.90303e+03     5.36991e+01
    3.12727e+00     1.89960e+03     5.34842e+01
    3.13136e+00     1.89507e+03     5.32670e+01
    3.13545e+00     1.88984e+03     5.30450e+01
    3.13954e+00     1.88803e+03     5.29302e+01
    3.14363e+00     1.88309e+03     5.26857e+01
    3.14772e+00     1.87977e+03     5.25416e+01
    3.15181e+00     1.87624e+03     5.23826e+01
    3.15590e+00     1.87261e+03     5.22016e+01
    3.16000e+00     1.86545e+03     5.19175e+01
    3.16409e+00     1.86416e+03     5.18136e+01
    3.16818e+00     1.85935e+03     5.15930e+01
    3.17227e+00     1.85657e+03     5.14849e+01
    3.17636e+00     1.85156e+03     5.12522e+01
    3.18045e+00     1.84819e+03     5.11413e+01
    3.18454e+00     1.84516e+03     5.09904e+01
    3.18863e+00     1.83940e+03     5.07389e+01
    3.19272e+00     1.83786e+03     5.06455e+01
    3.19681e+00     1.83242e+03     5.03664e+01
    3.20090e+00     1.82815e+03     5.01266e+01
    3.20499e+00     1.82500e+03     5.00526e+01
    3.20908e+00     1.82239e+03     4.98766e+01
    3.21317e+00     1.81755e+03     4.96300e+01
    3.21726e+00     1.81435e+03     4.95382e+01
    3.22135e+00     1.80991e+03     4.93244e+01
    3.22545e+00     1.80518e+03     4.91198e+01
    3.22954e+00     1.80292e+03     4.90336e+01
    3.23363e+00     1.79762e+03     4.87176e+01
    3.23772e+00     1.79521e+03     4.86832e+01
    3.24181e+00     1.78953e+03     4.83977e+01
    3.24590e+00     1.78748e+03     4.82347e+01
    3.24999e+00     1.78308e+03     4.80205e+01
    3.25408e+00     1.78018e+03     4.79441e+01
    3.25817e+00     1.77545e+03     4.77090e+01
    3.26226e+00     1.77104e+03     4.75145e+01
    3.26635e+00     1.76703e+03     4.73833e+01
    3.27044e+00     1.76393e+03     4.72130e+01
    3.27453e+00     1.76171e+03     4.71018e+01
    3.27862e+00     1.75664e+03     4.69392e+01
    3.28271e+00     1.75236e+03     4.67291e+01
    3.28681e+00     1.75128e+03     4.66100e+01
    3.29090e+00     1.74597e+03     4.64167e+01
    3.29499e+00     1.74169e+03     4.61990e+01
    3.29908e+00     1.73834e+03     4.60590e+01
    3.30317e+00     1.73372e+03     4.58824e+01
    3.30725e+00     1.72936e+03     4.57560e+01
    3.31135e+00     1.72716e+03     4.56064e+01
    3.31544e+00     1.72269e+03     4.53641e+01
    3.31953e+00     1.71918e+03     4.52036e+01
    3.32362e+00     1.71559e+03     4.50292e+01
    3.32771e+00     1.71170e+03     4.48712e+01
    3.33180e+00     1.70970e+03     4.47860e+01
    3.33589e+00     1.70519e+03     4.45918e+01
    3.33998e+00     1.70147e+03     4.44127e+01
    3.34407e+00     1.69981e+03     4.43137e+01
    3.34816e+00     1.69504e+03     4.41586e+01
    3.35226e+00     1.69017e+03     4.38801e+01
    3.35634e+00     1.68671e+03     4.37594e+01
    3.36043e+00     1.68339e+03     4.36461e+01
    3.36453e+00     1.67988e+03     4.35365e+01
    3.36862e+00     1.67641e+03     4.33058e+01
    3.37271e+00     1.67285e+03     4.32055e+01
    3.37680e+00     1.66974e+03     4.29623e+01
    3.38089e+00     1.66568e+03     4.28183e+01
    3.38498e+00     1.66214e+03     4.26863e+01
    3.38907e+00     1.65967e+03     4.25428e+01
    3.39316e+00     1.65658e+03     4.24399e+01
    3.39725e+00     1.65208e+03     4.22685e+01
    3.40134e+00     1.64756e+03     4.20927e+01
    3.40543e+00     1.64324e+03     4.19053e+01
    3.40952e+00     1.64040e+03     4.17580e+01
    3.41362e+00     1.63754e+03     4.16082e+01
    3.41770e+00     1.63403e+03     4.14841e+01
    3.42179e+00     1.63017e+03     4.13540e+01
    3.42588e+00     1.62716e+03     4.11666e+01
    3.42997e+00     1.62313e+03     4.10373e+01
    3.43406e+00     1.61998e+03     4.08619e+01
    3.43816e+00     1.61619e+03     4.07911e+01
    3.44225e+00     1.61254e+03     4.05268e+01
    3.44634e+00     1.60970e+03     4.04381e+01
    3.45043e+00     1.60673e+03     4.03231e+01
    3.45452e+00     1.60439e+03     4.01681e+01
    3.45861e+00     1.60094e+03     4.00459e+01
    3.46270e+00     1.59802e+03     3.99317e+01
    3.46679e+00     1.59283e+03     3.97007e+01
    3.47088e+00     1.58772e+03     3.95092e+01
    3.47497e+00     1.58614e+03     3.94147e+01
    3.47906e+00     1.58331e+03     3.92796e+01
    3.48315e+00     1.57972e+03     3.91645e+01
    3.48725e+00     1.57627e+03     3.90078e+01
    3.49134e+00     1.57323e+03     3.88686e+01
    3.49543e+00     1.56983e+03     3.87452e+01
    3.49952e+00     1.56630e+03     3.86090e+01
    3.50361e+00     1.56358e+03     3.84564e+01
    3.50770e+00     1.56008e+03     3.82808e+01
    3.51179e+00     1.55560e+03     3.82095e+01
    3.51588e+00     1.55280e+03     3.80164e+01
    3.51997e+00     1.55002e+03     3.78814e+01
    3.52406e+00     1.54758e+03     3.77975e+01
    3.52815e+00     1.54131e+03     3.75661e+01
    3.53224e+00     1.53943e+03     3.74231e+01
    3.53633e+00     1.53633e+03     3.73402e+01
    3.54042e+00     1.53341e+03     3.72025e+01
    3.54451e+00     1.52933e+03     3.70160e+01
    3.54860e+00     1.52735e+03     3.69292e+01
    3.55270e+00     1.52403e+03     3.67844e+01
    3.55679e+00     1.51997e+03     3.66538e+01
    3.56088e+00     1.51817e+03     3.65680e+01
    3.56497e+00     1.51387e+03     3.63521e+01
    3.56906e+00     1.51135e+03     3.62754e+01
    3.57315e+00     1.50735e+03     3.61258e+01
    3.57724e+00     1.50405e+03     3.59829e+01
    3.58133e+00     1.50313e+03     3.59028e+01
    3.58542e+00     1.49803e+03     3.57182e+01
    3.58951e+00     1.49627e+03     3.56706e+01
    3.59360e+00     1.49139e+03     3.54815e+01
    3.59769e+00     1.48873e+03     3.53548e+01
    3.60178e+00     1.48512e+03     3.52115e+01
    3.60587e+00     1.48204e+03     3.50713e+01
    3.60996e+00     1.47932e+03     3.50004e+01
    3.61405e+00     1.47567e+03     3.48165e+01
    3.61814e+00     1.47417e+03     3.47473e+01
    3.62224e+00     1.47167e+03     3.46456e+01
    3.62633e+00     1.46550e+03     3.44124e+01
    3.63042e+00     1.46427e+03     3.43840e+01
    3.63451e+00     1.46025e+03     3.41688e+01
    3.63860e+00     1.45659e+03     3.40649e+01
    3.64269e+00     1.45355e+03     3.39174e+01
    3.64678e+00     1.45204e+03     3.38560e+01
    3.65087e+00     1.44789e+03     3.37058e+01
    3.65496e+00     1.44499e+03     3.35948e+01
    3.65905e+00     1.44222e+03     3.34689e+01
    3.66314e+00     1.44015e+03     3.33847e+01
    3.66723e+00     1.43674e+03     3.32377e+01
    3.67132e+00     1.43293e+03     3.31249e+01
    3.67541e+00     1.43062e+03     3.30095e+01
    3.67950e+00     1.42769e+03     3.28628e+01
    3.68359e+00     1.42445e+03     3.27467e+01
    3.68769e+00     1.42125e+03     3.26546e+01
    3.69177e+00     1.41812e+03     3.25152e+01
    3.69587e+00     1.41538e+03     3.23823e+01
    3.69996e+00     1.41201e+03     3.22860e+01
    3.70405e+00     1.41022e+03     3.21872e+01
    3.70814e+00     1.40607e+03     3.20859e+01
    3.71223e+00     1.40347e+03     3.19324e+01
    3.71632e+00     1.40123e+03     3.18640e+01
    3.72041e+00     1.39705e+03     3.16624e+01
    3.72450e+00     1.39501e+03     3.15811e+01
    3.72859e+00     1.39244e+03     3.14463e+01
    3.73268e+00     1.38940e+03     3.13411e+01
    3.73677e+00     1.38526e+03     3.12341e+01
    3.74086e+00     1.38398e+03     3.11198e+01
    3.74495e+00     1.37948e+03     3.10210e+01
    3.74905e+00     1.37738e+03     3.09488e+01
    3.75313e+00     1.37614e+03     3.08130e+01
    3.75722e+00     1.37210e+03     3.07080e+01
    3.76131e+00     1.36866e+03     3.06108e+01
    3.76541e+00     1.36674e+03     3.04802e+01
    3.76950e+00     1.36317e+03     3.03870e+01
    3.77359e+00     1.35980e+03     3.02145e+01
    3.77768e+00     1.35800e+03     3.01634e+01
    3.78177e+00     1.35538e+03     3.00326e+01
    3.78586e+00     1.35203e+03     2.99213e+01
    3.78995e+00     1.35002e+03     2.98430e+01
    3.79404e+00     1.34805e+03     2.97574e+01
    3.79813e+00     1.34366e+03     2.96052e+01
    3.80222e+00     1.34078e+03     2.95053e+01
    3.80632e+00     1.33879e+03     2.94411e+01
    3.81040e+00     1.33616e+03     2.93156e+01
    3.81449e+00     1.33386e+03     2.92272e+01
    3.81859e+00     1.33047e+03     2.90996e+01
    3.82268e+00     1.32808e+03     2.90056e+01
    3.82677e+00     1.32435e+03     2.88662e+01
    3.83086e+00     1.32277e+03     2.87782e+01
    3.83495e+00     1.31918e+03     2.86969e+01
    3.83904e+00     1.31706e+03     2.85625e+01
    3.84313e+00     1.31479e+03     2.84943e+01
    3.84722e+00     1.31280e+03     2.84200e+01
    3.85131e+00     1.30904e+03     2.82782e+01
    3.85540e+00     1.30619e+03     2.81588e+01
    3.85949e+00     1.30389e+03     2.80978e+01
    3.86358e+00     1.30132e+03     2.80118e+01
    3.86768e+00     1.29920e+03     2.79427e+01
    3.87177e+00     1.29581e+03     2.78103e+01
    3.87585e+00     1.29420e+03     2.77467e+01
    3.87994e+00     1.29144e+03     2.76161e+01
    3.88403e+00     1.28784e+03     2.74938e+01
    3.88813e+00     1.28531e+03     2.74040e+01
    3.89222e+00     1.28342e+03     2.73306e+01
    3.89631e+00     1.28122e+03     2.72204e+01
    3.90040e+00     1.27842e+03     2.71565e+01
    3.90449e+00     1.27649e+03     2.70426e+01
    3.90858e+00     1.27376e+03     2.69859e+01
    3.91267e+00     1.27053e+03     2.68597e+01
    3.91676e+00     1.26764e+03     2.67290e+01
    3.92085e+00     1.26589e+03     2.66609e+01
    3.92494e+00     1.26387e+03     2.66035e+01
    3.92903e+00     1.26189e+03     2.64965e+01
    3.93312e+00     1.25821e+03     2.63964e+01
    3.93721e+00     1.25633e+03     2.63179e+01
    3.94130e+00     1.25291e+03     2.62351e+01
    3.94539e+00     1.25107e+03     2.61530e+01
    3.94949e+00     1.24835e+03     2.60447e+01
    3.95358e+00     1.24683e+03     2.59714e+01
    3.95767e+00     1.24432e+03     2.58862e+01
    3.96176e+00     1.24148e+03     2.57850e+01
    3.96585e+00     1.23887e+03     2.56989e+01
    3.96994e+00     1.23719e+03     2.56197e+01
    3.97403e+00     1.23498e+03     2.55420e+01
    3.97812e+00     1.23183e+03     2.54364e+01
    3.98221e+00     1.22895e+03     2.53579e+01
    3.98630e+00     1.22795e+03     2.52843e+01
    3.99039e+00     1.22444e+03     2.51650e+01
    3.99448e+00     1.22264e+03     2.51088e+01
    3.99857e+00     1.21920e+03     2.49853e+01
    4.00266e+00     1.21811e+03     2.49462e+01
    4.00675e+00     1.21460e+03     2.48044e+01
    4.01085e+00     1.21317e+03     2.47809e+01
    4.01494e+00     1.21202e+03     2.47046e+01
    4.01902e+00     1.20878e+03     2.46175e+01
    4.02312e+00     1.20598e+03     2.45055e+01
    4.02721e+00     1.20486e+03     2.44436e+01
    4.03130e+00     1.20184e+03     2.43477e+01
    4.03539e+00     1.19920e+03     2.42568e+01
    4.03948e+00     1.19701e+03     2.41981e+01
    4.04357e+00     1.19527e+03     2.41358e+01
    4.04766e+00     1.19463e+03     2.40872e+01
    4.05175e+00     1.19072e+03     2.39782e+01
    4.05584e+00     1.18828e+03     2.38994e+01
    4.05993e+00     1.18567e+03     2.38021e+01
    4.06402e+00     1.18409e+03     2.37265e+01
    4.06811e+00     1.18164e+03     2.36421e+01
    4.07220e+00     1.18029e+03     2.36130e+01
    4.07630e+00     1.17814e+03     2.35180e+01
    4.08038e+00     1.17501e+03     2.34324e+01
    4.08447e+00     1.17300e+03     2.33478e+01
    4.08857e+00     1.17001e+03     2.32811e+01
    4.09266e+00     1.16892e+03     2.32236e+01
    4.09675e+00     1.16611e+03     2.31408e+01
    4.10084e+00     1.16479e+03     2.30835e+01
    4.10493e+00     1.16210e+03     2.29825e+01
    4.10902e+00     1.16036e+03     2.29135e+01
    4.11311e+00     1.15876e+03     2.28689e+01
    4.11720e+00     1.15680e+03     2.27728e+01
    4.12129e+00     1.15356e+03     2.27031e+01
    4.12538e+00     1.15296e+03     2.26877e+01
    4.12947e+00     1.15026e+03     2.25568e+01
    4.13356e+00     1.14854e+03     2.25108e+01
    4.13765e+00     1.14599e+03     2.24278e+01
    4.14175e+00     1.14390e+03     2.23649e+01
    4.14584e+00     1.14246e+03     2.23012e+01
    4.14993e+00     1.14021e+03     2.22234e+01
    4.15402e+00     1.13885e+03     2.21841e+01
    4.15811e+00     1.13690e+03     2.21142e+01
    4.16220e+00     1.13348e+03     2.20312e+01
    4.16629e+00     1.13178e+03     2.19363e+01
    4.17038e+00     1.13054e+03     2.19099e+01
    4.17447e+00     1.12838e+03     2.18197e+01
    4.17856e+00     1.12690e+03     2.17940e+01
    4.18265e+00     1.12479e+03     2.17043e+01
    4.18674e+00     1.12322e+03     2.16774e+01
