# Real space auto- and cross-spectra.
# z=0.500, 12.500<lgM<13.000
#      k[h/Mpc]            P_hh            P_hm            P_mm
    0.00000e+00     0.00000e+00     0.00000e+00     0.00000e+00
    5.79404e-03     1.55320e+04     1.13837e+04     9.15260e+03
    1.04717e-02     1.87694e+04     1.46580e+04     1.22895e+04
    1.42665e-02     2.57256e+04     2.07490e+04     1.77105e+04
    1.81228e-02     2.50829e+04     1.91979e+04     1.57996e+04
    2.24845e-02     2.05742e+04     1.60700e+04     1.35628e+04
    2.64508e-02     2.06906e+04     1.56903e+04     1.29813e+04
    3.04474e-02     1.75276e+04     1.31935e+04     1.09109e+04
    3.47320e-02     1.52969e+04     1.14667e+04     9.54160e+03
    3.88308e-02     1.55600e+04     1.14136e+04     9.35022e+03
    4.28140e-02     1.37555e+04     1.02515e+04     8.58425e+03
    4.68856e-02     1.34071e+04     9.89614e+03     8.27020e+03
    5.09858e-02     1.21378e+04     8.81856e+03     7.35112e+03
    5.51458e-02     1.19604e+04     8.54121e+03     7.04454e+03
    5.92243e-02     1.10904e+04     7.87400e+03     6.51051e+03
    6.32864e-02     1.03710e+04     7.41800e+03     6.20777e+03
    6.73674e-02     9.91564e+03     6.96893e+03     5.75841e+03
    7.14960e-02     9.68051e+03     6.81328e+03     5.67380e+03
    7.55894e-02     9.29906e+03     6.39233e+03     5.22193e+03
    7.96660e-02     8.47366e+03     5.83079e+03     4.81556e+03
    8.38183e-02     8.19486e+03     5.53884e+03     4.58784e+03
    8.78941e-02     7.51215e+03     5.04512e+03     4.20618e+03
    9.19238e-02     6.74715e+03     4.43679e+03     3.73734e+03
    9.60446e-02     6.53630e+03     4.23149e+03     3.55284e+03
    1.00128e-01     6.19529e+03     4.00914e+03     3.37473e+03
    1.04209e-01     5.88723e+03     3.72574e+03     3.12922e+03
    1.08333e-01     5.49740e+03     3.44953e+03     2.92719e+03
    1.12448e-01     5.62861e+03     3.47641e+03     2.90199e+03
    1.16521e-01     5.34696e+03     3.31849e+03     2.79911e+03
    1.20596e-01     5.21794e+03     3.19809e+03     2.70023e+03
    1.24665e-01     4.91918e+03     2.98156e+03     2.53310e+03
    1.28771e-01     5.00640e+03     3.04985e+03     2.57347e+03
    1.32874e-01     4.79613e+03     2.88190e+03     2.43429e+03
    1.36975e-01     4.63011e+03     2.75313e+03     2.33273e+03
    1.41075e-01     4.53487e+03     2.66132e+03     2.25270e+03
    1.45172e-01     4.29123e+03     2.46770e+03     2.10534e+03
    1.49268e-01     4.07014e+03     2.30002e+03     1.96753e+03
    1.53330e-01     4.01099e+03     2.23827e+03     1.91757e+03
    1.57416e-01     3.84747e+03     2.11813e+03     1.80763e+03
    1.61514e-01     3.74753e+03     2.04329e+03     1.75937e+03
    1.65592e-01     3.67709e+03     1.96466e+03     1.68085e+03
    1.69693e-01     3.51663e+03     1.85516e+03     1.58863e+03
    1.73803e-01     3.37317e+03     1.76511e+03     1.54451e+03
    1.77905e-01     3.37752e+03     1.74101e+03     1.50854e+03
    1.82001e-01     3.27038e+03     1.68842e+03     1.47303e+03
    1.86092e-01     3.27237e+03     1.65964e+03     1.43105e+03
    1.90161e-01     3.15183e+03     1.60145e+03     1.40668e+03
    1.94237e-01     3.10038e+03     1.54516e+03     1.33895e+03
    1.98334e-01     3.04074e+03     1.49057e+03     1.30730e+03
    2.02427e-01     2.98455e+03     1.46387e+03     1.28294e+03
    2.06523e-01     2.92913e+03     1.41223e+03     1.23480e+03
    2.10626e-01     2.88103e+03     1.36326e+03     1.19375e+03
    2.14724e-01     2.80479e+03     1.31360e+03     1.16232e+03
    2.18827e-01     2.73755e+03     1.25899e+03     1.11998e+03
    2.22903e-01     2.67796e+03     1.22289e+03     1.08543e+03
    2.26990e-01     2.62103e+03     1.18309e+03     1.06386e+03
    2.31084e-01     2.58257e+03     1.15701e+03     1.04303e+03
    2.35153e-01     2.57116e+03     1.12643e+03     1.00432e+03
    2.39244e-01     2.49517e+03     1.09260e+03     9.83722e+02
    2.43338e-01     2.51784e+03     1.07795e+03     9.63289e+02
    2.47445e-01     2.46219e+03     1.04691e+03     9.39476e+02
    2.51539e-01     2.42116e+03     1.01632e+03     9.11983e+02
    2.55609e-01     2.37917e+03     9.95703e+02     8.98554e+02
    2.59718e-01     2.35166e+03     9.69952e+02     8.82721e+02
    2.63814e-01     2.33178e+03     9.53705e+02     8.66978e+02
    2.67904e-01     2.28059e+03     9.24361e+02     8.42685e+02
    2.71993e-01     2.24863e+03     8.99437e+02     8.22054e+02
    2.76068e-01     2.22590e+03     8.74986e+02     8.03450e+02
    2.80171e-01     2.19782e+03     8.61697e+02     7.89935e+02
    2.84268e-01     2.17758e+03     8.38193e+02     7.71881e+02
    2.88346e-01     2.14453e+03     8.11097e+02     7.53106e+02
    2.92426e-01     2.10299e+03     7.89934e+02     7.36284e+02
    2.96514e-01     2.09329e+03     7.83408e+02     7.24190e+02
    3.00627e-01     2.05724e+03     7.59679e+02     7.08562e+02
    3.04729e-01     2.05895e+03     7.54634e+02     7.06135e+02
    3.08821e-01     2.02651e+03     7.30112e+02     6.86768e+02
    3.12919e-01     2.00346e+03     7.19433e+02     6.75507e+02
    3.16999e-01     1.97960e+03     7.02406e+02     6.58817e+02
    3.21078e-01     1.97134e+03     6.92215e+02     6.53708e+02
    3.25167e-01     1.95401e+03     6.75603e+02     6.37202e+02
    3.29247e-01     1.93018e+03     6.60481e+02     6.24228e+02
    3.33333e-01     1.90414e+03     6.46325e+02     6.18328e+02
    3.37443e-01     1.90151e+03     6.39837e+02     6.06228e+02
    3.41545e-01     1.87865e+03     6.24703e+02     5.97372e+02
    3.45625e-01     1.85868e+03     6.09258e+02     5.83991e+02
    3.49715e-01     1.85196e+03     6.00080e+02     5.77990e+02
    3.53817e-01     1.84264e+03     5.93929e+02     5.68149e+02
    3.57906e-01     1.80834e+03     5.78805e+02     5.59489e+02
    3.61975e-01     1.79169e+03     5.64398e+02     5.51794e+02
    3.66071e-01     1.80521e+03     5.65379e+02     5.45265e+02
    3.70189e-01     1.76943e+03     5.45434e+02     5.31180e+02
    3.74277e-01     1.77188e+03     5.41397e+02     5.26035e+02
    3.78356e-01     1.75183e+03     5.31508e+02     5.17959e+02
    3.82448e-01     1.73660e+03     5.20100e+02     5.12138e+02
    3.86535e-01     1.72305e+03     5.13579e+02     5.03000e+02
    3.90624e-01     1.71380e+03     5.03270e+02     4.93573e+02
    3.94706e-01     1.70760e+03     4.94444e+02     4.89381e+02
    3.98794e-01     1.68729e+03     4.89537e+02     4.83655e+02
    4.02896e-01     1.66370e+03     4.73445e+02     4.73740e+02
    4.06986e-01     1.66473e+03     4.72386e+02     4.67583e+02
    4.11069e-01     1.64268e+03     4.57185e+02     4.62002e+02
    4.15170e-01     1.65219e+03     4.60233e+02     4.57687e+02
    4.19263e-01     1.63566e+03     4.52378e+02     4.50477e+02
    4.23353e-01     1.61668e+03     4.40056e+02     4.44491e+02
    4.27447e-01     1.61790e+03     4.34040e+02     4.39125e+02
    4.31534e-01     1.61673e+03     4.30861e+02     4.34529e+02
    4.35624e-01     1.60346e+03     4.21832e+02     4.28059e+02
    4.39718e-01     1.58814e+03     4.19549e+02     4.28582e+02
    4.43804e-01     1.57796e+03     4.11950e+02     4.18779e+02
    4.47892e-01     1.57637e+03     4.07571e+02     4.15712e+02
    4.51977e-01     1.55917e+03     3.97813e+02     4.07423e+02
    4.56067e-01     1.55497e+03     3.94358e+02     4.03683e+02
    4.60165e-01     1.53459e+03     3.86153e+02     4.00466e+02
    4.64260e-01     1.53981e+03     3.83636e+02     3.94645e+02
    4.68355e-01     1.53491e+03     3.79445e+02     3.89419e+02
    4.72450e-01     1.52224e+03     3.72228e+02     3.85393e+02
    4.76540e-01     1.51081e+03     3.68527e+02     3.82504e+02
    4.80633e-01     1.50830e+03     3.61820e+02     3.79003e+02
    4.84718e-01     1.51424e+03     3.60084e+02     3.73974e+02
    4.88794e-01     1.49673e+03     3.52718e+02     3.67831e+02
    4.92888e-01     1.50165e+03     3.50980e+02     3.65517e+02
    4.96984e-01     1.47981e+03     3.44827e+02     3.63390e+02
    5.01073e-01     1.47915e+03     3.38818e+02     3.57246e+02
    5.05169e-01     1.46930e+03     3.36993e+02     3.54996e+02
    5.09268e-01     1.46666e+03     3.33639e+02     3.51094e+02
    5.13369e-01     1.45911e+03     3.27570e+02     3.46821e+02
    5.17441e-01     1.44966e+03     3.23352e+02     3.45144e+02
    5.21516e-01     1.44517e+03     3.21562e+02     3.39321e+02
    5.25611e-01     1.44558e+03     3.15257e+02     3.34936e+02
    5.29706e-01     1.43773e+03     3.13249e+02     3.33285e+02
    5.33801e-01     1.43287e+03     3.08442e+02     3.30504e+02
    5.37888e-01     1.42143e+03     3.04836e+02     3.27440e+02
    5.41985e-01     1.41955e+03     3.02739e+02     3.23987e+02
    5.46091e-01     1.41373e+03     2.99404e+02     3.22366e+02
    5.50174e-01     1.41376e+03     2.95562e+02     3.17751e+02
    5.54252e-01     1.40286e+03     2.91402e+02     3.15690e+02
    5.58346e-01     1.39648e+03     2.87315e+02     3.12288e+02
    5.62439e-01     1.39091e+03     2.83980e+02     3.08601e+02
    5.66527e-01     1.39033e+03     2.81894e+02     3.07144e+02
    5.70616e-01     1.38037e+03     2.77051e+02     3.03781e+02
    5.74707e-01     1.37694e+03     2.76254e+02     3.01339e+02
    5.78798e-01     1.37245e+03     2.73570e+02     2.98527e+02
    5.82883e-01     1.36569e+03     2.69876e+02     2.96399e+02
    5.86977e-01     1.35757e+03     2.64720e+02     2.92490e+02
    5.91070e-01     1.35671e+03     2.64184e+02     2.91038e+02
    5.95166e-01     1.36046e+03     2.63083e+02     2.89572e+02
    5.99260e-01     1.34947e+03     2.60647e+02     2.86319e+02
    6.03349e-01     1.35326e+03     2.57458e+02     2.83723e+02
    6.07445e-01     1.34471e+03     2.52270e+02     2.80929e+02
    6.11543e-01     1.33504e+03     2.50473e+02     2.78995e+02
    6.15623e-01     1.33958e+03     2.50986e+02     2.77584e+02
    6.19704e-01     1.33046e+03     2.46311e+02     2.75968e+02
    6.23792e-01     1.32099e+03     2.42529e+02     2.72677e+02
    6.27891e-01     1.32621e+03     2.41267e+02     2.70185e+02
    6.31991e-01     1.31807e+03     2.39276e+02     2.68290e+02
    6.36073e-01     1.30683e+03     2.35714e+02     2.64765e+02
    6.40158e-01     1.30982e+03     2.34250e+02     2.64345e+02
    6.44244e-01     1.30680e+03     2.32086e+02     2.61804e+02
    6.48338e-01     1.30811e+03     2.32039e+02     2.59808e+02
    6.52432e-01     1.29845e+03     2.28069e+02     2.59259e+02
    6.56514e-01     1.29723e+03     2.28163e+02     2.56458e+02
    6.60609e-01     1.29076e+03     2.22645e+02     2.53837e+02
    6.64712e-01     1.28683e+03     2.20057e+02     2.51765e+02
    6.68801e-01     1.28455e+03     2.22442e+02     2.51604e+02
    6.72890e-01     1.28122e+03     2.16615e+02     2.49018e+02
    6.76984e-01     1.27496e+03     2.15197e+02     2.46264e+02
    6.81074e-01     1.27377e+03     2.12694e+02     2.44464e+02
    6.85160e-01     1.27125e+03     2.12384e+02     2.43026e+02
    6.89246e-01     1.26861e+03     2.08518e+02     2.40453e+02
    6.93336e-01     1.25979e+03     2.07888e+02     2.40575e+02
    6.97434e-01     1.26389e+03     2.05833e+02     2.38228e+02
    7.01528e-01     1.26190e+03     2.04829e+02     2.35390e+02
    7.05618e-01     1.25098e+03     2.01837e+02     2.34538e+02
    7.09708e-01     1.25425e+03     2.02182e+02     2.33443e+02
    7.13796e-01     1.24468e+03     1.98759e+02     2.30775e+02
    7.17892e-01     1.24613e+03     1.98389e+02     2.30631e+02
    7.21982e-01     1.24318e+03     1.95819e+02     2.27703e+02
    7.26059e-01     1.23829e+03     1.93284e+02     2.26483e+02
    7.30145e-01     1.23977e+03     1.92958e+02     2.25018e+02
    7.34240e-01     1.23247e+03     1.90199e+02     2.23693e+02
    7.38340e-01     1.23278e+03     1.90993e+02     2.22321e+02
    7.42427e-01     1.22809e+03     1.88810e+02     2.20520e+02
    7.46511e-01     1.22480e+03     1.85052e+02     2.19251e+02
    7.50614e-01     1.21910e+03     1.83587e+02     2.17306e+02
    7.54706e-01     1.21465e+03     1.82305e+02     2.16501e+02
    7.58795e-01     1.22101e+03     1.82718e+02     2.15567e+02
    7.62888e-01     1.21408e+03     1.81703e+02     2.14042e+02
    7.66986e-01     1.21186e+03     1.79058e+02     2.12601e+02
    7.71073e-01     1.21128e+03     1.78849e+02     2.11262e+02
    7.75153e-01     1.20726e+03     1.77475e+02     2.10263e+02
    7.79241e-01     1.20833e+03     1.75197e+02     2.08497e+02
    7.83335e-01     1.19920e+03     1.73764e+02     2.07691e+02
    7.87426e-01     1.19930e+03     1.72124e+02     2.05061e+02
    7.91513e-01     1.19459e+03     1.71492e+02     2.04130e+02
    7.95606e-01     1.20063e+03     1.71826e+02     2.03901e+02
    7.99702e-01     1.19153e+03     1.68015e+02     2.01059e+02
    8.03798e-01     1.19078e+03     1.68124e+02     2.00982e+02
    8.07879e-01     1.19200e+03     1.67534e+02     1.99628e+02
    8.11963e-01     1.18404e+03     1.64724e+02     1.98621e+02
    8.16059e-01     1.18207e+03     1.63125e+02     1.96813e+02
    8.20152e-01     1.18010e+03     1.62286e+02     1.95233e+02
    8.24242e-01     1.17447e+03     1.60870e+02     1.94791e+02
    8.28331e-01     1.17290e+03     1.59524e+02     1.93420e+02
    8.32425e-01     1.17174e+03     1.58826e+02     1.92395e+02
    8.36516e-01     1.16964e+03     1.57648e+02     1.91040e+02
    8.40610e-01     1.16956e+03     1.56917e+02     1.89686e+02
    8.44704e-01     1.16319e+03     1.55166e+02     1.88660e+02
    8.48790e-01     1.16480e+03     1.55054e+02     1.87392e+02
    8.52876e-01     1.15898e+03     1.53927e+02     1.86300e+02
    8.56967e-01     1.15817e+03     1.52292e+02     1.85398e+02
    8.61059e-01     1.15456e+03     1.51060e+02     1.84102e+02
    8.65147e-01     1.15332e+03     1.50985e+02     1.83099e+02
    8.69235e-01     1.15116e+03     1.48790e+02     1.82012e+02
    8.73334e-01     1.15484e+03     1.50194e+02     1.81839e+02
    8.77429e-01     1.15023e+03     1.46858e+02     1.79777e+02
    8.81512e-01     1.14738e+03     1.47505e+02     1.79608e+02
    8.85601e-01     1.14379e+03     1.45314e+02     1.78487e+02
    8.89691e-01     1.14306e+03     1.44244e+02     1.77562e+02
    8.93784e-01     1.13840e+03     1.44010e+02     1.75988e+02
    8.97875e-01     1.13611e+03     1.42827e+02     1.75834e+02
    9.01960e-01     1.13403e+03     1.42096e+02     1.73847e+02
    9.06054e-01     1.13459e+03     1.41882e+02     1.73642e+02
    9.10146e-01     1.13044e+03     1.41061e+02     1.72587e+02
    9.14237e-01     1.12934e+03     1.39618e+02     1.70883e+02
    9.18331e-01     1.12609e+03     1.38626e+02     1.70297e+02
    9.22421e-01     1.12711e+03     1.38049e+02     1.69721e+02
    9.26509e-01     1.11901e+03     1.36860e+02     1.68866e+02
    9.30598e-01     1.12139e+03     1.36864e+02     1.68091e+02
    9.34692e-01     1.12221e+03     1.35130e+02     1.66528e+02
    9.38787e-01     1.11507e+03     1.33956e+02     1.65780e+02
    9.42873e-01     1.11450e+03     1.32123e+02     1.64165e+02
    9.46961e-01     1.10903e+03     1.32857e+02     1.63831e+02
    9.51054e-01     1.11286e+03     1.31723e+02     1.63155e+02
    9.55150e-01     1.11111e+03     1.30969e+02     1.62308e+02
    9.59240e-01     1.10791e+03     1.30438e+02     1.61760e+02
    9.63327e-01     1.10721e+03     1.29291e+02     1.59927e+02
    9.67420e-01     1.10412e+03     1.28880e+02     1.60009e+02
    9.71506e-01     1.10166e+03     1.27729e+02     1.58904e+02
    9.75588e-01     1.10106e+03     1.27105e+02     1.57760e+02
    9.79678e-01     1.10019e+03     1.26114e+02     1.57166e+02
    9.83773e-01     1.09982e+03     1.26264e+02     1.56036e+02
    9.87866e-01     1.09447e+03     1.25764e+02     1.55436e+02
    9.91960e-01     1.09459e+03     1.24091e+02     1.54099e+02
    9.96055e-01     1.09180e+03     1.24634e+02     1.53957e+02
    1.00015e+00     1.09108e+03     1.23429e+02     1.53281e+02
    1.00424e+00     1.08943e+03     1.22532e+02     1.51993e+02
    1.00832e+00     1.08690e+03     1.20679e+02     1.51549e+02
    1.01242e+00     1.08948e+03     1.20915e+02     1.50569e+02
    1.01651e+00     1.08288e+03     1.19970e+02     1.49485e+02
    1.02059e+00     1.07990e+03     1.19824e+02     1.48742e+02
    1.02468e+00     1.08117e+03     1.18454e+02     1.48365e+02
    1.02878e+00     1.07631e+03     1.18163e+02     1.47544e+02
    1.03287e+00     1.07712e+03     1.17831e+02     1.46796e+02
    1.03695e+00     1.07585e+03     1.17394e+02     1.46052e+02
    1.04105e+00     1.07691e+03     1.16264e+02     1.45143e+02
    1.04515e+00     1.06889e+03     1.15779e+02     1.44712e+02
    1.04923e+00     1.07007e+03     1.15361e+02     1.43699e+02
    1.05332e+00     1.06998e+03     1.14845e+02     1.43338e+02
    1.05741e+00     1.06788e+03     1.14607e+02     1.42456e+02
    1.06150e+00     1.06356e+03     1.13244e+02     1.41261e+02
    1.06559e+00     1.06469e+03     1.13779e+02     1.41047e+02
    1.06968e+00     1.06021e+03     1.12724e+02     1.40467e+02
    1.07377e+00     1.06315e+03     1.12502e+02     1.39250e+02
    1.07786e+00     1.06037e+03     1.11442e+02     1.38729e+02
    1.08195e+00     1.05792e+03     1.10986e+02     1.38044e+02
    1.08605e+00     1.05392e+03     1.10048e+02     1.37510e+02
    1.09014e+00     1.05129e+03     1.09433e+02     1.36932e+02
    1.09422e+00     1.05280e+03     1.09865e+02     1.36661e+02
    1.09832e+00     1.05105e+03     1.08826e+02     1.35457e+02
    1.10242e+00     1.04932e+03     1.08485e+02     1.35072e+02
    1.10650e+00     1.04447e+03     1.06416e+02     1.33630e+02
    1.11059e+00     1.04823e+03     1.07159e+02     1.33434e+02
    1.11468e+00     1.04423e+03     1.07112e+02     1.32566e+02
    1.11878e+00     1.04126e+03     1.05965e+02     1.32176e+02
    1.12287e+00     1.03978e+03     1.04934e+02     1.31645e+02
    1.12695e+00     1.04204e+03     1.05090e+02     1.30705e+02
    1.13105e+00     1.03632e+03     1.03954e+02     1.30044e+02
    1.13514e+00     1.03398e+03     1.03619e+02     1.29216e+02
    1.13922e+00     1.03348e+03     1.03412e+02     1.28816e+02
    1.14331e+00     1.03246e+03     1.02943e+02     1.28242e+02
    1.14741e+00     1.03260e+03     1.02616e+02     1.27570e+02
    1.15150e+00     1.02754e+03     1.01467e+02     1.26976e+02
    1.15559e+00     1.02838e+03     1.01919e+02     1.26336e+02
    1.15968e+00     1.02838e+03     1.00972e+02     1.25935e+02
    1.16377e+00     1.02418e+03     9.98306e+01     1.25067e+02
    1.16786e+00     1.01961e+03     9.93684e+01     1.24552e+02
    1.17195e+00     1.02112e+03     9.93856e+01     1.23968e+02
    1.17604e+00     1.02017e+03     9.86483e+01     1.23385e+02
    1.18013e+00     1.01785e+03     9.85202e+01     1.22606e+02
    1.18422e+00     1.01716e+03     9.83583e+01     1.22087e+02
    1.18831e+00     1.01740e+03     9.81664e+01     1.21773e+02
    1.19240e+00     1.01691e+03     9.75259e+01     1.21267e+02
    1.19649e+00     1.01135e+03     9.68879e+01     1.20460e+02
    1.20059e+00     1.01329e+03     9.68304e+01     1.19844e+02
    1.20468e+00     1.00917e+03     9.61433e+01     1.19056e+02
    1.20877e+00     1.01074e+03     9.56785e+01     1.18737e+02
    1.21286e+00     1.00571e+03     9.53111e+01     1.18232e+02
    1.21695e+00     1.00467e+03     9.42982e+01     1.17489e+02
    1.22104e+00     1.00248e+03     9.39235e+01     1.16860e+02
    1.22513e+00     1.00286e+03     9.39817e+01     1.16352e+02
    1.22922e+00     1.00188e+03     9.38171e+01     1.16305e+02
    1.23330e+00     9.99474e+02     9.32614e+01     1.15377e+02
    1.23740e+00     9.98776e+02     9.31877e+01     1.14888e+02
    1.24149e+00     9.97892e+02     9.26321e+01     1.14304e+02
    1.24558e+00     9.94680e+02     9.17921e+01     1.13493e+02
    1.24967e+00     9.93073e+02     9.15646e+01     1.13184e+02
    1.25376e+00     9.92154e+02     9.13440e+01     1.12705e+02
    1.25785e+00     9.89946e+02     9.01520e+01     1.12058e+02
    1.26194e+00     9.88542e+02     9.02367e+01     1.11775e+02
    1.26603e+00     9.87307e+02     9.04860e+01     1.11134e+02
    1.27012e+00     9.84833e+02     8.97932e+01     1.10389e+02
    1.27422e+00     9.84824e+02     8.95985e+01     1.10065e+02
    1.27831e+00     9.81274e+02     8.92339e+01     1.09544e+02
    1.28240e+00     9.83119e+02     8.90818e+01     1.08914e+02
    1.28649e+00     9.80939e+02     8.83897e+01     1.08546e+02
    1.29058e+00     9.77264e+02     8.77109e+01     1.08152e+02
    1.29467e+00     9.77335e+02     8.76468e+01     1.07693e+02
    1.29876e+00     9.74233e+02     8.68914e+01     1.06766e+02
    1.30285e+00     9.75842e+02     8.72446e+01     1.06565e+02
    1.30694e+00     9.75334e+02     8.70006e+01     1.05973e+02
    1.31103e+00     9.70321e+02     8.58954e+01     1.05344e+02
    1.31512e+00     9.71803e+02     8.56940e+01     1.04769e+02
    1.31921e+00     9.69762e+02     8.59864e+01     1.04672e+02
    1.32331e+00     9.68090e+02     8.52639e+01     1.04023e+02
    1.32739e+00     9.66763e+02     8.48512e+01     1.03464e+02
    1.33148e+00     9.63422e+02     8.45624e+01     1.03020e+02
    1.33558e+00     9.62023e+02     8.43467e+01     1.02595e+02
    1.33967e+00     9.65479e+02     8.42105e+01     1.02174e+02
    1.34376e+00     9.60212e+02     8.34136e+01     1.01666e+02
    1.34785e+00     9.58461e+02     8.28602e+01     1.00929e+02
    1.35195e+00     9.58097e+02     8.31204e+01     1.00647e+02
    1.35603e+00     9.58449e+02     8.25592e+01     1.00149e+02
    1.36011e+00     9.54986e+02     8.21512e+01     9.96496e+01
    1.36421e+00     9.54439e+02     8.21614e+01     9.90487e+01
    1.36830e+00     9.52109e+02     8.22423e+01     9.88485e+01
    1.37239e+00     9.53178e+02     8.18703e+01     9.84137e+01
    1.37648e+00     9.50348e+02     8.13889e+01     9.78398e+01
    1.38057e+00     9.46592e+02     8.06293e+01     9.73268e+01
    1.38466e+00     9.45623e+02     8.04619e+01     9.68335e+01
    1.38875e+00     9.45683e+02     8.02785e+01     9.65660e+01
    1.39285e+00     9.45220e+02     7.99308e+01     9.60677e+01
    1.39694e+00     9.43527e+02     7.95389e+01     9.56092e+01
    1.40102e+00     9.42148e+02     7.89814e+01     9.51810e+01
    1.40512e+00     9.42064e+02     7.90383e+01     9.47119e+01
    1.40921e+00     9.39985e+02     7.92977e+01     9.41927e+01
    1.41330e+00     9.37361e+02     7.82815e+01     9.38378e+01
    1.41739e+00     9.36188e+02     7.81431e+01     9.33600e+01
    1.42148e+00     9.36342e+02     7.83268e+01     9.31980e+01
    1.42557e+00     9.34070e+02     7.77298e+01     9.27623e+01
    1.42966e+00     9.30660e+02     7.72109e+01     9.21350e+01
    1.43375e+00     9.30547e+02     7.67745e+01     9.18192e+01
    1.43784e+00     9.31027e+02     7.67633e+01     9.11679e+01
    1.44193e+00     9.28724e+02     7.62622e+01     9.09234e+01
    1.44602e+00     9.29174e+02     7.68571e+01     9.06147e+01
    1.45011e+00     9.23506e+02     7.58789e+01     9.01305e+01
    1.45420e+00     9.23447e+02     7.53435e+01     8.97287e+01
    1.45830e+00     9.22508e+02     7.55525e+01     8.94557e+01
    1.46239e+00     9.19710e+02     7.47910e+01     8.87975e+01
    1.46648e+00     9.20587e+02     7.52530e+01     8.84228e+01
    1.47056e+00     9.19885e+02     7.49077e+01     8.82008e+01
    1.47465e+00     9.17153e+02     7.44739e+01     8.76974e+01
    1.47874e+00     9.16098e+02     7.42595e+01     8.73243e+01
    1.48283e+00     9.13746e+02     7.40254e+01     8.67177e+01
    1.48693e+00     9.15618e+02     7.39575e+01     8.64287e+01
    1.49102e+00     9.11715e+02     7.33003e+01     8.61836e+01
    1.49511e+00     9.11122e+02     7.31056e+01     8.56162e+01
    1.49920e+00     9.09718e+02     7.29109e+01     8.52284e+01
    1.50329e+00     9.07761e+02     7.26255e+01     8.48658e+01
    1.50738e+00     9.08171e+02     7.26432e+01     8.43792e+01
    1.51148e+00     9.05119e+02     7.23168e+01     8.41273e+01
    1.51557e+00     9.04487e+02     7.21445e+01     8.36729e+01
    1.51965e+00     9.03828e+02     7.18113e+01     8.33507e+01
    1.52374e+00     9.02059e+02     7.11810e+01     8.28699e+01
    1.52784e+00     8.99955e+02     7.14044e+01     8.28015e+01
    1.53193e+00     8.99098e+02     7.12266e+01     8.23527e+01
    1.53602e+00     8.95656e+02     7.07671e+01     8.18403e+01
    1.54011e+00     8.96651e+02     7.09091e+01     8.13730e+01
    1.54420e+00     8.95044e+02     7.04430e+01     8.10339e+01
    1.54829e+00     8.94786e+02     7.01900e+01     8.06228e+01
    1.55238e+00     8.91331e+02     6.97608e+01     8.03658e+01
    1.55647e+00     8.90220e+02     6.96719e+01     8.00971e+01
    1.56056e+00     8.89189e+02     6.95788e+01     7.95934e+01
    1.56465e+00     8.90274e+02     6.91055e+01     7.90586e+01
    1.56874e+00     8.88029e+02     6.88567e+01     7.89552e+01
    1.57283e+00     8.86642e+02     6.88856e+01     7.85823e+01
    1.57693e+00     8.84196e+02     6.87438e+01     7.81628e+01
    1.58102e+00     8.82600e+02     6.80903e+01     7.78331e+01
    1.58510e+00     8.82002e+02     6.82093e+01     7.74545e+01
    1.58919e+00     8.80774e+02     6.75116e+01     7.69102e+01
    1.59329e+00     8.79214e+02     6.76487e+01     7.67499e+01
    1.59738e+00     8.78538e+02     6.77025e+01     7.63864e+01
    1.60147e+00     8.75646e+02     6.75018e+01     7.60031e+01
    1.60556e+00     8.74245e+02     6.74166e+01     7.57127e+01
    1.60965e+00     8.73461e+02     6.68099e+01     7.53439e+01
    1.61374e+00     8.74011e+02     6.70461e+01     7.50638e+01
    1.61783e+00     8.70394e+02     6.67245e+01     7.46404e+01
    1.62192e+00     8.71056e+02     6.62866e+01     7.42445e+01
    1.62601e+00     8.68684e+02     6.60083e+01     7.38856e+01
    1.63010e+00     8.65885e+02     6.55225e+01     7.36032e+01
    1.63419e+00     8.65637e+02     6.57896e+01     7.32598e+01
    1.63828e+00     8.64314e+02     6.56954e+01     7.29935e+01
    1.64238e+00     8.63260e+02     6.53149e+01     7.27746e+01
    1.64647e+00     8.62811e+02     6.50696e+01     7.22069e+01
    1.65055e+00     8.61102e+02     6.47512e+01     7.19809e+01
    1.65465e+00     8.60368e+02     6.48842e+01     7.16748e+01
    1.65874e+00     8.59323e+02     6.47367e+01     7.13026e+01
    1.66283e+00     8.58207e+02     6.43786e+01     7.10995e+01
    1.66691e+00     8.57462e+02     6.40788e+01     7.06274e+01
    1.67101e+00     8.54721e+02     6.38118e+01     7.02417e+01
    1.67510e+00     8.55101e+02     6.34578e+01     6.99667e+01
    1.67919e+00     8.53238e+02     6.31805e+01     6.96842e+01
    1.68328e+00     8.51676e+02     6.34149e+01     6.93868e+01
    1.68737e+00     8.49669e+02     6.29265e+01     6.90515e+01
    1.69146e+00     8.48995e+02     6.31551e+01     6.88104e+01
    1.69555e+00     8.46389e+02     6.24656e+01     6.83041e+01
    1.69964e+00     8.45840e+02     6.21843e+01     6.80242e+01
    1.70373e+00     8.47025e+02     6.26017e+01     6.78828e+01
    1.70782e+00     8.43309e+02     6.22821e+01     6.74066e+01
    1.71191e+00     8.41447e+02     6.20425e+01     6.71328e+01
    1.71600e+00     8.40105e+02     6.16648e+01     6.68764e+01
    1.72009e+00     8.39446e+02     6.17382e+01     6.64564e+01
    1.72418e+00     8.38225e+02     6.12422e+01     6.62591e+01
    1.72828e+00     8.37712e+02     6.12291e+01     6.59333e+01
    1.73237e+00     8.37057e+02     6.09296e+01     6.55982e+01
    1.73646e+00     8.35520e+02     6.08136e+01     6.52976e+01
    1.74055e+00     8.35212e+02     6.08752e+01     6.50378e+01
    1.74464e+00     8.31720e+02     6.05163e+01     6.48373e+01
    1.74874e+00     8.30629e+02     6.02562e+01     6.43643e+01
    1.75282e+00     8.29982e+02     6.01906e+01     6.41840e+01
    1.75691e+00     8.29340e+02     5.99667e+01     6.37835e+01
    1.76100e+00     8.26687e+02     5.98022e+01     6.34799e+01
    1.76509e+00     8.25855e+02     5.94581e+01     6.32144e+01
    1.76918e+00     8.24192e+02     5.95827e+01     6.29902e+01
    1.77327e+00     8.23721e+02     5.94361e+01     6.26890e+01
    1.77737e+00     8.21853e+02     5.90783e+01     6.23579e+01
    1.78146e+00     8.20437e+02     5.89716e+01     6.21414e+01
    1.78554e+00     8.20202e+02     5.89573e+01     6.18260e+01
    1.78964e+00     8.17003e+02     5.87890e+01     6.16135e+01
    1.79373e+00     8.18118e+02     5.82481e+01     6.12291e+01
    1.79782e+00     8.16030e+02     5.83220e+01     6.09809e+01
    1.80191e+00     8.16650e+02     5.82336e+01     6.07264e+01
    1.80600e+00     8.13598e+02     5.79877e+01     6.03230e+01
    1.81009e+00     8.11597e+02     5.79997e+01     6.01753e+01
    1.81418e+00     8.11291e+02     5.75271e+01     5.98137e+01
    1.81827e+00     8.08902e+02     5.75656e+01     5.95625e+01
    1.82236e+00     8.08236e+02     5.72099e+01     5.93208e+01
    1.82645e+00     8.07088e+02     5.70984e+01     5.89807e+01
    1.83054e+00     8.05153e+02     5.70079e+01     5.87445e+01
    1.83463e+00     8.05229e+02     5.68239e+01     5.85160e+01
    1.83872e+00     8.03457e+02     5.67477e+01     5.82156e+01
    1.84281e+00     8.02101e+02     5.65619e+01     5.79414e+01
    1.84691e+00     8.00013e+02     5.62426e+01     5.76228e+01
    1.85100e+00     7.99467e+02     5.62282e+01     5.73986e+01
    1.85509e+00     7.98397e+02     5.58701e+01     5.70770e+01
    1.85918e+00     7.98163e+02     5.58505e+01     5.69231e+01
    1.86327e+00     7.96303e+02     5.58226e+01     5.66255e+01
    1.86736e+00     7.94063e+02     5.54554e+01     5.63361e+01
    1.87145e+00     7.94638e+02     5.53753e+01     5.60511e+01
    1.87554e+00     7.93528e+02     5.53844e+01     5.57188e+01
    1.87963e+00     7.91377e+02     5.50715e+01     5.55463e+01
    1.88372e+00     7.90827e+02     5.52493e+01     5.52960e+01
    1.88781e+00     7.88618e+02     5.48624e+01     5.50342e+01
    1.89190e+00     7.87304e+02     5.45675e+01     5.47519e+01
    1.89599e+00     7.85721e+02     5.44463e+01     5.46022e+01
    1.90008e+00     7.85332e+02     5.43339e+01     5.42198e+01
    1.90417e+00     7.83694e+02     5.43550e+01     5.39996e+01
    1.90827e+00     7.82903e+02     5.41730e+01     5.38241e+01
    1.91236e+00     7.78314e+02     5.38221e+01     5.34538e+01
    1.91645e+00     7.79138e+02     5.37070e+01     5.32308e+01
    1.92054e+00     7.78974e+02     5.34657e+01     5.30305e+01
    1.92463e+00     7.77230e+02     5.36499e+01     5.27606e+01
    1.92872e+00     7.76531e+02     5.33820e+01     5.25992e+01
    1.93281e+00     7.74921e+02     5.32201e+01     5.22850e+01
    1.93690e+00     7.73722e+02     5.32317e+01     5.21540e+01
    1.94099e+00     7.72951e+02     5.27586e+01     5.17834e+01
    1.94508e+00     7.71413e+02     5.28724e+01     5.15895e+01
    1.94917e+00     7.69663e+02     5.25283e+01     5.13677e+01
    1.95326e+00     7.69254e+02     5.24973e+01     5.11476e+01
    1.95735e+00     7.68375e+02     5.24377e+01     5.08806e+01
    1.96144e+00     7.67081e+02     5.22766e+01     5.05755e+01
    1.96553e+00     7.65836e+02     5.21331e+01     5.03514e+01
    1.96962e+00     7.64129e+02     5.18040e+01     5.01532e+01
    1.97371e+00     7.62712e+02     5.16518e+01     4.99067e+01
    1.97781e+00     7.60563e+02     5.14735e+01     4.96033e+01
    1.98190e+00     7.60033e+02     5.14450e+01     4.94381e+01
    1.98599e+00     7.59973e+02     5.15617e+01     4.92423e+01
    1.99008e+00     7.57603e+02     5.09560e+01     4.89456e+01
    1.99417e+00     7.56876e+02     5.12784e+01     4.87591e+01
    1.99826e+00     7.55794e+02     5.11414e+01     4.85751e+01
    2.00235e+00     7.53828e+02     5.07213e+01     4.83101e+01
    2.00644e+00     7.54036e+02     5.08488e+01     4.81230e+01
    2.01053e+00     7.50624e+02     5.03856e+01     4.78031e+01
    2.01462e+00     7.50669e+02     5.01357e+01     4.75572e+01
    2.01871e+00     7.48998e+02     5.01932e+01     4.74005e+01
    2.02280e+00     7.48607e+02     5.00948e+01     4.72303e+01
    2.02689e+00     7.46509e+02     4.98776e+01     4.70058e+01
    2.03098e+00     7.45722e+02     4.98534e+01     4.67086e+01
    2.03507e+00     7.44435e+02     4.96776e+01     4.65003e+01
    2.03917e+00     7.41469e+02     4.94305e+01     4.62826e+01
    2.04325e+00     7.42282e+02     4.95884e+01     4.61296e+01
    2.04735e+00     7.41211e+02     4.93488e+01     4.58944e+01
    2.05143e+00     7.38716e+02     4.91638e+01     4.56293e+01
    2.05552e+00     7.38231e+02     4.88186e+01     4.54253e+01
    2.05962e+00     7.36657e+02     4.88249e+01     4.52576e+01
    2.06371e+00     7.35302e+02     4.89234e+01     4.50650e+01
    2.06780e+00     7.35104e+02     4.85714e+01     4.47656e+01
    2.07189e+00     7.33466e+02     4.83355e+01     4.45620e+01
    2.07598e+00     7.31639e+02     4.83224e+01     4.43617e+01
    2.08007e+00     7.29785e+02     4.81857e+01     4.41390e+01
    2.08416e+00     7.29117e+02     4.78835e+01     4.39368e+01
    2.08825e+00     7.29365e+02     4.78945e+01     4.37680e+01
    2.09234e+00     7.27509e+02     4.77950e+01     4.35283e+01
    2.09644e+00     7.26196e+02     4.76888e+01     4.33659e+01
    2.10053e+00     7.24802e+02     4.75677e+01     4.31264e+01
    2.10461e+00     7.23603e+02     4.73423e+01     4.29016e+01
    2.10870e+00     7.21936e+02     4.72078e+01     4.27175e+01
    2.11280e+00     7.21651e+02     4.70674e+01     4.25373e+01
    2.11688e+00     7.21204e+02     4.70365e+01     4.23113e+01
    2.12098e+00     7.17769e+02     4.68627e+01     4.21675e+01
    2.12507e+00     7.17608e+02     4.68763e+01     4.19197e+01
    2.12916e+00     7.16955e+02     4.68152e+01     4.17320e+01
    2.13325e+00     7.16180e+02     4.66790e+01     4.15101e+01
    2.13734e+00     7.13970e+02     4.63521e+01     4.13263e+01
    2.14143e+00     7.13065e+02     4.62063e+01     4.11474e+01
    2.14552e+00     7.12470e+02     4.61328e+01     4.09309e+01
    2.14961e+00     7.10465e+02     4.60993e+01     4.07622e+01
    2.15370e+00     7.08988e+02     4.60185e+01     4.05433e+01
    2.15779e+00     7.08510e+02     4.58861e+01     4.03540e+01
    2.16188e+00     7.06784e+02     4.57757e+01     4.02047e+01
    2.16597e+00     7.06422e+02     4.54992e+01     3.99858e+01
    2.17006e+00     7.04587e+02     4.53993e+01     3.98336e+01
    2.17416e+00     7.02842e+02     4.51858e+01     3.95786e+01
    2.17825e+00     7.02575e+02     4.52995e+01     3.94486e+01
    2.18234e+00     7.00805e+02     4.49624e+01     3.92024e+01
    2.18643e+00     6.98963e+02     4.47396e+01     3.90777e+01
    2.19052e+00     6.98366e+02     4.48151e+01     3.88491e+01
    2.19461e+00     6.97582e+02     4.48521e+01     3.86721e+01
    2.19870e+00     6.95381e+02     4.46237e+01     3.84962e+01
    2.20279e+00     6.95957e+02     4.46095e+01     3.82522e+01
    2.20688e+00     6.93332e+02     4.42250e+01     3.81051e+01
    2.21097e+00     6.93070e+02     4.41438e+01     3.79479e+01
    2.21506e+00     6.91598e+02     4.41428e+01     3.77654e+01
    2.21915e+00     6.90269e+02     4.39606e+01     3.75303e+01
    2.22324e+00     6.89014e+02     4.38055e+01     3.73935e+01
    2.22733e+00     6.87521e+02     4.37081e+01     3.71912e+01
    2.23142e+00     6.86937e+02     4.35930e+01     3.70119e+01
    2.23552e+00     6.85365e+02     4.34231e+01     3.68285e+01
    2.23961e+00     6.85489e+02     4.33246e+01     3.66946e+01
    2.24369e+00     6.82778e+02     4.33523e+01     3.64934e+01
    2.24779e+00     6.81869e+02     4.31801e+01     3.63154e+01
    2.25188e+00     6.80471e+02     4.29921e+01     3.61245e+01
    2.25597e+00     6.80085e+02     4.29306e+01     3.59869e+01
    2.26006e+00     6.78936e+02     4.27317e+01     3.58197e+01
    2.26415e+00     6.76737e+02     4.26952e+01     3.56460e+01
    2.26824e+00     6.76025e+02     4.25838e+01     3.54525e+01
    2.27233e+00     6.74973e+02     4.25147e+01     3.53480e+01
    2.27642e+00     6.73228e+02     4.23635e+01     3.51211e+01
    2.28051e+00     6.72501e+02     4.23579e+01     3.49843e+01
    2.28460e+00     6.71956e+02     4.22146e+01     3.48246e+01
    2.28869e+00     6.70761e+02     4.21213e+01     3.46391e+01
    2.29278e+00     6.70710e+02     4.20322e+01     3.44668e+01
    2.29687e+00     6.67425e+02     4.18017e+01     3.42845e+01
    2.30096e+00     6.67459e+02     4.16573e+01     3.41204e+01
    2.30506e+00     6.65706e+02     4.15609e+01     3.39628e+01
    2.30915e+00     6.65540e+02     4.16314e+01     3.37637e+01
    2.31324e+00     6.63828e+02     4.13795e+01     3.36382e+01
    2.31733e+00     6.62440e+02     4.13375e+01     3.34763e+01
    2.32142e+00     6.60357e+02     4.11617e+01     3.33330e+01
    2.32551e+00     6.59124e+02     4.09481e+01     3.31659e+01
    2.32960e+00     6.58071e+02     4.08083e+01     3.29723e+01
    2.33369e+00     6.57613e+02     4.08003e+01     3.28138e+01
    2.33778e+00     6.56512e+02     4.07520e+01     3.26935e+01
    2.34187e+00     6.55026e+02     4.06347e+01     3.25123e+01
    2.34596e+00     6.52955e+02     4.04105e+01     3.23236e+01
    2.35005e+00     6.53178e+02     4.04521e+01     3.22257e+01
    2.35414e+00     6.51695e+02     4.02971e+01     3.20650e+01
    2.35823e+00     6.49322e+02     4.00755e+01     3.18602e+01
    2.36232e+00     6.49900e+02     4.01135e+01     3.17088e+01
    2.36641e+00     6.47783e+02     4.01865e+01     3.16350e+01
    2.37051e+00     6.46498e+02     3.98547e+01     3.14742e+01
    2.37460e+00     6.45648e+02     3.96589e+01     3.12456e+01
    2.37869e+00     6.44379e+02     3.96678e+01     3.11490e+01
    2.38278e+00     6.43111e+02     3.95517e+01     3.09789e+01
    2.38687e+00     6.42042e+02     3.93725e+01     3.08343e+01
    2.39096e+00     6.40363e+02     3.93619e+01     3.06733e+01
    2.39505e+00     6.39463e+02     3.90269e+01     3.05143e+01
    2.39914e+00     6.37534e+02     3.89565e+01     3.03597e+01
    2.40323e+00     6.37509e+02     3.88893e+01     3.02221e+01
    2.40732e+00     6.36019e+02     3.89040e+01     3.00620e+01
    2.41141e+00     6.35487e+02     3.87259e+01     2.99476e+01
    2.41550e+00     6.33747e+02     3.85890e+01     2.98098e+01
    2.41959e+00     6.32463e+02     3.85486e+01     2.96304e+01
    2.42368e+00     6.31525e+02     3.84275e+01     2.95336e+01
    2.42777e+00     6.30465e+02     3.81781e+01     2.93362e+01
    2.43187e+00     6.29413e+02     3.81587e+01     2.92298e+01
    2.43596e+00     6.27573e+02     3.80044e+01     2.90688e+01
    2.44004e+00     6.26610e+02     3.80072e+01     2.89441e+01
    2.44414e+00     6.25740e+02     3.79433e+01     2.87878e+01
    2.44823e+00     6.24250e+02     3.77783e+01     2.86737e+01
    2.45232e+00     6.24012e+02     3.77363e+01     2.85033e+01
    2.45640e+00     6.22723e+02     3.76169e+01     2.83378e+01
    2.46050e+00     6.21266e+02     3.74905e+01     2.82475e+01
    2.46459e+00     6.19879e+02     3.74076e+01     2.80978e+01
    2.46868e+00     6.18886e+02     3.73330e+01     2.79641e+01
    2.47277e+00     6.17953e+02     3.71701e+01     2.78116e+01
    2.47686e+00     6.16506e+02     3.70366e+01     2.76701e+01
    2.48095e+00     6.15460e+02     3.68419e+01     2.75858e+01
    2.48504e+00     6.14299e+02     3.68869e+01     2.74400e+01
    2.48913e+00     6.13167e+02     3.68300e+01     2.72964e+01
    2.49322e+00     6.12740e+02     3.67580e+01     2.71709e+01
    2.49731e+00     6.11285e+02     3.65195e+01     2.69950e+01
    2.50141e+00     6.09337e+02     3.65012e+01     2.68926e+01
    2.50550e+00     6.09066e+02     3.63426e+01     2.67517e+01
    2.50959e+00     6.06608e+02     3.62601e+01     2.66094e+01
    2.51368e+00     6.06170e+02     3.62166e+01     2.64799e+01
    2.51777e+00     6.05299e+02     3.60797e+01     2.63643e+01
    2.52186e+00     6.03244e+02     3.58944e+01     2.62543e+01
    2.52595e+00     6.02764e+02     3.57716e+01     2.60901e+01
    2.53004e+00     6.01411e+02     3.57018e+01     2.59652e+01
    2.53413e+00     6.00893e+02     3.56233e+01     2.58561e+01
    2.53822e+00     5.99508e+02     3.55937e+01     2.57453e+01
    2.54231e+00     5.98704e+02     3.54118e+01     2.56018e+01
    2.54640e+00     5.97440e+02     3.54275e+01     2.54731e+01
    2.55049e+00     5.95708e+02     3.52024e+01     2.53197e+01
    2.55458e+00     5.94992e+02     3.51276e+01     2.51719e+01
    2.55867e+00     5.94083e+02     3.50726e+01     2.51067e+01
    2.56276e+00     5.93128e+02     3.49368e+01     2.49360e+01
    2.56685e+00     5.91896e+02     3.48318e+01     2.48366e+01
    2.57095e+00     5.90225e+02     3.47976e+01     2.47350e+01
    2.57504e+00     5.89615e+02     3.47108e+01     2.46115e+01
    2.57913e+00     5.88206e+02     3.45500e+01     2.44756e+01
    2.58322e+00     5.87595e+02     3.45248e+01     2.43610e+01
    2.58731e+00     5.85783e+02     3.44365e+01     2.42446e+01
    2.59140e+00     5.84541e+02     3.42380e+01     2.41207e+01
    2.59549e+00     5.84314e+02     3.42907e+01     2.40219e+01
    2.59958e+00     5.82453e+02     3.41387e+01     2.38803e+01
    2.60367e+00     5.81933e+02     3.40947e+01     2.37711e+01
    2.60776e+00     5.81009e+02     3.40150e+01     2.36600e+01
    2.61185e+00     5.79539e+02     3.38555e+01     2.35158e+01
    2.61594e+00     5.78500e+02     3.37199e+01     2.34276e+01
    2.62003e+00     5.77350e+02     3.36897e+01     2.32872e+01
    2.62412e+00     5.76716e+02     3.35996e+01     2.31913e+01
    2.62821e+00     5.74973e+02     3.34643e+01     2.30750e+01
    2.63230e+00     5.74360e+02     3.33662e+01     2.29631e+01
    2.63640e+00     5.73209e+02     3.33842e+01     2.28515e+01
    2.64049e+00     5.71466e+02     3.31411e+01     2.27212e+01
    2.64457e+00     5.70598e+02     3.31020e+01     2.26132e+01
    2.64867e+00     5.70452e+02     3.30665e+01     2.25283e+01
    2.65276e+00     5.68426e+02     3.29650e+01     2.24084e+01
    2.65685e+00     5.67434e+02     3.28553e+01     2.22783e+01
    2.66094e+00     5.66692e+02     3.27512e+01     2.21672e+01
    2.66503e+00     5.65569e+02     3.26246e+01     2.20515e+01
    2.66912e+00     5.64154e+02     3.25581e+01     2.19393e+01
    2.67321e+00     5.63225e+02     3.23812e+01     2.18291e+01
    2.67730e+00     5.61765e+02     3.23129e+01     2.17215e+01
    2.68139e+00     5.60260e+02     3.22217e+01     2.16090e+01
    2.68548e+00     5.59704e+02     3.21718e+01     2.15134e+01
    2.68957e+00     5.59269e+02     3.20795e+01     2.14056e+01
    2.69366e+00     5.57747e+02     3.19620e+01     2.12898e+01
    2.69776e+00     5.56791e+02     3.19348e+01     2.11946e+01
    2.70185e+00     5.56057e+02     3.17983e+01     2.10964e+01
    2.70594e+00     5.54041e+02     3.16793e+01     2.09804e+01
    2.71003e+00     5.53329e+02     3.16393e+01     2.08754e+01
    2.71412e+00     5.51850e+02     3.14781e+01     2.07790e+01
    2.71821e+00     5.51264e+02     3.14351e+01     2.06543e+01
    2.72230e+00     5.50711e+02     3.13549e+01     2.05641e+01
    2.72639e+00     5.49453e+02     3.12726e+01     2.04683e+01
    2.73048e+00     5.47559e+02     3.11505e+01     2.03659e+01
    2.73457e+00     5.46875e+02     3.11450e+01     2.02691e+01
    2.73866e+00     5.45414e+02     3.09273e+01     2.01567e+01
    2.74275e+00     5.44588e+02     3.07937e+01     2.00382e+01
    2.74684e+00     5.43455e+02     3.08015e+01     1.99474e+01
    2.75093e+00     5.42131e+02     3.06477e+01     1.98578e+01
    2.75502e+00     5.41578e+02     3.06309e+01     1.97593e+01
    2.75911e+00     5.40527e+02     3.05757e+01     1.96488e+01
    2.76320e+00     5.39747e+02     3.05073e+01     1.95541e+01
    2.76730e+00     5.37521e+02     3.03109e+01     1.94600e+01
    2.77139e+00     5.37090e+02     3.03288e+01     1.93810e+01
    2.77548e+00     5.36257e+02     3.02040e+01     1.92669e+01
    2.77957e+00     5.34797e+02     3.00601e+01     1.91673e+01
    2.78366e+00     5.34291e+02     3.00517e+01     1.90640e+01
    2.78775e+00     5.32831e+02     2.99168e+01     1.89661e+01
    2.79184e+00     5.31805e+02     2.98452e+01     1.88704e+01
    2.79593e+00     5.30481e+02     2.97377e+01     1.87881e+01
    2.80002e+00     5.29713e+02     2.96846e+01     1.87002e+01
    2.80411e+00     5.28910e+02     2.96383e+01     1.86215e+01
    2.80820e+00     5.27816e+02     2.95263e+01     1.85158e+01
    2.81229e+00     5.27074e+02     2.95121e+01     1.84211e+01
    2.81638e+00     5.25844e+02     2.93582e+01     1.83044e+01
    2.82047e+00     5.24903e+02     2.92934e+01     1.82314e+01
    2.82457e+00     5.23376e+02     2.91564e+01     1.81421e+01
    2.82866e+00     5.22657e+02     2.90695e+01     1.80401e+01
    2.83275e+00     5.21166e+02     2.89278e+01     1.79542e+01
    2.83684e+00     5.20219e+02     2.88516e+01     1.78645e+01
    2.84093e+00     5.19042e+02     2.88155e+01     1.77896e+01
    2.84502e+00     5.18301e+02     2.87457e+01     1.76711e+01
    2.84911e+00     5.16705e+02     2.86061e+01     1.75976e+01
    2.85320e+00     5.16220e+02     2.85693e+01     1.75194e+01
    2.85729e+00     5.15699e+02     2.86015e+01     1.74342e+01
    2.86138e+00     5.14392e+02     2.84896e+01     1.73527e+01
    2.86547e+00     5.13022e+02     2.83364e+01     1.72453e+01
    2.86956e+00     5.12390e+02     2.82803e+01     1.71607e+01
    2.87365e+00     5.10943e+02     2.81273e+01     1.70881e+01
    2.87774e+00     5.09674e+02     2.80218e+01     1.69862e+01
    2.88183e+00     5.08857e+02     2.79233e+01     1.69008e+01
    2.88592e+00     5.08317e+02     2.79433e+01     1.68085e+01
    2.89001e+00     5.07070e+02     2.78138e+01     1.67320e+01
    2.89410e+00     5.05820e+02     2.77315e+01     1.66388e+01
    2.89820e+00     5.05091e+02     2.77498e+01     1.65648e+01
    2.90229e+00     5.03510e+02     2.75713e+01     1.64601e+01
    2.90638e+00     5.03754e+02     2.75309e+01     1.63862e+01
    2.91047e+00     5.01693e+02     2.74028e+01     1.62962e+01
    2.91456e+00     5.01038e+02     2.73254e+01     1.62344e+01
    2.91865e+00     5.00245e+02     2.73620e+01     1.61488e+01
    2.92274e+00     4.98784e+02     2.71939e+01     1.60680e+01
    2.92683e+00     4.97672e+02     2.71059e+01     1.59677e+01
    2.93092e+00     4.96618e+02     2.69880e+01     1.58980e+01
    2.93501e+00     4.95266e+02     2.69484e+01     1.58228e+01
    2.93910e+00     4.94283e+02     2.68798e+01     1.57523e+01
    2.94319e+00     4.93412e+02     2.67535e+01     1.56649e+01
    2.94728e+00     4.92225e+02     2.66792e+01     1.55816e+01
    2.95137e+00     4.91399e+02     2.65984e+01     1.54818e+01
    2.95546e+00     4.90738e+02     2.65878e+01     1.54329e+01
    2.95955e+00     4.89342e+02     2.64657e+01     1.53432e+01
    2.96364e+00     4.88288e+02     2.63913e+01     1.52829e+01
    2.96774e+00     4.87535e+02     2.63141e+01     1.51971e+01
    2.97183e+00     4.86374e+02     2.61716e+01     1.51059e+01
    2.97592e+00     4.85610e+02     2.61204e+01     1.50301e+01
    2.98001e+00     4.84945e+02     2.60681e+01     1.49480e+01
    2.98410e+00     4.83368e+02     2.59903e+01     1.48862e+01
    2.98819e+00     4.82979e+02     2.59748e+01     1.48066e+01
    2.99228e+00     4.81633e+02     2.58434e+01     1.47364e+01
    2.99637e+00     4.80720e+02     2.57368e+01     1.46431e+01
    3.00046e+00     4.79671e+02     2.57458e+01     1.46061e+01
    3.00455e+00     4.78651e+02     2.56278e+01     1.45223e+01
    3.00864e+00     4.77775e+02     2.55216e+01     1.44422e+01
    3.01273e+00     4.76212e+02     2.54408e+01     1.43499e+01
    3.01682e+00     4.75532e+02     2.53346e+01     1.42825e+01
    3.02091e+00     4.74892e+02     2.52786e+01     1.42073e+01
    3.02500e+00     4.73455e+02     2.52187e+01     1.41480e+01
    3.02910e+00     4.72695e+02     2.51538e+01     1.40673e+01
    3.03319e+00     4.71804e+02     2.50443e+01     1.39988e+01
    3.03728e+00     4.70880e+02     2.49345e+01     1.39338e+01
    3.04137e+00     4.70226e+02     2.49395e+01     1.38400e+01
    3.04546e+00     4.69042e+02     2.48167e+01     1.37772e+01
    3.04955e+00     4.67962e+02     2.48411e+01     1.37283e+01
    3.05364e+00     4.66848e+02     2.47265e+01     1.36391e+01
    3.05773e+00     4.65826e+02     2.45627e+01     1.35634e+01
    3.06182e+00     4.65275e+02     2.44985e+01     1.34935e+01
    3.06591e+00     4.63975e+02     2.44763e+01     1.34410e+01
    3.07000e+00     4.62918e+02     2.43945e+01     1.33778e+01
    3.07409e+00     4.62125e+02     2.43589e+01     1.33014e+01
    3.07818e+00     4.60817e+02     2.42534e+01     1.32274e+01
    3.08227e+00     4.60098e+02     2.41320e+01     1.31625e+01
    3.08636e+00     4.59251e+02     2.41113e+01     1.30825e+01
    3.09045e+00     4.57889e+02     2.40271e+01     1.30377e+01
    3.09454e+00     4.57270e+02     2.40094e+01     1.29666e+01
    3.09863e+00     4.56769e+02     2.38774e+01     1.28863e+01
    3.10272e+00     4.54896e+02     2.38119e+01     1.28314e+01
    3.10682e+00     4.54289e+02     2.36877e+01     1.27666e+01
    3.11091e+00     4.53290e+02     2.36507e+01     1.26985e+01
    3.11500e+00     4.52519e+02     2.35554e+01     1.26310e+01
    3.11909e+00     4.51476e+02     2.35133e+01     1.25634e+01
    3.12318e+00     4.50495e+02     2.34092e+01     1.24974e+01
    3.12727e+00     4.49747e+02     2.33757e+01     1.24386e+01
    3.13136e+00     4.48493e+02     2.32660e+01     1.23760e+01
    3.13545e+00     4.47824e+02     2.32268e+01     1.23208e+01
    3.13954e+00     4.46823e+02     2.31590e+01     1.22469e+01
    3.14363e+00     4.45763e+02     2.30753e+01     1.21879e+01
    3.14772e+00     4.45136e+02     2.30592e+01     1.21252e+01
    3.15181e+00     4.44476e+02     2.29502e+01     1.20539e+01
    3.15590e+00     4.43216e+02     2.28953e+01     1.19975e+01
    3.16000e+00     4.42165e+02     2.28094e+01     1.19513e+01
    3.16409e+00     4.41431e+02     2.27557e+01     1.18726e+01
    3.16818e+00     4.40664e+02     2.26763e+01     1.18101e+01
    3.17227e+00     4.39482e+02     2.26098e+01     1.17573e+01
    3.17636e+00     4.38412e+02     2.25445e+01     1.16962e+01
    3.18045e+00     4.37790e+02     2.25105e+01     1.16313e+01
    3.18454e+00     4.36683e+02     2.24192e+01     1.15810e+01
    3.18863e+00     4.36013e+02     2.23410e+01     1.15238e+01
    3.19272e+00     4.34991e+02     2.22878e+01     1.14734e+01
    3.19681e+00     4.33712e+02     2.21956e+01     1.13946e+01
    3.20090e+00     4.33150e+02     2.21343e+01     1.13402e+01
    3.20499e+00     4.32021e+02     2.20279e+01     1.12765e+01
    3.20908e+00     4.31182e+02     2.19957e+01     1.12211e+01
    3.21317e+00     4.30266e+02     2.19049e+01     1.11587e+01
    3.21726e+00     4.29263e+02     2.18186e+01     1.11087e+01
    3.22135e+00     4.28745e+02     2.17591e+01     1.10425e+01
    3.22545e+00     4.27766e+02     2.17527e+01     1.09995e+01
    3.22954e+00     4.26816e+02     2.16448e+01     1.09417e+01
    3.23363e+00     4.25907e+02     2.15782e+01     1.08784e+01
    3.23772e+00     4.24973e+02     2.14906e+01     1.08269e+01
    3.24181e+00     4.23886e+02     2.14663e+01     1.07709e+01
    3.24590e+00     4.22891e+02     2.13554e+01     1.07086e+01
    3.24999e+00     4.22571e+02     2.13250e+01     1.06550e+01
    3.25408e+00     4.21289e+02     2.12420e+01     1.06042e+01
    3.25817e+00     4.20665e+02     2.11943e+01     1.05558e+01
    3.26226e+00     4.19603e+02     2.11226e+01     1.04950e+01
    3.26635e+00     4.18447e+02     2.10420e+01     1.04353e+01
    3.27044e+00     4.17670e+02     2.09739e+01     1.03962e+01
    3.27453e+00     4.16527e+02     2.08844e+01     1.03329e+01
    3.27862e+00     4.16085e+02     2.08785e+01     1.02798e+01
    3.28271e+00     4.15076e+02     2.07729e+01     1.02233e+01
    3.28681e+00     4.14484e+02     2.06798e+01     1.01743e+01
    3.29090e+00     4.13464e+02     2.07042e+01     1.01277e+01
    3.29499e+00     4.12727e+02     2.05987e+01     1.00730e+01
    3.29908e+00     4.11541e+02     2.05277e+01     1.00231e+01
    3.30317e+00     4.10801e+02     2.04722e+01     9.97220e+00
    3.30725e+00     4.09587e+02     2.03824e+01     9.92063e+00
    3.31135e+00     4.09143e+02     2.03473e+01     9.86546e+00
    3.31544e+00     4.08084e+02     2.02566e+01     9.81307e+00
    3.31953e+00     4.07427e+02     2.02139e+01     9.76694e+00
    3.32362e+00     4.06607e+02     2.01731e+01     9.71853e+00
    3.32771e+00     4.05477e+02     2.00348e+01     9.66173e+00
    3.33180e+00     4.04541e+02     2.00223e+01     9.62011e+00
    3.33589e+00     4.04043e+02     1.99660e+01     9.56314e+00
    3.33998e+00     4.03020e+02     1.99052e+01     9.51774e+00
    3.34407e+00     4.02044e+02     1.98391e+01     9.47246e+00
    3.34816e+00     4.01721e+02     1.97860e+01     9.42029e+00
    3.35226e+00     4.00408e+02     1.96868e+01     9.36868e+00
    3.35634e+00     3.99636e+02     1.96469e+01     9.32058e+00
    3.36043e+00     3.98907e+02     1.95943e+01     9.27067e+00
    3.36453e+00     3.97985e+02     1.95744e+01     9.23535e+00
    3.36862e+00     3.96819e+02     1.94627e+01     9.18619e+00
    3.37271e+00     3.96064e+02     1.94032e+01     9.13063e+00
    3.37680e+00     3.95247e+02     1.93495e+01     9.08253e+00
    3.38089e+00     3.94359e+02     1.92849e+01     9.04454e+00
    3.38498e+00     3.93688e+02     1.92399e+01     8.99403e+00
    3.38907e+00     3.92672e+02     1.91355e+01     8.94422e+00
    3.39316e+00     3.92131e+02     1.91416e+01     8.91165e+00
    3.39725e+00     3.91039e+02     1.90408e+01     8.85747e+00
    3.40134e+00     3.90761e+02     1.90228e+01     8.81420e+00
    3.40543e+00     3.89722e+02     1.89238e+01     8.76385e+00
    3.40952e+00     3.88612e+02     1.88292e+01     8.71753e+00
    3.41362e+00     3.87982e+02     1.87746e+01     8.67961e+00
    3.41770e+00     3.87095e+02     1.87390e+01     8.63450e+00
    3.42179e+00     3.86147e+02     1.86980e+01     8.59205e+00
    3.42588e+00     3.85282e+02     1.86211e+01     8.55067e+00
    3.42997e+00     3.84719e+02     1.85378e+01     8.49922e+00
    3.43406e+00     3.83792e+02     1.85069e+01     8.45784e+00
    3.43816e+00     3.83104e+02     1.84351e+01     8.40719e+00
    3.44225e+00     3.82088e+02     1.84058e+01     8.36642e+00
    3.44634e+00     3.81194e+02     1.83439e+01     8.33133e+00
    3.45043e+00     3.80573e+02     1.82844e+01     8.28883e+00
    3.45452e+00     3.79393e+02     1.82235e+01     8.24371e+00
    3.45861e+00     3.78834e+02     1.81423e+01     8.20147e+00
    3.46270e+00     3.78022e+02     1.80993e+01     8.15747e+00
    3.46679e+00     3.77278e+02     1.80260e+01     8.11337e+00
    3.47088e+00     3.76549e+02     1.80110e+01     8.07961e+00
    3.47497e+00     3.75579e+02     1.79268e+01     8.03299e+00
    3.47906e+00     3.75153e+02     1.79077e+01     7.99741e+00
    3.48315e+00     3.74023e+02     1.78032e+01     7.95212e+00
    3.48725e+00     3.73257e+02     1.77727e+01     7.90865e+00
    3.49134e+00     3.72569e+02     1.76929e+01     7.86925e+00
    3.49543e+00     3.72090e+02     1.76732e+01     7.83535e+00
    3.49952e+00     3.70936e+02     1.75692e+01     7.79348e+00
    3.50361e+00     3.70406e+02     1.75833e+01     7.75948e+00
    3.50770e+00     3.69352e+02     1.74727e+01     7.71009e+00
    3.51179e+00     3.68744e+02     1.74300e+01     7.67480e+00
    3.51588e+00     3.67907e+02     1.73826e+01     7.63641e+00
    3.51997e+00     3.67033e+02     1.73196e+01     7.60149e+00
    3.52406e+00     3.66265e+02     1.72959e+01     7.55648e+00
    3.52815e+00     3.65509e+02     1.72086e+01     7.52113e+00
    3.53224e+00     3.64612e+02     1.71605e+01     7.47901e+00
    3.53633e+00     3.64136e+02     1.71347e+01     7.44434e+00
    3.54042e+00     3.63151e+02     1.70578e+01     7.40180e+00
    3.54451e+00     3.62722e+02     1.70314e+01     7.36897e+00
    3.54860e+00     3.61582e+02     1.69579e+01     7.33249e+00
    3.55270e+00     3.61141e+02     1.69244e+01     7.29187e+00
    3.55679e+00     3.60197e+02     1.68560e+01     7.25865e+00
    3.56088e+00     3.59371e+02     1.67650e+01     7.21538e+00
    3.56497e+00     3.58445e+02     1.67389e+01     7.18152e+00
    3.56906e+00     3.57791e+02     1.66866e+01     7.14487e+00
    3.57315e+00     3.57109e+02     1.66465e+01     7.10908e+00
    3.57724e+00     3.56290e+02     1.66009e+01     7.07183e+00
    3.58133e+00     3.55608e+02     1.65286e+01     7.03667e+00
    3.58542e+00     3.54708e+02     1.64677e+01     6.99923e+00
    3.58951e+00     3.54217e+02     1.64313e+01     6.96242e+00
    3.59360e+00     3.53473e+02     1.63572e+01     6.92842e+00
    3.59769e+00     3.52950e+02     1.63556e+01     6.90207e+00
    3.60178e+00     3.52173e+02     1.63090e+01     6.86725e+00
    3.60587e+00     3.51076e+02     1.62153e+01     6.82358e+00
    3.60996e+00     3.50426e+02     1.61456e+01     6.79114e+00
    3.61405e+00     3.49623e+02     1.61347e+01     6.75646e+00
    3.61814e+00     3.49167e+02     1.60799e+01     6.72758e+00
    3.62224e+00     3.48248e+02     1.60302e+01     6.69276e+00
    3.62633e+00     3.47643e+02     1.59787e+01     6.65501e+00
    3.63042e+00     3.46876e+02     1.59287e+01     6.62209e+00
    3.63451e+00     3.46343e+02     1.58766e+01     6.59129e+00
    3.63860e+00     3.45309e+02     1.58226e+01     6.55694e+00
    3.64269e+00     3.44842e+02     1.57754e+01     6.52532e+00
    3.64678e+00     3.43913e+02     1.57439e+01     6.49386e+00
    3.65087e+00     3.42957e+02     1.56724e+01     6.46081e+00
    3.65496e+00     3.42383e+02     1.55846e+01     6.42747e+00
    3.65905e+00     3.41618e+02     1.55821e+01     6.40058e+00
    3.66314e+00     3.40772e+02     1.55031e+01     6.36476e+00
    3.66723e+00     3.40311e+02     1.54728e+01     6.33086e+00
    3.67132e+00     3.39607e+02     1.53860e+01     6.30027e+00
    3.67541e+00     3.38815e+02     1.53920e+01     6.26911e+00
    3.67950e+00     3.38230e+02     1.53475e+01     6.24010e+00
    3.68359e+00     3.37724e+02     1.52652e+01     6.20843e+00
    3.68769e+00     3.36796e+02     1.52697e+01     6.18017e+00
    3.69177e+00     3.36160e+02     1.51861e+01     6.14302e+00
    3.69587e+00     3.35485e+02     1.51463e+01     6.11859e+00
    3.69996e+00     3.34597e+02     1.50831e+01     6.08427e+00
    3.70405e+00     3.34178e+02     1.50617e+01     6.05031e+00
    3.70814e+00     3.33299e+02     1.49956e+01     6.02870e+00
    3.71223e+00     3.32851e+02     1.49866e+01     6.00056e+00
    3.71632e+00     3.32027e+02     1.49100e+01     5.96537e+00
    3.72041e+00     3.31267e+02     1.48638e+01     5.93481e+00
    3.72450e+00     3.30811e+02     1.48223e+01     5.90946e+00
    3.72859e+00     3.29902e+02     1.47976e+01     5.87983e+00
    3.73268e+00     3.29339e+02     1.47510e+01     5.85331e+00
    3.73677e+00     3.28664e+02     1.46955e+01     5.81860e+00
    3.74086e+00     3.28039e+02     1.46575e+01     5.79892e+00
    3.74495e+00     3.27389e+02     1.46069e+01     5.76505e+00
    3.74905e+00     3.26933e+02     1.45681e+01     5.73325e+00
    3.75313e+00     3.25735e+02     1.44743e+01     5.70368e+00
    3.75722e+00     3.25149e+02     1.44506e+01     5.67946e+00
    3.76131e+00     3.24665e+02     1.44276e+01     5.65626e+00
    3.76541e+00     3.24002e+02     1.43920e+01     5.62569e+00
    3.76950e+00     3.23433e+02     1.43304e+01     5.59838e+00
    3.77359e+00     3.22850e+02     1.42799e+01     5.56811e+00
    3.77768e+00     3.22254e+02     1.42455e+01     5.54584e+00
    3.78177e+00     3.21421e+02     1.42035e+01     5.52002e+00
    3.78586e+00     3.20750e+02     1.41557e+01     5.48999e+00
    3.78995e+00     3.20273e+02     1.41152e+01     5.46004e+00
    3.79404e+00     3.19512e+02     1.40775e+01     5.43944e+00
    3.79813e+00     3.18693e+02     1.40153e+01     5.40723e+00
    3.80222e+00     3.18331e+02     1.39952e+01     5.38743e+00
    3.80632e+00     3.17578e+02     1.39464e+01     5.36104e+00
    3.81040e+00     3.16824e+02     1.38986e+01     5.33173e+00
    3.81449e+00     3.16334e+02     1.38588e+01     5.30990e+00
    3.81859e+00     3.15750e+02     1.38203e+01     5.27865e+00
    3.82268e+00     3.14932e+02     1.37561e+01     5.25555e+00
    3.82677e+00     3.14369e+02     1.37248e+01     5.23422e+00
    3.83086e+00     3.13960e+02     1.37066e+01     5.20855e+00
    3.83495e+00     3.13544e+02     1.36778e+01     5.18452e+00
    3.83904e+00     3.12633e+02     1.36078e+01     5.15704e+00
    3.84313e+00     3.11726e+02     1.35507e+01     5.13171e+00
    3.84722e+00     3.11488e+02     1.35553e+01     5.11229e+00
    3.85131e+00     3.10770e+02     1.34889e+01     5.08412e+00
    3.85540e+00     3.09898e+02     1.34391e+01     5.05948e+00
    3.85949e+00     3.09341e+02     1.34140e+01     5.03639e+00
    3.86358e+00     3.09105e+02     1.33796e+01     5.01644e+00
    3.86768e+00     3.08284e+02     1.33375e+01     4.98979e+00
    3.87177e+00     3.07747e+02     1.33006e+01     4.96281e+00
    3.87585e+00     3.06928e+02     1.32459e+01     4.94051e+00
    3.87994e+00     3.06518e+02     1.32160e+01     4.91652e+00
    3.88403e+00     3.05639e+02     1.31731e+01     4.89784e+00
    3.88813e+00     3.05171e+02     1.31083e+01     4.87134e+00
    3.89222e+00     3.04704e+02     1.31123e+01     4.85326e+00
    3.89631e+00     3.03994e+02     1.30829e+01     4.83289e+00
    3.90040e+00     3.03335e+02     1.30255e+01     4.80642e+00
    3.90449e+00     3.02789e+02     1.29701e+01     4.78303e+00
    3.90858e+00     3.02385e+02     1.29463e+01     4.76133e+00
    3.91267e+00     3.01566e+02     1.28936e+01     4.74127e+00
    3.91676e+00     3.00941e+02     1.28561e+01     4.71558e+00
    3.92085e+00     3.00705e+02     1.28453e+01     4.70060e+00
    3.92494e+00     3.00029e+02     1.27826e+01     4.67512e+00
    3.92903e+00     2.99525e+02     1.27709e+01     4.65275e+00
    3.93312e+00     2.98924e+02     1.27229e+01     4.63079e+00
    3.93721e+00     2.98178e+02     1.26862e+01     4.61225e+00
    3.94130e+00     2.97431e+02     1.26459e+01     4.59003e+00
    3.94539e+00     2.96984e+02     1.25953e+01     4.56951e+00
    3.94949e+00     2.96528e+02     1.25720e+01     4.54827e+00
    3.95358e+00     2.95745e+02     1.25411e+01     4.52838e+00
    3.95767e+00     2.95253e+02     1.24928e+01     4.50468e+00
    3.96176e+00     2.94859e+02     1.24665e+01     4.48674e+00
    3.96585e+00     2.94200e+02     1.24238e+01     4.47005e+00
    3.96994e+00     2.93701e+02     1.24056e+01     4.44782e+00
    3.97403e+00     2.93106e+02     1.23435e+01     4.42719e+00
    3.97812e+00     2.92504e+02     1.23085e+01     4.40700e+00
    3.98221e+00     2.91890e+02     1.22800e+01     4.38775e+00
    3.98630e+00     2.91605e+02     1.22508e+01     4.36507e+00
    3.99039e+00     2.90979e+02     1.22116e+01     4.34710e+00
    3.99448e+00     2.90351e+02     1.21694e+01     4.32681e+00
    3.99857e+00     2.89800e+02     1.21423e+01     4.31176e+00
    4.00266e+00     2.89190e+02     1.21040e+01     4.29099e+00
    4.00675e+00     2.88757e+02     1.20727e+01     4.27240e+00
    4.01085e+00     2.88233e+02     1.20276e+01     4.25168e+00
    4.01494e+00     2.87622e+02     1.20106e+01     4.23489e+00
    4.01902e+00     2.87122e+02     1.19705e+01     4.21517e+00
    4.02312e+00     2.86772e+02     1.19444e+01     4.19722e+00
    4.02721e+00     2.86133e+02     1.19078e+01     4.18209e+00
    4.03130e+00     2.85623e+02     1.18751e+01     4.16113e+00
    4.03539e+00     2.84774e+02     1.18389e+01     4.14523e+00
    4.03948e+00     2.84550e+02     1.18168e+01     4.12763e+00
    4.04357e+00     2.83950e+02     1.17786e+01     4.10742e+00
    4.04766e+00     2.83234e+02     1.17514e+01     4.09114e+00
    4.05175e+00     2.82745e+02     1.17008e+01     4.07513e+00
    4.05584e+00     2.82217e+02     1.16690e+01     4.05574e+00
    4.05993e+00     2.81983e+02     1.16653e+01     4.04101e+00
    4.06402e+00     2.81516e+02     1.16224e+01     4.02223e+00
    4.06811e+00     2.80795e+02     1.15759e+01     4.00217e+00
    4.07220e+00     2.80477e+02     1.15503e+01     3.98744e+00
    4.07630e+00     2.79832e+02     1.15282e+01     3.97460e+00
    4.08038e+00     2.79306e+02     1.14832e+01     3.95311e+00
    4.08447e+00     2.78954e+02     1.14692e+01     3.93838e+00
    4.08857e+00     2.78273e+02     1.14437e+01     3.92288e+00
    4.09266e+00     2.77711e+02     1.13975e+01     3.90394e+00
    4.09675e+00     2.77096e+02     1.13576e+01     3.88806e+00
    4.10084e+00     2.76887e+02     1.13373e+01     3.87126e+00
    4.10493e+00     2.76141e+02     1.13007e+01     3.85937e+00
    4.10902e+00     2.75742e+02     1.12864e+01     3.84316e+00
    4.11311e+00     2.75496e+02     1.12553e+01     3.82594e+00
    4.11720e+00     2.74947e+02     1.12095e+01     3.81140e+00
    4.12129e+00     2.74407e+02     1.11749e+01     3.79339e+00
    4.12538e+00     2.73802e+02     1.11465e+01     3.77857e+00
    4.12947e+00     2.73427e+02     1.11218e+01     3.76499e+00
    4.13356e+00     2.73148e+02     1.10914e+01     3.74862e+00
    4.13765e+00     2.72616e+02     1.10814e+01     3.73224e+00
    4.14175e+00     2.72004e+02     1.10526e+01     3.71844e+00
    4.14584e+00     2.71359e+02     1.10125e+01     3.70525e+00
    4.14993e+00     2.71077e+02     1.10073e+01     3.69226e+00
    4.15402e+00     2.70508e+02     1.09553e+01     3.67689e+00
    4.15811e+00     2.70220e+02     1.09322e+01     3.66049e+00
    4.16220e+00     2.69597e+02     1.08837e+01     3.64335e+00
    4.16629e+00     2.69045e+02     1.08632e+01     3.63316e+00
    4.17038e+00     2.68685e+02     1.08311e+01     3.61728e+00
    4.17447e+00     2.68332e+02     1.08112e+01     3.60427e+00
    4.17856e+00     2.68051e+02     1.07997e+01     3.59132e+00
    4.18265e+00     2.67377e+02     1.07569e+01     3.57621e+00
    4.18674e+00     2.66923e+02     1.07281e+01     3.56308e+00
