# Real space auto- and cross-spectra.
# z=1.000, 12.500<lgM<13.000
#      k[h/Mpc]            P_hh            P_hm            P_mm
    0.00000e+00     0.00000e+00     0.00000e+00     0.00000e+00
    5.79404e-03     2.35514e+04     1.37451e+04     8.46290e+03
    1.04717e-02     2.26071e+04     1.27280e+04     7.60462e+03
    1.42665e-02     2.71752e+04     1.49014e+04     8.62030e+03
    1.81228e-02     2.74810e+04     1.52409e+04     8.95168e+03
    2.24845e-02     2.76539e+04     1.54117e+04     9.03151e+03
    2.64508e-02     2.38880e+04     1.34470e+04     8.04154e+03
    3.04474e-02     2.58599e+04     1.44354e+04     8.48049e+03
    3.47320e-02     2.11992e+04     1.13884e+04     6.57413e+03
    3.88308e-02     1.71374e+04     9.39733e+03     5.59292e+03
    4.28140e-02     1.67677e+04     8.91018e+03     5.21338e+03
    4.68856e-02     1.46759e+04     7.87601e+03     4.68042e+03
    5.09858e-02     1.42484e+04     7.57411e+03     4.47335e+03
    5.51458e-02     1.42941e+04     7.46558e+03     4.34638e+03
    5.92243e-02     1.34051e+04     7.13349e+03     4.22333e+03
    6.32864e-02     1.29789e+04     6.78246e+03     3.97320e+03
    6.73674e-02     1.22363e+04     6.39956e+03     3.77423e+03
    7.14960e-02     1.11998e+04     5.78050e+03     3.39689e+03
    7.55894e-02     1.09670e+04     5.67682e+03     3.35247e+03
    7.96660e-02     1.01636e+04     5.12755e+03     2.99217e+03
    8.38183e-02     9.64005e+03     4.89673e+03     2.89400e+03
    8.78941e-02     8.68565e+03     4.27098e+03     2.51065e+03
    9.19238e-02     8.44278e+03     4.13957e+03     2.42511e+03
    9.60446e-02     7.84573e+03     3.75631e+03     2.17672e+03
    1.00128e-01     7.29502e+03     3.49449e+03     2.04546e+03
    1.04209e-01     7.14564e+03     3.39409e+03     1.97499e+03
    1.08333e-01     6.81979e+03     3.18788e+03     1.85894e+03
    1.12448e-01     6.46094e+03     3.00581e+03     1.76718e+03
    1.16521e-01     6.23831e+03     2.86876e+03     1.67368e+03
    1.20596e-01     6.28997e+03     2.87540e+03     1.66201e+03
    1.24665e-01     6.20178e+03     2.81062e+03     1.63041e+03
    1.28771e-01     5.95386e+03     2.67242e+03     1.54621e+03
    1.32874e-01     5.82123e+03     2.61539e+03     1.52606e+03
    1.36975e-01     5.59354e+03     2.50195e+03     1.46577e+03
    1.41075e-01     5.39959e+03     2.35440e+03     1.36424e+03
    1.45172e-01     5.19933e+03     2.26039e+03     1.31162e+03
    1.49268e-01     5.01708e+03     2.15536e+03     1.25512e+03
    1.53330e-01     4.77720e+03     2.01395e+03     1.17014e+03
    1.57416e-01     4.60164e+03     1.90300e+03     1.10248e+03
    1.61514e-01     4.40691e+03     1.81128e+03     1.05712e+03
    1.65592e-01     4.35665e+03     1.76309e+03     1.02185e+03
    1.69693e-01     4.13291e+03     1.66069e+03     9.72436e+02
    1.73803e-01     4.16166e+03     1.64814e+03     9.49771e+02
    1.77905e-01     3.99496e+03     1.56212e+03     9.08315e+02
    1.82001e-01     3.98665e+03     1.54583e+03     8.90977e+02
    1.86092e-01     3.88860e+03     1.49437e+03     8.64829e+02
    1.90161e-01     3.80948e+03     1.47188e+03     8.57370e+02
    1.94237e-01     3.73469e+03     1.40607e+03     8.14810e+02
    1.98334e-01     3.65421e+03     1.36860e+03     7.93966e+02
    2.02427e-01     3.54765e+03     1.31594e+03     7.61359e+02
    2.06523e-01     3.52452e+03     1.29376e+03     7.47300e+02
    2.10626e-01     3.42202e+03     1.23777e+03     7.17229e+02
    2.14724e-01     3.31779e+03     1.18974e+03     6.96415e+02
    2.18827e-01     3.27160e+03     1.15947e+03     6.78234e+02
    2.22903e-01     3.19278e+03     1.11357e+03     6.50663e+02
    2.26990e-01     3.18060e+03     1.09376e+03     6.35107e+02
    2.31084e-01     3.08837e+03     1.05060e+03     6.09429e+02
    2.35153e-01     3.04722e+03     1.02295e+03     5.90218e+02
    2.39244e-01     2.99885e+03     1.00431e+03     5.83258e+02
    2.43338e-01     2.97400e+03     9.85806e+02     5.69534e+02
    2.47445e-01     2.90237e+03     9.52330e+02     5.54086e+02
    2.51539e-01     2.86629e+03     9.31236e+02     5.41040e+02
    2.55609e-01     2.84004e+03     9.13461e+02     5.29637e+02
    2.59718e-01     2.81888e+03     9.01419e+02     5.21147e+02
    2.63814e-01     2.73277e+03     8.63698e+02     5.04610e+02
    2.67904e-01     2.69496e+03     8.35165e+02     4.86295e+02
    2.71993e-01     2.68922e+03     8.27510e+02     4.80116e+02
    2.76068e-01     2.64249e+03     8.07345e+02     4.68452e+02
    2.80171e-01     2.61765e+03     7.85585e+02     4.55902e+02
    2.84268e-01     2.54529e+03     7.55639e+02     4.40764e+02
    2.88346e-01     2.57024e+03     7.58087e+02     4.37121e+02
    2.92426e-01     2.52949e+03     7.30293e+02     4.22807e+02
    2.96514e-01     2.48635e+03     7.18586e+02     4.15718e+02
    3.00627e-01     2.46885e+03     7.05127e+02     4.08870e+02
    3.04729e-01     2.40990e+03     6.86676e+02     3.99511e+02
    3.08821e-01     2.42394e+03     6.79695e+02     3.95206e+02
    3.12919e-01     2.38885e+03     6.65065e+02     3.84754e+02
    3.16999e-01     2.36026e+03     6.50088e+02     3.76794e+02
    3.21078e-01     2.35514e+03     6.41305e+02     3.71164e+02
    3.25167e-01     2.31103e+03     6.21875e+02     3.61590e+02
    3.29247e-01     2.26800e+03     6.07423e+02     3.55843e+02
    3.33333e-01     2.27196e+03     5.99719e+02     3.48657e+02
    3.37443e-01     2.24578e+03     5.90113e+02     3.43298e+02
    3.41545e-01     2.23822e+03     5.80444e+02     3.36675e+02
    3.45625e-01     2.20608e+03     5.68709e+02     3.31174e+02
    3.49715e-01     2.19515e+03     5.59099e+02     3.25363e+02
    3.53817e-01     2.16530e+03     5.41225e+02     3.16234e+02
    3.57906e-01     2.16476e+03     5.38069e+02     3.11734e+02
    3.61975e-01     2.13546e+03     5.27023e+02     3.06884e+02
    3.66071e-01     2.11759e+03     5.16578e+02     3.00999e+02
    3.70189e-01     2.10458e+03     5.07820e+02     2.96547e+02
    3.74277e-01     2.08964e+03     4.98537e+02     2.91373e+02
    3.78356e-01     2.06599e+03     4.92173e+02     2.86640e+02
    3.82448e-01     2.05650e+03     4.84831e+02     2.82813e+02
    3.86535e-01     2.04220e+03     4.72840e+02     2.76116e+02
    3.90624e-01     2.02761e+03     4.68440e+02     2.72424e+02
    3.94706e-01     2.01025e+03     4.59915e+02     2.68709e+02
    3.98794e-01     2.00284e+03     4.56951e+02     2.66598e+02
    4.02896e-01     1.97988e+03     4.45822e+02     2.61846e+02
    4.06986e-01     1.96721e+03     4.39036e+02     2.55611e+02
    4.11069e-01     1.96440e+03     4.35638e+02     2.54071e+02
    4.15170e-01     1.95700e+03     4.26864e+02     2.49321e+02
    4.19263e-01     1.92513e+03     4.20479e+02     2.45339e+02
    4.23353e-01     1.93874e+03     4.16957e+02     2.42291e+02
    4.27447e-01     1.91187e+03     4.08144e+02     2.38176e+02
    4.31534e-01     1.90233e+03     4.02562e+02     2.35403e+02
    4.35624e-01     1.88987e+03     3.95375e+02     2.31216e+02
    4.39718e-01     1.88804e+03     3.91236e+02     2.27881e+02
    4.43804e-01     1.86387e+03     3.85976e+02     2.25867e+02
    4.47892e-01     1.84733e+03     3.79377e+02     2.21719e+02
    4.51977e-01     1.84744e+03     3.75454e+02     2.19924e+02
    4.56067e-01     1.83737e+03     3.70798e+02     2.16317e+02
    4.60165e-01     1.81100e+03     3.64605e+02     2.14051e+02
    4.64260e-01     1.81074e+03     3.59293e+02     2.10525e+02
    4.68355e-01     1.80499e+03     3.54971e+02     2.08227e+02
    4.72450e-01     1.79248e+03     3.49912e+02     2.06230e+02
    4.76540e-01     1.78074e+03     3.43546e+02     2.01884e+02
    4.80633e-01     1.78473e+03     3.40686e+02     1.99475e+02
    4.84718e-01     1.76542e+03     3.37020e+02     1.97151e+02
    4.88794e-01     1.76339e+03     3.33970e+02     1.95810e+02
    4.92888e-01     1.75656e+03     3.30208e+02     1.93362e+02
    4.96984e-01     1.75216e+03     3.27033e+02     1.91099e+02
    5.01073e-01     1.74413e+03     3.23647e+02     1.90064e+02
    5.05169e-01     1.73506e+03     3.17064e+02     1.86561e+02
    5.09268e-01     1.73469e+03     3.16459e+02     1.85693e+02
    5.13369e-01     1.71306e+03     3.08974e+02     1.82039e+02
    5.17441e-01     1.69781e+03     3.07067e+02     1.80654e+02
    5.21516e-01     1.70867e+03     3.04492e+02     1.78771e+02
    5.25611e-01     1.69310e+03     2.99037e+02     1.75805e+02
    5.29706e-01     1.69501e+03     2.98993e+02     1.74606e+02
    5.33801e-01     1.67989e+03     2.93187e+02     1.72189e+02
    5.37888e-01     1.67240e+03     2.90545e+02     1.70500e+02
    5.41985e-01     1.67031e+03     2.87333e+02     1.68670e+02
    5.46091e-01     1.66272e+03     2.82612e+02     1.65665e+02
    5.50174e-01     1.66020e+03     2.82008e+02     1.65721e+02
    5.54252e-01     1.65039e+03     2.79069e+02     1.63509e+02
    5.58346e-01     1.64840e+03     2.74669e+02     1.61486e+02
    5.62439e-01     1.64774e+03     2.73144e+02     1.59362e+02
    5.66527e-01     1.63920e+03     2.70562e+02     1.58536e+02
    5.70616e-01     1.63009e+03     2.67365e+02     1.56600e+02
    5.74707e-01     1.62441e+03     2.63877e+02     1.54981e+02
    5.78798e-01     1.61459e+03     2.59890e+02     1.53319e+02
    5.82883e-01     1.61519e+03     2.59626e+02     1.52206e+02
    5.86977e-01     1.60106e+03     2.54939e+02     1.50250e+02
    5.91070e-01     1.58769e+03     2.51543e+02     1.48526e+02
    5.95166e-01     1.58859e+03     2.48908e+02     1.46999e+02
    5.99260e-01     1.58822e+03     2.49837e+02     1.46802e+02
    6.03349e-01     1.58078e+03     2.44901e+02     1.44426e+02
    6.07445e-01     1.57861e+03     2.42174e+02     1.42852e+02
    6.11543e-01     1.57006e+03     2.40093e+02     1.41611e+02
    6.15623e-01     1.57873e+03     2.40896e+02     1.40995e+02
    6.19704e-01     1.56684e+03     2.37081e+02     1.38943e+02
    6.23792e-01     1.54911e+03     2.32560e+02     1.37949e+02
    6.27891e-01     1.55235e+03     2.31013e+02     1.36761e+02
    6.31991e-01     1.54518e+03     2.27971e+02     1.35028e+02
    6.36073e-01     1.54251e+03     2.26970e+02     1.34060e+02
    6.40158e-01     1.54030e+03     2.25164e+02     1.32996e+02
    6.44244e-01     1.52032e+03     2.21250e+02     1.32066e+02
    6.48338e-01     1.53078e+03     2.21841e+02     1.31087e+02
    6.52432e-01     1.52525e+03     2.20393e+02     1.29881e+02
    6.56514e-01     1.52063e+03     2.19074e+02     1.29077e+02
    6.60609e-01     1.51595e+03     2.16286e+02     1.27484e+02
    6.64712e-01     1.51100e+03     2.14728e+02     1.26458e+02
    6.68801e-01     1.50571e+03     2.10418e+02     1.24487e+02
    6.72890e-01     1.50131e+03     2.10501e+02     1.24045e+02
    6.76984e-01     1.50308e+03     2.09806e+02     1.23622e+02
    6.81074e-01     1.48922e+03     2.06371e+02     1.21892e+02
    6.85160e-01     1.49403e+03     2.04903e+02     1.21013e+02
    6.89246e-01     1.49150e+03     2.03461e+02     1.19928e+02
    6.93336e-01     1.48469e+03     2.01464e+02     1.19167e+02
    6.97434e-01     1.48348e+03     1.99580e+02     1.18066e+02
    7.01528e-01     1.47898e+03     1.99111e+02     1.17428e+02
    7.05618e-01     1.47209e+03     1.96509e+02     1.16619e+02
    7.09708e-01     1.46630e+03     1.93054e+02     1.15016e+02
    7.13796e-01     1.46681e+03     1.93837e+02     1.14338e+02
    7.17892e-01     1.46475e+03     1.92510e+02     1.13608e+02
    7.21982e-01     1.46290e+03     1.91495e+02     1.12766e+02
    7.26059e-01     1.45086e+03     1.88294e+02     1.11635e+02
    7.30145e-01     1.45071e+03     1.88018e+02     1.11137e+02
    7.34240e-01     1.44763e+03     1.86752e+02     1.10499e+02
    7.38340e-01     1.44011e+03     1.85184e+02     1.09437e+02
    7.42427e-01     1.43926e+03     1.83245e+02     1.08516e+02
    7.46511e-01     1.43833e+03     1.82046e+02     1.07519e+02
    7.50614e-01     1.43223e+03     1.79723e+02     1.06516e+02
    7.54706e-01     1.42937e+03     1.80044e+02     1.06669e+02
    7.58795e-01     1.42766e+03     1.77886e+02     1.05214e+02
    7.62888e-01     1.42238e+03     1.77009e+02     1.04738e+02
    7.66986e-01     1.41590e+03     1.75343e+02     1.03620e+02
    7.71073e-01     1.42196e+03     1.75405e+02     1.02975e+02
    7.75153e-01     1.42288e+03     1.74400e+02     1.02475e+02
    7.79241e-01     1.41166e+03     1.71955e+02     1.01644e+02
    7.83335e-01     1.41031e+03     1.70783e+02     1.00479e+02
    7.87426e-01     1.40385e+03     1.68664e+02     9.99830e+01
    7.91513e-01     1.40303e+03     1.68504e+02     9.93796e+01
    7.95606e-01     1.39693e+03     1.66036e+02     9.85588e+01
    7.99702e-01     1.39118e+03     1.65311e+02     9.82605e+01
    8.03798e-01     1.39328e+03     1.64613e+02     9.74119e+01
    8.07879e-01     1.38251e+03     1.61601e+02     9.66511e+01
    8.11963e-01     1.38733e+03     1.62390e+02     9.60143e+01
    8.16059e-01     1.38463e+03     1.61045e+02     9.51515e+01
    8.20152e-01     1.37852e+03     1.59964e+02     9.48262e+01
    8.24242e-01     1.37211e+03     1.58905e+02     9.38667e+01
    8.28331e-01     1.37874e+03     1.57908e+02     9.32955e+01
    8.32425e-01     1.37001e+03     1.56040e+02     9.25166e+01
    8.36516e-01     1.36733e+03     1.55164e+02     9.17223e+01
    8.40610e-01     1.37034e+03     1.55755e+02     9.14537e+01
    8.44704e-01     1.36437e+03     1.54065e+02     9.09602e+01
    8.48790e-01     1.36115e+03     1.52917e+02     9.02834e+01
    8.52876e-01     1.36360e+03     1.52715e+02     8.98979e+01
    8.56967e-01     1.35775e+03     1.50754e+02     8.91472e+01
    8.61059e-01     1.35938e+03     1.50555e+02     8.87866e+01
    8.65147e-01     1.35096e+03     1.49667e+02     8.80874e+01
    8.69235e-01     1.35069e+03     1.48281e+02     8.75932e+01
    8.73334e-01     1.34907e+03     1.47984e+02     8.70238e+01
    8.77429e-01     1.33933e+03     1.45060e+02     8.60853e+01
    8.81512e-01     1.33924e+03     1.45548e+02     8.57139e+01
    8.85601e-01     1.33706e+03     1.44003e+02     8.52090e+01
    8.89691e-01     1.33335e+03     1.44082e+02     8.46874e+01
    8.93784e-01     1.33261e+03     1.43094e+02     8.42544e+01
    8.97875e-01     1.32822e+03     1.42110e+02     8.39121e+01
    9.01960e-01     1.33026e+03     1.41476e+02     8.33625e+01
    9.06054e-01     1.32568e+03     1.41428e+02     8.30952e+01
    9.10146e-01     1.32106e+03     1.39837e+02     8.21787e+01
    9.14237e-01     1.32165e+03     1.38277e+02     8.16181e+01
    9.18331e-01     1.31216e+03     1.36298e+02     8.10138e+01
    9.22421e-01     1.31525e+03     1.36484e+02     8.05390e+01
    9.26509e-01     1.31774e+03     1.36462e+02     8.01854e+01
    9.30598e-01     1.31015e+03     1.34968e+02     7.98121e+01
    9.34692e-01     1.30804e+03     1.34199e+02     7.91086e+01
    9.38787e-01     1.29936e+03     1.33152e+02     7.88048e+01
    9.42873e-01     1.30673e+03     1.33422e+02     7.83762e+01
    9.46961e-01     1.30268e+03     1.31747e+02     7.77500e+01
    9.51054e-01     1.30088e+03     1.31670e+02     7.73343e+01
    9.55150e-01     1.29580e+03     1.30986e+02     7.68853e+01
    9.59240e-01     1.29634e+03     1.29240e+02     7.62417e+01
    9.63327e-01     1.29165e+03     1.28930e+02     7.59269e+01
    9.67420e-01     1.28904e+03     1.28187e+02     7.54574e+01
    9.71506e-01     1.28814e+03     1.27698e+02     7.50822e+01
    9.75588e-01     1.28505e+03     1.26533e+02     7.45685e+01
    9.79678e-01     1.28286e+03     1.26912e+02     7.43496e+01
    9.83773e-01     1.28097e+03     1.25498e+02     7.36811e+01
    9.87866e-01     1.27827e+03     1.25089e+02     7.32083e+01
    9.91960e-01     1.27492e+03     1.24163e+02     7.29022e+01
    9.96055e-01     1.27349e+03     1.23238e+02     7.23120e+01
    1.00015e+00     1.26685e+03     1.22034e+02     7.21101e+01
    1.00424e+00     1.26846e+03     1.21624e+02     7.17628e+01
    1.00832e+00     1.26816e+03     1.21854e+02     7.12935e+01
    1.01242e+00     1.26888e+03     1.21702e+02     7.10702e+01
    1.01651e+00     1.26343e+03     1.20608e+02     7.06373e+01
    1.02059e+00     1.26447e+03     1.19526e+02     6.99722e+01
    1.02468e+00     1.25596e+03     1.19049e+02     6.96761e+01
    1.02878e+00     1.25690e+03     1.18783e+02     6.92980e+01
    1.03287e+00     1.25422e+03     1.17828e+02     6.89709e+01
    1.03695e+00     1.25354e+03     1.17242e+02     6.86733e+01
    1.04105e+00     1.25435e+03     1.17204e+02     6.81382e+01
    1.04515e+00     1.24622e+03     1.16200e+02     6.78546e+01
    1.04923e+00     1.24673e+03     1.15420e+02     6.74505e+01
    1.05332e+00     1.24861e+03     1.15057e+02     6.71758e+01
    1.05741e+00     1.23957e+03     1.14315e+02     6.66682e+01
    1.06150e+00     1.24257e+03     1.14491e+02     6.66104e+01
    1.06559e+00     1.23971e+03     1.13742e+02     6.62634e+01
    1.06968e+00     1.23684e+03     1.12731e+02     6.58216e+01
    1.07377e+00     1.23233e+03     1.11965e+02     6.52977e+01
    1.07786e+00     1.23331e+03     1.11865e+02     6.50876e+01
    1.08195e+00     1.22646e+03     1.10669e+02     6.46836e+01
    1.08605e+00     1.22773e+03     1.10478e+02     6.42997e+01
    1.09014e+00     1.22875e+03     1.09890e+02     6.39000e+01
    1.09422e+00     1.22511e+03     1.09098e+02     6.36302e+01
    1.09832e+00     1.22457e+03     1.09559e+02     6.33860e+01
    1.10242e+00     1.22094e+03     1.08839e+02     6.30340e+01
    1.10650e+00     1.21908e+03     1.08240e+02     6.25832e+01
    1.11059e+00     1.21434e+03     1.06796e+02     6.22496e+01
    1.11468e+00     1.21386e+03     1.07170e+02     6.20873e+01
    1.11878e+00     1.21399e+03     1.06373e+02     6.16419e+01
    1.12287e+00     1.21200e+03     1.06158e+02     6.14409e+01
    1.12695e+00     1.21039e+03     1.05790e+02     6.09813e+01
    1.13105e+00     1.20919e+03     1.05095e+02     6.07008e+01
    1.13514e+00     1.20558e+03     1.04402e+02     6.05252e+01
    1.13922e+00     1.20441e+03     1.04239e+02     6.00577e+01
    1.14331e+00     1.20249e+03     1.03168e+02     5.97387e+01
    1.14741e+00     1.19906e+03     1.03335e+02     5.95394e+01
    1.15150e+00     1.19803e+03     1.02799e+02     5.92733e+01
    1.15559e+00     1.19547e+03     1.02272e+02     5.90354e+01
    1.15968e+00     1.19390e+03     1.01822e+02     5.86854e+01
    1.16377e+00     1.19017e+03     1.00929e+02     5.83490e+01
    1.16786e+00     1.19063e+03     1.00389e+02     5.80245e+01
    1.17195e+00     1.18584e+03     9.96954e+01     5.76735e+01
    1.17604e+00     1.18798e+03     9.99035e+01     5.74344e+01
    1.18013e+00     1.18611e+03     9.94187e+01     5.70997e+01
    1.18422e+00     1.18302e+03     9.89301e+01     5.68830e+01
    1.18831e+00     1.18329e+03     9.87297e+01     5.67203e+01
    1.19240e+00     1.17921e+03     9.77707e+01     5.63545e+01
    1.19649e+00     1.17751e+03     9.75727e+01     5.60875e+01
    1.20059e+00     1.17525e+03     9.72328e+01     5.58107e+01
    1.20468e+00     1.17535e+03     9.70887e+01     5.56434e+01
    1.20877e+00     1.17267e+03     9.66879e+01     5.52320e+01
    1.21286e+00     1.17256e+03     9.60100e+01     5.48923e+01
    1.21695e+00     1.16838e+03     9.58880e+01     5.48114e+01
    1.22104e+00     1.16531e+03     9.51159e+01     5.44260e+01
    1.22513e+00     1.16696e+03     9.50762e+01     5.42656e+01
    1.22922e+00     1.16563e+03     9.47024e+01     5.39592e+01
    1.23330e+00     1.16481e+03     9.46554e+01     5.37839e+01
    1.23740e+00     1.15988e+03     9.35279e+01     5.33943e+01
    1.24149e+00     1.16336e+03     9.36631e+01     5.31029e+01
    1.24558e+00     1.15778e+03     9.29165e+01     5.29751e+01
    1.24967e+00     1.15294e+03     9.26193e+01     5.27432e+01
    1.25376e+00     1.15536e+03     9.18553e+01     5.22812e+01
    1.25785e+00     1.15254e+03     9.17672e+01     5.21087e+01
    1.26194e+00     1.14824e+03     9.11916e+01     5.17925e+01
    1.26603e+00     1.14905e+03     9.11769e+01     5.15747e+01
    1.27012e+00     1.14822e+03     9.03252e+01     5.12834e+01
    1.27422e+00     1.14413e+03     9.03762e+01     5.11964e+01
    1.27831e+00     1.14426e+03     9.00476e+01     5.10163e+01
    1.28240e+00     1.14380e+03     8.99206e+01     5.07191e+01
    1.28649e+00     1.14226e+03     8.93885e+01     5.03361e+01
    1.29058e+00     1.13683e+03     8.88669e+01     5.02505e+01
    1.29467e+00     1.13928e+03     8.88240e+01     4.99002e+01
    1.29876e+00     1.13248e+03     8.77306e+01     4.97233e+01
    1.30285e+00     1.13236e+03     8.77414e+01     4.94784e+01
    1.30694e+00     1.12821e+03     8.73208e+01     4.91360e+01
    1.31103e+00     1.13101e+03     8.72269e+01     4.89661e+01
    1.31512e+00     1.12871e+03     8.71520e+01     4.88732e+01
    1.31921e+00     1.12584e+03     8.67010e+01     4.86062e+01
    1.32331e+00     1.12372e+03     8.59769e+01     4.83097e+01
    1.32739e+00     1.12434e+03     8.58903e+01     4.81096e+01
    1.33148e+00     1.12015e+03     8.52644e+01     4.78285e+01
    1.33558e+00     1.11865e+03     8.52591e+01     4.77144e+01
    1.33967e+00     1.11972e+03     8.50454e+01     4.75553e+01
    1.34376e+00     1.11623e+03     8.43891e+01     4.73056e+01
    1.34785e+00     1.11388e+03     8.43601e+01     4.70144e+01
    1.35195e+00     1.11439e+03     8.39016e+01     4.67727e+01
    1.35603e+00     1.11398e+03     8.38234e+01     4.66283e+01
    1.36011e+00     1.10969e+03     8.28613e+01     4.62621e+01
    1.36421e+00     1.10789e+03     8.26562e+01     4.61168e+01
    1.36830e+00     1.10674e+03     8.28058e+01     4.59600e+01
    1.37239e+00     1.10476e+03     8.23451e+01     4.55993e+01
    1.37648e+00     1.10071e+03     8.21184e+01     4.55257e+01
    1.38057e+00     1.10128e+03     8.16926e+01     4.53612e+01
    1.38466e+00     1.09973e+03     8.12272e+01     4.50302e+01
    1.38875e+00     1.10012e+03     8.13230e+01     4.48694e+01
    1.39285e+00     1.09753e+03     8.10748e+01     4.46802e+01
    1.39694e+00     1.09475e+03     8.03177e+01     4.45041e+01
    1.40102e+00     1.09345e+03     7.99292e+01     4.42204e+01
    1.40512e+00     1.09244e+03     7.97613e+01     4.40151e+01
    1.40921e+00     1.08715e+03     7.92940e+01     4.39076e+01
    1.41330e+00     1.08750e+03     7.93616e+01     4.36267e+01
    1.41739e+00     1.08658e+03     7.89054e+01     4.33792e+01
    1.42148e+00     1.08257e+03     7.82929e+01     4.32051e+01
    1.42557e+00     1.08389e+03     7.84705e+01     4.31762e+01
    1.42966e+00     1.08243e+03     7.81071e+01     4.29542e+01
    1.43375e+00     1.08023e+03     7.81468e+01     4.27289e+01
    1.43784e+00     1.07857e+03     7.73352e+01     4.24980e+01
    1.44193e+00     1.07628e+03     7.72536e+01     4.22473e+01
    1.44602e+00     1.07570e+03     7.73542e+01     4.22388e+01
    1.45011e+00     1.07378e+03     7.68906e+01     4.19692e+01
    1.45420e+00     1.07244e+03     7.63667e+01     4.17516e+01
    1.45830e+00     1.06968e+03     7.62090e+01     4.15369e+01
    1.46239e+00     1.07041e+03     7.61627e+01     4.13679e+01
    1.46648e+00     1.06714e+03     7.58735e+01     4.12514e+01
    1.47056e+00     1.06635e+03     7.54122e+01     4.09330e+01
    1.47465e+00     1.06509e+03     7.52720e+01     4.08548e+01
    1.47874e+00     1.06369e+03     7.50437e+01     4.06550e+01
    1.48283e+00     1.06177e+03     7.46445e+01     4.04011e+01
    1.48693e+00     1.06178e+03     7.47582e+01     4.03404e+01
    1.49102e+00     1.05872e+03     7.41531e+01     4.01443e+01
    1.49511e+00     1.05687e+03     7.40029e+01     3.98909e+01
    1.49920e+00     1.05501e+03     7.34596e+01     3.96895e+01
    1.50329e+00     1.05338e+03     7.34833e+01     3.95704e+01
    1.50738e+00     1.05086e+03     7.31838e+01     3.94480e+01
    1.51148e+00     1.05076e+03     7.30035e+01     3.92643e+01
    1.51557e+00     1.05135e+03     7.29655e+01     3.90875e+01
    1.51965e+00     1.04549e+03     7.24266e+01     3.88602e+01
    1.52374e+00     1.04423e+03     7.21108e+01     3.86486e+01
    1.52784e+00     1.04407e+03     7.20593e+01     3.85831e+01
    1.53193e+00     1.04353e+03     7.17473e+01     3.83873e+01
    1.53602e+00     1.04084e+03     7.15695e+01     3.81963e+01
    1.54011e+00     1.03961e+03     7.12326e+01     3.79675e+01
    1.54420e+00     1.03774e+03     7.08657e+01     3.78542e+01
    1.54829e+00     1.03705e+03     7.10678e+01     3.77051e+01
    1.55238e+00     1.03402e+03     7.04242e+01     3.75270e+01
    1.55647e+00     1.03202e+03     7.00528e+01     3.72961e+01
    1.56056e+00     1.03077e+03     7.01817e+01     3.71989e+01
    1.56465e+00     1.03073e+03     6.98228e+01     3.70416e+01
    1.56874e+00     1.02749e+03     6.94836e+01     3.68346e+01
    1.57283e+00     1.02722e+03     6.93907e+01     3.67100e+01
    1.57693e+00     1.02566e+03     6.92538e+01     3.66348e+01
    1.58102e+00     1.02434e+03     6.88257e+01     3.63406e+01
    1.58510e+00     1.02080e+03     6.86789e+01     3.62570e+01
    1.58919e+00     1.02121e+03     6.87407e+01     3.61428e+01
    1.59329e+00     1.01961e+03     6.83570e+01     3.59355e+01
    1.59738e+00     1.01903e+03     6.81442e+01     3.57715e+01
    1.60147e+00     1.01611e+03     6.76947e+01     3.56273e+01
    1.60556e+00     1.01433e+03     6.75691e+01     3.54318e+01
    1.60965e+00     1.01329e+03     6.72387e+01     3.52338e+01
    1.61374e+00     1.01321e+03     6.73088e+01     3.51621e+01
    1.61783e+00     1.00934e+03     6.71464e+01     3.50339e+01
    1.62192e+00     1.00833e+03     6.65799e+01     3.48254e+01
    1.62601e+00     1.00792e+03     6.65844e+01     3.47284e+01
    1.63010e+00     1.00622e+03     6.65389e+01     3.45241e+01
    1.63419e+00     1.00513e+03     6.60765e+01     3.44145e+01
    1.63828e+00     1.00386e+03     6.60374e+01     3.41715e+01
    1.64238e+00     1.00152e+03     6.57133e+01     3.40961e+01
    1.64647e+00     9.99232e+02     6.53759e+01     3.38940e+01
    1.65055e+00     9.99616e+02     6.52754e+01     3.38219e+01
    1.65465e+00     9.97555e+02     6.50163e+01     3.36178e+01
    1.65874e+00     9.95177e+02     6.47273e+01     3.34904e+01
    1.66283e+00     9.94322e+02     6.47709e+01     3.33506e+01
    1.66691e+00     9.92567e+02     6.42740e+01     3.31510e+01
    1.67101e+00     9.90972e+02     6.40841e+01     3.29955e+01
    1.67510e+00     9.90855e+02     6.40760e+01     3.29499e+01
    1.67919e+00     9.87923e+02     6.37186e+01     3.27297e+01
    1.68328e+00     9.86652e+02     6.36302e+01     3.26439e+01
    1.68737e+00     9.85908e+02     6.34757e+01     3.24680e+01
    1.69146e+00     9.84113e+02     6.34195e+01     3.23551e+01
    1.69555e+00     9.80265e+02     6.30271e+01     3.22055e+01
    1.69964e+00     9.80034e+02     6.29588e+01     3.20626e+01
    1.70373e+00     9.79879e+02     6.24832e+01     3.18848e+01
    1.70782e+00     9.76825e+02     6.23490e+01     3.17761e+01
    1.71191e+00     9.76471e+02     6.23650e+01     3.16834e+01
    1.71600e+00     9.74155e+02     6.18739e+01     3.14490e+01
    1.72009e+00     9.72083e+02     6.18177e+01     3.13612e+01
    1.72418e+00     9.70649e+02     6.16520e+01     3.12256e+01
    1.72828e+00     9.71429e+02     6.15596e+01     3.11768e+01
    1.73237e+00     9.68190e+02     6.12473e+01     3.09251e+01
    1.73646e+00     9.67257e+02     6.11908e+01     3.08375e+01
    1.74055e+00     9.66050e+02     6.09074e+01     3.07554e+01
    1.74464e+00     9.63501e+02     6.06839e+01     3.06014e+01
    1.74874e+00     9.61940e+02     6.03873e+01     3.04130e+01
    1.75282e+00     9.61275e+02     6.04840e+01     3.03378e+01
    1.75691e+00     9.58437e+02     6.01432e+01     3.01638e+01
    1.76100e+00     9.59075e+02     6.02613e+01     3.00911e+01
    1.76509e+00     9.56382e+02     5.99197e+01     2.99804e+01
    1.76918e+00     9.56102e+02     5.97862e+01     2.98118e+01
    1.77327e+00     9.53683e+02     5.93249e+01     2.97143e+01
    1.77737e+00     9.52502e+02     5.93773e+01     2.95548e+01
    1.78146e+00     9.49932e+02     5.90649e+01     2.94051e+01
    1.78554e+00     9.50064e+02     5.91577e+01     2.93374e+01
    1.78964e+00     9.47326e+02     5.87465e+01     2.91595e+01
    1.79373e+00     9.46580e+02     5.85899e+01     2.90566e+01
    1.79782e+00     9.46044e+02     5.84365e+01     2.88971e+01
    1.80191e+00     9.44294e+02     5.82612e+01     2.87576e+01
    1.80600e+00     9.41441e+02     5.80709e+01     2.86429e+01
    1.81009e+00     9.40048e+02     5.79700e+01     2.85303e+01
    1.81418e+00     9.38161e+02     5.77216e+01     2.84050e+01
    1.81827e+00     9.36083e+02     5.75524e+01     2.82750e+01
    1.82236e+00     9.36930e+02     5.74207e+01     2.81519e+01
    1.82645e+00     9.34836e+02     5.71748e+01     2.80447e+01
    1.83054e+00     9.32347e+02     5.70855e+01     2.79208e+01
    1.83463e+00     9.31874e+02     5.68737e+01     2.78086e+01
    1.83872e+00     9.28800e+02     5.66234e+01     2.76613e+01
    1.84281e+00     9.29192e+02     5.65453e+01     2.75852e+01
    1.84691e+00     9.26314e+02     5.62132e+01     2.74411e+01
    1.85100e+00     9.25955e+02     5.61734e+01     2.73257e+01
    1.85509e+00     9.23318e+02     5.62125e+01     2.72500e+01
    1.85918e+00     9.23505e+02     5.58225e+01     2.70631e+01
    1.86327e+00     9.20691e+02     5.55476e+01     2.69623e+01
    1.86736e+00     9.20751e+02     5.56969e+01     2.68517e+01
    1.87145e+00     9.17815e+02     5.53881e+01     2.67914e+01
    1.87554e+00     9.17177e+02     5.50700e+01     2.65982e+01
    1.87963e+00     9.15620e+02     5.51003e+01     2.65359e+01
    1.88372e+00     9.14124e+02     5.48230e+01     2.63803e+01
    1.88781e+00     9.12643e+02     5.46991e+01     2.62809e+01
    1.89190e+00     9.10941e+02     5.46988e+01     2.61973e+01
    1.89599e+00     9.10476e+02     5.44233e+01     2.60151e+01
    1.90008e+00     9.09098e+02     5.44137e+01     2.59630e+01
    1.90417e+00     9.07666e+02     5.41701e+01     2.58028e+01
    1.90827e+00     9.05111e+02     5.38565e+01     2.57080e+01
    1.91236e+00     9.05011e+02     5.39322e+01     2.56068e+01
    1.91645e+00     9.03533e+02     5.34881e+01     2.55057e+01
    1.92054e+00     9.00702e+02     5.35131e+01     2.53686e+01
    1.92463e+00     8.99505e+02     5.33564e+01     2.52789e+01
    1.92872e+00     8.98956e+02     5.30879e+01     2.51472e+01
    1.93281e+00     8.97817e+02     5.32646e+01     2.50867e+01
    1.93690e+00     8.95429e+02     5.27296e+01     2.49572e+01
    1.94099e+00     8.94107e+02     5.28349e+01     2.48716e+01
    1.94508e+00     8.92268e+02     5.25522e+01     2.47419e+01
    1.94917e+00     8.91991e+02     5.24601e+01     2.46305e+01
    1.95326e+00     8.90341e+02     5.23544e+01     2.45720e+01
    1.95735e+00     8.88333e+02     5.21252e+01     2.44237e+01
    1.96144e+00     8.86751e+02     5.21518e+01     2.43459e+01
    1.96553e+00     8.86340e+02     5.20443e+01     2.42469e+01
    1.96962e+00     8.85056e+02     5.17067e+01     2.41028e+01
    1.97371e+00     8.82742e+02     5.15674e+01     2.40246e+01
    1.97781e+00     8.81504e+02     5.14203e+01     2.38922e+01
    1.98190e+00     8.79487e+02     5.13230e+01     2.38105e+01
    1.98599e+00     8.79746e+02     5.11605e+01     2.37044e+01
    1.99008e+00     8.76567e+02     5.10599e+01     2.35899e+01
    1.99417e+00     8.75373e+02     5.07353e+01     2.35060e+01
    1.99826e+00     8.73775e+02     5.07179e+01     2.34217e+01
    2.00235e+00     8.72429e+02     5.05797e+01     2.33140e+01
    2.00644e+00     8.70575e+02     5.01817e+01     2.31587e+01
    2.01053e+00     8.68853e+02     5.03099e+01     2.31271e+01
    2.01462e+00     8.68477e+02     5.02146e+01     2.30006e+01
    2.01871e+00     8.66148e+02     4.98507e+01     2.28905e+01
    2.02280e+00     8.66281e+02     4.98913e+01     2.28435e+01
    2.02689e+00     8.63229e+02     4.96294e+01     2.27316e+01
    2.03098e+00     8.62349e+02     4.95848e+01     2.26318e+01
    2.03507e+00     8.61326e+02     4.94486e+01     2.25096e+01
    2.03917e+00     8.62003e+02     4.94320e+01     2.24374e+01
    2.04325e+00     8.58519e+02     4.91426e+01     2.23237e+01
    2.04735e+00     8.57228e+02     4.91018e+01     2.22283e+01
    2.05143e+00     8.55583e+02     4.88456e+01     2.21443e+01
    2.05552e+00     8.53637e+02     4.87694e+01     2.20147e+01
    2.05962e+00     8.52347e+02     4.85651e+01     2.19172e+01
    2.06371e+00     8.51469e+02     4.83697e+01     2.18306e+01
    2.06780e+00     8.50584e+02     4.83317e+01     2.17398e+01
    2.07189e+00     8.48667e+02     4.83511e+01     2.16742e+01
    2.07598e+00     8.46985e+02     4.80437e+01     2.15469e+01
    2.08007e+00     8.45300e+02     4.79084e+01     2.14715e+01
    2.08416e+00     8.44554e+02     4.78239e+01     2.13691e+01
    2.08825e+00     8.42788e+02     4.76255e+01     2.12675e+01
    2.09234e+00     8.42424e+02     4.75434e+01     2.12069e+01
    2.09644e+00     8.39926e+02     4.73892e+01     2.10757e+01
    2.10053e+00     8.39144e+02     4.72163e+01     2.09996e+01
    2.10461e+00     8.37758e+02     4.71854e+01     2.09215e+01
    2.10870e+00     8.36374e+02     4.70002e+01     2.08366e+01
    2.11280e+00     8.33897e+02     4.67877e+01     2.07342e+01
    2.11688e+00     8.32892e+02     4.66939e+01     2.06171e+01
    2.12098e+00     8.31025e+02     4.66115e+01     2.05446e+01
    2.12507e+00     8.29588e+02     4.63219e+01     2.04628e+01
    2.12916e+00     8.29797e+02     4.63936e+01     2.03557e+01
    2.13325e+00     8.26649e+02     4.62177e+01     2.02789e+01
    2.13734e+00     8.25991e+02     4.59579e+01     2.01766e+01
    2.14143e+00     8.24703e+02     4.57757e+01     2.00911e+01
    2.14552e+00     8.23168e+02     4.58153e+01     2.00211e+01
    2.14961e+00     8.21901e+02     4.57091e+01     1.99610e+01
    2.15370e+00     8.20789e+02     4.54973e+01     1.98204e+01
    2.15779e+00     8.18121e+02     4.54237e+01     1.97665e+01
    2.16188e+00     8.16292e+02     4.52417e+01     1.96732e+01
    2.16597e+00     8.16036e+02     4.50946e+01     1.95784e+01
    2.17006e+00     8.15762e+02     4.50884e+01     1.95007e+01
    2.17416e+00     8.13399e+02     4.49064e+01     1.94214e+01
    2.17825e+00     8.12639e+02     4.48514e+01     1.93506e+01
    2.18234e+00     8.10097e+02     4.45286e+01     1.92091e+01
    2.18643e+00     8.09361e+02     4.44742e+01     1.91430e+01
    2.19052e+00     8.07899e+02     4.44612e+01     1.90938e+01
    2.19461e+00     8.06369e+02     4.43073e+01     1.89879e+01
    2.19870e+00     8.04868e+02     4.41442e+01     1.88910e+01
    2.20279e+00     8.03580e+02     4.40312e+01     1.88366e+01
    2.20688e+00     8.01432e+02     4.37921e+01     1.87341e+01
    2.21097e+00     8.00476e+02     4.36443e+01     1.86537e+01
    2.21506e+00     8.00102e+02     4.36969e+01     1.85634e+01
    2.21915e+00     7.99415e+02     4.35437e+01     1.84811e+01
    2.22324e+00     7.96814e+02     4.34045e+01     1.84230e+01
    2.22733e+00     7.94714e+02     4.33100e+01     1.83444e+01
    2.23142e+00     7.94294e+02     4.31628e+01     1.82663e+01
    2.23552e+00     7.91971e+02     4.29958e+01     1.81653e+01
    2.23961e+00     7.90753e+02     4.29091e+01     1.81044e+01
    2.24369e+00     7.90272e+02     4.28747e+01     1.80174e+01
    2.24779e+00     7.88659e+02     4.26693e+01     1.79271e+01
    2.25188e+00     7.88116e+02     4.26049e+01     1.78762e+01
    2.25597e+00     7.85384e+02     4.25006e+01     1.77640e+01
    2.26006e+00     7.83653e+02     4.23988e+01     1.76990e+01
    2.26415e+00     7.82568e+02     4.22346e+01     1.76366e+01
    2.26824e+00     7.82793e+02     4.20995e+01     1.75374e+01
    2.27233e+00     7.80429e+02     4.20242e+01     1.74780e+01
    2.27642e+00     7.78019e+02     4.17749e+01     1.73858e+01
    2.28051e+00     7.77087e+02     4.16730e+01     1.72819e+01
    2.28460e+00     7.76315e+02     4.15808e+01     1.72221e+01
    2.28869e+00     7.73497e+02     4.13680e+01     1.71579e+01
    2.29278e+00     7.73289e+02     4.13225e+01     1.71046e+01
    2.29687e+00     7.71253e+02     4.11564e+01     1.69992e+01
    2.30096e+00     7.70215e+02     4.11253e+01     1.69316e+01
    2.30506e+00     7.70080e+02     4.10776e+01     1.68608e+01
    2.30915e+00     7.68893e+02     4.09912e+01     1.67896e+01
    2.31324e+00     7.66364e+02     4.08117e+01     1.67345e+01
    2.31733e+00     7.64161e+02     4.06508e+01     1.66404e+01
    2.32142e+00     7.62480e+02     4.05034e+01     1.65531e+01
    2.32551e+00     7.62347e+02     4.04686e+01     1.64876e+01
    2.32960e+00     7.61522e+02     4.02267e+01     1.63911e+01
    2.33369e+00     7.59219e+02     4.02839e+01     1.63612e+01
    2.33778e+00     7.57935e+02     4.00569e+01     1.62636e+01
    2.34187e+00     7.56071e+02     4.00084e+01     1.62022e+01
    2.34596e+00     7.55835e+02     3.98600e+01     1.61222e+01
    2.35005e+00     7.54195e+02     3.97579e+01     1.60655e+01
    2.35414e+00     7.52812e+02     3.96722e+01     1.59929e+01
    2.35823e+00     7.50426e+02     3.95397e+01     1.59171e+01
    2.36232e+00     7.49600e+02     3.93930e+01     1.58535e+01
    2.36641e+00     7.49297e+02     3.93100e+01     1.57813e+01
    2.37051e+00     7.46120e+02     3.91367e+01     1.57063e+01
    2.37460e+00     7.46525e+02     3.91106e+01     1.56443e+01
    2.37869e+00     7.44621e+02     3.89575e+01     1.55507e+01
    2.38278e+00     7.43463e+02     3.89372e+01     1.54885e+01
    2.38687e+00     7.41394e+02     3.86253e+01     1.54155e+01
    2.39096e+00     7.40522e+02     3.86371e+01     1.53518e+01
    2.39505e+00     7.39496e+02     3.86508e+01     1.53103e+01
    2.39914e+00     7.38570e+02     3.83880e+01     1.52209e+01
    2.40323e+00     7.37927e+02     3.82998e+01     1.51518e+01
    2.40732e+00     7.34954e+02     3.81907e+01     1.50804e+01
    2.41141e+00     7.34211e+02     3.81803e+01     1.50125e+01
    2.41550e+00     7.31967e+02     3.79947e+01     1.49536e+01
    2.41959e+00     7.31838e+02     3.78665e+01     1.48868e+01
    2.42368e+00     7.30528e+02     3.78208e+01     1.48233e+01
    2.42777e+00     7.29466e+02     3.77424e+01     1.47596e+01
    2.43187e+00     7.27319e+02     3.76370e+01     1.46942e+01
    2.43596e+00     7.25231e+02     3.74505e+01     1.46329e+01
    2.44004e+00     7.24430e+02     3.73828e+01     1.45635e+01
    2.44414e+00     7.23515e+02     3.73323e+01     1.45095e+01
    2.44823e+00     7.22027e+02     3.70992e+01     1.44351e+01
    2.45232e+00     7.20881e+02     3.70842e+01     1.43723e+01
    2.45640e+00     7.19618e+02     3.69739e+01     1.43083e+01
    2.46050e+00     7.17319e+02     3.68327e+01     1.42283e+01
    2.46459e+00     7.17071e+02     3.68082e+01     1.41764e+01
    2.46868e+00     7.15482e+02     3.66594e+01     1.41065e+01
    2.47277e+00     7.13608e+02     3.64539e+01     1.40462e+01
    2.47686e+00     7.12454e+02     3.64107e+01     1.39712e+01
    2.48095e+00     7.11197e+02     3.62864e+01     1.39180e+01
    2.48504e+00     7.09230e+02     3.61162e+01     1.38466e+01
    2.48913e+00     7.08442e+02     3.61345e+01     1.37894e+01
    2.49322e+00     7.06740e+02     3.60012e+01     1.37417e+01
    2.49731e+00     7.05458e+02     3.58517e+01     1.36672e+01
    2.50141e+00     7.05000e+02     3.57805e+01     1.35975e+01
    2.50550e+00     7.04359e+02     3.56663e+01     1.35192e+01
    2.50959e+00     7.01454e+02     3.55581e+01     1.34770e+01
    2.51368e+00     7.00947e+02     3.55591e+01     1.34240e+01
    2.51777e+00     6.98478e+02     3.52401e+01     1.33555e+01
    2.52186e+00     6.98170e+02     3.53620e+01     1.33195e+01
    2.52595e+00     6.96275e+02     3.51188e+01     1.32440e+01
    2.53004e+00     6.95993e+02     3.50907e+01     1.31697e+01
    2.53413e+00     6.93791e+02     3.50090e+01     1.31179e+01
    2.53822e+00     6.93010e+02     3.48670e+01     1.30607e+01
    2.54231e+00     6.91780e+02     3.48002e+01     1.30032e+01
    2.54640e+00     6.90418e+02     3.46532e+01     1.29394e+01
    2.55049e+00     6.88656e+02     3.46477e+01     1.28779e+01
    2.55458e+00     6.87623e+02     3.45415e+01     1.28295e+01
    2.55867e+00     6.86279e+02     3.43616e+01     1.27653e+01
    2.56276e+00     6.84874e+02     3.43053e+01     1.27005e+01
    2.56685e+00     6.83314e+02     3.41555e+01     1.26520e+01
    2.57095e+00     6.82028e+02     3.40401e+01     1.26121e+01
    2.57504e+00     6.81400e+02     3.40239e+01     1.25534e+01
    2.57913e+00     6.79450e+02     3.39033e+01     1.24953e+01
    2.58322e+00     6.78291e+02     3.37595e+01     1.24177e+01
    2.58731e+00     6.76706e+02     3.37007e+01     1.23643e+01
    2.59140e+00     6.75451e+02     3.35632e+01     1.23068e+01
    2.59549e+00     6.75398e+02     3.36086e+01     1.22718e+01
    2.59958e+00     6.73761e+02     3.34937e+01     1.22100e+01
    2.60367e+00     6.72278e+02     3.33435e+01     1.21519e+01
    2.60776e+00     6.70812e+02     3.31605e+01     1.20800e+01
    2.61185e+00     6.69316e+02     3.30973e+01     1.20415e+01
    2.61594e+00     6.68461e+02     3.30685e+01     1.19848e+01
    2.62003e+00     6.67920e+02     3.30091e+01     1.19403e+01
    2.62412e+00     6.65511e+02     3.28643e+01     1.18724e+01
    2.62821e+00     6.64438e+02     3.28039e+01     1.18123e+01
    2.63230e+00     6.63615e+02     3.26856e+01     1.17669e+01
    2.63640e+00     6.62395e+02     3.25348e+01     1.17105e+01
    2.64049e+00     6.60762e+02     3.24665e+01     1.16563e+01
    2.64457e+00     6.58869e+02     3.24227e+01     1.16139e+01
    2.64867e+00     6.57897e+02     3.22811e+01     1.15625e+01
    2.65276e+00     6.56528e+02     3.20945e+01     1.15002e+01
    2.65685e+00     6.56235e+02     3.21321e+01     1.14565e+01
    2.66094e+00     6.53731e+02     3.19691e+01     1.13838e+01
    2.66503e+00     6.52915e+02     3.18940e+01     1.13352e+01
    2.66912e+00     6.51685e+02     3.18269e+01     1.12985e+01
    2.67321e+00     6.50301e+02     3.17331e+01     1.12519e+01
    2.67730e+00     6.49577e+02     3.16663e+01     1.11796e+01
    2.68139e+00     6.47265e+02     3.15180e+01     1.11389e+01
    2.68548e+00     6.46907e+02     3.14690e+01     1.10832e+01
    2.68957e+00     6.45223e+02     3.13651e+01     1.10370e+01
    2.69366e+00     6.43516e+02     3.12051e+01     1.09710e+01
    2.69776e+00     6.41990e+02     3.11865e+01     1.09342e+01
    2.70185e+00     6.41625e+02     3.10417e+01     1.08738e+01
    2.70594e+00     6.40194e+02     3.09115e+01     1.08331e+01
    2.71003e+00     6.38964e+02     3.09016e+01     1.07827e+01
    2.71412e+00     6.37491e+02     3.07953e+01     1.07377e+01
    2.71821e+00     6.36679e+02     3.08157e+01     1.06886e+01
    2.72230e+00     6.35321e+02     3.05956e+01     1.06330e+01
    2.72639e+00     6.34440e+02     3.05812e+01     1.05926e+01
    2.73048e+00     6.32989e+02     3.05186e+01     1.05341e+01
    2.73457e+00     6.31915e+02     3.04252e+01     1.05067e+01
    2.73866e+00     6.30675e+02     3.02660e+01     1.04319e+01
    2.74275e+00     6.29281e+02     3.02334e+01     1.03954e+01
    2.74684e+00     6.27832e+02     3.00787e+01     1.03419e+01
    2.75093e+00     6.26874e+02     3.00145e+01     1.03005e+01
    2.75502e+00     6.25326e+02     2.99131e+01     1.02510e+01
    2.75911e+00     6.23896e+02     2.98062e+01     1.02039e+01
    2.76320e+00     6.23019e+02     2.97482e+01     1.01556e+01
    2.76730e+00     6.22225e+02     2.96838e+01     1.01119e+01
    2.77139e+00     6.20740e+02     2.95507e+01     1.00594e+01
    2.77548e+00     6.19522e+02     2.95837e+01     1.00264e+01
    2.77957e+00     6.17437e+02     2.93685e+01     9.96655e+00
    2.78366e+00     6.16793e+02     2.93122e+01     9.93195e+00
    2.78775e+00     6.15448e+02     2.92102e+01     9.87902e+00
    2.79184e+00     6.14680e+02     2.92051e+01     9.83614e+00
    2.79593e+00     6.13117e+02     2.89904e+01     9.77724e+00
    2.80002e+00     6.11756e+02     2.89984e+01     9.74206e+00
    2.80411e+00     6.10225e+02     2.88544e+01     9.68533e+00
    2.80820e+00     6.10130e+02     2.88030e+01     9.64060e+00
    2.81229e+00     6.07815e+02     2.86572e+01     9.60302e+00
    2.81638e+00     6.06833e+02     2.86236e+01     9.57617e+00
    2.82047e+00     6.06123e+02     2.85502e+01     9.50693e+00
    2.82457e+00     6.04178e+02     2.84013e+01     9.45567e+00
    2.82866e+00     6.03123e+02     2.83758e+01     9.42347e+00
    2.83275e+00     6.02184e+02     2.82783e+01     9.37618e+00
    2.83684e+00     6.00720e+02     2.81568e+01     9.34267e+00
    2.84093e+00     5.98921e+02     2.81108e+01     9.29721e+00
    2.84502e+00     5.99056e+02     2.80363e+01     9.25427e+00
    2.84911e+00     5.96774e+02     2.79478e+01     9.20351e+00
    2.85320e+00     5.95757e+02     2.78270e+01     9.16554e+00
    2.85729e+00     5.95249e+02     2.77770e+01     9.11939e+00
    2.86138e+00     5.93596e+02     2.76903e+01     9.08687e+00
    2.86547e+00     5.92153e+02     2.76262e+01     9.03967e+00
    2.86956e+00     5.91039e+02     2.75209e+01     9.00645e+00
    2.87365e+00     5.90170e+02     2.74772e+01     8.95322e+00
    2.87774e+00     5.88901e+02     2.74256e+01     8.91892e+00
    2.88183e+00     5.87679e+02     2.72410e+01     8.86783e+00
    2.88592e+00     5.86183e+02     2.72149e+01     8.83313e+00
    2.89001e+00     5.85234e+02     2.71496e+01     8.78025e+00
    2.89410e+00     5.83610e+02     2.70067e+01     8.74140e+00
    2.89820e+00     5.83040e+02     2.69848e+01     8.71307e+00
    2.90229e+00     5.82032e+02     2.69213e+01     8.66336e+00
    2.90638e+00     5.80457e+02     2.68105e+01     8.62331e+00
    2.91047e+00     5.79665e+02     2.67678e+01     8.58620e+00
    2.91456e+00     5.77861e+02     2.66592e+01     8.54821e+00
    2.91865e+00     5.76858e+02     2.65779e+01     8.49962e+00
    2.92274e+00     5.76066e+02     2.64766e+01     8.46220e+00
    2.92683e+00     5.74215e+02     2.63721e+01     8.41717e+00
    2.93092e+00     5.73568e+02     2.63381e+01     8.38354e+00
    2.93501e+00     5.72210e+02     2.62153e+01     8.34004e+00
    2.93910e+00     5.70823e+02     2.61762e+01     8.30544e+00
    2.94319e+00     5.69968e+02     2.61033e+01     8.27124e+00
    2.94728e+00     5.69362e+02     2.60108e+01     8.22336e+00
    2.95137e+00     5.67781e+02     2.59431e+01     8.19029e+00
    2.95546e+00     5.66412e+02     2.58067e+01     8.15072e+00
    2.95955e+00     5.65081e+02     2.57577e+01     8.11466e+00
    2.96364e+00     5.64640e+02     2.57005e+01     8.06876e+00
    2.96774e+00     5.63500e+02     2.55872e+01     8.03602e+00
    2.97183e+00     5.62187e+02     2.55467e+01     7.99697e+00
    2.97592e+00     5.61032e+02     2.54919e+01     7.96648e+00
    2.98001e+00     5.59748e+02     2.53607e+01     7.91796e+00
    2.98410e+00     5.58472e+02     2.52984e+01     7.88367e+00
    2.98819e+00     5.57378e+02     2.52416e+01     7.84828e+00
    2.99228e+00     5.56209e+02     2.51369e+01     7.80902e+00
    2.99637e+00     5.55125e+02     2.50307e+01     7.77116e+00
    3.00046e+00     5.53857e+02     2.50199e+01     7.73955e+00
    3.00455e+00     5.52590e+02     2.49293e+01     7.69434e+00
    3.00864e+00     5.51233e+02     2.48464e+01     7.65616e+00
    3.01273e+00     5.50735e+02     2.47886e+01     7.63168e+00
    3.01682e+00     5.49150e+02     2.46818e+01     7.58892e+00
    3.02091e+00     5.47547e+02     2.46096e+01     7.56088e+00
    3.02500e+00     5.46773e+02     2.45458e+01     7.52488e+00
    3.02910e+00     5.45454e+02     2.44798e+01     7.48947e+00
    3.03319e+00     5.45099e+02     2.43899e+01     7.45254e+00
    3.03728e+00     5.44175e+02     2.43686e+01     7.41760e+00
    3.04137e+00     5.42470e+02     2.42722e+01     7.37807e+00
    3.04546e+00     5.41821e+02     2.41577e+01     7.34557e+00
    3.04955e+00     5.40483e+02     2.41182e+01     7.31301e+00
    3.05364e+00     5.39706e+02     2.40632e+01     7.28043e+00
    3.05773e+00     5.38614e+02     2.39590e+01     7.23664e+00
    3.06182e+00     5.36971e+02     2.38822e+01     7.21281e+00
    3.06591e+00     5.35661e+02     2.37670e+01     7.17080e+00
    3.07000e+00     5.34745e+02     2.37543e+01     7.13997e+00
    3.07409e+00     5.33650e+02     2.36963e+01     7.10899e+00
    3.07818e+00     5.32572e+02     2.35705e+01     7.06967e+00
    3.08227e+00     5.31463e+02     2.35108e+01     7.03940e+00
    3.08636e+00     5.30129e+02     2.34347e+01     7.00162e+00
    3.09045e+00     5.29319e+02     2.33733e+01     6.97030e+00
    3.09454e+00     5.28043e+02     2.33001e+01     6.94058e+00
    3.09863e+00     5.27270e+02     2.32509e+01     6.90246e+00
    3.10272e+00     5.26042e+02     2.31941e+01     6.87723e+00
    3.10682e+00     5.25043e+02     2.31086e+01     6.84068e+00
    3.11091e+00     5.23832e+02     2.30460e+01     6.81138e+00
    3.11500e+00     5.22673e+02     2.29648e+01     6.77383e+00
    3.11909e+00     5.21833e+02     2.28774e+01     6.74415e+00
    3.12318e+00     5.20252e+02     2.28173e+01     6.71730e+00
    3.12727e+00     5.19763e+02     2.27739e+01     6.67650e+00
    3.13136e+00     5.18884e+02     2.26733e+01     6.64669e+00
    3.13545e+00     5.17168e+02     2.26126e+01     6.61295e+00
    3.13954e+00     5.16042e+02     2.25209e+01     6.58343e+00
    3.14363e+00     5.14719e+02     2.24443e+01     6.55397e+00
    3.14772e+00     5.13796e+02     2.23572e+01     6.51782e+00
    3.15181e+00     5.12669e+02     2.23559e+01     6.49298e+00
    3.15590e+00     5.11093e+02     2.22723e+01     6.46240e+00
    3.16000e+00     5.10438e+02     2.21801e+01     6.43141e+00
    3.16409e+00     5.09815e+02     2.21065e+01     6.39582e+00
    3.16818e+00     5.08519e+02     2.20521e+01     6.36340e+00
    3.17227e+00     5.07268e+02     2.19613e+01     6.34024e+00
    3.17636e+00     5.06645e+02     2.19365e+01     6.30796e+00
    3.18045e+00     5.05286e+02     2.18272e+01     6.27738e+00
    3.18454e+00     5.04508e+02     2.17909e+01     6.25112e+00
    3.18863e+00     5.03596e+02     2.17490e+01     6.22028e+00
    3.19272e+00     5.02580e+02     2.16659e+01     6.19092e+00
    3.19681e+00     5.00987e+02     2.15761e+01     6.16288e+00
    3.20090e+00     5.00347e+02     2.15339e+01     6.12959e+00
    3.20499e+00     4.99301e+02     2.14765e+01     6.09920e+00
    3.20908e+00     4.97699e+02     2.13830e+01     6.06717e+00
    3.21317e+00     4.96703e+02     2.13019e+01     6.03618e+00
    3.21726e+00     4.95956e+02     2.12594e+01     6.01387e+00
    3.22135e+00     4.94828e+02     2.11708e+01     5.98561e+00
    3.22545e+00     4.93969e+02     2.10956e+01     5.94973e+00
    3.22954e+00     4.92592e+02     2.10646e+01     5.93177e+00
    3.23363e+00     4.91423e+02     2.09634e+01     5.89639e+00
    3.23772e+00     4.90587e+02     2.08973e+01     5.87006e+00
    3.24181e+00     4.89369e+02     2.08267e+01     5.83806e+00
    3.24590e+00     4.88630e+02     2.07731e+01     5.81180e+00
    3.24999e+00     4.87791e+02     2.07496e+01     5.79316e+00
    3.25408e+00     4.86744e+02     2.06616e+01     5.76286e+00
    3.25817e+00     4.85422e+02     2.05937e+01     5.73126e+00
    3.26226e+00     4.84514e+02     2.05145e+01     5.70737e+00
    3.26635e+00     4.83572e+02     2.04756e+01     5.67711e+00
    3.27044e+00     4.81992e+02     2.04195e+01     5.65400e+00
    3.27453e+00     4.80988e+02     2.03284e+01     5.62200e+00
    3.27862e+00     4.80320e+02     2.02885e+01     5.59997e+00
    3.28271e+00     4.79245e+02     2.02148e+01     5.56748e+00
    3.28681e+00     4.77977e+02     2.01244e+01     5.54500e+00
    3.29090e+00     4.77318e+02     2.00844e+01     5.51249e+00
    3.29499e+00     4.76531e+02     2.00182e+01     5.48825e+00
    3.29908e+00     4.74809e+02     1.99117e+01     5.46034e+00
    3.30317e+00     4.74276e+02     1.99089e+01     5.43632e+00
    3.30725e+00     4.73285e+02     1.98653e+01     5.41025e+00
    3.31135e+00     4.71911e+02     1.97701e+01     5.38665e+00
    3.31544e+00     4.70931e+02     1.96888e+01     5.36223e+00
    3.31953e+00     4.70206e+02     1.96490e+01     5.33378e+00
    3.32362e+00     4.69244e+02     1.95760e+01     5.30529e+00
    3.32771e+00     4.68432e+02     1.95296e+01     5.28250e+00
    3.33180e+00     4.67303e+02     1.94487e+01     5.25695e+00
    3.33589e+00     4.66663e+02     1.94289e+01     5.22982e+00
    3.33998e+00     4.65080e+02     1.93312e+01     5.20776e+00
    3.34407e+00     4.64297e+02     1.92790e+01     5.18350e+00
    3.34816e+00     4.63890e+02     1.92514e+01     5.16178e+00
    3.35226e+00     4.62609e+02     1.91760e+01     5.13625e+00
    3.35634e+00     4.61388e+02     1.91026e+01     5.10311e+00
    3.36043e+00     4.60455e+02     1.90715e+01     5.08692e+00
    3.36453e+00     4.59258e+02     1.89973e+01     5.06289e+00
    3.36862e+00     4.58947e+02     1.89664e+01     5.04238e+00
    3.37271e+00     4.57415e+02     1.88522e+01     5.01091e+00
    3.37680e+00     4.56458e+02     1.88583e+01     4.99397e+00
    3.38089e+00     4.55633e+02     1.87635e+01     4.96381e+00
    3.38498e+00     4.54510e+02     1.86745e+01     4.93840e+00
    3.38907e+00     4.53801e+02     1.86678e+01     4.91871e+00
    3.39316e+00     4.52986e+02     1.85771e+01     4.89476e+00
    3.39725e+00     4.51603e+02     1.85199e+01     4.87417e+00
    3.40134e+00     4.50848e+02     1.84849e+01     4.84898e+00
    3.40543e+00     4.49786e+02     1.83993e+01     4.82483e+00
    3.40952e+00     4.48502e+02     1.83239e+01     4.80173e+00
    3.41362e+00     4.47969e+02     1.82713e+01     4.77722e+00
    3.41770e+00     4.47208e+02     1.82368e+01     4.75973e+00
    3.42179e+00     4.46054e+02     1.81716e+01     4.73414e+00
    3.42588e+00     4.45059e+02     1.81342e+01     4.71326e+00
    3.42997e+00     4.44196e+02     1.80528e+01     4.68939e+00
    3.43406e+00     4.43233e+02     1.80159e+01     4.66375e+00
    3.43816e+00     4.42142e+02     1.79602e+01     4.64635e+00
    3.44225e+00     4.41755e+02     1.79181e+01     4.62483e+00
    3.44634e+00     4.40639e+02     1.78330e+01     4.59836e+00
    3.45043e+00     4.39213e+02     1.77808e+01     4.57940e+00
    3.45452e+00     4.38707e+02     1.77257e+01     4.55889e+00
    3.45861e+00     4.37610e+02     1.76680e+01     4.53276e+00
    3.46270e+00     4.36965e+02     1.76151e+01     4.51131e+00
    3.46679e+00     4.35519e+02     1.75522e+01     4.49452e+00
    3.47088e+00     4.34680e+02     1.75080e+01     4.47018e+00
    3.47497e+00     4.33908e+02     1.74630e+01     4.45070e+00
    3.47906e+00     4.32965e+02     1.73766e+01     4.42558e+00
    3.48315e+00     4.32449e+02     1.73437e+01     4.40782e+00
    3.48725e+00     4.31418e+02     1.72840e+01     4.38698e+00
    3.49134e+00     4.30716e+02     1.72625e+01     4.36519e+00
    3.49543e+00     4.29608e+02     1.71962e+01     4.34446e+00
    3.49952e+00     4.28719e+02     1.71340e+01     4.32397e+00
    3.50361e+00     4.27372e+02     1.70361e+01     4.30010e+00
    3.50770e+00     4.26766e+02     1.70230e+01     4.27926e+00
    3.51179e+00     4.25762e+02     1.69554e+01     4.25963e+00
    3.51588e+00     4.24908e+02     1.69101e+01     4.24373e+00
    3.51997e+00     4.24066e+02     1.68366e+01     4.21894e+00
    3.52406e+00     4.23420e+02     1.68153e+01     4.20153e+00
    3.52815e+00     4.22383e+02     1.67614e+01     4.18227e+00
    3.53224e+00     4.21470e+02     1.67317e+01     4.16427e+00
    3.53633e+00     4.20434e+02     1.66386e+01     4.14093e+00
    3.54042e+00     4.19837e+02     1.66051e+01     4.12241e+00
    3.54451e+00     4.18667e+02     1.65255e+01     4.10271e+00
    3.54860e+00     4.18013e+02     1.64908e+01     4.08277e+00
    3.55270e+00     4.17238e+02     1.64685e+01     4.06725e+00
    3.55679e+00     4.15724e+02     1.63604e+01     4.04044e+00
    3.56088e+00     4.15055e+02     1.63380e+01     4.02578e+00
    3.56497e+00     4.14584e+02     1.62909e+01     4.00449e+00
    3.56906e+00     4.13411e+02     1.62399e+01     3.99044e+00
    3.57315e+00     4.12222e+02     1.61559e+01     3.96664e+00
    3.57724e+00     4.11420e+02     1.61111e+01     3.94751e+00
    3.58133e+00     4.10573e+02     1.60687e+01     3.92745e+00
    3.58542e+00     4.10007e+02     1.60463e+01     3.91416e+00
    3.58951e+00     4.09358e+02     1.59824e+01     3.89637e+00
    3.59360e+00     4.08346e+02     1.59318e+01     3.87437e+00
    3.59769e+00     4.07325e+02     1.58638e+01     3.85463e+00
    3.60178e+00     4.06682e+02     1.58331e+01     3.83742e+00
    3.60587e+00     4.05790e+02     1.57957e+01     3.82233e+00
    3.60996e+00     4.04883e+02     1.57234e+01     3.80341e+00
    3.61405e+00     4.04288e+02     1.56879e+01     3.78502e+00
    3.61814e+00     4.03446e+02     1.56514e+01     3.76583e+00
    3.62224e+00     4.02257e+02     1.55828e+01     3.74823e+00
    3.62633e+00     4.01372e+02     1.55286e+01     3.72847e+00
    3.63042e+00     4.00594e+02     1.54882e+01     3.71592e+00
    3.63451e+00     3.99686e+02     1.54463e+01     3.69490e+00
    3.63860e+00     3.98914e+02     1.53786e+01     3.67879e+00
    3.64269e+00     3.98072e+02     1.53422e+01     3.66162e+00
    3.64678e+00     3.97035e+02     1.52833e+01     3.64399e+00
    3.65087e+00     3.96296e+02     1.52608e+01     3.62956e+00
    3.65496e+00     3.95625e+02     1.52042e+01     3.61098e+00
    3.65905e+00     3.95130e+02     1.51872e+01     3.59547e+00
    3.66314e+00     3.93940e+02     1.51064e+01     3.57742e+00
    3.66723e+00     3.93162e+02     1.50587e+01     3.56286e+00
    3.67132e+00     3.92605e+02     1.50372e+01     3.54724e+00
    3.67541e+00     3.91460e+02     1.49664e+01     3.52907e+00
    3.67950e+00     3.90718e+02     1.49328e+01     3.51362e+00
    3.68359e+00     3.90001e+02     1.48714e+01     3.49606e+00
    3.68769e+00     3.88965e+02     1.48432e+01     3.47922e+00
    3.69177e+00     3.88364e+02     1.47994e+01     3.46577e+00
    3.69587e+00     3.87525e+02     1.47512e+01     3.44660e+00
    3.69996e+00     3.86771e+02     1.46841e+01     3.42916e+00
    3.70405e+00     3.86241e+02     1.46728e+01     3.41776e+00
    3.70814e+00     3.85616e+02     1.46409e+01     3.40165e+00
    3.71223e+00     3.84584e+02     1.45630e+01     3.38466e+00
    3.71632e+00     3.83504e+02     1.45028e+01     3.36798e+00
    3.72041e+00     3.82867e+02     1.44679e+01     3.35460e+00
    3.72450e+00     3.82038e+02     1.44216e+01     3.33494e+00
    3.72859e+00     3.81161e+02     1.43933e+01     3.32388e+00
    3.73268e+00     3.80464e+02     1.43450e+01     3.30888e+00
    3.73677e+00     3.79892e+02     1.43037e+01     3.29127e+00
    3.74086e+00     3.78698e+02     1.42435e+01     3.27582e+00
    3.74495e+00     3.78105e+02     1.42006e+01     3.26157e+00
    3.74905e+00     3.76969e+02     1.41524e+01     3.24560e+00
    3.75313e+00     3.76758e+02     1.41144e+01     3.23169e+00
    3.75722e+00     3.75710e+02     1.40849e+01     3.21956e+00
    3.76131e+00     3.75141e+02     1.40218e+01     3.20328e+00
    3.76541e+00     3.74445e+02     1.39971e+01     3.18650e+00
    3.76950e+00     3.73650e+02     1.39433e+01     3.17432e+00
    3.77359e+00     3.72841e+02     1.39115e+01     3.16026e+00
    3.77768e+00     3.71976e+02     1.38605e+01     3.14664e+00
    3.78177e+00     3.71393e+02     1.38216e+01     3.13121e+00
    3.78586e+00     3.70656e+02     1.37870e+01     3.11760e+00
    3.78995e+00     3.69968e+02     1.37264e+01     3.10365e+00
    3.79404e+00     3.69042e+02     1.36994e+01     3.08856e+00
    3.79813e+00     3.68323e+02     1.36606e+01     3.07367e+00
    3.80222e+00     3.67714e+02     1.36283e+01     3.06076e+00
    3.80632e+00     3.66802e+02     1.35955e+01     3.04948e+00
    3.81040e+00     3.66128e+02     1.35468e+01     3.03503e+00
    3.81449e+00     3.65523e+02     1.34976e+01     3.02078e+00
    3.81859e+00     3.64560e+02     1.34278e+01     3.00513e+00
    3.82268e+00     3.63915e+02     1.34148e+01     2.99462e+00
    3.82677e+00     3.63171e+02     1.33629e+01     2.97537e+00
    3.83086e+00     3.62602e+02     1.33394e+01     2.96735e+00
    3.83495e+00     3.61986e+02     1.32813e+01     2.95207e+00
    3.83904e+00     3.61041e+02     1.32641e+01     2.94020e+00
    3.84313e+00     3.60526e+02     1.32223e+01     2.92892e+00
    3.84722e+00     3.59602e+02     1.31634e+01     2.91198e+00
    3.85131e+00     3.59004e+02     1.31466e+01     2.90186e+00
    3.85540e+00     3.58440e+02     1.31117e+01     2.88914e+00
    3.85949e+00     3.57472e+02     1.30661e+01     2.87598e+00
    3.86358e+00     3.56768e+02     1.30252e+01     2.86325e+00
    3.86768e+00     3.55966e+02     1.29809e+01     2.84829e+00
    3.87177e+00     3.55340e+02     1.29518e+01     2.83772e+00
    3.87585e+00     3.54744e+02     1.29144e+01     2.82502e+00
    3.87994e+00     3.54037e+02     1.28717e+01     2.81397e+00
    3.88403e+00     3.53191e+02     1.28370e+01     2.80042e+00
    3.88813e+00     3.52826e+02     1.28002e+01     2.78903e+00
    3.89222e+00     3.51956e+02     1.27658e+01     2.77561e+00
    3.89631e+00     3.51219e+02     1.27130e+01     2.76276e+00
    3.90040e+00     3.50672e+02     1.26893e+01     2.75204e+00
    3.90449e+00     3.49942e+02     1.26329e+01     2.74042e+00
    3.90858e+00     3.49346e+02     1.26207e+01     2.72921e+00
    3.91267e+00     3.48799e+02     1.25697e+01     2.71709e+00
    3.91676e+00     3.47956e+02     1.25462e+01     2.70673e+00
    3.92085e+00     3.47170e+02     1.25039e+01     2.69406e+00
    3.92494e+00     3.46663e+02     1.24743e+01     2.68164e+00
    3.92903e+00     3.46022e+02     1.24248e+01     2.67083e+00
    3.93312e+00     3.45151e+02     1.23825e+01     2.65755e+00
    3.93721e+00     3.44478e+02     1.23485e+01     2.64698e+00
    3.94130e+00     3.43820e+02     1.23088e+01     2.63341e+00
    3.94539e+00     3.43186e+02     1.22945e+01     2.62697e+00
    3.94949e+00     3.42269e+02     1.22339e+01     2.61303e+00
    3.95358e+00     3.42202e+02     1.22219e+01     2.60381e+00
    3.95767e+00     3.41236e+02     1.21805e+01     2.59094e+00
    3.96176e+00     3.40784e+02     1.21543e+01     2.57934e+00
    3.96585e+00     3.40105e+02     1.21159e+01     2.56948e+00
    3.96994e+00     3.39383e+02     1.20872e+01     2.55887e+00
    3.97403e+00     3.38583e+02     1.20485e+01     2.54871e+00
    3.97812e+00     3.37974e+02     1.19946e+01     2.53695e+00
    3.98221e+00     3.37284e+02     1.19701e+01     2.52697e+00
    3.98630e+00     3.36590e+02     1.19396e+01     2.51657e+00
    3.99039e+00     3.36056e+02     1.18917e+01     2.50431e+00
    3.99448e+00     3.35495e+02     1.18707e+01     2.49515e+00
    3.99857e+00     3.34752e+02     1.18519e+01     2.48525e+00
    4.00266e+00     3.34443e+02     1.18139e+01     2.47304e+00
    4.00675e+00     3.33770e+02     1.17683e+01     2.46436e+00
    4.01085e+00     3.33166e+02     1.17373e+01     2.45320e+00
    4.01494e+00     3.32232e+02     1.16909e+01     2.44424e+00
    4.01902e+00     3.31773e+02     1.16809e+01     2.43462e+00
    4.02312e+00     3.31026e+02     1.16365e+01     2.42368e+00
    4.02721e+00     3.30608e+02     1.16150e+01     2.41533e+00
    4.03130e+00     3.30163e+02     1.15997e+01     2.40615e+00
    4.03539e+00     3.29335e+02     1.15446e+01     2.39501e+00
    4.03948e+00     3.28801e+02     1.15068e+01     2.38349e+00
    4.04357e+00     3.28050e+02     1.14687e+01     2.37459e+00
    4.04766e+00     3.27780e+02     1.14614e+01     2.36529e+00
    4.05175e+00     3.26940e+02     1.14273e+01     2.35823e+00
    4.05584e+00     3.26392e+02     1.13938e+01     2.34709e+00
    4.05993e+00     3.26165e+02     1.13689e+01     2.33801e+00
    4.06402e+00     3.25198e+02     1.13385e+01     2.32901e+00
    4.06811e+00     3.24795e+02     1.12962e+01     2.31950e+00
    4.07220e+00     3.24042e+02     1.12648e+01     2.30995e+00
    4.07630e+00     3.23382e+02     1.12360e+01     2.29940e+00
    4.08038e+00     3.22786e+02     1.12030e+01     2.29243e+00
    4.08447e+00     3.22339e+02     1.11779e+01     2.28366e+00
    4.08857e+00     3.21659e+02     1.11387e+01     2.27251e+00
    4.09266e+00     3.21164e+02     1.11081e+01     2.26415e+00
    4.09675e+00     3.20837e+02     1.11012e+01     2.25715e+00
    4.10084e+00     3.19905e+02     1.10519e+01     2.24795e+00
    4.10493e+00     3.19311e+02     1.10337e+01     2.23891e+00
    4.10902e+00     3.18966e+02     1.10012e+01     2.22978e+00
    4.11311e+00     3.17988e+02     1.09761e+01     2.22162e+00
    4.11720e+00     3.17744e+02     1.09504e+01     2.21348e+00
    4.12129e+00     3.16886e+02     1.09047e+01     2.20564e+00
    4.12538e+00     3.16586e+02     1.08800e+01     2.19619e+00
    4.12947e+00     3.16071e+02     1.08583e+01     2.18759e+00
    4.13356e+00     3.15338e+02     1.08272e+01     2.18007e+00
    4.13765e+00     3.14774e+02     1.07961e+01     2.17054e+00
    4.14175e+00     3.14410e+02     1.07746e+01     2.16467e+00
    4.14584e+00     3.13843e+02     1.07430e+01     2.15530e+00
    4.14993e+00     3.13285e+02     1.07115e+01     2.14747e+00
    4.15402e+00     3.12694e+02     1.06987e+01     2.14181e+00
    4.15811e+00     3.12279e+02     1.06581e+01     2.13135e+00
    4.16220e+00     3.11551e+02     1.06320e+01     2.12390e+00
    4.16629e+00     3.11156e+02     1.06057e+01     2.11683e+00
    4.17038e+00     3.10629e+02     1.05834e+01     2.10891e+00
    4.17447e+00     3.09971e+02     1.05495e+01     2.10155e+00
    4.17856e+00     3.09583e+02     1.05271e+01     2.09320e+00
    4.18265e+00     3.09081e+02     1.05028e+01     2.08622e+00
    4.18674e+00     3.08326e+02     1.04746e+01     2.07903e+00
