# Real space auto- and cross-spectra.
# z=2.000, 13.000<lgM<13.500
#      k[h/Mpc]            P_hh            P_hm            P_mm
    0.00000e+00     0.00000e+00     0.00000e+00     0.00000e+00
    5.79404e-03     8.96771e+04     1.62995e+04     3.59753e+03
    1.04717e-02     1.03612e+05     1.88392e+04     4.55612e+03
    1.42665e-02     1.03516e+05     1.72290e+04     3.57008e+03
    1.81228e-02     1.28893e+05     2.34972e+04     4.99864e+03
    2.24845e-02     1.18071e+05     2.06887e+04     4.30810e+03
    2.64508e-02     9.35108e+04     1.70252e+04     3.79771e+03
    3.04474e-02     1.02731e+05     1.74172e+04     3.66901e+03
    3.47320e-02     8.21549e+04     1.36995e+04     2.98031e+03
    3.88308e-02     7.95589e+04     1.32938e+04     2.88290e+03
    4.28140e-02     7.23085e+04     1.11352e+04     2.37639e+03
    4.68856e-02     7.09877e+04     1.08069e+04     2.26947e+03
    5.09858e-02     6.81716e+04     1.06583e+04     2.29962e+03
    5.51458e-02     6.52101e+04     9.74815e+03     2.08230e+03
    5.92243e-02     6.22840e+04     9.19262e+03     1.95404e+03
    6.32864e-02     5.84811e+04     8.50911e+03     1.81191e+03
    6.73674e-02     5.59049e+04     8.05388e+03     1.73505e+03
    7.14960e-02     5.52095e+04     7.81100e+03     1.65161e+03
    7.55894e-02     5.51577e+04     7.65063e+03     1.62170e+03
    7.96660e-02     5.04125e+04     6.66877e+03     1.41845e+03
    8.38183e-02     4.82330e+04     6.22263e+03     1.32281e+03
    8.78941e-02     4.67691e+04     5.82292e+03     1.19632e+03
    9.19238e-02     4.59864e+04     5.55519e+03     1.14367e+03
    9.60446e-02     4.25460e+04     5.02426e+03     1.06872e+03
    1.00128e-01     4.05029e+04     4.60331e+03     9.56799e+02
    1.04209e-01     3.98941e+04     4.38368e+03     9.03871e+02
    1.08333e-01     4.02660e+04     4.39681e+03     8.92356e+02
    1.12448e-01     3.78537e+04     4.08723e+03     8.50110e+02
    1.16521e-01     3.80774e+04     4.00692e+03     8.18128e+02
    1.20596e-01     3.75112e+04     3.87725e+03     7.83521e+02
    1.24665e-01     3.65708e+04     3.66178e+03     7.52526e+02
    1.28771e-01     3.59163e+04     3.55650e+03     7.28829e+02
    1.32874e-01     3.53994e+04     3.42498e+03     6.89041e+02
    1.36975e-01     3.49332e+04     3.42301e+03     6.88205e+02
    1.41075e-01     3.44641e+04     3.23711e+03     6.51653e+02
    1.45172e-01     3.31780e+04     3.02188e+03     5.99489e+02
    1.49268e-01     3.25648e+04     2.87522e+03     5.74964e+02
    1.53330e-01     3.20045e+04     2.77194e+03     5.44576e+02
    1.57416e-01     3.12670e+04     2.59452e+03     5.08523e+02
    1.61514e-01     3.00999e+04     2.43676e+03     4.82765e+02
    1.65592e-01     2.99632e+04     2.36962e+03     4.66573e+02
    1.69693e-01     2.95843e+04     2.29265e+03     4.45491e+02
    1.73803e-01     2.92106e+04     2.21825e+03     4.31246e+02
    1.77905e-01     2.93442e+04     2.19372e+03     4.21738e+02
    1.82001e-01     2.90274e+04     2.17256e+03     4.12553e+02
    1.86092e-01     2.84270e+04     2.07000e+03     3.99787e+02
    1.90161e-01     2.81455e+04     2.04504e+03     3.87899e+02
    1.94237e-01     2.80182e+04     1.96878e+03     3.76797e+02
    1.98334e-01     2.72645e+04     1.91478e+03     3.66098e+02
    2.02427e-01     2.76136e+04     1.89010e+03     3.53880e+02
    2.06523e-01     2.71970e+04     1.80687e+03     3.37581e+02
    2.10626e-01     2.66895e+04     1.73122e+03     3.24175e+02
    2.14724e-01     2.63696e+04     1.66207e+03     3.14512e+02
    2.18827e-01     2.58088e+04     1.62100e+03     3.01351e+02
    2.22903e-01     2.53511e+04     1.55857e+03     2.87529e+02
    2.26990e-01     2.58322e+04     1.56050e+03     2.82703e+02
    2.31084e-01     2.54585e+04     1.49439e+03     2.69696e+02
    2.35153e-01     2.52176e+04     1.45854e+03     2.62730e+02
    2.39244e-01     2.48601e+04     1.42538e+03     2.58833e+02
    2.43338e-01     2.47852e+04     1.41769e+03     2.54191e+02
    2.47445e-01     2.49283e+04     1.38425e+03     2.46496e+02
    2.51539e-01     2.44704e+04     1.35936e+03     2.42602e+02
    2.55609e-01     2.41433e+04     1.31795e+03     2.34368e+02
    2.59718e-01     2.43118e+04     1.30635e+03     2.30983e+02
    2.63814e-01     2.41193e+04     1.27529e+03     2.23604e+02
    2.67904e-01     2.37871e+04     1.24886e+03     2.19043e+02
    2.71993e-01     2.36749e+04     1.21749e+03     2.12106e+02
    2.76068e-01     2.34950e+04     1.16716e+03     2.02602e+02
    2.80171e-01     2.35103e+04     1.14697e+03     1.97157e+02
    2.84268e-01     2.32573e+04     1.12750e+03     1.92262e+02
    2.88346e-01     2.32569e+04     1.10954e+03     1.89144e+02
    2.92426e-01     2.31433e+04     1.08286e+03     1.82770e+02
    2.96514e-01     2.27398e+04     1.05452e+03     1.78241e+02
    3.00627e-01     2.28094e+04     1.03867e+03     1.74507e+02
    3.04729e-01     2.27311e+04     1.03571e+03     1.71910e+02
    3.08821e-01     2.25906e+04     1.01055e+03     1.67228e+02
    3.12919e-01     2.23957e+04     9.82286e+02     1.62944e+02
    3.16999e-01     2.21552e+04     9.66390e+02     1.61000e+02
    3.21078e-01     2.20399e+04     9.58766e+02     1.58578e+02
    3.25167e-01     2.21040e+04     9.47619e+02     1.54846e+02
    3.29247e-01     2.19842e+04     9.22286e+02     1.50139e+02
    3.33333e-01     2.18022e+04     9.03394e+02     1.47202e+02
    3.37443e-01     2.18300e+04     9.05231e+02     1.45760e+02
    3.41545e-01     2.18111e+04     8.80012e+02     1.40806e+02
    3.45625e-01     2.17426e+04     8.76262e+02     1.38633e+02
    3.49715e-01     2.13744e+04     8.44656e+02     1.35452e+02
    3.53817e-01     2.15122e+04     8.48236e+02     1.33028e+02
    3.57906e-01     2.13023e+04     8.34141e+02     1.29593e+02
    3.61975e-01     2.12526e+04     8.16081e+02     1.27362e+02
    3.66071e-01     2.13141e+04     8.12278e+02     1.25306e+02
    3.70189e-01     2.10289e+04     7.87269e+02     1.22916e+02
    3.74277e-01     2.10935e+04     7.81942e+02     1.20721e+02
    3.78356e-01     2.09940e+04     7.69530e+02     1.18718e+02
    3.82448e-01     2.09807e+04     7.55594e+02     1.16122e+02
    3.86535e-01     2.08009e+04     7.44624e+02     1.13548e+02
    3.90624e-01     2.07779e+04     7.43288e+02     1.13124e+02
    3.94706e-01     2.06146e+04     7.22351e+02     1.09458e+02
    3.98794e-01     2.07002e+04     7.27324e+02     1.08800e+02
    4.02896e-01     2.05111e+04     7.05402e+02     1.05509e+02
    4.06986e-01     2.03640e+04     6.95938e+02     1.04341e+02
    4.11069e-01     2.05258e+04     6.90737e+02     1.03342e+02
    4.15170e-01     2.02620e+04     6.75557e+02     1.00241e+02
    4.19263e-01     2.02074e+04     6.67722e+02     9.91847e+01
    4.23353e-01     2.00738e+04     6.53324e+02     9.70971e+01
    4.27447e-01     2.00147e+04     6.52239e+02     9.50699e+01
    4.31534e-01     1.99914e+04     6.45800e+02     9.42067e+01
    4.35624e-01     1.99679e+04     6.37478e+02     9.25246e+01
    4.39718e-01     1.99812e+04     6.28260e+02     9.07743e+01
    4.43804e-01     1.99767e+04     6.29308e+02     9.02849e+01
    4.47892e-01     1.98206e+04     6.19016e+02     8.82454e+01
    4.51977e-01     1.98876e+04     6.08606e+02     8.64154e+01
    4.56067e-01     1.97934e+04     6.03878e+02     8.52720e+01
    4.60165e-01     1.97306e+04     5.96672e+02     8.41557e+01
    4.64260e-01     1.96182e+04     5.94458e+02     8.32135e+01
    4.68355e-01     1.94792e+04     5.84113e+02     8.21532e+01
    4.72450e-01     1.95040e+04     5.77759e+02     8.07491e+01
    4.76540e-01     1.94511e+04     5.69965e+02     7.90639e+01
    4.80633e-01     1.94215e+04     5.66513e+02     7.79669e+01
    4.84718e-01     1.94354e+04     5.61359e+02     7.67431e+01
    4.88794e-01     1.93496e+04     5.51350e+02     7.57087e+01
    4.92888e-01     1.92546e+04     5.45986e+02     7.46194e+01
    4.96984e-01     1.92161e+04     5.39547e+02     7.34124e+01
    5.01073e-01     1.91585e+04     5.34011e+02     7.25436e+01
    5.05169e-01     1.90778e+04     5.29843e+02     7.15028e+01
    5.09268e-01     1.91280e+04     5.25032e+02     7.08508e+01
    5.13369e-01     1.90852e+04     5.17142e+02     6.93791e+01
    5.17441e-01     1.90556e+04     5.15975e+02     6.86732e+01
    5.21516e-01     1.89910e+04     5.14988e+02     6.80060e+01
    5.25611e-01     1.90200e+04     5.10594e+02     6.72646e+01
    5.29706e-01     1.89787e+04     5.03148e+02     6.63261e+01
    5.33801e-01     1.88684e+04     4.95980e+02     6.51909e+01
    5.37888e-01     1.88711e+04     4.94246e+02     6.46192e+01
    5.41985e-01     1.89732e+04     4.92460e+02     6.36937e+01
    5.46091e-01     1.86971e+04     4.79082e+02     6.26789e+01
    5.50174e-01     1.87536e+04     4.83094e+02     6.18119e+01
    5.54252e-01     1.86368e+04     4.72208e+02     6.12568e+01
    5.58346e-01     1.86158e+04     4.68570e+02     6.01459e+01
    5.62439e-01     1.85841e+04     4.64847e+02     5.95217e+01
    5.66527e-01     1.85606e+04     4.59498e+02     5.87842e+01
    5.70616e-01     1.85928e+04     4.60894e+02     5.85570e+01
    5.74707e-01     1.84166e+04     4.55859e+02     5.75390e+01
    5.78798e-01     1.85307e+04     4.50553e+02     5.65848e+01
    5.82883e-01     1.85343e+04     4.51735e+02     5.62624e+01
    5.86977e-01     1.84429e+04     4.42575e+02     5.54646e+01
    5.91070e-01     1.83210e+04     4.39496e+02     5.47634e+01
    5.95166e-01     1.83706e+04     4.39183e+02     5.45518e+01
    5.99260e-01     1.82517e+04     4.31070e+02     5.33085e+01
    6.03349e-01     1.83763e+04     4.29432e+02     5.29927e+01
    6.07445e-01     1.82601e+04     4.28678e+02     5.24519e+01
    6.11543e-01     1.81360e+04     4.21751e+02     5.17563e+01
    6.15623e-01     1.82159e+04     4.22360e+02     5.11270e+01
    6.19704e-01     1.81770e+04     4.18466e+02     5.04109e+01
    6.23792e-01     1.81227e+04     4.13613e+02     5.00819e+01
    6.27891e-01     1.81004e+04     4.10916e+02     4.92661e+01
    6.31991e-01     1.79774e+04     4.05967e+02     4.89691e+01
    6.36073e-01     1.80923e+04     4.06684e+02     4.86097e+01
    6.40158e-01     1.79651e+04     3.99512e+02     4.77918e+01
    6.44244e-01     1.78769e+04     3.95298e+02     4.73299e+01
    6.48338e-01     1.79026e+04     3.94062e+02     4.67666e+01
    6.52432e-01     1.78460e+04     3.89259e+02     4.62414e+01
    6.56514e-01     1.78545e+04     3.92118e+02     4.59780e+01
    6.60609e-01     1.78855e+04     3.89561e+02     4.53463e+01
    6.64712e-01     1.77471e+04     3.85216e+02     4.51162e+01
    6.68801e-01     1.78205e+04     3.81662e+02     4.43554e+01
    6.72890e-01     1.77331e+04     3.78355e+02     4.39409e+01
    6.76984e-01     1.77189e+04     3.77321e+02     4.35858e+01
    6.81074e-01     1.77150e+04     3.73746e+02     4.31820e+01
    6.85160e-01     1.76204e+04     3.69855e+02     4.27516e+01
    6.89246e-01     1.76908e+04     3.70444e+02     4.22981e+01
    6.93336e-01     1.75511e+04     3.65703e+02     4.17960e+01
    6.97434e-01     1.76139e+04     3.64243e+02     4.12076e+01
    7.01528e-01     1.75673e+04     3.62051e+02     4.09251e+01
    7.05618e-01     1.75187e+04     3.60267e+02     4.06373e+01
    7.09708e-01     1.74359e+04     3.56205e+02     4.00710e+01
    7.13796e-01     1.74647e+04     3.55948e+02     3.98616e+01
    7.17892e-01     1.74331e+04     3.51565e+02     3.94264e+01
    7.21982e-01     1.74117e+04     3.50608e+02     3.91349e+01
    7.26059e-01     1.73864e+04     3.49746e+02     3.87142e+01
    7.30145e-01     1.73133e+04     3.46492e+02     3.83134e+01
    7.34240e-01     1.73973e+04     3.47230e+02     3.79658e+01
    7.38340e-01     1.73189e+04     3.40898e+02     3.74997e+01
    7.42427e-01     1.72540e+04     3.38480e+02     3.71541e+01
    7.46511e-01     1.72312e+04     3.36344e+02     3.68968e+01
    7.50614e-01     1.72225e+04     3.35501e+02     3.66085e+01
    7.54706e-01     1.72176e+04     3.34531e+02     3.62465e+01
    7.58795e-01     1.72133e+04     3.34706e+02     3.60019e+01
    7.62888e-01     1.71126e+04     3.28595e+02     3.56978e+01
    7.66986e-01     1.71140e+04     3.28241e+02     3.52623e+01
    7.71073e-01     1.70681e+04     3.25005e+02     3.49313e+01
    7.75153e-01     1.70351e+04     3.23683e+02     3.47039e+01
    7.79241e-01     1.70287e+04     3.23088e+02     3.43598e+01
    7.83335e-01     1.70129e+04     3.19491e+02     3.40827e+01
    7.87426e-01     1.70201e+04     3.20651e+02     3.39161e+01
    7.91513e-01     1.69693e+04     3.16490e+02     3.34510e+01
    7.95606e-01     1.69667e+04     3.16956e+02     3.31718e+01
    7.99702e-01     1.69289e+04     3.13325e+02     3.28600e+01
    8.03798e-01     1.68675e+04     3.10983e+02     3.25522e+01
    8.07879e-01     1.68652e+04     3.11006e+02     3.24149e+01
    8.11963e-01     1.67925e+04     3.07915e+02     3.20474e+01
    8.16059e-01     1.68327e+04     3.07343e+02     3.18880e+01
    8.20152e-01     1.68163e+04     3.05960e+02     3.15478e+01
    8.24242e-01     1.68227e+04     3.04528e+02     3.13108e+01
    8.28331e-01     1.67088e+04     2.99561e+02     3.09965e+01
    8.32425e-01     1.66904e+04     2.99883e+02     3.07837e+01
    8.36516e-01     1.66881e+04     2.98865e+02     3.04796e+01
    8.40610e-01     1.67292e+04     2.97618e+02     3.02677e+01
    8.44704e-01     1.66520e+04     2.95145e+02     2.99898e+01
    8.48790e-01     1.66520e+04     2.93157e+02     2.96982e+01
    8.52876e-01     1.66475e+04     2.92784e+02     2.96513e+01
    8.56967e-01     1.66180e+04     2.90930e+02     2.93123e+01
    8.61059e-01     1.66364e+04     2.89255e+02     2.90755e+01
    8.65147e-01     1.65527e+04     2.87679e+02     2.88522e+01
    8.69235e-01     1.65428e+04     2.85868e+02     2.86337e+01
    8.73334e-01     1.64665e+04     2.84582e+02     2.83323e+01
    8.77429e-01     1.65431e+04     2.84862e+02     2.82937e+01
    8.81512e-01     1.65178e+04     2.82462e+02     2.79648e+01
    8.85601e-01     1.64819e+04     2.82782e+02     2.79181e+01
    8.89691e-01     1.64097e+04     2.78479e+02     2.74686e+01
    8.93784e-01     1.64232e+04     2.80008e+02     2.73742e+01
    8.97875e-01     1.64387e+04     2.78833e+02     2.71323e+01
    9.01960e-01     1.63371e+04     2.75548e+02     2.68967e+01
    9.06054e-01     1.63336e+04     2.74949e+02     2.67411e+01
    9.10146e-01     1.63575e+04     2.73510e+02     2.65009e+01
    9.14237e-01     1.62851e+04     2.71722e+02     2.63699e+01
    9.18331e-01     1.62602e+04     2.69805e+02     2.60944e+01
    9.22421e-01     1.62330e+04     2.68267e+02     2.58340e+01
    9.26509e-01     1.62650e+04     2.69374e+02     2.58081e+01
    9.30598e-01     1.62279e+04     2.68342e+02     2.56762e+01
    9.34692e-01     1.62007e+04     2.65888e+02     2.53054e+01
    9.38787e-01     1.62255e+04     2.64939e+02     2.52275e+01
    9.42873e-01     1.61587e+04     2.63772e+02     2.50477e+01
    9.46961e-01     1.61865e+04     2.62710e+02     2.49185e+01
    9.51054e-01     1.61562e+04     2.61032e+02     2.46681e+01
    9.55150e-01     1.61150e+04     2.60843e+02     2.45118e+01
    9.59240e-01     1.60777e+04     2.59097e+02     2.43625e+01
    9.63327e-01     1.60514e+04     2.56825e+02     2.41408e+01
    9.67420e-01     1.60409e+04     2.56388e+02     2.39968e+01
    9.71506e-01     1.60336e+04     2.54415e+02     2.37833e+01
    9.75588e-01     1.60176e+04     2.54343e+02     2.35893e+01
    9.79678e-01     1.59702e+04     2.53580e+02     2.35504e+01
    9.83773e-01     1.59598e+04     2.52144e+02     2.33117e+01
    9.87866e-01     1.59555e+04     2.51353e+02     2.31348e+01
    9.91960e-01     1.59330e+04     2.49776e+02     2.29488e+01
    9.96055e-01     1.59242e+04     2.49703e+02     2.28676e+01
    1.00015e+00     1.59104e+04     2.48465e+02     2.26668e+01
    1.00424e+00     1.58573e+04     2.47687e+02     2.25797e+01
    1.00832e+00     1.58234e+04     2.46525e+02     2.23906e+01
    1.01242e+00     1.58117e+04     2.44352e+02     2.21966e+01
    1.01651e+00     1.58362e+04     2.44135e+02     2.21113e+01
    1.02059e+00     1.57927e+04     2.42635e+02     2.19036e+01
    1.02468e+00     1.57574e+04     2.42317e+02     2.18165e+01
    1.02878e+00     1.57578e+04     2.39770e+02     2.15978e+01
    1.03287e+00     1.57291e+04     2.39833e+02     2.14675e+01
    1.03695e+00     1.57080e+04     2.38313e+02     2.13056e+01
    1.04105e+00     1.56765e+04     2.36788e+02     2.11085e+01
    1.04515e+00     1.56967e+04     2.35996e+02     2.10454e+01
    1.04923e+00     1.56670e+04     2.36021e+02     2.09528e+01
    1.05332e+00     1.56711e+04     2.35262e+02     2.07916e+01
    1.05741e+00     1.56335e+04     2.32843e+02     2.06395e+01
    1.06150e+00     1.56271e+04     2.33208e+02     2.05343e+01
    1.06559e+00     1.55842e+04     2.32213e+02     2.04050e+01
    1.06968e+00     1.55614e+04     2.30723e+02     2.02584e+01
    1.07377e+00     1.55378e+04     2.31252e+02     2.01797e+01
    1.07786e+00     1.55531e+04     2.30113e+02     2.00158e+01
    1.08195e+00     1.54893e+04     2.27784e+02     1.98947e+01
    1.08605e+00     1.54987e+04     2.28389e+02     1.97639e+01
    1.09014e+00     1.54859e+04     2.27546e+02     1.96266e+01
    1.09422e+00     1.54727e+04     2.27454e+02     1.95537e+01
    1.09832e+00     1.54448e+04     2.25330e+02     1.93818e+01
    1.10242e+00     1.54159e+04     2.23460e+02     1.92541e+01
    1.10650e+00     1.53666e+04     2.23200e+02     1.91565e+01
    1.11059e+00     1.53664e+04     2.22667e+02     1.90228e+01
    1.11468e+00     1.53472e+04     2.21631e+02     1.89242e+01
    1.11878e+00     1.53727e+04     2.21400e+02     1.88002e+01
    1.12287e+00     1.53230e+04     2.20284e+02     1.87101e+01
    1.12695e+00     1.53351e+04     2.19666e+02     1.85788e+01
    1.13105e+00     1.52768e+04     2.18004e+02     1.84847e+01
    1.13514e+00     1.52852e+04     2.17326e+02     1.83420e+01
    1.13922e+00     1.52557e+04     2.16832e+02     1.82358e+01
    1.14331e+00     1.52248e+04     2.15108e+02     1.81451e+01
    1.14741e+00     1.52170e+04     2.14930e+02     1.80257e+01
    1.15150e+00     1.52145e+04     2.15525e+02     1.79819e+01
    1.15559e+00     1.51480e+04     2.14719e+02     1.78473e+01
    1.15968e+00     1.51546e+04     2.13162e+02     1.77520e+01
    1.16377e+00     1.51529e+04     2.12192e+02     1.76317e+01
    1.16786e+00     1.51174e+04     2.11853e+02     1.75029e+01
    1.17195e+00     1.51413e+04     2.12377e+02     1.74514e+01
    1.17604e+00     1.51184e+04     2.10296e+02     1.73283e+01
    1.18013e+00     1.50863e+04     2.09221e+02     1.72271e+01
    1.18422e+00     1.50404e+04     2.08595e+02     1.71078e+01
    1.18831e+00     1.49927e+04     2.07368e+02     1.69980e+01
    1.19240e+00     1.50449e+04     2.07651e+02     1.69523e+01
    1.19649e+00     1.50244e+04     2.07229e+02     1.68258e+01
    1.20059e+00     1.50009e+04     2.05815e+02     1.67058e+01
    1.20468e+00     1.49356e+04     2.04064e+02     1.66046e+01
    1.20877e+00     1.49531e+04     2.03987e+02     1.65079e+01
    1.21286e+00     1.49154e+04     2.02794e+02     1.63802e+01
    1.21695e+00     1.48858e+04     2.02470e+02     1.63464e+01
    1.22104e+00     1.48781e+04     2.02173e+02     1.62538e+01
    1.22513e+00     1.48981e+04     2.01732e+02     1.61879e+01
    1.22922e+00     1.48562e+04     1.99963e+02     1.60355e+01
    1.23330e+00     1.48288e+04     1.99398e+02     1.59701e+01
    1.23740e+00     1.48301e+04     1.99369e+02     1.58859e+01
    1.24149e+00     1.48205e+04     1.99200e+02     1.58014e+01
    1.24558e+00     1.47907e+04     1.98358e+02     1.57270e+01
    1.24967e+00     1.47482e+04     1.97083e+02     1.56049e+01
    1.25376e+00     1.47437e+04     1.96910e+02     1.55367e+01
    1.25785e+00     1.47318e+04     1.96621e+02     1.54706e+01
    1.26194e+00     1.46809e+04     1.95102e+02     1.53629e+01
    1.26603e+00     1.47344e+04     1.95324e+02     1.52825e+01
    1.27012e+00     1.46654e+04     1.94146e+02     1.52247e+01
    1.27422e+00     1.46727e+04     1.93598e+02     1.50950e+01
    1.27831e+00     1.46415e+04     1.93018e+02     1.50559e+01
    1.28240e+00     1.46248e+04     1.92203e+02     1.49424e+01
    1.28649e+00     1.46161e+04     1.92218e+02     1.49012e+01
    1.29058e+00     1.45866e+04     1.91314e+02     1.47957e+01
    1.29467e+00     1.45693e+04     1.89923e+02     1.47127e+01
    1.29876e+00     1.45782e+04     1.89827e+02     1.46473e+01
    1.30285e+00     1.45497e+04     1.88919e+02     1.45644e+01
    1.30694e+00     1.45163e+04     1.88552e+02     1.45027e+01
    1.31103e+00     1.45186e+04     1.87556e+02     1.44030e+01
    1.31512e+00     1.45129e+04     1.88290e+02     1.43636e+01
    1.31921e+00     1.44793e+04     1.86867e+02     1.42642e+01
    1.32331e+00     1.44348e+04     1.85745e+02     1.41617e+01
    1.32739e+00     1.44150e+04     1.84661e+02     1.40845e+01
    1.33148e+00     1.44015e+04     1.84901e+02     1.40279e+01
    1.33558e+00     1.44297e+04     1.84805e+02     1.39472e+01
    1.33967e+00     1.43948e+04     1.83733e+02     1.38930e+01
    1.34376e+00     1.43559e+04     1.83105e+02     1.37978e+01
    1.34785e+00     1.43493e+04     1.82182e+02     1.37457e+01
    1.35195e+00     1.43593e+04     1.82796e+02     1.36907e+01
    1.35603e+00     1.43022e+04     1.81234e+02     1.35859e+01
    1.36011e+00     1.42795e+04     1.80427e+02     1.35209e+01
    1.36421e+00     1.42486e+04     1.80992e+02     1.34936e+01
    1.36830e+00     1.42731e+04     1.79938e+02     1.33828e+01
    1.37239e+00     1.42225e+04     1.79108e+02     1.33459e+01
    1.37648e+00     1.42074e+04     1.78558e+02     1.32804e+01
    1.38057e+00     1.41995e+04     1.77591e+02     1.31743e+01
    1.38466e+00     1.41880e+04     1.77114e+02     1.31112e+01
    1.38875e+00     1.41754e+04     1.76680e+02     1.30421e+01
    1.39285e+00     1.41602e+04     1.76636e+02     1.30054e+01
    1.39694e+00     1.41135e+04     1.75855e+02     1.29367e+01
    1.40102e+00     1.41206e+04     1.75723e+02     1.28609e+01
    1.40512e+00     1.41020e+04     1.75338e+02     1.28004e+01
    1.40921e+00     1.40756e+04     1.74139e+02     1.27396e+01
    1.41330e+00     1.40504e+04     1.73294e+02     1.26620e+01
    1.41739e+00     1.40461e+04     1.73251e+02     1.26135e+01
    1.42148e+00     1.40396e+04     1.73946e+02     1.25566e+01
    1.42557e+00     1.40210e+04     1.72513e+02     1.24626e+01
    1.42966e+00     1.39695e+04     1.71695e+02     1.24322e+01
    1.43375e+00     1.39737e+04     1.70667e+02     1.23396e+01
    1.43784e+00     1.39575e+04     1.70682e+02     1.23021e+01
    1.44193e+00     1.39326e+04     1.69927e+02     1.22427e+01
    1.44602e+00     1.39205e+04     1.69423e+02     1.21581e+01
    1.45011e+00     1.38995e+04     1.68574e+02     1.20806e+01
    1.45420e+00     1.38829e+04     1.68127e+02     1.20309e+01
    1.45830e+00     1.38321e+04     1.67635e+02     1.19926e+01
    1.46239e+00     1.38324e+04     1.67855e+02     1.19361e+01
    1.46648e+00     1.38384e+04     1.66671e+02     1.18577e+01
    1.47056e+00     1.38253e+04     1.66342e+02     1.18164e+01
    1.47465e+00     1.37729e+04     1.65063e+02     1.17630e+01
    1.47874e+00     1.38104e+04     1.65579e+02     1.16799e+01
    1.48283e+00     1.37635e+04     1.64990e+02     1.16454e+01
    1.48693e+00     1.37567e+04     1.64681e+02     1.16035e+01
    1.49102e+00     1.37438e+04     1.64227e+02     1.15192e+01
    1.49511e+00     1.37273e+04     1.63373e+02     1.14836e+01
    1.49920e+00     1.37028e+04     1.63077e+02     1.14370e+01
    1.50329e+00     1.36763e+04     1.62535e+02     1.13728e+01
    1.50738e+00     1.36608e+04     1.62548e+02     1.13285e+01
    1.51148e+00     1.36523e+04     1.61250e+02     1.12628e+01
    1.51557e+00     1.36216e+04     1.61251e+02     1.12158e+01
    1.51965e+00     1.35893e+04     1.60578e+02     1.11396e+01
    1.52374e+00     1.36156e+04     1.60788e+02     1.11139e+01
    1.52784e+00     1.35680e+04     1.60053e+02     1.10564e+01
    1.53193e+00     1.35637e+04     1.59289e+02     1.09841e+01
    1.53602e+00     1.35615e+04     1.58300e+02     1.09193e+01
    1.54011e+00     1.35379e+04     1.58209e+02     1.08627e+01
    1.54420e+00     1.35127e+04     1.58079e+02     1.08235e+01
    1.54829e+00     1.34787e+04     1.57008e+02     1.07793e+01
    1.55238e+00     1.34851e+04     1.57259e+02     1.07360e+01
    1.55647e+00     1.34626e+04     1.56281e+02     1.06808e+01
    1.56056e+00     1.34524e+04     1.55605e+02     1.06041e+01
    1.56465e+00     1.34255e+04     1.55637e+02     1.05809e+01
    1.56874e+00     1.34100e+04     1.55125e+02     1.05382e+01
    1.57283e+00     1.33904e+04     1.54574e+02     1.04706e+01
    1.57693e+00     1.33658e+04     1.54172e+02     1.04137e+01
    1.58102e+00     1.33495e+04     1.53443e+02     1.03749e+01
    1.58510e+00     1.33412e+04     1.53269e+02     1.03434e+01
    1.58919e+00     1.33108e+04     1.52995e+02     1.02959e+01
    1.59329e+00     1.33095e+04     1.52505e+02     1.02602e+01
    1.59738e+00     1.32823e+04     1.52179e+02     1.01925e+01
    1.60147e+00     1.32696e+04     1.51711e+02     1.01579e+01
    1.60556e+00     1.32336e+04     1.50884e+02     1.00804e+01
    1.60965e+00     1.32407e+04     1.50749e+02     1.00681e+01
    1.61374e+00     1.32205e+04     1.50465e+02     1.00142e+01
    1.61783e+00     1.32007e+04     1.50127e+02     9.95005e+00
    1.62192e+00     1.32024e+04     1.49665e+02     9.91892e+00
    1.62601e+00     1.31578e+04     1.48578e+02     9.87237e+00
    1.63010e+00     1.31317e+04     1.48104e+02     9.81438e+00
    1.63419e+00     1.31165e+04     1.47627e+02     9.76890e+00
    1.63828e+00     1.31081e+04     1.47531e+02     9.72381e+00
    1.64238e+00     1.30864e+04     1.47249e+02     9.67911e+00
    1.64647e+00     1.30725e+04     1.46938e+02     9.63863e+00
    1.65055e+00     1.30324e+04     1.45918e+02     9.59145e+00
    1.65465e+00     1.30541e+04     1.46101e+02     9.55115e+00
    1.65874e+00     1.30021e+04     1.45634e+02     9.51993e+00
    1.66283e+00     1.30052e+04     1.45375e+02     9.49093e+00
    1.66691e+00     1.29917e+04     1.44819e+02     9.43345e+00
    1.67101e+00     1.29727e+04     1.43986e+02     9.38186e+00
    1.67510e+00     1.29530e+04     1.43765e+02     9.33891e+00
    1.67919e+00     1.29337e+04     1.43095e+02     9.30286e+00
    1.68328e+00     1.29118e+04     1.42836e+02     9.24576e+00
    1.68737e+00     1.29063e+04     1.42750e+02     9.22034e+00
    1.69146e+00     1.28859e+04     1.42044e+02     9.14974e+00
    1.69555e+00     1.28775e+04     1.41776e+02     9.13404e+00
    1.69964e+00     1.28364e+04     1.41034e+02     9.09002e+00
    1.70373e+00     1.28309e+04     1.40635e+02     9.03423e+00
    1.70782e+00     1.28275e+04     1.40822e+02     9.00858e+00
    1.71191e+00     1.27766e+04     1.39894e+02     8.95848e+00
    1.71600e+00     1.27944e+04     1.40224e+02     8.93654e+00
    1.72009e+00     1.27682e+04     1.39657e+02     8.88631e+00
    1.72418e+00     1.27202e+04     1.38169e+02     8.83255e+00
    1.72828e+00     1.27309e+04     1.38918e+02     8.82422e+00
    1.73237e+00     1.27024e+04     1.38572e+02     8.78291e+00
    1.73646e+00     1.26934e+04     1.38076e+02     8.72542e+00
    1.74055e+00     1.26527e+04     1.37243e+02     8.69551e+00
    1.74464e+00     1.26404e+04     1.36694e+02     8.63936e+00
    1.74874e+00     1.26543e+04     1.36837e+02     8.60617e+00
    1.75282e+00     1.26176e+04     1.36251e+02     8.58538e+00
    1.75691e+00     1.26104e+04     1.35760e+02     8.53625e+00
    1.76100e+00     1.25712e+04     1.35545e+02     8.48853e+00
    1.76509e+00     1.25641e+04     1.34851e+02     8.46629e+00
    1.76918e+00     1.25653e+04     1.34880e+02     8.42398e+00
    1.77327e+00     1.25395e+04     1.34395e+02     8.39615e+00
    1.77737e+00     1.25089e+04     1.33746e+02     8.34177e+00
    1.78146e+00     1.25049e+04     1.33686e+02     8.32412e+00
    1.78554e+00     1.24717e+04     1.33036e+02     8.28009e+00
    1.78964e+00     1.24629e+04     1.32795e+02     8.23635e+00
    1.79373e+00     1.24599e+04     1.32780e+02     8.20831e+00
    1.79782e+00     1.24400e+04     1.32586e+02     8.17448e+00
    1.80191e+00     1.24196e+04     1.31748e+02     8.12671e+00
    1.80600e+00     1.23883e+04     1.31101e+02     8.08375e+00
    1.81009e+00     1.23664e+04     1.30845e+02     8.05835e+00
    1.81418e+00     1.23734e+04     1.30663e+02     8.03341e+00
    1.81827e+00     1.23510e+04     1.30181e+02     7.98801e+00
    1.82236e+00     1.23568e+04     1.30307e+02     7.94313e+00
    1.82645e+00     1.23024e+04     1.29534e+02     7.93236e+00
    1.83054e+00     1.22804e+04     1.28818e+02     7.87863e+00
    1.83463e+00     1.22886e+04     1.28680e+02     7.85710e+00
    1.83872e+00     1.22489e+04     1.28528e+02     7.82801e+00
    1.84281e+00     1.22436e+04     1.28084e+02     7.77873e+00
    1.84691e+00     1.22053e+04     1.27510e+02     7.75915e+00
    1.85100e+00     1.22114e+04     1.27350e+02     7.72151e+00
    1.85509e+00     1.21979e+04     1.27159e+02     7.68820e+00
    1.85918e+00     1.21664e+04     1.26830e+02     7.65368e+00
    1.86327e+00     1.21486e+04     1.26174e+02     7.61168e+00
    1.86736e+00     1.21534e+04     1.26120e+02     7.58974e+00
    1.87145e+00     1.21239e+04     1.25775e+02     7.56183e+00
    1.87554e+00     1.21028e+04     1.25468e+02     7.53237e+00
    1.87963e+00     1.20859e+04     1.24988e+02     7.48894e+00
    1.88372e+00     1.20630e+04     1.24706e+02     7.46159e+00
    1.88781e+00     1.20509e+04     1.24332e+02     7.42403e+00
    1.89190e+00     1.20316e+04     1.23738e+02     7.39243e+00
    1.89599e+00     1.20242e+04     1.23415e+02     7.35586e+00
    1.90008e+00     1.19839e+04     1.22982e+02     7.32912e+00
    1.90417e+00     1.19773e+04     1.22755e+02     7.29768e+00
    1.90827e+00     1.19463e+04     1.22474e+02     7.26317e+00
    1.91236e+00     1.19425e+04     1.22208e+02     7.22777e+00
    1.91645e+00     1.19440e+04     1.21977e+02     7.20288e+00
    1.92054e+00     1.18938e+04     1.21273e+02     7.16417e+00
    1.92463e+00     1.18823e+04     1.20966e+02     7.12596e+00
    1.92872e+00     1.18704e+04     1.20991e+02     7.11316e+00
    1.93281e+00     1.18736e+04     1.20989e+02     7.09120e+00
    1.93690e+00     1.18254e+04     1.19929e+02     7.04886e+00
    1.94099e+00     1.18202e+04     1.19994e+02     7.01853e+00
    1.94508e+00     1.18140e+04     1.19475e+02     6.98546e+00
    1.94917e+00     1.17895e+04     1.19102e+02     6.96059e+00
    1.95326e+00     1.17560e+04     1.18651e+02     6.93472e+00
    1.95735e+00     1.17496e+04     1.18348e+02     6.89919e+00
    1.96144e+00     1.17407e+04     1.17960e+02     6.86528e+00
    1.96553e+00     1.17157e+04     1.17801e+02     6.84051e+00
    1.96962e+00     1.17037e+04     1.17659e+02     6.82181e+00
    1.97371e+00     1.16821e+04     1.17237e+02     6.78401e+00
    1.97781e+00     1.16610e+04     1.16504e+02     6.75011e+00
    1.98190e+00     1.16490e+04     1.16505e+02     6.72356e+00
    1.98599e+00     1.16236e+04     1.16142e+02     6.70173e+00
    1.99008e+00     1.16186e+04     1.15730e+02     6.65537e+00
    1.99417e+00     1.15972e+04     1.15475e+02     6.63354e+00
    1.99826e+00     1.15701e+04     1.15236e+02     6.61682e+00
    2.00235e+00     1.15664e+04     1.14940e+02     6.58695e+00
    2.00644e+00     1.15301e+04     1.14449e+02     6.55242e+00
    2.01053e+00     1.15178e+04     1.14136e+02     6.52006e+00
    2.01462e+00     1.15118e+04     1.13784e+02     6.49188e+00
    2.01871e+00     1.14929e+04     1.13557e+02     6.46515e+00
    2.02280e+00     1.14768e+04     1.13368e+02     6.45609e+00
    2.02689e+00     1.14426e+04     1.12782e+02     6.42217e+00
    2.03098e+00     1.14511e+04     1.12624e+02     6.38910e+00
    2.03507e+00     1.14288e+04     1.12288e+02     6.36021e+00
    2.03917e+00     1.13919e+04     1.11759e+02     6.33062e+00
    2.04325e+00     1.13813e+04     1.11603e+02     6.30852e+00
    2.04735e+00     1.13694e+04     1.11380e+02     6.29137e+00
    2.05143e+00     1.13484e+04     1.11054e+02     6.25397e+00
    2.05552e+00     1.13443e+04     1.11142e+02     6.22962e+00
    2.05962e+00     1.13180e+04     1.10670e+02     6.20774e+00
    2.06371e+00     1.12906e+04     1.09687e+02     6.17808e+00
    2.06780e+00     1.12640e+04     1.09662e+02     6.15171e+00
    2.07189e+00     1.12519e+04     1.09536e+02     6.13156e+00
    2.07598e+00     1.12241e+04     1.08875e+02     6.09900e+00
    2.08007e+00     1.12236e+04     1.08858e+02     6.07157e+00
    2.08416e+00     1.12096e+04     1.08524e+02     6.04177e+00
    2.08825e+00     1.11921e+04     1.08506e+02     6.03023e+00
    2.09234e+00     1.11612e+04     1.08018e+02     5.99678e+00
    2.09644e+00     1.11518e+04     1.07764e+02     5.97891e+00
    2.10053e+00     1.11447e+04     1.07421e+02     5.94710e+00
    2.10461e+00     1.11092e+04     1.06941e+02     5.91944e+00
    2.10870e+00     1.11190e+04     1.06606e+02     5.88891e+00
    2.11280e+00     1.11060e+04     1.06514e+02     5.87496e+00
    2.11688e+00     1.10603e+04     1.05877e+02     5.84049e+00
    2.12098e+00     1.10471e+04     1.05504e+02     5.82123e+00
    2.12507e+00     1.10351e+04     1.05681e+02     5.81003e+00
    2.12916e+00     1.10135e+04     1.05262e+02     5.77639e+00
    2.13325e+00     1.09956e+04     1.04884e+02     5.75028e+00
    2.13734e+00     1.09904e+04     1.04561e+02     5.73212e+00
    2.14143e+00     1.09616e+04     1.04174e+02     5.70171e+00
    2.14552e+00     1.09459e+04     1.04014e+02     5.68116e+00
    2.14961e+00     1.09345e+04     1.03716e+02     5.65341e+00
    2.15370e+00     1.09053e+04     1.03531e+02     5.63263e+00
    2.15779e+00     1.08912e+04     1.03162e+02     5.61690e+00
    2.16188e+00     1.08671e+04     1.02877e+02     5.58426e+00
    2.16597e+00     1.08646e+04     1.02625e+02     5.56953e+00
    2.17006e+00     1.08406e+04     1.02271e+02     5.53716e+00
    2.17416e+00     1.08222e+04     1.01816e+02     5.50425e+00
    2.17825e+00     1.08063e+04     1.01704e+02     5.49434e+00
    2.18234e+00     1.07840e+04     1.01413e+02     5.47399e+00
    2.18643e+00     1.07689e+04     1.01080e+02     5.44218e+00
    2.19052e+00     1.07446e+04     1.00746e+02     5.42797e+00
    2.19461e+00     1.07347e+04     1.00449e+02     5.40156e+00
    2.19870e+00     1.07218e+04     1.00396e+02     5.38170e+00
    2.20279e+00     1.07054e+04     1.00026e+02     5.35566e+00
    2.20688e+00     1.06775e+04     9.94969e+01     5.33941e+00
    2.21097e+00     1.06574e+04     9.94569e+01     5.31760e+00
    2.21506e+00     1.06453e+04     9.92695e+01     5.29963e+00
    2.21915e+00     1.06077e+04     9.87385e+01     5.26774e+00
    2.22324e+00     1.05997e+04     9.83252e+01     5.24681e+00
    2.22733e+00     1.05944e+04     9.82826e+01     5.22122e+00
    2.23142e+00     1.05704e+04     9.78581e+01     5.20645e+00
    2.23552e+00     1.05542e+04     9.77584e+01     5.19008e+00
    2.23961e+00     1.05523e+04     9.74599e+01     5.15837e+00
    2.24369e+00     1.05164e+04     9.70451e+01     5.13600e+00
    2.24779e+00     1.05110e+04     9.69125e+01     5.11792e+00
    2.25188e+00     1.04960e+04     9.64530e+01     5.09752e+00
    2.25597e+00     1.04616e+04     9.61373e+01     5.07889e+00
    2.26006e+00     1.04593e+04     9.59427e+01     5.05208e+00
    2.26415e+00     1.04295e+04     9.56313e+01     5.03424e+00
    2.26824e+00     1.04228e+04     9.53325e+01     5.00628e+00
    2.27233e+00     1.03888e+04     9.50228e+01     4.98626e+00
    2.27642e+00     1.03769e+04     9.48967e+01     4.96688e+00
    2.28051e+00     1.03615e+04     9.45357e+01     4.95092e+00
    2.28460e+00     1.03563e+04     9.43843e+01     4.92972e+00
    2.28869e+00     1.03359e+04     9.41119e+01     4.90800e+00
    2.29278e+00     1.03097e+04     9.35677e+01     4.88110e+00
    2.29687e+00     1.02967e+04     9.35715e+01     4.86851e+00
    2.30096e+00     1.02786e+04     9.32797e+01     4.85113e+00
    2.30506e+00     1.02587e+04     9.29966e+01     4.83013e+00
    2.30915e+00     1.02542e+04     9.26863e+01     4.80666e+00
    2.31324e+00     1.02301e+04     9.25435e+01     4.79152e+00
    2.31733e+00     1.02133e+04     9.23910e+01     4.77259e+00
    2.32142e+00     1.01953e+04     9.19304e+01     4.74884e+00
    2.32551e+00     1.01690e+04     9.14655e+01     4.72781e+00
    2.32960e+00     1.01478e+04     9.12563e+01     4.71086e+00
    2.33369e+00     1.01349e+04     9.11573e+01     4.69531e+00
    2.33778e+00     1.01200e+04     9.08201e+01     4.67122e+00
    2.34187e+00     1.00912e+04     9.05249e+01     4.65401e+00
    2.34596e+00     1.00910e+04     9.05560e+01     4.63724e+00
    2.35005e+00     1.00706e+04     8.99816e+01     4.61142e+00
    2.35414e+00     1.00564e+04     8.99560e+01     4.59897e+00
    2.35823e+00     1.00420e+04     8.94659e+01     4.57524e+00
    2.36232e+00     1.00225e+04     8.91684e+01     4.54656e+00
    2.36641e+00     1.00052e+04     8.91163e+01     4.53631e+00
    2.37051e+00     9.98654e+03     8.87781e+01     4.52093e+00
    2.37460e+00     9.95573e+03     8.83891e+01     4.49657e+00
    2.37869e+00     9.94290e+03     8.83162e+01     4.48045e+00
    2.38278e+00     9.93016e+03     8.79171e+01     4.46332e+00
    2.38687e+00     9.90881e+03     8.74739e+01     4.44083e+00
    2.39096e+00     9.90459e+03     8.76805e+01     4.42414e+00
    2.39505e+00     9.88511e+03     8.71345e+01     4.40724e+00
    2.39914e+00     9.86904e+03     8.70034e+01     4.39038e+00
    2.40323e+00     9.85217e+03     8.65920e+01     4.36622e+00
    2.40732e+00     9.83742e+03     8.65467e+01     4.35376e+00
    2.41141e+00     9.82249e+03     8.60506e+01     4.33153e+00
    2.41550e+00     9.80627e+03     8.60391e+01     4.31328e+00
    2.41959e+00     9.78351e+03     8.56840e+01     4.29871e+00
    2.42368e+00     9.75327e+03     8.53578e+01     4.27737e+00
    2.42777e+00     9.74193e+03     8.50860e+01     4.26051e+00
    2.43187e+00     9.73967e+03     8.51032e+01     4.24565e+00
    2.43596e+00     9.71322e+03     8.46630e+01     4.23502e+00
    2.44004e+00     9.69788e+03     8.46059e+01     4.20944e+00
    2.44414e+00     9.67769e+03     8.42235e+01     4.19390e+00
    2.44823e+00     9.66235e+03     8.39415e+01     4.17712e+00
    2.45232e+00     9.61942e+03     8.35562e+01     4.15655e+00
    2.45640e+00     9.61269e+03     8.33152e+01     4.13951e+00
    2.46050e+00     9.60630e+03     8.32608e+01     4.12574e+00
    2.46459e+00     9.58614e+03     8.28232e+01     4.10486e+00
    2.46868e+00     9.57520e+03     8.27241e+01     4.08933e+00
    2.47277e+00     9.57078e+03     8.25161e+01     4.07148e+00
    2.47686e+00     9.53821e+03     8.22675e+01     4.05564e+00
    2.48095e+00     9.52202e+03     8.19884e+01     4.04032e+00
    2.48504e+00     9.50772e+03     8.17469e+01     4.02169e+00
    2.48913e+00     9.49240e+03     8.15814e+01     4.00827e+00
    2.49322e+00     9.46651e+03     8.09458e+01     3.98562e+00
    2.49731e+00     9.45662e+03     8.09659e+01     3.97340e+00
    2.50141e+00     9.43919e+03     8.08845e+01     3.95904e+00
    2.50550e+00     9.42637e+03     8.06731e+01     3.94316e+00
    2.50959e+00     9.40021e+03     8.02565e+01     3.92824e+00
    2.51368e+00     9.40400e+03     8.02842e+01     3.91008e+00
    2.51777e+00     9.36883e+03     7.97143e+01     3.89017e+00
    2.52186e+00     9.33994e+03     7.94310e+01     3.87102e+00
    2.52595e+00     9.33182e+03     7.93602e+01     3.86243e+00
    2.53004e+00     9.31710e+03     7.91081e+01     3.84722e+00
    2.53413e+00     9.30893e+03     7.87839e+01     3.82559e+00
    2.53822e+00     9.28443e+03     7.85612e+01     3.81033e+00
    2.54231e+00     9.27560e+03     7.84780e+01     3.80011e+00
    2.54640e+00     9.25366e+03     7.80310e+01     3.78304e+00
    2.55049e+00     9.23883e+03     7.79300e+01     3.76728e+00
    2.55458e+00     9.21682e+03     7.76619e+01     3.74913e+00
    2.55867e+00     9.19869e+03     7.73400e+01     3.73549e+00
    2.56276e+00     9.18172e+03     7.71235e+01     3.71654e+00
    2.56685e+00     9.18235e+03     7.71228e+01     3.70516e+00
    2.57095e+00     9.15077e+03     7.65963e+01     3.68570e+00
    2.57504e+00     9.12779e+03     7.63159e+01     3.66977e+00
    2.57913e+00     9.11398e+03     7.62709e+01     3.65449e+00
    2.58322e+00     9.09337e+03     7.60026e+01     3.64017e+00
    2.58731e+00     9.08232e+03     7.57673e+01     3.62402e+00
    2.59140e+00     9.06219e+03     7.54864e+01     3.61103e+00
    2.59549e+00     9.04832e+03     7.51947e+01     3.59395e+00
    2.59958e+00     9.02868e+03     7.49931e+01     3.58019e+00
    2.60367e+00     9.01021e+03     7.47799e+01     3.56696e+00
    2.60776e+00     9.00791e+03     7.46388e+01     3.55129e+00
    2.61185e+00     8.96767e+03     7.42624e+01     3.53570e+00
    2.61594e+00     8.95897e+03     7.40201e+01     3.51889e+00
    2.62003e+00     8.95558e+03     7.40179e+01     3.50913e+00
    2.62412e+00     8.94331e+03     7.39579e+01     3.49502e+00
    2.62821e+00     8.90891e+03     7.35409e+01     3.48067e+00
    2.63230e+00     8.89382e+03     7.31071e+01     3.46227e+00
    2.63640e+00     8.88497e+03     7.29634e+01     3.45225e+00
    2.64049e+00     8.86536e+03     7.27663e+01     3.43415e+00
    2.64457e+00     8.84468e+03     7.25209e+01     3.41778e+00
    2.64867e+00     8.83506e+03     7.23972e+01     3.40717e+00
    2.65276e+00     8.81511e+03     7.20987e+01     3.39154e+00
    2.65685e+00     8.79354e+03     7.17076e+01     3.37863e+00
    2.66094e+00     8.78024e+03     7.16155e+01     3.36455e+00
    2.66503e+00     8.76494e+03     7.12878e+01     3.34915e+00
    2.66912e+00     8.73832e+03     7.11620e+01     3.33686e+00
    2.67321e+00     8.73348e+03     7.09224e+01     3.32123e+00
    2.67730e+00     8.71564e+03     7.07732e+01     3.30988e+00
    2.68139e+00     8.70010e+03     7.05050e+01     3.29509e+00
    2.68548e+00     8.68344e+03     7.03840e+01     3.28358e+00
    2.68957e+00     8.66495e+03     7.00612e+01     3.26577e+00
    2.69366e+00     8.64658e+03     6.98211e+01     3.25472e+00
    2.69776e+00     8.62558e+03     6.96297e+01     3.24275e+00
    2.70185e+00     8.61838e+03     6.93742e+01     3.22909e+00
    2.70594e+00     8.60045e+03     6.92335e+01     3.21451e+00
    2.71003e+00     8.58723e+03     6.90223e+01     3.20020e+00
    2.71412e+00     8.56980e+03     6.88274e+01     3.18838e+00
    2.71821e+00     8.55758e+03     6.85179e+01     3.17384e+00
    2.72230e+00     8.54838e+03     6.84548e+01     3.16152e+00
    2.72639e+00     8.51821e+03     6.81661e+01     3.14684e+00
    2.73048e+00     8.50402e+03     6.78903e+01     3.13525e+00
    2.73457e+00     8.49375e+03     6.78658e+01     3.12282e+00
    2.73866e+00     8.46387e+03     6.75160e+01     3.10979e+00
    2.74275e+00     8.45662e+03     6.72677e+01     3.09451e+00
    2.74684e+00     8.44015e+03     6.71912e+01     3.08354e+00
    2.75093e+00     8.41930e+03     6.69000e+01     3.07024e+00
    2.75502e+00     8.41594e+03     6.67829e+01     3.06205e+00
    2.75911e+00     8.38820e+03     6.65638e+01     3.04856e+00
    2.76320e+00     8.37466e+03     6.63259e+01     3.03551e+00
    2.76730e+00     8.35398e+03     6.59714e+01     3.02122e+00
    2.77139e+00     8.33365e+03     6.57441e+01     3.00704e+00
    2.77548e+00     8.32185e+03     6.56715e+01     2.99505e+00
    2.77957e+00     8.31594e+03     6.55111e+01     2.98197e+00
    2.78366e+00     8.29436e+03     6.52596e+01     2.97197e+00
    2.78775e+00     8.28697e+03     6.51372e+01     2.96063e+00
    2.79184e+00     8.26123e+03     6.48723e+01     2.94758e+00
    2.79593e+00     8.23821e+03     6.44775e+01     2.93142e+00
    2.80002e+00     8.21842e+03     6.44069e+01     2.92053e+00
    2.80411e+00     8.21659e+03     6.42745e+01     2.90931e+00
    2.80820e+00     8.19144e+03     6.39747e+01     2.89890e+00
    2.81229e+00     8.18055e+03     6.38159e+01     2.88712e+00
    2.81638e+00     8.16833e+03     6.35863e+01     2.87347e+00
    2.82047e+00     8.14519e+03     6.33445e+01     2.86003e+00
    2.82457e+00     8.12259e+03     6.30923e+01     2.84562e+00
    2.82866e+00     8.11671e+03     6.29813e+01     2.83556e+00
    2.83275e+00     8.09509e+03     6.27899e+01     2.82678e+00
    2.83684e+00     8.07945e+03     6.25124e+01     2.81395e+00
    2.84093e+00     8.06290e+03     6.23788e+01     2.79936e+00
    2.84502e+00     8.04771e+03     6.22476e+01     2.79029e+00
    2.84911e+00     8.02886e+03     6.19653e+01     2.77849e+00
    2.85320e+00     8.01844e+03     6.17689e+01     2.76766e+00
    2.85729e+00     8.00121e+03     6.15649e+01     2.75533e+00
    2.86138e+00     7.99174e+03     6.15045e+01     2.74559e+00
    2.86547e+00     7.96969e+03     6.11494e+01     2.73398e+00
    2.86956e+00     7.95812e+03     6.10332e+01     2.72281e+00
    2.87365e+00     7.93670e+03     6.07436e+01     2.71013e+00
    2.87774e+00     7.92725e+03     6.06042e+01     2.69631e+00
    2.88183e+00     7.90657e+03     6.03837e+01     2.68639e+00
    2.88592e+00     7.89055e+03     6.01794e+01     2.67543e+00
    2.89001e+00     7.87936e+03     6.01034e+01     2.66528e+00
    2.89410e+00     7.87212e+03     5.98758e+01     2.65550e+00
    2.89820e+00     7.84641e+03     5.96454e+01     2.64229e+00
    2.90229e+00     7.81766e+03     5.93198e+01     2.63182e+00
    2.90638e+00     7.81064e+03     5.91911e+01     2.61993e+00
    2.91047e+00     7.80015e+03     5.90362e+01     2.61206e+00
    2.91456e+00     7.77698e+03     5.88967e+01     2.59965e+00
    2.91865e+00     7.76034e+03     5.86489e+01     2.58907e+00
    2.92274e+00     7.75155e+03     5.84986e+01     2.57736e+00
    2.92683e+00     7.73965e+03     5.83465e+01     2.56772e+00
    2.93092e+00     7.72059e+03     5.80435e+01     2.55540e+00
    2.93501e+00     7.70407e+03     5.78377e+01     2.54335e+00
    2.93910e+00     7.68570e+03     5.76128e+01     2.53339e+00
    2.94319e+00     7.67384e+03     5.74156e+01     2.52294e+00
    2.94728e+00     7.66027e+03     5.73748e+01     2.51608e+00
    2.95137e+00     7.64003e+03     5.71173e+01     2.50193e+00
    2.95546e+00     7.62357e+03     5.68928e+01     2.49144e+00
    2.95955e+00     7.60835e+03     5.67828e+01     2.48255e+00
    2.96364e+00     7.59227e+03     5.65671e+01     2.47088e+00
    2.96774e+00     7.58596e+03     5.64645e+01     2.46332e+00
    2.97183e+00     7.56239e+03     5.62498e+01     2.45346e+00
    2.97592e+00     7.54913e+03     5.59696e+01     2.43931e+00
    2.98001e+00     7.53415e+03     5.58310e+01     2.43250e+00
    2.98410e+00     7.51038e+03     5.55425e+01     2.42016e+00
    2.98819e+00     7.50504e+03     5.55152e+01     2.41121e+00
    2.99228e+00     7.48714e+03     5.52166e+01     2.40097e+00
    2.99637e+00     7.47735e+03     5.50710e+01     2.38991e+00
    3.00046e+00     7.45523e+03     5.49538e+01     2.38008e+00
    3.00455e+00     7.43892e+03     5.46910e+01     2.36929e+00
    3.00864e+00     7.42620e+03     5.45544e+01     2.35912e+00
    3.01273e+00     7.41218e+03     5.44169e+01     2.35173e+00
    3.01682e+00     7.39075e+03     5.41031e+01     2.34068e+00
    3.02091e+00     7.38510e+03     5.40834e+01     2.33136e+00
    3.02500e+00     7.36712e+03     5.39089e+01     2.32156e+00
    3.02910e+00     7.35019e+03     5.36559e+01     2.31039e+00
    3.03319e+00     7.33721e+03     5.34708e+01     2.30281e+00
    3.03728e+00     7.31596e+03     5.32792e+01     2.29247e+00
    3.04137e+00     7.30802e+03     5.31604e+01     2.28315e+00
    3.04546e+00     7.29669e+03     5.30477e+01     2.27298e+00
    3.04955e+00     7.28019e+03     5.27855e+01     2.26410e+00
    3.05364e+00     7.25910e+03     5.26207e+01     2.25462e+00
    3.05773e+00     7.24808e+03     5.24339e+01     2.24340e+00
    3.06182e+00     7.23636e+03     5.23179e+01     2.23787e+00
    3.06591e+00     7.21490e+03     5.20810e+01     2.22706e+00
    3.07000e+00     7.20362e+03     5.19223e+01     2.21702e+00
    3.07409e+00     7.18038e+03     5.16748e+01     2.20736e+00
    3.07818e+00     7.17518e+03     5.15866e+01     2.19960e+00
    3.08227e+00     7.15728e+03     5.14102e+01     2.19097e+00
    3.08636e+00     7.13581e+03     5.11294e+01     2.17911e+00
    3.09045e+00     7.12400e+03     5.09967e+01     2.17053e+00
    3.09454e+00     7.10863e+03     5.08502e+01     2.16178e+00
    3.09863e+00     7.09683e+03     5.06658e+01     2.15155e+00
    3.10272e+00     7.08212e+03     5.04988e+01     2.14488e+00
    3.10682e+00     7.06870e+03     5.03609e+01     2.13432e+00
    3.11091e+00     7.05195e+03     5.01350e+01     2.12636e+00
    3.11500e+00     7.03463e+03     5.00439e+01     2.11834e+00
    3.11909e+00     7.02276e+03     4.98429e+01     2.10787e+00
    3.12318e+00     7.00184e+03     4.96441e+01     2.09887e+00
    3.12727e+00     6.99362e+03     4.94917e+01     2.09005e+00
    3.13136e+00     6.97610e+03     4.92987e+01     2.08333e+00
    3.13545e+00     6.96425e+03     4.92486e+01     2.07420e+00
    3.13954e+00     6.94792e+03     4.90362e+01     2.06457e+00
    3.14363e+00     6.93242e+03     4.87860e+01     2.05366e+00
    3.14772e+00     6.92431e+03     4.87145e+01     2.04863e+00
    3.15181e+00     6.91046e+03     4.85169e+01     2.03795e+00
    3.15590e+00     6.89680e+03     4.84198e+01     2.03051e+00
    3.16000e+00     6.87481e+03     4.81682e+01     2.02333e+00
    3.16409e+00     6.87153e+03     4.80403e+01     2.01432e+00
    3.16818e+00     6.85310e+03     4.78494e+01     2.00636e+00
    3.17227e+00     6.83848e+03     4.77081e+01     1.99764e+00
    3.17636e+00     6.82211e+03     4.76107e+01     1.98857e+00
    3.18045e+00     6.81269e+03     4.74526e+01     1.98118e+00
    3.18454e+00     6.79511e+03     4.72397e+01     1.97233e+00
    3.18863e+00     6.77764e+03     4.70902e+01     1.96435e+00
    3.19272e+00     6.76145e+03     4.69382e+01     1.95652e+00
    3.19681e+00     6.74909e+03     4.67425e+01     1.94865e+00
    3.20090e+00     6.73699e+03     4.66097e+01     1.93956e+00
    3.20499e+00     6.72371e+03     4.64730e+01     1.93058e+00
    3.20908e+00     6.70685e+03     4.62731e+01     1.92353e+00
    3.21317e+00     6.69061e+03     4.60619e+01     1.91542e+00
    3.21726e+00     6.68155e+03     4.59655e+01     1.90625e+00
    3.22135e+00     6.66899e+03     4.58311e+01     1.89902e+00
    3.22545e+00     6.65505e+03     4.56620e+01     1.89160e+00
    3.22954e+00     6.64008e+03     4.55002e+01     1.88362e+00
    3.23363e+00     6.62649e+03     4.53662e+01     1.87643e+00
    3.23772e+00     6.61164e+03     4.52029e+01     1.86909e+00
    3.24181e+00     6.59614e+03     4.50327e+01     1.86092e+00
    3.24590e+00     6.58166e+03     4.48784e+01     1.85249e+00
    3.24999e+00     6.56386e+03     4.47404e+01     1.84695e+00
    3.25408e+00     6.55248e+03     4.45279e+01     1.83687e+00
    3.25817e+00     6.54120e+03     4.43883e+01     1.82912e+00
    3.26226e+00     6.52909e+03     4.42464e+01     1.82152e+00
    3.26635e+00     6.51095e+03     4.40221e+01     1.81440e+00
    3.27044e+00     6.49795e+03     4.39854e+01     1.80821e+00
    3.27453e+00     6.48517e+03     4.38201e+01     1.80048e+00
    3.27862e+00     6.46639e+03     4.36073e+01     1.79205e+00
    3.28271e+00     6.45516e+03     4.35498e+01     1.78466e+00
    3.28681e+00     6.43783e+03     4.32848e+01     1.77796e+00
    3.29090e+00     6.43102e+03     4.31485e+01     1.76952e+00
    3.29499e+00     6.42160e+03     4.31262e+01     1.76373e+00
    3.29908e+00     6.39858e+03     4.28605e+01     1.75589e+00
    3.30317e+00     6.38872e+03     4.27694e+01     1.74857e+00
    3.30725e+00     6.37559e+03     4.26163e+01     1.74014e+00
    3.31135e+00     6.35824e+03     4.24554e+01     1.73369e+00
    3.31544e+00     6.35159e+03     4.23491e+01     1.72723e+00
    3.31953e+00     6.33460e+03     4.21337e+01     1.71877e+00
    3.32362e+00     6.32411e+03     4.20554e+01     1.71321e+00
    3.32771e+00     6.30475e+03     4.18804e+01     1.70528e+00
    3.33180e+00     6.29478e+03     4.17756e+01     1.69915e+00
    3.33589e+00     6.28184e+03     4.15604e+01     1.69096e+00
    3.33998e+00     6.27016e+03     4.14804e+01     1.68423e+00
    3.34407e+00     6.25124e+03     4.12345e+01     1.67653e+00
    3.34816e+00     6.24348e+03     4.11260e+01     1.67007e+00
    3.35226e+00     6.22722e+03     4.10194e+01     1.66282e+00
    3.35634e+00     6.21461e+03     4.09400e+01     1.65551e+00
    3.36043e+00     6.20084e+03     4.07573e+01     1.64982e+00
    3.36453e+00     6.18800e+03     4.06421e+01     1.64141e+00
    3.36862e+00     6.17070e+03     4.03926e+01     1.63446e+00
    3.37271e+00     6.16791e+03     4.03810e+01     1.62942e+00
    3.37680e+00     6.14994e+03     4.02391e+01     1.62281e+00
    3.38089e+00     6.14323e+03     4.00879e+01     1.61554e+00
    3.38498e+00     6.12587e+03     3.98602e+01     1.60829e+00
    3.38907e+00     6.10844e+03     3.98024e+01     1.60354e+00
    3.39316e+00     6.09693e+03     3.96213e+01     1.59593e+00
    3.39725e+00     6.08762e+03     3.95022e+01     1.58851e+00
    3.40134e+00     6.06929e+03     3.93373e+01     1.58296e+00
    3.40543e+00     6.05653e+03     3.91715e+01     1.57552e+00
    3.40952e+00     6.04622e+03     3.91381e+01     1.57101e+00
    3.41362e+00     6.03419e+03     3.89495e+01     1.56344e+00
    3.41770e+00     6.01780e+03     3.87797e+01     1.55609e+00
    3.42179e+00     6.00011e+03     3.86972e+01     1.54998e+00
    3.42588e+00     5.99299e+03     3.85453e+01     1.54344e+00
    3.42997e+00     5.97943e+03     3.84273e+01     1.53774e+00
    3.43406e+00     5.96948e+03     3.83181e+01     1.53168e+00
    3.43816e+00     5.95119e+03     3.81316e+01     1.52531e+00
    3.44225e+00     5.94577e+03     3.80298e+01     1.51760e+00
    3.44634e+00     5.92960e+03     3.78529e+01     1.51133e+00
    3.45043e+00     5.91688e+03     3.77528e+01     1.50624e+00
    3.45452e+00     5.90457e+03     3.75920e+01     1.50004e+00
    3.45861e+00     5.89763e+03     3.75132e+01     1.49470e+00
    3.46270e+00     5.87626e+03     3.73324e+01     1.48784e+00
    3.46679e+00     5.86886e+03     3.72269e+01     1.48072e+00
    3.47088e+00     5.85128e+03     3.70401e+01     1.47524e+00
    3.47497e+00     5.84655e+03     3.70017e+01     1.47073e+00
    3.47906e+00     5.83299e+03     3.68198e+01     1.46286e+00
    3.48315e+00     5.81522e+03     3.66937e+01     1.45807e+00
    3.48725e+00     5.80810e+03     3.65701e+01     1.45126e+00
    3.49134e+00     5.79747e+03     3.64381e+01     1.44696e+00
    3.49543e+00     5.77933e+03     3.62944e+01     1.43988e+00
    3.49952e+00     5.76487e+03     3.61901e+01     1.43436e+00
    3.50361e+00     5.75691e+03     3.60547e+01     1.42828e+00
    3.50770e+00     5.74465e+03     3.59673e+01     1.42239e+00
    3.51179e+00     5.72903e+03     3.58267e+01     1.41758e+00
    3.51588e+00     5.71649e+03     3.56947e+01     1.41077e+00
    3.51997e+00     5.70698e+03     3.55392e+01     1.40437e+00
    3.52406e+00     5.69619e+03     3.54324e+01     1.39875e+00
    3.52815e+00     5.68442e+03     3.53370e+01     1.39379e+00
    3.53224e+00     5.66995e+03     3.52021e+01     1.38854e+00
    3.53633e+00     5.66227e+03     3.50822e+01     1.38378e+00
    3.54042e+00     5.64478e+03     3.48998e+01     1.37566e+00
    3.54451e+00     5.63203e+03     3.48221e+01     1.37134e+00
    3.54860e+00     5.62990e+03     3.47672e+01     1.36668e+00
    3.55270e+00     5.61140e+03     3.45736e+01     1.36026e+00
    3.55679e+00     5.59948e+03     3.44992e+01     1.35473e+00
    3.56088e+00     5.58909e+03     3.43602e+01     1.34971e+00
    3.56497e+00     5.57570e+03     3.41820e+01     1.34459e+00
    3.56906e+00     5.56432e+03     3.41112e+01     1.33837e+00
    3.57315e+00     5.54998e+03     3.39868e+01     1.33356e+00
    3.57724e+00     5.53634e+03     3.38433e+01     1.32759e+00
    3.58133e+00     5.52514e+03     3.37489e+01     1.32270e+00
    3.58542e+00     5.51467e+03     3.36594e+01     1.31697e+00
    3.58951e+00     5.50284e+03     3.34986e+01     1.31134e+00
    3.59360e+00     5.49300e+03     3.33717e+01     1.30540e+00
    3.59769e+00     5.47910e+03     3.33119e+01     1.30125e+00
    3.60178e+00     5.47041e+03     3.31818e+01     1.29596e+00
    3.60587e+00     5.45665e+03     3.30812e+01     1.29157e+00
    3.60996e+00     5.44794e+03     3.29440e+01     1.28661e+00
    3.61405e+00     5.43768e+03     3.28691e+01     1.28155e+00
    3.61814e+00     5.42543e+03     3.27666e+01     1.27479e+00
    3.62224e+00     5.41407e+03     3.26420e+01     1.27016e+00
    3.62633e+00     5.40110e+03     3.24651e+01     1.26435e+00
    3.63042e+00     5.39450e+03     3.23950e+01     1.26078e+00
    3.63451e+00     5.37522e+03     3.22621e+01     1.25599e+00
    3.63860e+00     5.36587e+03     3.21668e+01     1.25026e+00
    3.64269e+00     5.35534e+03     3.20432e+01     1.24611e+00
    3.64678e+00     5.35060e+03     3.19603e+01     1.24033e+00
    3.65087e+00     5.33294e+03     3.18361e+01     1.23520e+00
    3.65496e+00     5.32278e+03     3.17252e+01     1.23040e+00
    3.65905e+00     5.31562e+03     3.16082e+01     1.22606e+00
    3.66314e+00     5.30271e+03     3.14958e+01     1.22032e+00
    3.66723e+00     5.29098e+03     3.14541e+01     1.21763e+00
    3.67132e+00     5.27844e+03     3.12527e+01     1.21144e+00
    3.67541e+00     5.26648e+03     3.11905e+01     1.20654e+00
    3.67950e+00     5.26000e+03     3.10868e+01     1.20209e+00
    3.68359e+00     5.24849e+03     3.10421e+01     1.19810e+00
    3.68769e+00     5.23108e+03     3.08508e+01     1.19344e+00
    3.69177e+00     5.22559e+03     3.07747e+01     1.18847e+00
    3.69587e+00     5.21405e+03     3.06649e+01     1.18228e+00
    3.69996e+00     5.20050e+03     3.05127e+01     1.17753e+00
    3.70405e+00     5.19295e+03     3.04074e+01     1.17399e+00
    3.70814e+00     5.17816e+03     3.03389e+01     1.16954e+00
    3.71223e+00     5.16809e+03     3.02195e+01     1.16483e+00
    3.71632e+00     5.15999e+03     3.01502e+01     1.16064e+00
    3.72041e+00     5.14862e+03     3.00249e+01     1.15594e+00
    3.72450e+00     5.13839e+03     2.99443e+01     1.15107e+00
    3.72859e+00     5.12869e+03     2.98459e+01     1.14738e+00
    3.73268e+00     5.12051e+03     2.97385e+01     1.14242e+00
    3.73677e+00     5.10395e+03     2.96008e+01     1.13718e+00
    3.74086e+00     5.09737e+03     2.95375e+01     1.13355e+00
    3.74495e+00     5.07915e+03     2.93663e+01     1.12894e+00
    3.74905e+00     5.07414e+03     2.93183e+01     1.12486e+00
    3.75313e+00     5.06241e+03     2.92103e+01     1.12046e+00
    3.75722e+00     5.04975e+03     2.90996e+01     1.11558e+00
    3.76131e+00     5.04704e+03     2.90436e+01     1.11178e+00
    3.76541e+00     5.03416e+03     2.89389e+01     1.10797e+00
    3.76950e+00     5.02197e+03     2.88050e+01     1.10333e+00
    3.77359e+00     5.01018e+03     2.87374e+01     1.09909e+00
    3.77768e+00     5.00169e+03     2.86273e+01     1.09456e+00
    3.78177e+00     4.99185e+03     2.85043e+01     1.09083e+00
    3.78586e+00     4.97862e+03     2.84331e+01     1.08635e+00
    3.78995e+00     4.97149e+03     2.82759e+01     1.08179e+00
    3.79404e+00     4.96185e+03     2.82117e+01     1.07828e+00
    3.79813e+00     4.95332e+03     2.81613e+01     1.07363e+00
    3.80222e+00     4.93986e+03     2.80613e+01     1.07004e+00
    3.80632e+00     4.93200e+03     2.79855e+01     1.06645e+00
    3.81040e+00     4.91946e+03     2.78470e+01     1.06197e+00
    3.81449e+00     4.91146e+03     2.77635e+01     1.05734e+00
    3.81859e+00     4.90249e+03     2.76875e+01     1.05397e+00
    3.82268e+00     4.89377e+03     2.75737e+01     1.04959e+00
    3.82677e+00     4.87983e+03     2.74561e+01     1.04582e+00
    3.83086e+00     4.87088e+03     2.73853e+01     1.04126e+00
    3.83495e+00     4.86189e+03     2.72742e+01     1.03769e+00
    3.83904e+00     4.85120e+03     2.72323e+01     1.03418e+00
    3.84313e+00     4.84386e+03     2.70920e+01     1.03017e+00
    3.84722e+00     4.83431e+03     2.70331e+01     1.02710e+00
    3.85131e+00     4.82391e+03     2.69064e+01     1.02226e+00
    3.85540e+00     4.81463e+03     2.68651e+01     1.01872e+00
    3.85949e+00     4.80125e+03     2.67507e+01     1.01523e+00
    3.86358e+00     4.79019e+03     2.66621e+01     1.01080e+00
    3.86768e+00     4.78720e+03     2.65555e+01     1.00714e+00
    3.87177e+00     4.77861e+03     2.65225e+01     1.00385e+00
    3.87585e+00     4.76655e+03     2.64262e+01     1.00018e+00
    3.87994e+00     4.75465e+03     2.63467e+01     9.97214e-01
    3.88403e+00     4.74988e+03     2.62360e+01     9.93188e-01
    3.88813e+00     4.73637e+03     2.61379e+01     9.89434e-01
    3.89222e+00     4.72929e+03     2.61081e+01     9.85879e-01
    3.89631e+00     4.71563e+03     2.59981e+01     9.82180e-01
    3.90040e+00     4.70624e+03     2.58932e+01     9.78476e-01
    3.90449e+00     4.69969e+03     2.58106e+01     9.75172e-01
    3.90858e+00     4.68852e+03     2.56963e+01     9.70804e-01
    3.91267e+00     4.68033e+03     2.56201e+01     9.67686e-01
    3.91676e+00     4.67319e+03     2.55776e+01     9.64383e-01
    3.92085e+00     4.66409e+03     2.54819e+01     9.60504e-01
    3.92494e+00     4.65545e+03     2.53944e+01     9.57028e-01
    3.92903e+00     4.64405e+03     2.53344e+01     9.53449e-01
    3.93312e+00     4.63442e+03     2.52166e+01     9.49964e-01
    3.93721e+00     4.62690e+03     2.51429e+01     9.46727e-01
    3.94130e+00     4.61679e+03     2.50416e+01     9.42862e-01
    3.94539e+00     4.60836e+03     2.49949e+01     9.39982e-01
    3.94949e+00     4.59973e+03     2.48784e+01     9.36552e-01
    3.95358e+00     4.59057e+03     2.48427e+01     9.33362e-01
    3.95767e+00     4.58269e+03     2.47278e+01     9.29914e-01
    3.96176e+00     4.56992e+03     2.46427e+01     9.26617e-01
    3.96585e+00     4.56386e+03     2.46068e+01     9.23384e-01
    3.96994e+00     4.55506e+03     2.45017e+01     9.20612e-01
    3.97403e+00     4.54453e+03     2.43979e+01     9.16295e-01
    3.97812e+00     4.53783e+03     2.43339e+01     9.13275e-01
    3.98221e+00     4.52754e+03     2.42937e+01     9.10963e-01
    3.98630e+00     4.51965e+03     2.41852e+01     9.07485e-01
    3.99039e+00     4.51055e+03     2.41508e+01     9.03968e-01
    3.99448e+00     4.50153e+03     2.40273e+01     9.00758e-01
    3.99857e+00     4.49608e+03     2.39614e+01     8.98216e-01
    4.00266e+00     4.48516e+03     2.38897e+01     8.94851e-01
    4.00675e+00     4.47807e+03     2.38378e+01     8.92420e-01
    4.01085e+00     4.46925e+03     2.37570e+01     8.88981e-01
    4.01494e+00     4.45799e+03     2.36474e+01     8.86052e-01
    4.01902e+00     4.45226e+03     2.36058e+01     8.82445e-01
    4.02312e+00     4.44417e+03     2.35053e+01     8.79306e-01
    4.02721e+00     4.43869e+03     2.34725e+01     8.76712e-01
    4.03130e+00     4.42577e+03     2.33263e+01     8.72977e-01
    4.03539e+00     4.41787e+03     2.33027e+01     8.70289e-01
    4.03948e+00     4.41138e+03     2.32301e+01     8.67641e-01
    4.04357e+00     4.40153e+03     2.31418e+01     8.64819e-01
    4.04766e+00     4.39389e+03     2.30712e+01     8.60829e-01
    4.05175e+00     4.38292e+03     2.29640e+01     8.58045e-01
    4.05584e+00     4.37651e+03     2.29432e+01     8.56467e-01
    4.05993e+00     4.36740e+03     2.28798e+01     8.53352e-01
    4.06402e+00     4.36123e+03     2.27947e+01     8.50381e-01
    4.06811e+00     4.35303e+03     2.27206e+01     8.47673e-01
    4.07220e+00     4.34581e+03     2.26661e+01     8.44257e-01
    4.07630e+00     4.33880e+03     2.25741e+01     8.41472e-01
    4.08038e+00     4.32875e+03     2.25225e+01     8.38997e-01
    4.08447e+00     4.32062e+03     2.24690e+01     8.36579e-01
    4.08857e+00     4.31355e+03     2.24022e+01     8.33278e-01
    4.09266e+00     4.30473e+03     2.23069e+01     8.31149e-01
    4.09675e+00     4.29675e+03     2.22432e+01     8.27141e-01
    4.10084e+00     4.28654e+03     2.21921e+01     8.25303e-01
    4.10493e+00     4.28452e+03     2.21339e+01     8.22187e-01
    4.10902e+00     4.27446e+03     2.20521e+01     8.19886e-01
    4.11311e+00     4.26945e+03     2.20144e+01     8.17836e-01
    4.11720e+00     4.26029e+03     2.19039e+01     8.15002e-01
    4.12129e+00     4.25103e+03     2.18656e+01     8.12175e-01
    4.12538e+00     4.24547e+03     2.18227e+01     8.09535e-01
    4.12947e+00     4.23726e+03     2.17234e+01     8.06350e-01
    4.13356e+00     4.23011e+03     2.16736e+01     8.04087e-01
    4.13765e+00     4.21849e+03     2.15841e+01     8.01637e-01
    4.14175e+00     4.21660e+03     2.15241e+01     7.97943e-01
    4.14584e+00     4.20981e+03     2.14812e+01     7.97142e-01
    4.14993e+00     4.19972e+03     2.13880e+01     7.93461e-01
    4.15402e+00     4.19661e+03     2.13790e+01     7.90955e-01
    4.15811e+00     4.18598e+03     2.12883e+01     7.89006e-01
    4.16220e+00     4.17679e+03     2.12115e+01     7.86378e-01
    4.16629e+00     4.17128e+03     2.11756e+01     7.84394e-01
    4.17038e+00     4.16213e+03     2.11333e+01     7.82043e-01
    4.17447e+00     4.15551e+03     2.10697e+01     7.79605e-01
    4.17856e+00     4.15093e+03     2.09913e+01     7.76847e-01
    4.18265e+00     4.14312e+03     2.09442e+01     7.74936e-01
    4.18674e+00     4.13520e+03     2.08472e+01     7.71900e-01
