# Real space auto- and cross-spectra.
# z=0.500, 12.500<lgM<13.000
#      k[h/Mpc]            P_hh            P_hm            P_mm
    0.00000e+00     0.00000e+00     0.00000e+00     0.00000e+00
    5.79404e-03     1.73939e+04     1.31258e+04     1.10805e+04
    1.04717e-02     1.55181e+04     1.17850e+04     1.00108e+04
    1.42665e-02     2.06623e+04     1.61113e+04     1.34636e+04
    1.81228e-02     2.37518e+04     1.86853e+04     1.57388e+04
    2.24845e-02     2.10560e+04     1.62758e+04     1.36920e+04
    2.64508e-02     1.95070e+04     1.49538e+04     1.25878e+04
    3.04474e-02     1.97367e+04     1.47605e+04     1.20303e+04
    3.47320e-02     1.93493e+04     1.46204e+04     1.20324e+04
    3.88308e-02     1.52110e+04     1.13186e+04     9.36882e+03
    4.28140e-02     1.35163e+04     9.91442e+03     8.24858e+03
    4.68856e-02     1.25499e+04     9.13455e+03     7.58630e+03
    5.09858e-02     1.21726e+04     8.76143e+03     7.27073e+03
    5.51458e-02     1.16824e+04     8.27064e+03     6.77976e+03
    5.92243e-02     1.10219e+04     7.92370e+03     6.60732e+03
    6.32864e-02     1.04063e+04     7.47680e+03     6.30211e+03
    6.73674e-02     1.01112e+04     7.21448e+03     6.07205e+03
    7.14960e-02     9.39547e+03     6.60260e+03     5.53829e+03
    7.55894e-02     9.06469e+03     6.31553e+03     5.26939e+03
    7.96660e-02     8.56405e+03     5.88949e+03     4.93784e+03
    8.38183e-02     8.03841e+03     5.45919e+03     4.54291e+03
    8.78941e-02     7.46802e+03     5.01882e+03     4.21540e+03
    9.19238e-02     7.08065e+03     4.68820e+03     3.91656e+03
    9.60446e-02     6.46536e+03     4.20134e+03     3.50540e+03
    1.00128e-01     6.17321e+03     3.98178e+03     3.34929e+03
    1.04209e-01     5.87247e+03     3.75193e+03     3.17004e+03
    1.08333e-01     5.49033e+03     3.44063e+03     2.93643e+03
    1.12448e-01     5.47631e+03     3.42076e+03     2.87971e+03
    1.16521e-01     5.38367e+03     3.35085e+03     2.82853e+03
    1.20596e-01     5.17601e+03     3.14910e+03     2.66535e+03
    1.24665e-01     5.10462e+03     3.08561e+03     2.58008e+03
    1.28771e-01     4.89250e+03     2.95909e+03     2.51147e+03
    1.32874e-01     4.89763e+03     2.92464e+03     2.45782e+03
    1.36975e-01     4.64494e+03     2.76415e+03     2.34301e+03
    1.41075e-01     4.44060e+03     2.60735e+03     2.21701e+03
    1.45172e-01     4.28717e+03     2.47128e+03     2.10995e+03
    1.49268e-01     4.07678e+03     2.31597e+03     1.98894e+03
    1.53330e-01     3.94774e+03     2.18489e+03     1.87452e+03
    1.57416e-01     3.78980e+03     2.08529e+03     1.79174e+03
    1.61514e-01     3.66861e+03     1.97609e+03     1.70530e+03
    1.65592e-01     3.66109e+03     1.95577e+03     1.68848e+03
    1.69693e-01     3.48300e+03     1.84380e+03     1.60092e+03
    1.73803e-01     3.44358e+03     1.80422e+03     1.56844e+03
    1.77905e-01     3.34371e+03     1.72471e+03     1.50846e+03
    1.82001e-01     3.26229e+03     1.67529e+03     1.46178e+03
    1.86092e-01     3.21708e+03     1.62567e+03     1.41732e+03
    1.90161e-01     3.17665e+03     1.59773e+03     1.38874e+03
    1.94237e-01     3.13769e+03     1.56059e+03     1.34723e+03
    1.98334e-01     3.04832e+03     1.50726e+03     1.31658e+03
    2.02427e-01     3.00727e+03     1.47613e+03     1.29488e+03
    2.06523e-01     2.94845e+03     1.42261e+03     1.24564e+03
    2.10626e-01     2.85256e+03     1.35972e+03     1.20413e+03
    2.14724e-01     2.81689e+03     1.33077e+03     1.17571e+03
    2.18827e-01     2.73502e+03     1.26541e+03     1.12836e+03
    2.22903e-01     2.66111e+03     1.21989e+03     1.08700e+03
    2.26990e-01     2.64730e+03     1.18835e+03     1.06052e+03
    2.31084e-01     2.61160e+03     1.17147e+03     1.04236e+03
    2.35153e-01     2.54350e+03     1.11905e+03     9.99217e+02
    2.39244e-01     2.47552e+03     1.08264e+03     9.76831e+02
    2.43338e-01     2.46414e+03     1.07428e+03     9.70445e+02
    2.47445e-01     2.44947e+03     1.04412e+03     9.37329e+02
    2.51539e-01     2.41936e+03     1.02294e+03     9.14343e+02
    2.55609e-01     2.38546e+03     9.95361e+02     8.99688e+02
    2.59718e-01     2.33154e+03     9.66824e+02     8.80954e+02
    2.63814e-01     2.30194e+03     9.44934e+02     8.65145e+02
    2.67904e-01     2.27388e+03     9.16776e+02     8.32947e+02
    2.71993e-01     2.25424e+03     8.99251e+02     8.19906e+02
    2.76068e-01     2.22250e+03     8.76324e+02     8.05823e+02
    2.80171e-01     2.19138e+03     8.59767e+02     7.92410e+02
    2.84268e-01     2.17443e+03     8.43618e+02     7.78086e+02
    2.88346e-01     2.14684e+03     8.20594e+02     7.58682e+02
    2.92426e-01     2.08510e+03     7.90200e+02     7.38373e+02
    2.96514e-01     2.07272e+03     7.70461e+02     7.20321e+02
    3.00627e-01     2.06316e+03     7.62022e+02     7.12378e+02
    3.04729e-01     2.05366e+03     7.48997e+02     6.95840e+02
    3.08821e-01     2.03831e+03     7.36779e+02     6.89146e+02
    3.12919e-01     2.00164e+03     7.17628e+02     6.78345e+02
    3.16999e-01     1.98368e+03     7.03636e+02     6.64132e+02
    3.21078e-01     1.94933e+03     6.79819e+02     6.49723e+02
    3.25167e-01     1.94797e+03     6.71048e+02     6.39436e+02
    3.29247e-01     1.92404e+03     6.64938e+02     6.30744e+02
    3.33333e-01     1.90834e+03     6.42336e+02     6.11909e+02
    3.37443e-01     1.88744e+03     6.32024e+02     6.04328e+02
    3.41545e-01     1.86937e+03     6.18996e+02     5.94069e+02
    3.45625e-01     1.86382e+03     6.13969e+02     5.90030e+02
    3.49715e-01     1.84163e+03     5.99467e+02     5.76155e+02
    3.53817e-01     1.82468e+03     5.89685e+02     5.69510e+02
    3.57906e-01     1.80161e+03     5.80442e+02     5.62014e+02
    3.61975e-01     1.79850e+03     5.66046e+02     5.49159e+02
    3.66071e-01     1.80061e+03     5.66660e+02     5.47007e+02
    3.70189e-01     1.78303e+03     5.51183e+02     5.30555e+02
    3.74277e-01     1.77030e+03     5.46766e+02     5.31745e+02
    3.78356e-01     1.74184e+03     5.30302e+02     5.19817e+02
    3.82448e-01     1.72280e+03     5.16830e+02     5.09078e+02
    3.86535e-01     1.73413e+03     5.16509e+02     5.05736e+02
    3.90624e-01     1.70621e+03     5.01035e+02     4.97792e+02
    3.94706e-01     1.69124e+03     4.92842e+02     4.89163e+02
    3.98794e-01     1.68457e+03     4.90277e+02     4.86162e+02
    4.02896e-01     1.67579e+03     4.79897e+02     4.76553e+02
    4.06986e-01     1.67592e+03     4.74217e+02     4.70678e+02
    4.11069e-01     1.66565e+03     4.66456e+02     4.64040e+02
    4.15170e-01     1.63786e+03     4.55645e+02     4.57459e+02
    4.19263e-01     1.64284e+03     4.51261e+02     4.53484e+02
    4.23353e-01     1.62551e+03     4.41961e+02     4.44579e+02
    4.27447e-01     1.61865e+03     4.36953e+02     4.41597e+02
    4.31534e-01     1.59998e+03     4.29201e+02     4.35415e+02
    4.35624e-01     1.61022e+03     4.27909e+02     4.31582e+02
    4.39718e-01     1.58932e+03     4.16782e+02     4.24793e+02
    4.43804e-01     1.58572e+03     4.12066e+02     4.19687e+02
    4.47892e-01     1.57833e+03     4.07027e+02     4.14624e+02
    4.51977e-01     1.56400e+03     3.99552e+02     4.09474e+02
    4.56067e-01     1.56039e+03     3.94431e+02     4.05515e+02
    4.60165e-01     1.55086e+03     3.87454e+02     4.01881e+02
    4.64260e-01     1.53936e+03     3.83214e+02     3.95377e+02
    4.68355e-01     1.52674e+03     3.74337e+02     3.91335e+02
    4.72450e-01     1.52196e+03     3.74097e+02     3.86831e+02
    4.76540e-01     1.52223e+03     3.70962e+02     3.83961e+02
    4.80633e-01     1.51237e+03     3.63430e+02     3.79245e+02
    4.84718e-01     1.48911e+03     3.54652e+02     3.73328e+02
    4.88794e-01     1.50119e+03     3.53424e+02     3.72600e+02
    4.92888e-01     1.48212e+03     3.48023e+02     3.67929e+02
    4.96984e-01     1.48078e+03     3.42457e+02     3.62215e+02
    5.01073e-01     1.47592e+03     3.38529e+02     3.56509e+02
    5.05169e-01     1.47064e+03     3.36372e+02     3.54264e+02
    5.09268e-01     1.46079e+03     3.30260e+02     3.52485e+02
    5.13369e-01     1.45902e+03     3.29534e+02     3.49178e+02
    5.17441e-01     1.45015e+03     3.24052e+02     3.44384e+02
    5.21516e-01     1.44385e+03     3.20163e+02     3.42029e+02
    5.25611e-01     1.43498e+03     3.13648e+02     3.38240e+02
    5.29706e-01     1.44053e+03     3.14101e+02     3.34882e+02
    5.33801e-01     1.42799e+03     3.08364e+02     3.31848e+02
    5.37888e-01     1.42456e+03     3.06443e+02     3.28786e+02
    5.41985e-01     1.42183e+03     3.03414e+02     3.25049e+02
    5.46091e-01     1.41689e+03     2.98512e+02     3.21588e+02
    5.50174e-01     1.40461e+03     2.95747e+02     3.20435e+02
    5.54252e-01     1.40063e+03     2.88940e+02     3.14373e+02
    5.58346e-01     1.40108e+03     2.89202e+02     3.13996e+02
    5.62439e-01     1.39060e+03     2.84441e+02     3.10132e+02
    5.66527e-01     1.38669e+03     2.80276e+02     3.07703e+02
    5.70616e-01     1.37900e+03     2.77102e+02     3.04938e+02
    5.74707e-01     1.37433e+03     2.75324e+02     3.01342e+02
    5.78798e-01     1.37921e+03     2.74503e+02     3.00967e+02
    5.82883e-01     1.36482e+03     2.70931e+02     2.97538e+02
    5.86977e-01     1.36091e+03     2.67817e+02     2.95112e+02
    5.91070e-01     1.35158e+03     2.63985e+02     2.92677e+02
    5.95166e-01     1.35981e+03     2.61058e+02     2.89743e+02
    5.99260e-01     1.35170e+03     2.60620e+02     2.87313e+02
    6.03349e-01     1.35120e+03     2.56537e+02     2.85684e+02
    6.07445e-01     1.34195e+03     2.53022e+02     2.82346e+02
    6.11543e-01     1.33670e+03     2.50466e+02     2.80157e+02
    6.15623e-01     1.33717e+03     2.48694e+02     2.78183e+02
    6.19704e-01     1.32152e+03     2.44991e+02     2.75796e+02
    6.23792e-01     1.32232e+03     2.42305e+02     2.73425e+02
    6.27891e-01     1.31940e+03     2.41253e+02     2.72021e+02
    6.31991e-01     1.32316e+03     2.40083e+02     2.69388e+02
    6.36073e-01     1.31162e+03     2.33684e+02     2.66487e+02
    6.40158e-01     1.31224e+03     2.33173e+02     2.64256e+02
    6.44244e-01     1.30873e+03     2.32439e+02     2.62983e+02
    6.48338e-01     1.30429e+03     2.29848e+02     2.60445e+02
    6.52432e-01     1.29564e+03     2.26668e+02     2.59631e+02
    6.56514e-01     1.29087e+03     2.24962e+02     2.57571e+02
    6.60609e-01     1.29493e+03     2.24394e+02     2.55002e+02
    6.64712e-01     1.29521e+03     2.23492e+02     2.53873e+02
    6.68801e-01     1.28321e+03     2.19333e+02     2.51328e+02
    6.72890e-01     1.27784e+03     2.16068e+02     2.48700e+02
    6.76984e-01     1.27430e+03     2.15292e+02     2.47385e+02
    6.81074e-01     1.27282e+03     2.13521e+02     2.46595e+02
    6.85160e-01     1.27099e+03     2.13741e+02     2.45240e+02
    6.89246e-01     1.27191e+03     2.08960e+02     2.41679e+02
    6.93336e-01     1.26808e+03     2.08814e+02     2.41199e+02
    6.97434e-01     1.26306e+03     2.07960e+02     2.39008e+02
    7.01528e-01     1.25455e+03     2.03658e+02     2.38028e+02
    7.05618e-01     1.25466e+03     2.02189e+02     2.35736e+02
    7.09708e-01     1.24720e+03     1.99417e+02     2.34097e+02
    7.13796e-01     1.24592e+03     1.97963e+02     2.32140e+02
    7.17892e-01     1.24545e+03     1.96980e+02     2.30767e+02
    7.21982e-01     1.24675e+03     1.97980e+02     2.29285e+02
    7.26059e-01     1.23982e+03     1.93946e+02     2.27857e+02
    7.30145e-01     1.23833e+03     1.90862e+02     2.25634e+02
    7.34240e-01     1.23510e+03     1.91754e+02     2.24352e+02
    7.38340e-01     1.23450e+03     1.88976e+02     2.22682e+02
    7.42427e-01     1.23003e+03     1.88633e+02     2.21357e+02
    7.46511e-01     1.22957e+03     1.86748e+02     2.20809e+02
    7.50614e-01     1.22677e+03     1.85205e+02     2.18700e+02
    7.54706e-01     1.22160e+03     1.83676e+02     2.16890e+02
    7.58795e-01     1.21649e+03     1.81698e+02     2.15383e+02
    7.62888e-01     1.21211e+03     1.80067e+02     2.13974e+02
    7.66986e-01     1.21101e+03     1.79489e+02     2.12620e+02
    7.71073e-01     1.21170e+03     1.78316e+02     2.11697e+02
    7.75153e-01     1.20364e+03     1.76120e+02     2.10496e+02
    7.79241e-01     1.20552e+03     1.74518e+02     2.09199e+02
    7.83335e-01     1.20266e+03     1.73581e+02     2.07606e+02
    7.87426e-01     1.20454e+03     1.73965e+02     2.07176e+02
    7.91513e-01     1.19783e+03     1.71252e+02     2.05054e+02
    7.95606e-01     1.19439e+03     1.69174e+02     2.03702e+02
    7.99702e-01     1.19389e+03     1.69786e+02     2.03066e+02
    8.03798e-01     1.19524e+03     1.68154e+02     2.01235e+02
    8.07879e-01     1.18658e+03     1.66316e+02     1.99471e+02
    8.11963e-01     1.18771e+03     1.65409e+02     1.99233e+02
    8.16059e-01     1.18261e+03     1.64866e+02     1.97614e+02
    8.20152e-01     1.17901e+03     1.62846e+02     1.96880e+02
    8.24242e-01     1.17533e+03     1.60309e+02     1.95448e+02
    8.28331e-01     1.17773e+03     1.61439e+02     1.94207e+02
    8.32425e-01     1.17522e+03     1.58593e+02     1.92689e+02
    8.36516e-01     1.17149e+03     1.58433e+02     1.91999e+02
    8.40610e-01     1.16714e+03     1.56994e+02     1.90348e+02
    8.44704e-01     1.16969e+03     1.55171e+02     1.89262e+02
    8.48790e-01     1.16350e+03     1.53995e+02     1.88613e+02
    8.52876e-01     1.16409e+03     1.53494e+02     1.87216e+02
    8.56967e-01     1.15952e+03     1.52848e+02     1.85802e+02
    8.61059e-01     1.15833e+03     1.51422e+02     1.85022e+02
    8.65147e-01     1.15328e+03     1.50101e+02     1.83724e+02
    8.69235e-01     1.15456e+03     1.49890e+02     1.82943e+02
    8.73334e-01     1.15187e+03     1.48574e+02     1.81778e+02
    8.77429e-01     1.15229e+03     1.48861e+02     1.81003e+02
    8.81512e-01     1.14744e+03     1.47132e+02     1.79890e+02
    8.85601e-01     1.14766e+03     1.46811e+02     1.79169e+02
    8.89691e-01     1.14395e+03     1.44675e+02     1.77652e+02
    8.93784e-01     1.13951e+03     1.44932e+02     1.77147e+02
    8.97875e-01     1.13604e+03     1.41732e+02     1.75756e+02
    9.01960e-01     1.13463e+03     1.41663e+02     1.74836e+02
    9.06054e-01     1.13368e+03     1.41324e+02     1.74318e+02
    9.10146e-01     1.13349e+03     1.40046e+02     1.73067e+02
    9.14237e-01     1.12925e+03     1.38874e+02     1.71961e+02
    9.18331e-01     1.12959e+03     1.38682e+02     1.71124e+02
    9.22421e-01     1.12592e+03     1.36628e+02     1.69875e+02
    9.26509e-01     1.12227e+03     1.36552e+02     1.69191e+02
    9.30598e-01     1.12149e+03     1.35284e+02     1.68108e+02
    9.34692e-01     1.12081e+03     1.34771e+02     1.67547e+02
    9.38787e-01     1.11740e+03     1.34138e+02     1.65792e+02
    9.42873e-01     1.12056e+03     1.34247e+02     1.66148e+02
    9.46961e-01     1.11248e+03     1.32231e+02     1.63952e+02
    9.51054e-01     1.11574e+03     1.32311e+02     1.63679e+02
    9.55150e-01     1.11079e+03     1.32016e+02     1.63201e+02
    9.59240e-01     1.11078e+03     1.29812e+02     1.62059e+02
    9.63327e-01     1.10978e+03     1.29706e+02     1.61105e+02
    9.67420e-01     1.10293e+03     1.28835e+02     1.60977e+02
    9.71506e-01     1.10553e+03     1.27703e+02     1.59059e+02
    9.75588e-01     1.10242e+03     1.27175e+02     1.58273e+02
    9.79678e-01     1.10203e+03     1.26675e+02     1.57675e+02
    9.83773e-01     1.10044e+03     1.26751e+02     1.57419e+02
    9.87866e-01     1.09888e+03     1.26210e+02     1.56363e+02
    9.91960e-01     1.09612e+03     1.24801e+02     1.55163e+02
    9.96055e-01     1.09467e+03     1.23998e+02     1.54371e+02
    1.00015e+00     1.08754e+03     1.22965e+02     1.53998e+02
    1.00424e+00     1.08873e+03     1.22574e+02     1.52855e+02
    1.00832e+00     1.08784e+03     1.21845e+02     1.51726e+02
    1.01242e+00     1.08536e+03     1.21260e+02     1.51206e+02
    1.01651e+00     1.08260e+03     1.20389e+02     1.50685e+02
    1.02059e+00     1.08068e+03     1.19834e+02     1.49844e+02
    1.02468e+00     1.08330e+03     1.18907e+02     1.48687e+02
    1.02878e+00     1.08146e+03     1.19415e+02     1.48389e+02
    1.03287e+00     1.07586e+03     1.17730e+02     1.47274e+02
    1.03695e+00     1.07213e+03     1.16939e+02     1.46724e+02
    1.04105e+00     1.07736e+03     1.17020e+02     1.45533e+02
    1.04515e+00     1.06902e+03     1.15905e+02     1.44922e+02
    1.04923e+00     1.07140e+03     1.15368e+02     1.44183e+02
    1.05332e+00     1.06674e+03     1.14241e+02     1.43151e+02
    1.05741e+00     1.06980e+03     1.13932e+02     1.42861e+02
    1.06150e+00     1.06657e+03     1.13744e+02     1.42138e+02
    1.06559e+00     1.05998e+03     1.12933e+02     1.41646e+02
    1.06968e+00     1.06092e+03     1.11904e+02     1.40767e+02
    1.07377e+00     1.05861e+03     1.12088e+02     1.40152e+02
    1.07786e+00     1.05638e+03     1.10602e+02     1.38986e+02
    1.08195e+00     1.05739e+03     1.10220e+02     1.38717e+02
    1.08605e+00     1.05397e+03     1.10218e+02     1.38185e+02
    1.09014e+00     1.05225e+03     1.09886e+02     1.37416e+02
    1.09422e+00     1.05165e+03     1.08869e+02     1.36703e+02
    1.09832e+00     1.05262e+03     1.08714e+02     1.35830e+02
    1.10242e+00     1.04820e+03     1.08091e+02     1.35098e+02
    1.10650e+00     1.04855e+03     1.07438e+02     1.34557e+02
    1.11059e+00     1.04723e+03     1.07149e+02     1.33736e+02
    1.11468e+00     1.04187e+03     1.05846e+02     1.32932e+02
    1.11878e+00     1.04288e+03     1.05784e+02     1.32337e+02
    1.12287e+00     1.04143e+03     1.05023e+02     1.31830e+02
    1.12695e+00     1.03736e+03     1.04787e+02     1.31018e+02
    1.13105e+00     1.03725e+03     1.04415e+02     1.30747e+02
    1.13514e+00     1.03442e+03     1.04029e+02     1.30021e+02
    1.13922e+00     1.03198e+03     1.03185e+02     1.29023e+02
    1.14331e+00     1.03206e+03     1.02635e+02     1.28525e+02
    1.14741e+00     1.03122e+03     1.02597e+02     1.28418e+02
    1.15150e+00     1.03049e+03     1.02350e+02     1.27475e+02
    1.15559e+00     1.02874e+03     1.02083e+02     1.27184e+02
    1.15968e+00     1.02574e+03     1.00565e+02     1.26015e+02
    1.16377e+00     1.02177e+03     1.00173e+02     1.25370e+02
    1.16786e+00     1.02476e+03     1.00399e+02     1.24710e+02
    1.17195e+00     1.02289e+03     9.97155e+01     1.24619e+02
    1.17604e+00     1.02128e+03     9.91573e+01     1.23780e+02
    1.18013e+00     1.02040e+03     9.86413e+01     1.23265e+02
    1.18422e+00     1.01854e+03     9.83756e+01     1.22690e+02
    1.18831e+00     1.01542e+03     9.79181e+01     1.22282e+02
    1.19240e+00     1.01462e+03     9.72516e+01     1.21352e+02
    1.19649e+00     1.01402e+03     9.72059e+01     1.21052e+02
    1.20059e+00     1.01110e+03     9.69077e+01     1.20516e+02
    1.20468e+00     1.00912e+03     9.61462e+01     1.19876e+02
    1.20877e+00     1.00845e+03     9.56922e+01     1.19336e+02
    1.21286e+00     1.00776e+03     9.52423e+01     1.18616e+02
    1.21695e+00     1.00857e+03     9.49550e+01     1.17984e+02
    1.22104e+00     1.00106e+03     9.42357e+01     1.17399e+02
    1.22513e+00     1.00254e+03     9.40333e+01     1.16835e+02
    1.22922e+00     1.00042e+03     9.30992e+01     1.16323e+02
    1.23330e+00     9.99738e+02     9.30970e+01     1.15770e+02
    1.23740e+00     9.99127e+02     9.31202e+01     1.15118e+02
    1.24149e+00     9.92829e+02     9.24921e+01     1.14594e+02
    1.24558e+00     9.95969e+02     9.22941e+01     1.14235e+02
    1.24967e+00     9.94347e+02     9.19064e+01     1.13543e+02
    1.25376e+00     9.91741e+02     9.09555e+01     1.13039e+02
    1.25785e+00     9.90868e+02     9.09851e+01     1.12621e+02
    1.26194e+00     9.88036e+02     9.11345e+01     1.12212e+02
    1.26603e+00     9.86365e+02     8.98818e+01     1.11349e+02
    1.27012e+00     9.87565e+02     8.97814e+01     1.10876e+02
    1.27422e+00     9.83732e+02     8.93510e+01     1.10453e+02
    1.27831e+00     9.81922e+02     8.93188e+01     1.10173e+02
    1.28240e+00     9.80637e+02     8.87751e+01     1.09423e+02
    1.28649e+00     9.82203e+02     8.84940e+01     1.08957e+02
    1.29058e+00     9.77749e+02     8.77479e+01     1.08465e+02
    1.29467e+00     9.77448e+02     8.74289e+01     1.08017e+02
    1.29876e+00     9.76412e+02     8.70618e+01     1.07339e+02
    1.30285e+00     9.74203e+02     8.68814e+01     1.07047e+02
    1.30694e+00     9.75582e+02     8.63128e+01     1.06085e+02
    1.31103e+00     9.73874e+02     8.62410e+01     1.05884e+02
    1.31512e+00     9.69492e+02     8.62437e+01     1.05267e+02
    1.31921e+00     9.70353e+02     8.53266e+01     1.04889e+02
    1.32331e+00     9.68687e+02     8.50935e+01     1.04244e+02
    1.32739e+00     9.67950e+02     8.50059e+01     1.04075e+02
    1.33148e+00     9.66066e+02     8.41801e+01     1.03651e+02
    1.33558e+00     9.64006e+02     8.38620e+01     1.02939e+02
    1.33967e+00     9.61745e+02     8.38734e+01     1.02401e+02
    1.34376e+00     9.61138e+02     8.34288e+01     1.02064e+02
    1.34785e+00     9.58519e+02     8.26454e+01     1.01250e+02
    1.35195e+00     9.58221e+02     8.26508e+01     1.01066e+02
    1.35603e+00     9.55611e+02     8.27729e+01     1.00546e+02
    1.36011e+00     9.54850e+02     8.22505e+01     1.00140e+02
    1.36421e+00     9.55175e+02     8.22902e+01     9.98135e+01
    1.36830e+00     9.51536e+02     8.23416e+01     9.91852e+01
    1.37239e+00     9.49994e+02     8.09293e+01     9.85778e+01
    1.37648e+00     9.49686e+02     8.11600e+01     9.82405e+01
    1.38057e+00     9.49448e+02     8.10539e+01     9.76441e+01
    1.38466e+00     9.47339e+02     8.05295e+01     9.71989e+01
    1.38875e+00     9.45503e+02     8.01455e+01     9.68461e+01
    1.39285e+00     9.45634e+02     7.99821e+01     9.64004e+01
    1.39694e+00     9.44349e+02     7.95455e+01     9.61014e+01
    1.40102e+00     9.40772e+02     7.98212e+01     9.55587e+01
    1.40512e+00     9.40909e+02     7.91041e+01     9.52312e+01
    1.40921e+00     9.40216e+02     7.90496e+01     9.46514e+01
    1.41330e+00     9.37807e+02     7.86102e+01     9.42314e+01
    1.41739e+00     9.39270e+02     7.83284e+01     9.39634e+01
    1.42148e+00     9.35814e+02     7.77486e+01     9.32111e+01
    1.42557e+00     9.33854e+02     7.76918e+01     9.29299e+01
    1.42966e+00     9.31031e+02     7.74929e+01     9.25244e+01
    1.43375e+00     9.32146e+02     7.69676e+01     9.19887e+01
    1.43784e+00     9.28421e+02     7.68302e+01     9.16877e+01
    1.44193e+00     9.27395e+02     7.62961e+01     9.11739e+01
    1.44602e+00     9.27229e+02     7.68133e+01     9.10759e+01
    1.45011e+00     9.25537e+02     7.57949e+01     9.03630e+01
    1.45420e+00     9.24044e+02     7.53966e+01     9.00589e+01
    1.45830e+00     9.21098e+02     7.53864e+01     8.94590e+01
    1.46239e+00     9.20289e+02     7.51968e+01     8.92017e+01
    1.46648e+00     9.20032e+02     7.52151e+01     8.88904e+01
    1.47056e+00     9.19217e+02     7.50804e+01     8.83768e+01
    1.47465e+00     9.17240e+02     7.42654e+01     8.80515e+01
    1.47874e+00     9.14620e+02     7.38512e+01     8.75454e+01
    1.48283e+00     9.16197e+02     7.39981e+01     8.70012e+01
    1.48693e+00     9.14294e+02     7.39681e+01     8.68160e+01
    1.49102e+00     9.09613e+02     7.36327e+01     8.62629e+01
    1.49511e+00     9.11570e+02     7.35242e+01     8.59614e+01
    1.49920e+00     9.10186e+02     7.32847e+01     8.55762e+01
    1.50329e+00     9.08609e+02     7.26936e+01     8.51718e+01
    1.50738e+00     9.07624e+02     7.24955e+01     8.47117e+01
    1.51148e+00     9.07295e+02     7.21427e+01     8.43511e+01
    1.51557e+00     9.03429e+02     7.16231e+01     8.38594e+01
    1.51965e+00     9.04288e+02     7.17270e+01     8.34797e+01
    1.52374e+00     9.02016e+02     7.17498e+01     8.33810e+01
    1.52784e+00     8.99899e+02     7.15773e+01     8.29171e+01
    1.53193e+00     8.99612e+02     7.11772e+01     8.24632e+01
    1.53602e+00     8.98366e+02     7.07438e+01     8.21224e+01
    1.54011e+00     8.95120e+02     7.06552e+01     8.15602e+01
    1.54420e+00     8.94370e+02     7.01369e+01     8.12457e+01
    1.54829e+00     8.93161e+02     7.01648e+01     8.09649e+01
    1.55238e+00     8.91547e+02     6.98202e+01     8.05869e+01
    1.55647e+00     8.90904e+02     7.00748e+01     8.01540e+01
    1.56056e+00     8.89891e+02     6.93950e+01     7.98257e+01
    1.56465e+00     8.90245e+02     6.95148e+01     7.95382e+01
    1.56874e+00     8.84804e+02     6.86087e+01     7.89699e+01
    1.57283e+00     8.86611e+02     6.86412e+01     7.87075e+01
    1.57693e+00     8.84015e+02     6.82205e+01     7.83137e+01
    1.58102e+00     8.81566e+02     6.83450e+01     7.80662e+01
    1.58510e+00     8.82837e+02     6.80995e+01     7.76345e+01
    1.58919e+00     8.80611e+02     6.74845e+01     7.71170e+01
    1.59329e+00     8.80264e+02     6.76485e+01     7.69812e+01
    1.59738e+00     8.78798e+02     6.75365e+01     7.67047e+01
    1.60147e+00     8.77946e+02     6.75803e+01     7.64422e+01
    1.60556e+00     8.75449e+02     6.70710e+01     7.60741e+01
    1.60965e+00     8.74478e+02     6.64769e+01     7.55413e+01
    1.61374e+00     8.73806e+02     6.67139e+01     7.52691e+01
    1.61783e+00     8.70039e+02     6.62017e+01     7.48306e+01
    1.62192e+00     8.70787e+02     6.61929e+01     7.45401e+01
    1.62601e+00     8.69222e+02     6.58670e+01     7.41070e+01
    1.63010e+00     8.67969e+02     6.57705e+01     7.36903e+01
    1.63419e+00     8.66505e+02     6.54712e+01     7.34967e+01
    1.63828e+00     8.66217e+02     6.52626e+01     7.31150e+01
    1.64238e+00     8.64112e+02     6.54911e+01     7.28929e+01
    1.64647e+00     8.63831e+02     6.53274e+01     7.25664e+01
    1.65055e+00     8.62044e+02     6.46290e+01     7.20812e+01
    1.65465e+00     8.59920e+02     6.46103e+01     7.18857e+01
    1.65874e+00     8.60737e+02     6.47429e+01     7.15606e+01
    1.66283e+00     8.57722e+02     6.43315e+01     7.11751e+01
    1.66691e+00     8.56399e+02     6.40358e+01     7.08515e+01
    1.67101e+00     8.54417e+02     6.37873e+01     7.06213e+01
    1.67510e+00     8.54492e+02     6.34936e+01     7.00836e+01
    1.67919e+00     8.52489e+02     6.36604e+01     6.99532e+01
    1.68328e+00     8.51006e+02     6.32265e+01     6.97895e+01
    1.68737e+00     8.48636e+02     6.30372e+01     6.91999e+01
    1.69146e+00     8.47590e+02     6.27142e+01     6.89985e+01
    1.69555e+00     8.47586e+02     6.28786e+01     6.86463e+01
    1.69964e+00     8.45783e+02     6.26362e+01     6.82311e+01
    1.70373e+00     8.44500e+02     6.26177e+01     6.81451e+01
    1.70782e+00     8.44567e+02     6.20685e+01     6.76845e+01
    1.71191e+00     8.42484e+02     6.20501e+01     6.74560e+01
    1.71600e+00     8.40574e+02     6.17502e+01     6.69547e+01
    1.72009e+00     8.40093e+02     6.14838e+01     6.68306e+01
    1.72418e+00     8.39041e+02     6.17081e+01     6.65238e+01
    1.72828e+00     8.38324e+02     6.12854e+01     6.61055e+01
    1.73237e+00     8.35254e+02     6.10531e+01     6.58891e+01
    1.73646e+00     8.35000e+02     6.09616e+01     6.53934e+01
    1.74055e+00     8.33034e+02     6.05164e+01     6.52227e+01
    1.74464e+00     8.31772e+02     6.06073e+01     6.50078e+01
    1.74874e+00     8.31003e+02     6.03394e+01     6.45842e+01
    1.75282e+00     8.30430e+02     6.02900e+01     6.43534e+01
    1.75691e+00     8.29243e+02     5.98550e+01     6.39716e+01
    1.76100e+00     8.27922e+02     5.97297e+01     6.37192e+01
    1.76509e+00     8.26601e+02     5.95791e+01     6.33988e+01
    1.76918e+00     8.23603e+02     5.93532e+01     6.31800e+01
    1.77327e+00     8.24405e+02     5.95020e+01     6.28719e+01
    1.77737e+00     8.22708e+02     5.91743e+01     6.25273e+01
    1.78146e+00     8.20912e+02     5.91697e+01     6.22542e+01
    1.78554e+00     8.19523e+02     5.90415e+01     6.20010e+01
    1.78964e+00     8.16922e+02     5.85522e+01     6.17456e+01
    1.79373e+00     8.18847e+02     5.87942e+01     6.14712e+01
    1.79782e+00     8.15951e+02     5.81879e+01     6.11037e+01
    1.80191e+00     8.14619e+02     5.80401e+01     6.08201e+01
    1.80600e+00     8.12580e+02     5.79008e+01     6.06200e+01
    1.81009e+00     8.12589e+02     5.77190e+01     6.02473e+01
    1.81418e+00     8.11457e+02     5.77159e+01     6.00348e+01
    1.81827e+00     8.09687e+02     5.73084e+01     5.96993e+01
    1.82236e+00     8.09521e+02     5.74716e+01     5.94453e+01
    1.82645e+00     8.07101e+02     5.72603e+01     5.92445e+01
    1.83054e+00     8.05702e+02     5.72432e+01     5.89389e+01
    1.83463e+00     8.04058e+02     5.66445e+01     5.86582e+01
    1.83872e+00     8.03011e+02     5.65750e+01     5.83437e+01
    1.84281e+00     8.01885e+02     5.63701e+01     5.80759e+01
    1.84691e+00     8.00329e+02     5.63181e+01     5.78499e+01
    1.85100e+00     7.99691e+02     5.62829e+01     5.76565e+01
    1.85509e+00     7.98146e+02     5.60040e+01     5.72836e+01
    1.85918e+00     7.97564e+02     5.56702e+01     5.69937e+01
    1.86327e+00     7.96030e+02     5.59795e+01     5.68525e+01
    1.86736e+00     7.94268e+02     5.54800e+01     5.65137e+01
    1.87145e+00     7.93487e+02     5.55727e+01     5.62666e+01
    1.87554e+00     7.90681e+02     5.51868e+01     5.60421e+01
    1.87963e+00     7.90636e+02     5.51617e+01     5.57805e+01
    1.88372e+00     7.89506e+02     5.48447e+01     5.54054e+01
    1.88781e+00     7.88373e+02     5.48327e+01     5.52608e+01
    1.89190e+00     7.87983e+02     5.46840e+01     5.49628e+01
    1.89599e+00     7.86827e+02     5.46298e+01     5.47891e+01
    1.90008e+00     7.84729e+02     5.40564e+01     5.44374e+01
    1.90417e+00     7.84114e+02     5.40309e+01     5.41368e+01
    1.90827e+00     7.82427e+02     5.41022e+01     5.38974e+01
    1.91236e+00     7.80016e+02     5.38472e+01     5.36039e+01
    1.91645e+00     7.80025e+02     5.38175e+01     5.34673e+01
    1.92054e+00     7.79198e+02     5.35677e+01     5.31911e+01
    1.92463e+00     7.77647e+02     5.32730e+01     5.29100e+01
    1.92872e+00     7.76546e+02     5.30637e+01     5.27227e+01
    1.93281e+00     7.75028e+02     5.30835e+01     5.24750e+01
    1.93690e+00     7.73575e+02     5.27892e+01     5.22298e+01
    1.94099e+00     7.72940e+02     5.30263e+01     5.19938e+01
    1.94508e+00     7.70290e+02     5.27880e+01     5.17431e+01
    1.94917e+00     7.69704e+02     5.25351e+01     5.14642e+01
    1.95326e+00     7.66630e+02     5.21654e+01     5.11875e+01
    1.95735e+00     7.68035e+02     5.23501e+01     5.10697e+01
    1.96144e+00     7.66280e+02     5.20444e+01     5.07754e+01
    1.96553e+00     7.66341e+02     5.20098e+01     5.05137e+01
    1.96962e+00     7.64562e+02     5.19001e+01     5.02408e+01
    1.97371e+00     7.62439e+02     5.17372e+01     5.00502e+01
    1.97781e+00     7.62353e+02     5.15326e+01     4.97654e+01
    1.98190e+00     7.59226e+02     5.13375e+01     4.95737e+01
    1.98599e+00     7.59649e+02     5.11856e+01     4.93062e+01
    1.99008e+00     7.58063e+02     5.10243e+01     4.91363e+01
    1.99417e+00     7.55488e+02     5.09960e+01     4.89191e+01
    1.99826e+00     7.55935e+02     5.08702e+01     4.86490e+01
    2.00235e+00     7.53316e+02     5.06226e+01     4.84701e+01
    2.00644e+00     7.52336e+02     5.04937e+01     4.81803e+01
    2.01053e+00     7.50068e+02     5.01428e+01     4.79136e+01
    2.01462e+00     7.51119e+02     5.02540e+01     4.77266e+01
    2.01871e+00     7.49814e+02     5.01863e+01     4.75275e+01
    2.02280e+00     7.46564e+02     5.00005e+01     4.72944e+01
    2.02689e+00     7.46545e+02     4.97361e+01     4.70938e+01
    2.03098e+00     7.45373e+02     4.96735e+01     4.68219e+01
    2.03507e+00     7.45083e+02     4.96491e+01     4.65701e+01
    2.03917e+00     7.43160e+02     4.95425e+01     4.64014e+01
    2.04325e+00     7.42749e+02     4.94135e+01     4.62186e+01
    2.04735e+00     7.40818e+02     4.91654e+01     4.59395e+01
    2.05143e+00     7.38863e+02     4.88852e+01     4.57769e+01
    2.05552e+00     7.37959e+02     4.90936e+01     4.55158e+01
    2.05962e+00     7.36328e+02     4.87618e+01     4.53228e+01
    2.06371e+00     7.36432e+02     4.87341e+01     4.51171e+01
    2.06780e+00     7.34206e+02     4.85589e+01     4.48966e+01
    2.07189e+00     7.32541e+02     4.82752e+01     4.47073e+01
    2.07598e+00     7.31321e+02     4.83814e+01     4.45801e+01
    2.08007e+00     7.30928e+02     4.82642e+01     4.43347e+01
    2.08416e+00     7.29213e+02     4.81011e+01     4.40421e+01
    2.08825e+00     7.28725e+02     4.78067e+01     4.38613e+01
    2.09234e+00     7.27364e+02     4.76718e+01     4.36162e+01
    2.09644e+00     7.25928e+02     4.77020e+01     4.34486e+01
    2.10053e+00     7.24665e+02     4.75416e+01     4.32547e+01
    2.10461e+00     7.23389e+02     4.72517e+01     4.29966e+01
    2.10870e+00     7.22678e+02     4.72377e+01     4.27995e+01
    2.11280e+00     7.20867e+02     4.69587e+01     4.26452e+01
    2.11688e+00     7.19427e+02     4.68872e+01     4.24200e+01
    2.12098e+00     7.18548e+02     4.70168e+01     4.22172e+01
    2.12507e+00     7.17407e+02     4.67585e+01     4.20301e+01
    2.12916e+00     7.16529e+02     4.65944e+01     4.18143e+01
    2.13325e+00     7.14477e+02     4.64291e+01     4.15997e+01
    2.13734e+00     7.14519e+02     4.62891e+01     4.14207e+01
    2.14143e+00     7.11724e+02     4.61782e+01     4.12420e+01
    2.14552e+00     7.11553e+02     4.59184e+01     4.10455e+01
    2.14961e+00     7.10684e+02     4.58962e+01     4.08749e+01
    2.15370e+00     7.09336e+02     4.60609e+01     4.06132e+01
    2.15779e+00     7.07631e+02     4.56173e+01     4.04568e+01
    2.16188e+00     7.06489e+02     4.55105e+01     4.02793e+01
    2.16597e+00     7.05509e+02     4.54170e+01     4.00364e+01
    2.17006e+00     7.04352e+02     4.53734e+01     3.98411e+01
    2.17416e+00     7.03545e+02     4.53853e+01     3.97394e+01
    2.17825e+00     7.02147e+02     4.52517e+01     3.95388e+01
    2.18234e+00     7.00228e+02     4.49755e+01     3.92641e+01
    2.18643e+00     7.00078e+02     4.50412e+01     3.91456e+01
    2.19052e+00     6.99214e+02     4.49448e+01     3.89740e+01
    2.19461e+00     6.96584e+02     4.46118e+01     3.87429e+01
    2.19870e+00     6.96746e+02     4.45097e+01     3.85555e+01
    2.20279e+00     6.94456e+02     4.44913e+01     3.84000e+01
    2.20688e+00     6.93532e+02     4.42654e+01     3.81751e+01
    2.21097e+00     6.92316e+02     4.41823e+01     3.79789e+01
    2.21506e+00     6.91097e+02     4.41645e+01     3.78715e+01
    2.21915e+00     6.89538e+02     4.40486e+01     3.76740e+01
    2.22324e+00     6.89131e+02     4.38724e+01     3.74610e+01
    2.22733e+00     6.88041e+02     4.38666e+01     3.73621e+01
    2.23142e+00     6.87092e+02     4.34808e+01     3.70971e+01
    2.23552e+00     6.84640e+02     4.33662e+01     3.68868e+01
    2.23961e+00     6.84414e+02     4.33656e+01     3.67371e+01
    2.24369e+00     6.83587e+02     4.34244e+01     3.66081e+01
    2.24779e+00     6.81663e+02     4.31916e+01     3.64097e+01
    2.25188e+00     6.79743e+02     4.28329e+01     3.62728e+01
    2.25597e+00     6.79145e+02     4.28922e+01     3.60679e+01
    2.26006e+00     6.77543e+02     4.29021e+01     3.59054e+01
    2.26415e+00     6.77084e+02     4.26599e+01     3.57057e+01
    2.26824e+00     6.75165e+02     4.24926e+01     3.55404e+01
    2.27233e+00     6.74474e+02     4.23892e+01     3.53966e+01
    2.27642e+00     6.73959e+02     4.24107e+01     3.51900e+01
    2.28051e+00     6.72323e+02     4.21984e+01     3.50631e+01
    2.28460e+00     6.71360e+02     4.21140e+01     3.48679e+01
    2.28869e+00     6.69507e+02     4.19358e+01     3.47326e+01
    2.29278e+00     6.67912e+02     4.17122e+01     3.45308e+01
    2.29687e+00     6.68265e+02     4.18462e+01     3.43785e+01
    2.30096e+00     6.65968e+02     4.16475e+01     3.41980e+01
    2.30506e+00     6.65170e+02     4.15334e+01     3.40436e+01
    2.30915e+00     6.64636e+02     4.15873e+01     3.38558e+01
    2.31324e+00     6.62932e+02     4.12557e+01     3.37133e+01
    2.31733e+00     6.61968e+02     4.13097e+01     3.35747e+01
    2.32142e+00     6.59973e+02     4.10159e+01     3.33714e+01
    2.32551e+00     6.59996e+02     4.10028e+01     3.32152e+01
    2.32960e+00     6.58722e+02     4.08819e+01     3.30650e+01
    2.33369e+00     6.57054e+02     4.08839e+01     3.29398e+01
    2.33778e+00     6.55615e+02     4.06383e+01     3.27407e+01
    2.34187e+00     6.54366e+02     4.04692e+01     3.25919e+01
    2.34596e+00     6.53449e+02     4.05332e+01     3.24585e+01
    2.35005e+00     6.52928e+02     4.03939e+01     3.22961e+01
    2.35414e+00     6.51572e+02     4.03047e+01     3.21307e+01
    2.35823e+00     6.50122e+02     4.00117e+01     3.19560e+01
    2.36232e+00     6.47914e+02     3.99226e+01     3.18461e+01
    2.36641e+00     6.47814e+02     3.99728e+01     3.16605e+01
    2.37051e+00     6.46350e+02     3.96837e+01     3.15172e+01
    2.37460e+00     6.46654e+02     3.97749e+01     3.13665e+01
    2.37869e+00     6.43664e+02     3.94563e+01     3.12135e+01
    2.38278e+00     6.43824e+02     3.94796e+01     3.10456e+01
    2.38687e+00     6.42258e+02     3.94157e+01     3.08843e+01
    2.39096e+00     6.40391e+02     3.92217e+01     3.07281e+01
    2.39505e+00     6.40042e+02     3.91489e+01     3.05971e+01
    2.39914e+00     6.38596e+02     3.89467e+01     3.04293e+01
    2.40323e+00     6.37483e+02     3.89587e+01     3.02880e+01
    2.40732e+00     6.35800e+02     3.87372e+01     3.01551e+01
    2.41141e+00     6.35181e+02     3.87151e+01     3.00285e+01
    2.41550e+00     6.34517e+02     3.86332e+01     2.98499e+01
    2.41959e+00     6.33576e+02     3.85834e+01     2.97416e+01
    2.42368e+00     6.31203e+02     3.83459e+01     2.95523e+01
    2.42777e+00     6.30087e+02     3.82913e+01     2.94229e+01
    2.43187e+00     6.29932e+02     3.82144e+01     2.93040e+01
    2.43596e+00     6.27419e+02     3.80460e+01     2.91368e+01
    2.44004e+00     6.27161e+02     3.80825e+01     2.90019e+01
    2.44414e+00     6.25753e+02     3.79246e+01     2.88504e+01
    2.44823e+00     6.24757e+02     3.77830e+01     2.87346e+01
    2.45232e+00     6.24015e+02     3.76345e+01     2.85615e+01
    2.45640e+00     6.22697e+02     3.76321e+01     2.84269e+01
    2.46050e+00     6.21381e+02     3.75200e+01     2.83293e+01
    2.46459e+00     6.20226e+02     3.73670e+01     2.81758e+01
    2.46868e+00     6.18493e+02     3.73155e+01     2.80083e+01
    2.47277e+00     6.17568e+02     3.71571e+01     2.78834e+01
    2.47686e+00     6.16508e+02     3.70557e+01     2.77321e+01
    2.48095e+00     6.15631e+02     3.70626e+01     2.76368e+01
    2.48504e+00     6.14081e+02     3.68923e+01     2.74742e+01
    2.48913e+00     6.13577e+02     3.67782e+01     2.73497e+01
    2.49322e+00     6.11781e+02     3.65996e+01     2.72083e+01
    2.49731e+00     6.10800e+02     3.65146e+01     2.70507e+01
    2.50141e+00     6.10351e+02     3.64876e+01     2.69517e+01
    2.50550e+00     6.07966e+02     3.63605e+01     2.67915e+01
    2.50959e+00     6.07680e+02     3.62489e+01     2.66618e+01
    2.51368e+00     6.06223e+02     3.62777e+01     2.65591e+01
    2.51777e+00     6.05694e+02     3.61301e+01     2.64111e+01
    2.52186e+00     6.04606e+02     3.59398e+01     2.62883e+01
    2.52595e+00     6.03337e+02     3.57671e+01     2.61431e+01
    2.53004e+00     6.02290e+02     3.58236e+01     2.60520e+01
    2.53413e+00     6.00128e+02     3.57106e+01     2.59160e+01
    2.53822e+00     6.00107e+02     3.55414e+01     2.57715e+01
    2.54231e+00     5.98586e+02     3.54992e+01     2.56234e+01
    2.54640e+00     5.97264e+02     3.54178e+01     2.55483e+01
    2.55049e+00     5.96870e+02     3.53587e+01     2.53964e+01
    2.55458e+00     5.95001e+02     3.51852e+01     2.52786e+01
    2.55867e+00     5.94208e+02     3.50567e+01     2.51299e+01
    2.56276e+00     5.93160e+02     3.49267e+01     2.50158e+01
    2.56685e+00     5.91524e+02     3.48230e+01     2.48926e+01
    2.57095e+00     5.90446e+02     3.47616e+01     2.47879e+01
    2.57504e+00     5.89945e+02     3.47037e+01     2.46422e+01
    2.57913e+00     5.89059e+02     3.46243e+01     2.45477e+01
    2.58322e+00     5.87184e+02     3.44944e+01     2.44062e+01
    2.58731e+00     5.85792e+02     3.44099e+01     2.43000e+01
    2.59140e+00     5.85352e+02     3.43039e+01     2.41721e+01
    2.59549e+00     5.83601e+02     3.41789e+01     2.40267e+01
    2.59958e+00     5.82787e+02     3.40989e+01     2.39179e+01
    2.60367e+00     5.81231e+02     3.39868e+01     2.38430e+01
    2.60776e+00     5.80660e+02     3.38643e+01     2.36956e+01
    2.61185e+00     5.80161e+02     3.38504e+01     2.35756e+01
    2.61594e+00     5.78799e+02     3.37688e+01     2.34525e+01
    2.62003e+00     5.78206e+02     3.37420e+01     2.33692e+01
    2.62412e+00     5.75873e+02     3.34921e+01     2.32362e+01
    2.62821e+00     5.75152e+02     3.35081e+01     2.31166e+01
    2.63230e+00     5.74376e+02     3.32415e+01     2.29894e+01
    2.63640e+00     5.73308e+02     3.32125e+01     2.28719e+01
    2.64049e+00     5.71714e+02     3.31475e+01     2.27649e+01
    2.64457e+00     5.70817e+02     3.31077e+01     2.26688e+01
    2.64867e+00     5.70071e+02     3.29749e+01     2.25340e+01
    2.65276e+00     5.68610e+02     3.28780e+01     2.24410e+01
    2.65685e+00     5.67370e+02     3.27936e+01     2.23372e+01
    2.66094e+00     5.66356e+02     3.26889e+01     2.22154e+01
    2.66503e+00     5.65004e+02     3.26459e+01     2.20960e+01
    2.66912e+00     5.63609e+02     3.25172e+01     2.19886e+01
    2.67321e+00     5.62787e+02     3.23295e+01     2.18837e+01
    2.67730e+00     5.61933e+02     3.22678e+01     2.17628e+01
    2.68139e+00     5.60820e+02     3.21912e+01     2.16650e+01
    2.68548e+00     5.59097e+02     3.20310e+01     2.15439e+01
    2.68957e+00     5.58909e+02     3.20225e+01     2.14315e+01
    2.69366e+00     5.57566e+02     3.20920e+01     2.13455e+01
    2.69776e+00     5.57016e+02     3.18505e+01     2.12214e+01
    2.70185e+00     5.55505e+02     3.17812e+01     2.11230e+01
    2.70594e+00     5.54224e+02     3.16834e+01     2.10047e+01
    2.71003e+00     5.52932e+02     3.16327e+01     2.09326e+01
    2.71412e+00     5.52078e+02     3.14471e+01     2.07937e+01
    2.71821e+00     5.51439e+02     3.14047e+01     2.06885e+01
    2.72230e+00     5.50389e+02     3.13177e+01     2.06030e+01
    2.72639e+00     5.48814e+02     3.11768e+01     2.05052e+01
    2.73048e+00     5.47430e+02     3.10702e+01     2.03837e+01
    2.73457e+00     5.46923e+02     3.10573e+01     2.03036e+01
    2.73866e+00     5.45501e+02     3.09503e+01     2.02031e+01
    2.74275e+00     5.44692e+02     3.09350e+01     2.01245e+01
    2.74684e+00     5.43945e+02     3.08372e+01     2.00152e+01
    2.75093e+00     5.42491e+02     3.06925e+01     1.98797e+01
    2.75502e+00     5.41649e+02     3.06296e+01     1.97881e+01
    2.75911e+00     5.40007e+02     3.05512e+01     1.96996e+01
    2.76320e+00     5.39011e+02     3.04388e+01     1.95860e+01
    2.76730e+00     5.37771e+02     3.02472e+01     1.94876e+01
    2.77139e+00     5.36931e+02     3.02672e+01     1.94020e+01
    2.77548e+00     5.36303e+02     3.01808e+01     1.92982e+01
    2.77957e+00     5.35170e+02     3.01282e+01     1.91977e+01
    2.78366e+00     5.34306e+02     3.00566e+01     1.91056e+01
    2.78775e+00     5.32792e+02     2.99221e+01     1.89974e+01
    2.79184e+00     5.31901e+02     2.98183e+01     1.89193e+01
    2.79593e+00     5.31023e+02     2.98506e+01     1.88324e+01
    2.80002e+00     5.29300e+02     2.97425e+01     1.87483e+01
    2.80411e+00     5.28654e+02     2.95876e+01     1.86156e+01
    2.80820e+00     5.27901e+02     2.95237e+01     1.85436e+01
    2.81229e+00     5.26621e+02     2.94410e+01     1.84421e+01
    2.81638e+00     5.25513e+02     2.92927e+01     1.83537e+01
    2.82047e+00     5.24883e+02     2.92156e+01     1.82698e+01
    2.82457e+00     5.23300e+02     2.91378e+01     1.81750e+01
    2.82866e+00     5.22565e+02     2.90728e+01     1.80728e+01
    2.83275e+00     5.21255e+02     2.90010e+01     1.79765e+01
    2.83684e+00     5.20448e+02     2.88947e+01     1.78856e+01
    2.84093e+00     5.19859e+02     2.88747e+01     1.78191e+01
    2.84502e+00     5.18070e+02     2.87398e+01     1.77138e+01
    2.84911e+00     5.17286e+02     2.86299e+01     1.76219e+01
    2.85320e+00     5.16760e+02     2.86377e+01     1.75341e+01
    2.85729e+00     5.15229e+02     2.84735e+01     1.74479e+01
    2.86138e+00     5.14228e+02     2.83737e+01     1.73563e+01
    2.86547e+00     5.13175e+02     2.83458e+01     1.73009e+01
    2.86956e+00     5.12670e+02     2.83900e+01     1.72054e+01
    2.87365e+00     5.10788e+02     2.81711e+01     1.70950e+01
    2.87774e+00     5.09545e+02     2.80536e+01     1.70159e+01
    2.88183e+00     5.08757e+02     2.80049e+01     1.69283e+01
    2.88592e+00     5.07761e+02     2.79219e+01     1.68452e+01
    2.89001e+00     5.06519e+02     2.78223e+01     1.67363e+01
    2.89410e+00     5.05606e+02     2.77044e+01     1.66503e+01
    2.89820e+00     5.04083e+02     2.76351e+01     1.65834e+01
    2.90229e+00     5.03690e+02     2.75769e+01     1.64988e+01
    2.90638e+00     5.02307e+02     2.75023e+01     1.64235e+01
    2.91047e+00     5.01836e+02     2.74525e+01     1.63260e+01
    2.91456e+00     5.00597e+02     2.73627e+01     1.62587e+01
    2.91865e+00     4.99710e+02     2.72605e+01     1.61731e+01
    2.92274e+00     4.98291e+02     2.72113e+01     1.60948e+01
    2.92683e+00     4.97770e+02     2.70639e+01     1.60029e+01
    2.93092e+00     4.96600e+02     2.70058e+01     1.59204e+01
    2.93501e+00     4.95837e+02     2.69297e+01     1.58446e+01
    2.93910e+00     4.94161e+02     2.68442e+01     1.57645e+01
    2.94319e+00     4.93182e+02     2.67414e+01     1.56919e+01
    2.94728e+00     4.93090e+02     2.67304e+01     1.56116e+01
    2.95137e+00     4.91425e+02     2.65584e+01     1.55205e+01
    2.95546e+00     4.90022e+02     2.65239e+01     1.54509e+01
    2.95955e+00     4.90099e+02     2.65016e+01     1.53762e+01
    2.96364e+00     4.88304e+02     2.63225e+01     1.52931e+01
    2.96774e+00     4.87227e+02     2.62386e+01     1.52112e+01
    2.97183e+00     4.86604e+02     2.62296e+01     1.51278e+01
    2.97592e+00     4.85553e+02     2.61179e+01     1.50513e+01
    2.98001e+00     4.84405e+02     2.60788e+01     1.49909e+01
    2.98410e+00     4.83434e+02     2.59694e+01     1.48932e+01
    2.98819e+00     4.82494e+02     2.58810e+01     1.48292e+01
    2.99228e+00     4.81539e+02     2.58563e+01     1.47568e+01
    2.99637e+00     4.80955e+02     2.58542e+01     1.46915e+01
    3.00046e+00     4.79466e+02     2.56156e+01     1.46068e+01
    3.00455e+00     4.78230e+02     2.56184e+01     1.45421e+01
    3.00864e+00     4.77704e+02     2.55572e+01     1.44679e+01
    3.01273e+00     4.76603e+02     2.54472e+01     1.43825e+01
    3.01682e+00     4.75663e+02     2.54019e+01     1.43243e+01
    3.02091e+00     4.74336e+02     2.52576e+01     1.42262e+01
    3.02500e+00     4.73883e+02     2.52289e+01     1.41591e+01
    3.02910e+00     4.72646e+02     2.51152e+01     1.40868e+01
    3.03319e+00     4.71893e+02     2.51207e+01     1.40266e+01
    3.03728e+00     4.70116e+02     2.49871e+01     1.39558e+01
    3.04137e+00     4.69213e+02     2.49196e+01     1.38829e+01
    3.04546e+00     4.68402e+02     2.47970e+01     1.37982e+01
    3.04955e+00     4.67533e+02     2.47888e+01     1.37422e+01
    3.05364e+00     4.66871e+02     2.46777e+01     1.36574e+01
    3.05773e+00     4.66159e+02     2.46610e+01     1.36023e+01
    3.06182e+00     4.64623e+02     2.44974e+01     1.35293e+01
    3.06591e+00     4.63631e+02     2.44276e+01     1.34479e+01
    3.07000e+00     4.63242e+02     2.43961e+01     1.33942e+01
    3.07409e+00     4.61876e+02     2.43313e+01     1.33222e+01
    3.07818e+00     4.60995e+02     2.42096e+01     1.32400e+01
    3.08227e+00     4.60626e+02     2.41791e+01     1.31826e+01
    3.08636e+00     4.59018e+02     2.40943e+01     1.31117e+01
    3.09045e+00     4.58260e+02     2.39899e+01     1.30519e+01
    3.09454e+00     4.56794e+02     2.39494e+01     1.29772e+01
    3.09863e+00     4.56288e+02     2.38894e+01     1.29160e+01
    3.10272e+00     4.55293e+02     2.37688e+01     1.28419e+01
    3.10682e+00     4.54313e+02     2.36987e+01     1.27765e+01
    3.11091e+00     4.53213e+02     2.36604e+01     1.27145e+01
    3.11500e+00     4.52354e+02     2.35785e+01     1.26636e+01
    3.11909e+00     4.51707e+02     2.35746e+01     1.25967e+01
    3.12318e+00     4.50799e+02     2.34910e+01     1.25344e+01
    3.12727e+00     4.49754e+02     2.33749e+01     1.24690e+01
    3.13136e+00     4.48589e+02     2.32821e+01     1.23977e+01
    3.13545e+00     4.47680e+02     2.32917e+01     1.23319e+01
    3.13954e+00     4.47184e+02     2.31749e+01     1.22741e+01
    3.14363e+00     4.45686e+02     2.30621e+01     1.22002e+01
    3.14772e+00     4.44732e+02     2.29893e+01     1.21351e+01
    3.15181e+00     4.44105e+02     2.29666e+01     1.20735e+01
    3.15590e+00     4.42980e+02     2.28808e+01     1.20152e+01
    3.16000e+00     4.42092e+02     2.28143e+01     1.19645e+01
    3.16409e+00     4.41084e+02     2.27359e+01     1.18941e+01
    3.16818e+00     4.40114e+02     2.26392e+01     1.18265e+01
    3.17227e+00     4.39201e+02     2.26158e+01     1.17725e+01
    3.17636e+00     4.38354e+02     2.25175e+01     1.17184e+01
    3.18045e+00     4.37533e+02     2.24531e+01     1.16568e+01
    3.18454e+00     4.36525e+02     2.23902e+01     1.15980e+01
    3.18863e+00     4.35458e+02     2.22677e+01     1.15329e+01
    3.19272e+00     4.34635e+02     2.22546e+01     1.14739e+01
    3.19681e+00     4.34246e+02     2.22051e+01     1.14279e+01
    3.20090e+00     4.33086e+02     2.21274e+01     1.13610e+01
    3.20499e+00     4.32087e+02     2.20352e+01     1.12978e+01
    3.20908e+00     4.31071e+02     2.19737e+01     1.12476e+01
    3.21317e+00     4.30245e+02     2.19209e+01     1.11733e+01
    3.21726e+00     4.29140e+02     2.18632e+01     1.11333e+01
    3.22135e+00     4.28170e+02     2.17557e+01     1.10731e+01
    3.22545e+00     4.27497e+02     2.17029e+01     1.10204e+01
    3.22954e+00     4.26796e+02     2.16486e+01     1.09667e+01
    3.23363e+00     4.25486e+02     2.15716e+01     1.08959e+01
    3.23772e+00     4.24803e+02     2.15536e+01     1.08470e+01
    3.24181e+00     4.23863e+02     2.14766e+01     1.07845e+01
    3.24590e+00     4.23201e+02     2.13921e+01     1.07402e+01
    3.24999e+00     4.22296e+02     2.13468e+01     1.06795e+01
    3.25408e+00     4.21297e+02     2.12518e+01     1.06310e+01
    3.25817e+00     4.20244e+02     2.11578e+01     1.05582e+01
    3.26226e+00     4.19274e+02     2.10825e+01     1.05084e+01
    3.26635e+00     4.18440e+02     2.10491e+01     1.04604e+01
    3.27044e+00     4.17736e+02     2.09929e+01     1.04081e+01
    3.27453e+00     4.16889e+02     2.09520e+01     1.03648e+01
    3.27862e+00     4.16170e+02     2.08836e+01     1.03108e+01
    3.28271e+00     4.14999e+02     2.07994e+01     1.02416e+01
    3.28681e+00     4.14333e+02     2.07612e+01     1.02006e+01
    3.29090e+00     4.13317e+02     2.06591e+01     1.01359e+01
    3.29499e+00     4.12172e+02     2.05926e+01     1.00995e+01
    3.29908e+00     4.11387e+02     2.05284e+01     1.00418e+01
    3.30317e+00     4.10183e+02     2.04046e+01     9.97965e+00
    3.30725e+00     4.09844e+02     2.04058e+01     9.93899e+00
    3.31135e+00     4.08782e+02     2.03436e+01     9.88324e+00
    3.31544e+00     4.07848e+02     2.02414e+01     9.83225e+00
    3.31953e+00     4.07545e+02     2.02529e+01     9.78572e+00
    3.32362e+00     4.06216e+02     2.01650e+01     9.73042e+00
    3.32771e+00     4.05625e+02     2.01262e+01     9.69143e+00
    3.33180e+00     4.04015e+02     2.00166e+01     9.62971e+00
    3.33589e+00     4.03774e+02     1.99625e+01     9.58779e+00
    3.33998e+00     4.02935e+02     1.99414e+01     9.53363e+00
    3.34407e+00     4.02141e+02     1.98479e+01     9.49396e+00
    3.34816e+00     4.01097e+02     1.97967e+01     9.43294e+00
    3.35226e+00     3.99915e+02     1.96923e+01     9.38009e+00
    3.35634e+00     3.99413e+02     1.96386e+01     9.34464e+00
    3.36043e+00     3.98581e+02     1.95691e+01     9.29458e+00
    3.36453e+00     3.97445e+02     1.95429e+01     9.25233e+00
    3.36862e+00     3.96845e+02     1.94642e+01     9.19345e+00
    3.37271e+00     3.95947e+02     1.93544e+01     9.14138e+00
    3.37680e+00     3.95253e+02     1.93374e+01     9.09964e+00
    3.38089e+00     3.94371e+02     1.93161e+01     9.06030e+00
    3.38498e+00     3.93709e+02     1.92639e+01     9.00938e+00
    3.38907e+00     3.92767e+02     1.92034e+01     8.96922e+00
    3.39316e+00     3.91571e+02     1.90988e+01     8.91874e+00
    3.39725e+00     3.90732e+02     1.90306e+01     8.86968e+00
    3.40134e+00     3.90513e+02     1.89818e+01     8.82374e+00
    3.40543e+00     3.89749e+02     1.89779e+01     8.78616e+00
    3.40952e+00     3.88754e+02     1.88667e+01     8.73390e+00
    3.41362e+00     3.87693e+02     1.87859e+01     8.70019e+00
    3.41770e+00     3.86920e+02     1.87499e+01     8.64945e+00
    3.42179e+00     3.85935e+02     1.86601e+01     8.59973e+00
    3.42588e+00     3.85297e+02     1.86279e+01     8.55291e+00
    3.42997e+00     3.84693e+02     1.85824e+01     8.51035e+00
    3.43406e+00     3.83929e+02     1.85054e+01     8.47223e+00
    3.43816e+00     3.82869e+02     1.84856e+01     8.42954e+00
    3.44225e+00     3.81725e+02     1.83528e+01     8.37520e+00
    3.44634e+00     3.81059e+02     1.83301e+01     8.34259e+00
    3.45043e+00     3.80667e+02     1.83216e+01     8.30459e+00
    3.45452e+00     3.79570e+02     1.82098e+01     8.25733e+00
    3.45861e+00     3.78870e+02     1.81582e+01     8.21884e+00
    3.46270e+00     3.77902e+02     1.81187e+01     8.17619e+00
    3.46679e+00     3.77237e+02     1.80669e+01     8.13622e+00
    3.47088e+00     3.76440e+02     1.79870e+01     8.09026e+00
    3.47497e+00     3.76093e+02     1.79509e+01     8.05143e+00
    3.47906e+00     3.74658e+02     1.79182e+01     8.01519e+00
    3.48315e+00     3.73981e+02     1.78599e+01     7.97028e+00
    3.48725e+00     3.72872e+02     1.77548e+01     7.92647e+00
    3.49134e+00     3.72520e+02     1.77152e+01     7.88583e+00
    3.49543e+00     3.71682e+02     1.76474e+01     7.84130e+00
    3.49952e+00     3.71004e+02     1.75861e+01     7.80697e+00
    3.50361e+00     3.70105e+02     1.75409e+01     7.76964e+00
    3.50770e+00     3.69606e+02     1.75054e+01     7.72384e+00
    3.51179e+00     3.69024e+02     1.74584e+01     7.69075e+00
    3.51588e+00     3.67947e+02     1.74264e+01     7.65035e+00
    3.51997e+00     3.67020e+02     1.73155e+01     7.60566e+00
    3.52406e+00     3.66057e+02     1.72616e+01     7.57173e+00
    3.52815e+00     3.65535e+02     1.72244e+01     7.53698e+00
    3.53224e+00     3.64849e+02     1.71627e+01     7.49110e+00
    3.53633e+00     3.63753e+02     1.71295e+01     7.45832e+00
    3.54042e+00     3.63259e+02     1.70866e+01     7.42127e+00
    3.54451e+00     3.62109e+02     1.69924e+01     7.37947e+00
    3.54860e+00     3.61833e+02     1.69966e+01     7.34859e+00
    3.55270e+00     3.60899e+02     1.69032e+01     7.30994e+00
    3.55679e+00     3.60020e+02     1.68382e+01     7.27171e+00
    3.56088e+00     3.59390e+02     1.67896e+01     7.23219e+00
    3.56497e+00     3.58847e+02     1.67742e+01     7.19757e+00
    3.56906e+00     3.57546e+02     1.66751e+01     7.15691e+00
    3.57315e+00     3.57392e+02     1.66532e+01     7.11882e+00
    3.57724e+00     3.56133e+02     1.65537e+01     7.08293e+00
    3.58133e+00     3.55610e+02     1.65510e+01     7.05565e+00
    3.58542e+00     3.54977e+02     1.65051e+01     7.01688e+00
    3.58951e+00     3.54487e+02     1.64604e+01     6.98380e+00
    3.59360e+00     3.53397e+02     1.63943e+01     6.94668e+00
    3.59769e+00     3.52404e+02     1.63350e+01     6.91288e+00
    3.60178e+00     3.51704e+02     1.62536e+01     6.87160e+00
    3.60587e+00     3.51078e+02     1.62349e+01     6.84065e+00
    3.60996e+00     3.50367e+02     1.61630e+01     6.80705e+00
    3.61405e+00     3.49679e+02     1.61166e+01     6.77010e+00
    3.61814e+00     3.48863e+02     1.60764e+01     6.73894e+00
    3.62224e+00     3.48104e+02     1.60120e+01     6.70068e+00
    3.62633e+00     3.47277e+02     1.59537e+01     6.67066e+00
    3.63042e+00     3.46799e+02     1.59421e+01     6.64012e+00
    3.63451e+00     3.46257e+02     1.58764e+01     6.60337e+00
    3.63860e+00     3.45346e+02     1.58139e+01     6.57222e+00
    3.64269e+00     3.44730e+02     1.57751e+01     6.53680e+00
    3.64678e+00     3.43950e+02     1.57163e+01     6.50422e+00
    3.65087e+00     3.42833e+02     1.56762e+01     6.47945e+00
    3.65496e+00     3.42438e+02     1.56223e+01     6.43874e+00
    3.65905e+00     3.41557e+02     1.55603e+01     6.41035e+00
    3.66314e+00     3.41212e+02     1.55565e+01     6.37451e+00
    3.66723e+00     3.40259e+02     1.54639e+01     6.34336e+00
    3.67132e+00     3.39873e+02     1.54711e+01     6.31432e+00
    3.67541e+00     3.38924e+02     1.53801e+01     6.28068e+00
    3.67950e+00     3.38397e+02     1.53621e+01     6.24979e+00
    3.68359e+00     3.37614e+02     1.52738e+01     6.21975e+00
    3.68769e+00     3.37168e+02     1.52842e+01     6.19809e+00
    3.69177e+00     3.36019e+02     1.52063e+01     6.16356e+00
    3.69587e+00     3.35454e+02     1.51557e+01     6.12964e+00
    3.69996e+00     3.34855e+02     1.51021e+01     6.10343e+00
    3.70405e+00     3.34253e+02     1.50408e+01     6.06416e+00
    3.70814e+00     3.33526e+02     1.50184e+01     6.03620e+00
    3.71223e+00     3.32809e+02     1.49933e+01     6.00729e+00
    3.71632e+00     3.31993e+02     1.49130e+01     5.97761e+00
    3.72041e+00     3.31446e+02     1.48752e+01     5.95459e+00
    3.72450e+00     3.30700e+02     1.48356e+01     5.92411e+00
    3.72859e+00     3.30054e+02     1.47870e+01     5.89111e+00
    3.73268e+00     3.29469e+02     1.47387e+01     5.86160e+00
    3.73677e+00     3.28665e+02     1.46795e+01     5.83219e+00
    3.74086e+00     3.28122e+02     1.46475e+01     5.80521e+00
    3.74495e+00     3.27097e+02     1.45869e+01     5.77579e+00
    3.74905e+00     3.26679e+02     1.45728e+01     5.75070e+00
    3.75313e+00     3.26121e+02     1.45111e+01     5.71911e+00
    3.75722e+00     3.25394e+02     1.44726e+01     5.69106e+00
    3.76131e+00     3.24696e+02     1.44332e+01     5.66250e+00
    3.76541e+00     3.24344e+02     1.43904e+01     5.63867e+00
    3.76950e+00     3.23453e+02     1.43222e+01     5.60785e+00
    3.77359e+00     3.22614e+02     1.42819e+01     5.58210e+00
    3.77768e+00     3.21993e+02     1.42503e+01     5.55404e+00
    3.78177e+00     3.21447e+02     1.42027e+01     5.52708e+00
    3.78586e+00     3.20603e+02     1.41407e+01     5.50012e+00
    3.78995e+00     3.19939e+02     1.40987e+01     5.47433e+00
    3.79404e+00     3.19354e+02     1.40649e+01     5.44318e+00
    3.79813e+00     3.18757e+02     1.40097e+01     5.41877e+00
    3.80222e+00     3.18116e+02     1.39704e+01     5.38937e+00
    3.80632e+00     3.17328e+02     1.39396e+01     5.37108e+00
    3.81040e+00     3.16758e+02     1.38984e+01     5.34391e+00
    3.81449e+00     3.16338e+02     1.38663e+01     5.31915e+00
    3.81859e+00     3.15495e+02     1.38091e+01     5.29244e+00
    3.82268e+00     3.14950e+02     1.37782e+01     5.26510e+00
    3.82677e+00     3.14476e+02     1.37450e+01     5.24116e+00
    3.83086e+00     3.13372e+02     1.36811e+01     5.21598e+00
    3.83495e+00     3.13003e+02     1.36514e+01     5.19107e+00
    3.83904e+00     3.12772e+02     1.36066e+01     5.16553e+00
    3.84313e+00     3.11769e+02     1.35630e+01     5.14140e+00
    3.84722e+00     3.11368e+02     1.35274e+01     5.11690e+00
    3.85131e+00     3.10641e+02     1.34672e+01     5.09181e+00
    3.85540e+00     3.09900e+02     1.34249e+01     5.06384e+00
    3.85949e+00     3.09342e+02     1.34119e+01     5.04669e+00
    3.86358e+00     3.08655e+02     1.33460e+01     5.01941e+00
    3.86768e+00     3.08333e+02     1.33113e+01     4.99538e+00
    3.87177e+00     3.07398e+02     1.32749e+01     4.97140e+00
    3.87585e+00     3.07085e+02     1.32772e+01     4.95466e+00
    3.87994e+00     3.06525e+02     1.32161e+01     4.92725e+00
    3.88403e+00     3.05670e+02     1.31667e+01     4.90332e+00
    3.88813e+00     3.05103e+02     1.31425e+01     4.88292e+00
    3.89222e+00     3.04521e+02     1.30942e+01     4.85718e+00
    3.89631e+00     3.03918e+02     1.30421e+01     4.83649e+00
    3.90040e+00     3.03348e+02     1.30062e+01     4.81245e+00
    3.90449e+00     3.02889e+02     1.29729e+01     4.79404e+00
    3.90858e+00     3.02267e+02     1.29494e+01     4.76987e+00
    3.91267e+00     3.01489e+02     1.29159e+01     4.75154e+00
    3.91676e+00     3.00916e+02     1.28596e+01     4.72762e+00
    3.92085e+00     3.00451e+02     1.28189e+01     4.70362e+00
    3.92494e+00     2.99851e+02     1.27871e+01     4.68419e+00
    3.92903e+00     2.99176e+02     1.27354e+01     4.65957e+00
    3.93312e+00     2.98709e+02     1.27153e+01     4.64196e+00
    3.93721e+00     2.98327e+02     1.26878e+01     4.61964e+00
    3.94130e+00     2.97678e+02     1.26329e+01     4.59495e+00
    3.94539e+00     2.97032e+02     1.25911e+01     4.57472e+00
    3.94949e+00     2.96435e+02     1.25696e+01     4.55501e+00
    3.95358e+00     2.95713e+02     1.25404e+01     4.53891e+00
    3.95767e+00     2.95165e+02     1.25150e+01     4.51589e+00
    3.96176e+00     2.94801e+02     1.24687e+01     4.49763e+00
    3.96585e+00     2.94063e+02     1.24166e+01     4.47374e+00
    3.96994e+00     2.93483e+02     1.23900e+01     4.45874e+00
    3.97403e+00     2.93188e+02     1.23592e+01     4.43597e+00
    3.97812e+00     2.92569e+02     1.23177e+01     4.41625e+00
    3.98221e+00     2.91718e+02     1.22677e+01     4.39447e+00
    3.98630e+00     2.91284e+02     1.22533e+01     4.37726e+00
    3.99039e+00     2.90682e+02     1.21972e+01     4.35345e+00
    3.99448e+00     2.90208e+02     1.21757e+01     4.33671e+00
    3.99857e+00     2.89662e+02     1.21356e+01     4.31784e+00
    4.00266e+00     2.89184e+02     1.20981e+01     4.29661e+00
    4.00675e+00     2.88787e+02     1.20872e+01     4.28054e+00
    4.01085e+00     2.88176e+02     1.20169e+01     4.25604e+00
    4.01494e+00     2.87617e+02     1.20111e+01     4.24228e+00
    4.01902e+00     2.86890e+02     1.19554e+01     4.22122e+00
    4.02312e+00     2.86436e+02     1.19388e+01     4.20618e+00
    4.02721e+00     2.86070e+02     1.19046e+01     4.18288e+00
    4.03130e+00     2.85481e+02     1.18754e+01     4.16930e+00
    4.03539e+00     2.84893e+02     1.18496e+01     4.15139e+00
    4.03948e+00     2.84435e+02     1.18071e+01     4.13392e+00
    4.04357e+00     2.83842e+02     1.17746e+01     4.11462e+00
    4.04766e+00     2.83211e+02     1.17278e+01     4.09501e+00
    4.05175e+00     2.82800e+02     1.17158e+01     4.07908e+00
    4.05584e+00     2.82355e+02     1.16837e+01     4.06472e+00
    4.05993e+00     2.81724e+02     1.16499e+01     4.04490e+00
    4.06402e+00     2.81391e+02     1.16209e+01     4.02738e+00
    4.06811e+00     2.80928e+02     1.15799e+01     4.01042e+00
    4.07220e+00     2.80268e+02     1.15630e+01     3.99568e+00
    4.07630e+00     2.79640e+02     1.15078e+01     3.97720e+00
    4.08038e+00     2.79055e+02     1.14685e+01     3.95659e+00
    4.08447e+00     2.78792e+02     1.14497e+01     3.94444e+00
    4.08857e+00     2.78219e+02     1.14250e+01     3.92845e+00
    4.09266e+00     2.77758e+02     1.13944e+01     3.91009e+00
    4.09675e+00     2.77284e+02     1.13684e+01     3.89596e+00
    4.10084e+00     2.76714e+02     1.13278e+01     3.87815e+00
    4.10493e+00     2.76085e+02     1.13117e+01     3.86195e+00
    4.10902e+00     2.75642e+02     1.12648e+01     3.84854e+00
    4.11311e+00     2.75102e+02     1.12406e+01     3.83326e+00
    4.11720e+00     2.74965e+02     1.12081e+01     3.81683e+00
    4.12129e+00     2.74227e+02     1.11731e+01     3.79926e+00
    4.12538e+00     2.73836e+02     1.11524e+01     3.78701e+00
    4.12947e+00     2.73030e+02     1.10982e+01     3.76731e+00
    4.13356e+00     2.72826e+02     1.10823e+01     3.75527e+00
    4.13765e+00     2.72365e+02     1.10501e+01     3.74084e+00
    4.14175e+00     2.71815e+02     1.10328e+01     3.72479e+00
    4.14584e+00     2.71194e+02     1.10026e+01     3.71037e+00
    4.14993e+00     2.71007e+02     1.09804e+01     3.69368e+00
    4.15402e+00     2.70585e+02     1.09484e+01     3.68083e+00
    4.15811e+00     2.69939e+02     1.09020e+01     3.66412e+00
    4.16220e+00     2.69612e+02     1.08820e+01     3.65144e+00
    4.16629e+00     2.69124e+02     1.08651e+01     3.63776e+00
    4.17038e+00     2.68533e+02     1.08237e+01     3.62093e+00
    4.17447e+00     2.68087e+02     1.07942e+01     3.60851e+00
    4.17856e+00     2.67625e+02     1.07758e+01     3.59436e+00
    4.18265e+00     2.67282e+02     1.07596e+01     3.58190e+00
    4.18674e+00     2.67079e+02     1.07423e+01     3.56936e+00
