# Real space h-h auto- and h-m cross-spectra.
# z=3.000, 12.000<lgM<12.500
#      k[h/Mpc]            P_hh            P_hm
    0.00000e+00     0.00000e+00     0.00000e+00
    5.79404e-03     1.77490e+04     4.47827e+03
    1.04717e-02     2.69641e+04     6.54371e+03
    1.42665e-02     3.25763e+04     8.60479e+03
    1.81228e-02     4.23412e+04     1.09873e+04
    2.24845e-02     3.63470e+04     9.26980e+03
    2.64508e-02     3.60946e+04     9.36539e+03
    3.04474e-02     2.63325e+04     6.63956e+03
    3.47320e-02     2.77123e+04     6.88726e+03
    3.88308e-02     2.26026e+04     5.60989e+03
    4.28140e-02     2.21063e+04     5.48759e+03
    4.68856e-02     2.00912e+04     4.93635e+03
    5.09858e-02     1.98108e+04     4.80555e+03
    5.51458e-02     1.82036e+04     4.36372e+03
    5.92243e-02     1.73071e+04     4.17408e+03
    6.32864e-02     1.65122e+04     3.95810e+03
    6.73674e-02     1.66616e+04     3.96955e+03
    7.14960e-02     1.55045e+04     3.68768e+03
    7.55894e-02     1.44371e+04     3.41065e+03
    7.96660e-02     1.37925e+04     3.22230e+03
    8.38183e-02     1.28795e+04     3.00005e+03
    8.78941e-02     1.17279e+04     2.69265e+03
    9.19238e-02     1.11414e+04     2.50069e+03
    9.60446e-02     1.04684e+04     2.31923e+03
    1.00128e-01     9.88076e+03     2.15515e+03
    1.04209e-01     9.33551e+03     2.01796e+03
    1.08333e-01     8.79661e+03     1.88734e+03
    1.12448e-01     8.89239e+03     1.90182e+03
    1.16521e-01     8.58415e+03     1.81274e+03
    1.20596e-01     8.26186e+03     1.73064e+03
    1.24665e-01     8.19784e+03     1.72354e+03
    1.28771e-01     7.87299e+03     1.63701e+03
    1.32874e-01     7.59213e+03     1.58013e+03
    1.36975e-01     7.20175e+03     1.47475e+03
    1.41075e-01     7.00478e+03     1.41449e+03
    1.45172e-01     6.82848e+03     1.35899e+03
    1.49268e-01     6.41559e+03     1.24394e+03
    1.53330e-01     6.24024e+03     1.20559e+03
    1.57416e-01     6.00574e+03     1.14608e+03
    1.61514e-01     5.82338e+03     1.09808e+03
    1.65592e-01     5.61297e+03     1.04390e+03
    1.69693e-01     5.48833e+03     1.01000e+03
    1.73803e-01     5.34592e+03     9.63133e+02
    1.77905e-01     5.24312e+03     9.48496e+02
    1.82001e-01     5.15158e+03     9.21477e+02
    1.86092e-01     5.01595e+03     8.95706e+02
    1.90161e-01     5.02966e+03     8.82450e+02
    1.94237e-01     4.81957e+03     8.31109e+02
    1.98334e-01     4.88063e+03     8.43493e+02
    2.02427e-01     4.70411e+03     8.07449e+02
    2.06523e-01     4.51206e+03     7.63535e+02
    2.10626e-01     4.46799e+03     7.41912e+02
    2.14724e-01     4.33763e+03     7.09989e+02
    2.18827e-01     4.29667e+03     7.00534e+02
    2.22903e-01     4.19105e+03     6.71103e+02
    2.26990e-01     4.06006e+03     6.40968e+02
    2.31084e-01     4.00747e+03     6.25490e+02
    2.35153e-01     3.97697e+03     6.08623e+02
    2.39244e-01     3.86573e+03     5.91192e+02
    2.43338e-01     3.82462e+03     5.78450e+02
    2.47445e-01     3.74117e+03     5.66711e+02
    2.51539e-01     3.72687e+03     5.52377e+02
    2.55609e-01     3.70122e+03     5.44665e+02
    2.59718e-01     3.60662e+03     5.27671e+02
    2.63814e-01     3.56414e+03     5.12203e+02
    2.67904e-01     3.49460e+03     5.00820e+02
    2.71993e-01     3.44899e+03     4.89226e+02
    2.76068e-01     3.40762e+03     4.73520e+02
    2.80171e-01     3.35355e+03     4.64536e+02
    2.84268e-01     3.31342e+03     4.49114e+02
    2.88346e-01     3.23969e+03     4.35262e+02
    2.92426e-01     3.19791e+03     4.27354e+02
    2.96514e-01     3.18414e+03     4.17893e+02
    3.00627e-01     3.14747e+03     4.10328e+02
    3.04729e-01     3.10013e+03     3.99866e+02
    3.08821e-01     3.08700e+03     3.95715e+02
    3.12919e-01     3.04614e+03     3.88824e+02
    3.16999e-01     2.98932e+03     3.77331e+02
    3.21078e-01     2.95753e+03     3.66349e+02
    3.25167e-01     2.96310e+03     3.66226e+02
    3.29247e-01     2.88848e+03     3.51457e+02
    3.33333e-01     2.88920e+03     3.48425e+02
    3.37443e-01     2.85183e+03     3.39717e+02
    3.41545e-01     2.82195e+03     3.33892e+02
    3.45625e-01     2.77291e+03     3.22772e+02
    3.49715e-01     2.76494e+03     3.20092e+02
    3.53817e-01     2.74884e+03     3.13645e+02
    3.57906e-01     2.70967e+03     3.07102e+02
    3.61975e-01     2.66891e+03     3.00077e+02
    3.66071e-01     2.64221e+03     2.95728e+02
    3.70189e-01     2.62783e+03     2.90647e+02
    3.74277e-01     2.61632e+03     2.87013e+02
    3.78356e-01     2.59493e+03     2.80685e+02
    3.82448e-01     2.57559e+03     2.77013e+02
    3.86535e-01     2.56032e+03     2.72665e+02
    3.90624e-01     2.54988e+03     2.70385e+02
    3.94706e-01     2.51975e+03     2.64486e+02
    3.98794e-01     2.48867e+03     2.58201e+02
    4.02896e-01     2.48412e+03     2.55499e+02
    4.06986e-01     2.45670e+03     2.51005e+02
    4.11069e-01     2.43617e+03     2.45881e+02
    4.15170e-01     2.41385e+03     2.41245e+02
    4.19263e-01     2.40546e+03     2.37924e+02
    4.23353e-01     2.38030e+03     2.33965e+02
    4.27447e-01     2.36210e+03     2.30002e+02
    4.31534e-01     2.36018e+03     2.28475e+02
    4.35624e-01     2.33012e+03     2.23168e+02
    4.39718e-01     2.29773e+03     2.18349e+02
    4.43804e-01     2.30167e+03     2.17608e+02
    4.47892e-01     2.28578e+03     2.13140e+02
    4.51977e-01     2.28791e+03     2.12665e+02
    4.56067e-01     2.26558e+03     2.07450e+02
    4.60165e-01     2.25459e+03     2.04284e+02
    4.64260e-01     2.23810e+03     2.03394e+02
    4.68355e-01     2.22420e+03     1.99654e+02
    4.72450e-01     2.19842e+03     1.95208e+02
    4.76540e-01     2.19657e+03     1.94378e+02
    4.80633e-01     2.18887e+03     1.92384e+02
    4.84718e-01     2.17071e+03     1.88271e+02
    4.88794e-01     2.15018e+03     1.84559e+02
    4.92888e-01     2.15573e+03     1.84690e+02
    4.96984e-01     2.13792e+03     1.82056e+02
    5.01073e-01     2.11798e+03     1.79174e+02
    5.05169e-01     2.10983e+03     1.76335e+02
    5.09268e-01     2.09752e+03     1.73377e+02
    5.13369e-01     2.09240e+03     1.72145e+02
    5.17441e-01     2.07962e+03     1.70166e+02
    5.21516e-01     2.06501e+03     1.67612e+02
    5.25611e-01     2.06303e+03     1.65943e+02
    5.29706e-01     2.05267e+03     1.64032e+02
    5.33801e-01     2.03846e+03     1.60908e+02
    5.37888e-01     2.02670e+03     1.60061e+02
    5.41985e-01     2.02507e+03     1.58623e+02
    5.46091e-01     2.00580e+03     1.55953e+02
    5.50174e-01     2.00636e+03     1.54819e+02
    5.54252e-01     1.99909e+03     1.53163e+02
    5.58346e-01     1.98715e+03     1.51148e+02
    5.62439e-01     1.97042e+03     1.48430e+02
    5.66527e-01     1.96884e+03     1.47413e+02
    5.70616e-01     1.96076e+03     1.46128e+02
    5.74707e-01     1.96105e+03     1.45290e+02
    5.78798e-01     1.93104e+03     1.41749e+02
    5.82883e-01     1.93425e+03     1.40837e+02
    5.86977e-01     1.93436e+03     1.39742e+02
    5.91070e-01     1.91380e+03     1.37379e+02
    5.95166e-01     1.91314e+03     1.37317e+02
    5.99260e-01     1.90379e+03     1.34376e+02
    6.03349e-01     1.89793e+03     1.34456e+02
    6.07445e-01     1.89705e+03     1.32931e+02
    6.11543e-01     1.89107e+03     1.31135e+02
    6.15623e-01     1.87567e+03     1.29983e+02
    6.19704e-01     1.86626e+03     1.27593e+02
    6.23792e-01     1.85616e+03     1.26532e+02
    6.27891e-01     1.84636e+03     1.25676e+02
    6.31991e-01     1.84983e+03     1.24659e+02
    6.36073e-01     1.84413e+03     1.23089e+02
    6.40158e-01     1.83087e+03     1.21322e+02
    6.44244e-01     1.82228e+03     1.19992e+02
    6.48338e-01     1.81174e+03     1.19048e+02
    6.52432e-01     1.81370e+03     1.18077e+02
    6.56514e-01     1.80756e+03     1.17097e+02
    6.60609e-01     1.79328e+03     1.15100e+02
    6.64712e-01     1.79374e+03     1.14669e+02
    6.68801e-01     1.79376e+03     1.14311e+02
    6.72890e-01     1.78895e+03     1.12896e+02
    6.76984e-01     1.77452e+03     1.11241e+02
    6.81074e-01     1.77257e+03     1.10120e+02
    6.85160e-01     1.76733e+03     1.09831e+02
    6.89246e-01     1.75820e+03     1.08539e+02
    6.93336e-01     1.75574e+03     1.08166e+02
    6.97434e-01     1.74384e+03     1.06110e+02
    7.01528e-01     1.73971e+03     1.05310e+02
    7.05618e-01     1.73337e+03     1.04534e+02
    7.09708e-01     1.72832e+03     1.03614e+02
    7.13796e-01     1.73255e+03     1.03620e+02
    7.17892e-01     1.71416e+03     1.01850e+02
    7.21982e-01     1.71839e+03     1.01237e+02
    7.26059e-01     1.71392e+03     1.00279e+02
    7.30145e-01     1.70730e+03     9.94942e+01
    7.34240e-01     1.69998e+03     9.82429e+01
    7.38340e-01     1.69723e+03     9.81467e+01
    7.42427e-01     1.68708e+03     9.65963e+01
    7.46511e-01     1.68723e+03     9.62308e+01
    7.50614e-01     1.68306e+03     9.54227e+01
    7.54706e-01     1.67329e+03     9.40944e+01
    7.58795e-01     1.67070e+03     9.36697e+01
    7.62888e-01     1.66685e+03     9.26907e+01
    7.66986e-01     1.65803e+03     9.25605e+01
    7.71073e-01     1.65785e+03     9.11893e+01
    7.75153e-01     1.64865e+03     9.07279e+01
    7.79241e-01     1.64528e+03     9.02496e+01
    7.83335e-01     1.64340e+03     8.92033e+01
    7.87426e-01     1.64143e+03     8.90563e+01
    7.91513e-01     1.63215e+03     8.80068e+01
    7.95606e-01     1.62686e+03     8.75397e+01
    7.99702e-01     1.62410e+03     8.66662e+01
    8.03798e-01     1.62155e+03     8.57769e+01
    8.07879e-01     1.61977e+03     8.55114e+01
    8.11963e-01     1.61639e+03     8.48613e+01
    8.16059e-01     1.61185e+03     8.42646e+01
    8.20152e-01     1.60555e+03     8.34923e+01
    8.24242e-01     1.59267e+03     8.23497e+01
    8.28331e-01     1.59077e+03     8.17560e+01
    8.32425e-01     1.58980e+03     8.13158e+01
    8.36516e-01     1.58810e+03     8.07681e+01
    8.40610e-01     1.58273e+03     8.02135e+01
    8.44704e-01     1.58051e+03     7.95754e+01
    8.48790e-01     1.57849e+03     7.89689e+01
    8.52876e-01     1.57272e+03     7.85784e+01
    8.56967e-01     1.56598e+03     7.76025e+01
    8.61059e-01     1.55934e+03     7.71996e+01
    8.65147e-01     1.56526e+03     7.68271e+01
    8.69235e-01     1.55170e+03     7.59636e+01
    8.73334e-01     1.55965e+03     7.57500e+01
    8.77429e-01     1.54950e+03     7.52272e+01
    8.81512e-01     1.54909e+03     7.49007e+01
    8.85601e-01     1.54402e+03     7.45477e+01
    8.89691e-01     1.54397e+03     7.35929e+01
    8.93784e-01     1.53822e+03     7.32818e+01
    8.97875e-01     1.53854e+03     7.29957e+01
    9.01960e-01     1.52979e+03     7.21430e+01
    9.06054e-01     1.52514e+03     7.13956e+01
    9.10146e-01     1.52416e+03     7.14240e+01
    9.14237e-01     1.51624e+03     7.03983e+01
    9.18331e-01     1.51538e+03     7.03176e+01
    9.22421e-01     1.51193e+03     6.97405e+01
    9.26509e-01     1.50277e+03     6.91370e+01
    9.30598e-01     1.50434e+03     6.87786e+01
    9.34692e-01     1.50187e+03     6.87799e+01
    9.38787e-01     1.49851e+03     6.81069e+01
    9.42873e-01     1.49573e+03     6.74166e+01
    9.46961e-01     1.48788e+03     6.69772e+01
    9.51054e-01     1.49052e+03     6.67993e+01
    9.55150e-01     1.48779e+03     6.65502e+01
    9.59240e-01     1.48300e+03     6.58424e+01
    9.63327e-01     1.47735e+03     6.52715e+01
    9.67420e-01     1.47701e+03     6.51732e+01
    9.71506e-01     1.47336e+03     6.43956e+01
    9.75588e-01     1.46853e+03     6.39132e+01
    9.79678e-01     1.46906e+03     6.41570e+01
    9.83773e-01     1.46402e+03     6.33937e+01
    9.87866e-01     1.45651e+03     6.28580e+01
    9.91960e-01     1.45931e+03     6.28689e+01
    9.96055e-01     1.45435e+03     6.21011e+01
    1.00015e+00     1.44935e+03     6.18854e+01
    1.00424e+00     1.44794e+03     6.14911e+01
    1.00832e+00     1.44528e+03     6.11265e+01
    1.01242e+00     1.44221e+03     6.07564e+01
    1.01651e+00     1.43708e+03     6.02869e+01
    1.02059e+00     1.43855e+03     6.03162e+01
    1.02468e+00     1.43471e+03     5.98818e+01
    1.02878e+00     1.43050e+03     5.93455e+01
    1.03287e+00     1.43070e+03     5.94202e+01
    1.03695e+00     1.42527e+03     5.86772e+01
    1.04105e+00     1.41998e+03     5.82884e+01
    1.04515e+00     1.41885e+03     5.79273e+01
    1.04923e+00     1.41620e+03     5.76491e+01
    1.05332e+00     1.41611e+03     5.74410e+01
    1.05741e+00     1.41165e+03     5.69309e+01
    1.06150e+00     1.40525e+03     5.65305e+01
    1.06559e+00     1.40305e+03     5.61117e+01
    1.06968e+00     1.40450e+03     5.60133e+01
    1.07377e+00     1.39795e+03     5.57425e+01
    1.07786e+00     1.40004e+03     5.53641e+01
    1.08195e+00     1.39146e+03     5.49304e+01
    1.08605e+00     1.39246e+03     5.48938e+01
    1.09014e+00     1.39037e+03     5.46617e+01
    1.09422e+00     1.38792e+03     5.43345e+01
    1.09832e+00     1.38394e+03     5.40941e+01
    1.10242e+00     1.38291e+03     5.37701e+01
    1.10650e+00     1.37766e+03     5.32781e+01
    1.11059e+00     1.37718e+03     5.28348e+01
    1.11468e+00     1.37064e+03     5.24826e+01
    1.11878e+00     1.37294e+03     5.24971e+01
    1.12287e+00     1.36660e+03     5.20187e+01
    1.12695e+00     1.36732e+03     5.19250e+01
    1.13105e+00     1.36237e+03     5.17564e+01
    1.13514e+00     1.36051e+03     5.13884e+01
    1.13922e+00     1.35795e+03     5.11829e+01
    1.14331e+00     1.35619e+03     5.09446e+01
    1.14741e+00     1.35439e+03     5.05878e+01
    1.15150e+00     1.35214e+03     5.05104e+01
    1.15559e+00     1.34749e+03     4.97967e+01
    1.15968e+00     1.34420e+03     4.96175e+01
    1.16377e+00     1.34194e+03     4.93713e+01
    1.16786e+00     1.34150e+03     4.94176e+01
    1.17195e+00     1.33725e+03     4.89829e+01
    1.17604e+00     1.33858e+03     4.90298e+01
    1.18013e+00     1.33410e+03     4.83444e+01
    1.18422e+00     1.33072e+03     4.83270e+01
    1.18831e+00     1.32898e+03     4.80587e+01
    1.19240e+00     1.32623e+03     4.76379e+01
    1.19649e+00     1.32472e+03     4.76280e+01
    1.20059e+00     1.32202e+03     4.73931e+01
    1.20468e+00     1.31988e+03     4.70577e+01
    1.20877e+00     1.31638e+03     4.68716e+01
    1.21286e+00     1.31680e+03     4.66948e+01
    1.21695e+00     1.31289e+03     4.64658e+01
    1.22104e+00     1.31205e+03     4.62525e+01
    1.22513e+00     1.30556e+03     4.58371e+01
    1.22922e+00     1.30826e+03     4.58426e+01
    1.23330e+00     1.30356e+03     4.54917e+01
    1.23740e+00     1.30058e+03     4.51582e+01
    1.24149e+00     1.29893e+03     4.50196e+01
    1.24558e+00     1.29542e+03     4.48933e+01
    1.24967e+00     1.29316e+03     4.45588e+01
    1.25376e+00     1.29010e+03     4.42833e+01
    1.25785e+00     1.28746e+03     4.39198e+01
    1.26194e+00     1.28750e+03     4.39694e+01
    1.26603e+00     1.28198e+03     4.36327e+01
    1.27012e+00     1.28292e+03     4.34277e+01
    1.27422e+00     1.28050e+03     4.34430e+01
    1.27831e+00     1.27620e+03     4.29853e+01
    1.28240e+00     1.27722e+03     4.31207e+01
    1.28649e+00     1.27510e+03     4.28722e+01
    1.29058e+00     1.27059e+03     4.24499e+01
    1.29467e+00     1.26913e+03     4.21454e+01
    1.29876e+00     1.26909e+03     4.20958e+01
    1.30285e+00     1.26311e+03     4.19535e+01
    1.30694e+00     1.26009e+03     4.15958e+01
    1.31103e+00     1.26458e+03     4.18710e+01
    1.31512e+00     1.25864e+03     4.14102e+01
    1.31921e+00     1.25537e+03     4.10669e+01
    1.32331e+00     1.25355e+03     4.09343e+01
    1.32739e+00     1.24878e+03     4.06816e+01
    1.33148e+00     1.24981e+03     4.06622e+01
    1.33558e+00     1.24712e+03     4.04018e+01
    1.33967e+00     1.24296e+03     4.01001e+01
    1.34376e+00     1.24389e+03     4.00147e+01
    1.34785e+00     1.24147e+03     3.99339e+01
    1.35195e+00     1.23908e+03     3.97603e+01
    1.35603e+00     1.23802e+03     3.96584e+01
    1.36011e+00     1.23324e+03     3.92264e+01
    1.36421e+00     1.23458e+03     3.91701e+01
    1.36830e+00     1.22938e+03     3.89671e+01
    1.37239e+00     1.22997e+03     3.87903e+01
    1.37648e+00     1.22675e+03     3.86789e+01
    1.38057e+00     1.22339e+03     3.84419e+01
    1.38466e+00     1.22110e+03     3.83360e+01
    1.38875e+00     1.21861e+03     3.80102e+01
    1.39285e+00     1.21922e+03     3.80597e+01
    1.39694e+00     1.21429e+03     3.77066e+01
    1.40102e+00     1.21468e+03     3.76859e+01
    1.40512e+00     1.21405e+03     3.75352e+01
    1.40921e+00     1.20915e+03     3.72250e+01
    1.41330e+00     1.21083e+03     3.72844e+01
    1.41739e+00     1.20522e+03     3.69936e+01
    1.42148e+00     1.20302e+03     3.67614e+01
    1.42557e+00     1.20088e+03     3.66236e+01
    1.42966e+00     1.19834e+03     3.64756e+01
    1.43375e+00     1.19946e+03     3.64296e+01
    1.43784e+00     1.19261e+03     3.60981e+01
    1.44193e+00     1.19525e+03     3.59879e+01
    1.44602e+00     1.18932e+03     3.58672e+01
    1.45011e+00     1.19024e+03     3.58023e+01
    1.45420e+00     1.18748e+03     3.56049e+01
    1.45830e+00     1.18442e+03     3.53985e+01
    1.46239e+00     1.18250e+03     3.52889e+01
    1.46648e+00     1.18184e+03     3.51978e+01
    1.47056e+00     1.18188e+03     3.51061e+01
    1.47465e+00     1.17501e+03     3.47928e+01
    1.47874e+00     1.17624e+03     3.47520e+01
    1.48283e+00     1.17091e+03     3.44376e+01
    1.48693e+00     1.17074e+03     3.43927e+01
    1.49102e+00     1.16838e+03     3.42432e+01
    1.49511e+00     1.16657e+03     3.40937e+01
    1.49920e+00     1.16543e+03     3.39883e+01
    1.50329e+00     1.16279e+03     3.37359e+01
    1.50738e+00     1.15903e+03     3.36623e+01
    1.51148e+00     1.15918e+03     3.34261e+01
    1.51557e+00     1.15748e+03     3.35413e+01
    1.51965e+00     1.15172e+03     3.32382e+01
    1.52374e+00     1.15303e+03     3.32267e+01
    1.52784e+00     1.15019e+03     3.29474e+01
    1.53193e+00     1.15184e+03     3.29632e+01
    1.53602e+00     1.14716e+03     3.27878e+01
    1.54011e+00     1.14564e+03     3.26581e+01
    1.54420e+00     1.14667e+03     3.25359e+01
    1.54829e+00     1.14189e+03     3.23972e+01
    1.55238e+00     1.13912e+03     3.21913e+01
    1.55647e+00     1.13623e+03     3.20571e+01
    1.56056e+00     1.13838e+03     3.19590e+01
    1.56465e+00     1.13424e+03     3.18711e+01
    1.56874e+00     1.12934e+03     3.16234e+01
    1.57283e+00     1.12950e+03     3.15276e+01
    1.57693e+00     1.12760e+03     3.13709e+01
    1.58102e+00     1.12694e+03     3.13991e+01
    1.58510e+00     1.12537e+03     3.12948e+01
    1.58919e+00     1.12273e+03     3.09786e+01
    1.59329e+00     1.12147e+03     3.09656e+01
    1.59738e+00     1.11779e+03     3.08205e+01
    1.60147e+00     1.11767e+03     3.06668e+01
    1.60556e+00     1.11366e+03     3.06248e+01
    1.60965e+00     1.11336e+03     3.04799e+01
    1.61374e+00     1.11282e+03     3.03423e+01
    1.61783e+00     1.11001e+03     3.02486e+01
    1.62192e+00     1.10681e+03     3.01730e+01
    1.62601e+00     1.10668e+03     3.00371e+01
    1.63010e+00     1.10492e+03     2.98887e+01
    1.63419e+00     1.10200e+03     2.98457e+01
    1.63828e+00     1.10057e+03     2.96188e+01
    1.64238e+00     1.09817e+03     2.95590e+01
    1.64647e+00     1.09754e+03     2.94022e+01
    1.65055e+00     1.09374e+03     2.93286e+01
    1.65465e+00     1.09189e+03     2.91551e+01
    1.65874e+00     1.08895e+03     2.90280e+01
    1.66283e+00     1.08923e+03     2.90435e+01
    1.66691e+00     1.08826e+03     2.89141e+01
    1.67101e+00     1.08547e+03     2.87276e+01
    1.67510e+00     1.08229e+03     2.85672e+01
    1.67919e+00     1.08214e+03     2.85650e+01
    1.68328e+00     1.07858e+03     2.83140e+01
    1.68737e+00     1.07790e+03     2.82687e+01
    1.69146e+00     1.07679e+03     2.81989e+01
    1.69555e+00     1.07369e+03     2.80399e+01
    1.69964e+00     1.07354e+03     2.79792e+01
    1.70373e+00     1.07154e+03     2.79362e+01
    1.70782e+00     1.06990e+03     2.78657e+01
    1.71191e+00     1.06760e+03     2.76773e+01
    1.71600e+00     1.06280e+03     2.75357e+01
    1.72009e+00     1.06222e+03     2.74070e+01
    1.72418e+00     1.06212e+03     2.74055e+01
    1.72828e+00     1.06039e+03     2.73277e+01
    1.73237e+00     1.05584e+03     2.71058e+01
    1.73646e+00     1.05517e+03     2.70952e+01
    1.74055e+00     1.05439e+03     2.69564e+01
    1.74464e+00     1.05283e+03     2.69229e+01
    1.74874e+00     1.05165e+03     2.68452e+01
    1.75282e+00     1.04831e+03     2.67086e+01
    1.75691e+00     1.04668e+03     2.65923e+01
    1.76100e+00     1.04380e+03     2.64330e+01
    1.76509e+00     1.04316e+03     2.63487e+01
    1.76918e+00     1.03950e+03     2.62326e+01
    1.77327e+00     1.03852e+03     2.61278e+01
    1.77737e+00     1.03769e+03     2.60457e+01
    1.78146e+00     1.03504e+03     2.59054e+01
    1.78554e+00     1.03275e+03     2.58508e+01
    1.78964e+00     1.03200e+03     2.57080e+01
    1.79373e+00     1.02980e+03     2.57398e+01
    1.79782e+00     1.02840e+03     2.55850e+01
    1.80191e+00     1.02660e+03     2.55128e+01
    1.80600e+00     1.02517e+03     2.54390e+01
    1.81009e+00     1.02495e+03     2.54325e+01
    1.81418e+00     1.02188e+03     2.52044e+01
    1.81827e+00     1.02049e+03     2.51553e+01
    1.82236e+00     1.01803e+03     2.50343e+01
    1.82645e+00     1.01717e+03     2.49827e+01
    1.83054e+00     1.01426e+03     2.48426e+01
    1.83463e+00     1.01301e+03     2.47007e+01
    1.83872e+00     1.01113e+03     2.47237e+01
    1.84281e+00     1.00941e+03     2.46650e+01
    1.84691e+00     1.00583e+03     2.44669e+01
    1.85100e+00     1.00566e+03     2.44257e+01
    1.85509e+00     1.00132e+03     2.42192e+01
    1.85918e+00     1.00036e+03     2.42325e+01
    1.86327e+00     9.99988e+02     2.41438e+01
    1.86736e+00     9.99895e+02     2.40958e+01
    1.87145e+00     9.97189e+02     2.39357e+01
    1.87554e+00     9.95233e+02     2.38682e+01
    1.87963e+00     9.94211e+02     2.37763e+01
    1.88372e+00     9.90898e+02     2.37181e+01
    1.88781e+00     9.88622e+02     2.35977e+01
    1.89190e+00     9.88117e+02     2.35711e+01
    1.89599e+00     9.87164e+02     2.34614e+01
    1.90008e+00     9.83875e+02     2.33365e+01
    1.90417e+00     9.83211e+02     2.33218e+01
    1.90827e+00     9.81156e+02     2.32007e+01
    1.91236e+00     9.79036e+02     2.31042e+01
    1.91645e+00     9.77235e+02     2.29884e+01
    1.92054e+00     9.77261e+02     2.30051e+01
    1.92463e+00     9.74202e+02     2.29133e+01
    1.92872e+00     9.73601e+02     2.28267e+01
    1.93281e+00     9.70109e+02     2.27247e+01
    1.93690e+00     9.68754e+02     2.26976e+01
    1.94099e+00     9.67487e+02     2.25980e+01
    1.94508e+00     9.64821e+02     2.24618e+01
    1.94917e+00     9.64351e+02     2.23922e+01
    1.95326e+00     9.63687e+02     2.23430e+01
    1.95735e+00     9.59474e+02     2.21982e+01
    1.96144e+00     9.58177e+02     2.22234e+01
    1.96553e+00     9.57271e+02     2.21185e+01
    1.96962e+00     9.55114e+02     2.19924e+01
    1.97371e+00     9.52718e+02     2.19001e+01
    1.97781e+00     9.51612e+02     2.18858e+01
    1.98190e+00     9.50768e+02     2.18163e+01
    1.98599e+00     9.49440e+02     2.17322e+01
    1.99008e+00     9.46573e+02     2.16373e+01
    1.99417e+00     9.45029e+02     2.15495e+01
    1.99826e+00     9.43412e+02     2.14820e+01
    2.00235e+00     9.42714e+02     2.14695e+01
    2.00644e+00     9.39670e+02     2.13029e+01
    2.01053e+00     9.37372e+02     2.12297e+01
    2.01462e+00     9.36305e+02     2.11887e+01
    2.01871e+00     9.36304e+02     2.11801e+01
    2.02280e+00     9.35284e+02     2.11098e+01
    2.02689e+00     9.30489e+02     2.09323e+01
    2.03098e+00     9.30458e+02     2.09263e+01
    2.03507e+00     9.28434e+02     2.08181e+01
    2.03917e+00     9.25705e+02     2.07560e+01
    2.04325e+00     9.24343e+02     2.06626e+01
    2.04735e+00     9.22788e+02     2.06109e+01
    2.05143e+00     9.20895e+02     2.05206e+01
    2.05552e+00     9.19552e+02     2.04464e+01
    2.05962e+00     9.17696e+02     2.04103e+01
    2.06371e+00     9.17462e+02     2.03525e+01
    2.06780e+00     9.14080e+02     2.02204e+01
    2.07189e+00     9.12678e+02     2.02226e+01
    2.07598e+00     9.11647e+02     2.01036e+01
    2.08007e+00     9.09675e+02     2.00499e+01
    2.08416e+00     9.08299e+02     1.99511e+01
    2.08825e+00     9.04838e+02     1.99065e+01
    2.09234e+00     9.05078e+02     1.98506e+01
    2.09644e+00     9.04147e+02     1.97797e+01
    2.10053e+00     9.01821e+02     1.97167e+01
    2.10461e+00     8.99836e+02     1.96742e+01
    2.10870e+00     8.98382e+02     1.96108e+01
    2.11280e+00     8.96646e+02     1.95160e+01
    2.11688e+00     8.94497e+02     1.94358e+01
    2.12098e+00     8.94722e+02     1.93958e+01
    2.12507e+00     8.91029e+02     1.92906e+01
    2.12916e+00     8.89365e+02     1.92087e+01
    2.13325e+00     8.87681e+02     1.91193e+01
    2.13734e+00     8.85882e+02     1.90934e+01
    2.14143e+00     8.85684e+02     1.90497e+01
    2.14552e+00     8.84064e+02     1.89640e+01
    2.14961e+00     8.82787e+02     1.89437e+01
    2.15370e+00     8.80296e+02     1.88483e+01
    2.15779e+00     8.79868e+02     1.88396e+01
    2.16188e+00     8.78460e+02     1.87806e+01
    2.16597e+00     8.76165e+02     1.86903e+01
    2.17006e+00     8.74320e+02     1.85973e+01
    2.17416e+00     8.71398e+02     1.84797e+01
    2.17825e+00     8.69679e+02     1.84459e+01
    2.18234e+00     8.68865e+02     1.84404e+01
    2.18643e+00     8.67094e+02     1.83707e+01
    2.19052e+00     8.65539e+02     1.83042e+01
    2.19461e+00     8.64082e+02     1.82306e+01
    2.19870e+00     8.62887e+02     1.81970e+01
    2.20279e+00     8.60497e+02     1.80896e+01
    2.20688e+00     8.59241e+02     1.80407e+01
    2.21097e+00     8.57617e+02     1.80173e+01
    2.21506e+00     8.55913e+02     1.79164e+01
    2.21915e+00     8.54190e+02     1.78699e+01
    2.22324e+00     8.52062e+02     1.77751e+01
    2.22733e+00     8.50750e+02     1.77250e+01
    2.23142e+00     8.50321e+02     1.76734e+01
    2.23552e+00     8.48373e+02     1.76409e+01
    2.23961e+00     8.45738e+02     1.75417e+01
    2.24369e+00     8.44660e+02     1.75084e+01
    2.24779e+00     8.43494e+02     1.74251e+01
    2.25188e+00     8.41018e+02     1.73738e+01
    2.25597e+00     8.39655e+02     1.73255e+01
    2.26006e+00     8.38673e+02     1.72712e+01
    2.26415e+00     8.38377e+02     1.72679e+01
    2.26824e+00     8.35879e+02     1.71758e+01
    2.27233e+00     8.34013e+02     1.71301e+01
    2.27642e+00     8.31536e+02     1.70478e+01
    2.28051e+00     8.31138e+02     1.70439e+01
    2.28460e+00     8.28446e+02     1.68859e+01
    2.28869e+00     8.27114e+02     1.68442e+01
    2.29278e+00     8.24628e+02     1.67696e+01
    2.29687e+00     8.24567e+02     1.67445e+01
    2.30096e+00     8.22522e+02     1.67154e+01
    2.30506e+00     8.20818e+02     1.66188e+01
    2.30915e+00     8.20129e+02     1.65987e+01
    2.31324e+00     8.18196e+02     1.65414e+01
    2.31733e+00     8.16696e+02     1.64528e+01
    2.32142e+00     8.15603e+02     1.64674e+01
    2.32551e+00     8.12678e+02     1.63669e+01
    2.32960e+00     8.10488e+02     1.62826e+01
    2.33369e+00     8.10005e+02     1.62662e+01
    2.33778e+00     8.09543e+02     1.62566e+01
    2.34187e+00     8.07166e+02     1.61689e+01
    2.34596e+00     8.05695e+02     1.61008e+01
    2.35005e+00     8.04627e+02     1.60801e+01
    2.35414e+00     8.02203e+02     1.59860e+01
    2.35823e+00     8.00675e+02     1.59506e+01
    2.36232e+00     8.00311e+02     1.59278e+01
    2.36641e+00     7.96864e+02     1.58173e+01
    2.37051e+00     7.97113e+02     1.58000e+01
    2.37460e+00     7.95233e+02     1.57337e+01
    2.37869e+00     7.92486e+02     1.56374e+01
    2.38278e+00     7.91695e+02     1.56556e+01
    2.38687e+00     7.90267e+02     1.55654e+01
    2.39096e+00     7.87618e+02     1.55158e+01
    2.39505e+00     7.86929e+02     1.54514e+01
    2.39914e+00     7.84857e+02     1.54160e+01
    2.40323e+00     7.83458e+02     1.53466e+01
    2.40732e+00     7.81943e+02     1.53105e+01
    2.41141e+00     7.79555e+02     1.52493e+01
    2.41550e+00     7.79324e+02     1.52344e+01
    2.41959e+00     7.77954e+02     1.51824e+01
    2.42368e+00     7.76865e+02     1.51499e+01
    2.42777e+00     7.74300e+02     1.50595e+01
    2.43187e+00     7.73385e+02     1.50249e+01
    2.43596e+00     7.71774e+02     1.49602e+01
    2.44004e+00     7.70159e+02     1.49116e+01
    2.44414e+00     7.68641e+02     1.48575e+01
    2.44823e+00     7.66785e+02     1.48462e+01
    2.45232e+00     7.65047e+02     1.47435e+01
    2.45640e+00     7.63644e+02     1.47027e+01
    2.46050e+00     7.63143e+02     1.46962e+01
    2.46459e+00     7.60116e+02     1.46172e+01
    2.46868e+00     7.59372e+02     1.45800e+01
    2.47277e+00     7.57661e+02     1.45335e+01
    2.47686e+00     7.56768e+02     1.45174e+01
    2.48095e+00     7.54605e+02     1.44169e+01
    2.48504e+00     7.53443e+02     1.43725e+01
    2.48913e+00     7.52073e+02     1.43276e+01
    2.49322e+00     7.49874e+02     1.42687e+01
    2.49731e+00     7.48165e+02     1.42343e+01
    2.50141e+00     7.48132e+02     1.42152e+01
    2.50550e+00     7.46265e+02     1.41650e+01
    2.50959e+00     7.44284e+02     1.41028e+01
    2.51368e+00     7.43780e+02     1.40835e+01
    2.51777e+00     7.41383e+02     1.40137e+01
    2.52186e+00     7.40288e+02     1.39603e+01
    2.52595e+00     7.38164e+02     1.39143e+01
    2.53004e+00     7.37347e+02     1.38868e+01
    2.53413e+00     7.35578e+02     1.38068e+01
    2.53822e+00     7.33389e+02     1.37641e+01
    2.54231e+00     7.32099e+02     1.37170e+01
    2.54640e+00     7.31049e+02     1.37028e+01
    2.55049e+00     7.28921e+02     1.36323e+01
    2.55458e+00     7.27488e+02     1.36061e+01
    2.55867e+00     7.27081e+02     1.35448e+01
    2.56276e+00     7.24768e+02     1.34883e+01
    2.56685e+00     7.24264e+02     1.34820e+01
    2.57095e+00     7.21829e+02     1.34100e+01
    2.57504e+00     7.20903e+02     1.33750e+01
    2.57913e+00     7.19666e+02     1.33677e+01
    2.58322e+00     7.17091e+02     1.33008e+01
    2.58731e+00     7.17277e+02     1.32623e+01
    2.59140e+00     7.14753e+02     1.32132e+01
    2.59549e+00     7.13917e+02     1.31714e+01
    2.59958e+00     7.12570e+02     1.31218e+01
    2.60367e+00     7.10388e+02     1.30781e+01
    2.60776e+00     7.08947e+02     1.30525e+01
    2.61185e+00     7.08227e+02     1.30118e+01
    2.61594e+00     7.06215e+02     1.29777e+01
    2.62003e+00     7.04527e+02     1.28985e+01
    2.62412e+00     7.03809e+02     1.28848e+01
    2.62821e+00     7.01637e+02     1.28105e+01
    2.63230e+00     7.00114e+02     1.27877e+01
    2.63640e+00     6.99171e+02     1.27401e+01
    2.64049e+00     6.97462e+02     1.26751e+01
    2.64457e+00     6.96777e+02     1.26485e+01
    2.64867e+00     6.95294e+02     1.26216e+01
    2.65276e+00     6.93094e+02     1.25628e+01
    2.65685e+00     6.92226e+02     1.25499e+01
    2.66094e+00     6.90330e+02     1.24775e+01
    2.66503e+00     6.89366e+02     1.24478e+01
    2.66912e+00     6.87699e+02     1.23841e+01
    2.67321e+00     6.85427e+02     1.23644e+01
    2.67730e+00     6.84517e+02     1.23086e+01
    2.68139e+00     6.83852e+02     1.23075e+01
    2.68548e+00     6.81001e+02     1.22383e+01
    2.68957e+00     6.81292e+02     1.22064e+01
    2.69366e+00     6.79456e+02     1.21684e+01
    2.69776e+00     6.77644e+02     1.21174e+01
    2.70185e+00     6.76050e+02     1.21029e+01
    2.70594e+00     6.74502e+02     1.20243e+01
    2.71003e+00     6.73792e+02     1.19916e+01
    2.71412e+00     6.72743e+02     1.19893e+01
    2.71821e+00     6.70581e+02     1.19543e+01
    2.72230e+00     6.70013e+02     1.19105e+01
    2.72639e+00     6.67955e+02     1.18560e+01
    2.73048e+00     6.66860e+02     1.18198e+01
    2.73457e+00     6.65206e+02     1.18036e+01
    2.73866e+00     6.63912e+02     1.17474e+01
    2.74275e+00     6.61655e+02     1.16909e+01
    2.74684e+00     6.60703e+02     1.16605e+01
    2.75093e+00     6.59880e+02     1.16268e+01
    2.75502e+00     6.58568e+02     1.15857e+01
    2.75911e+00     6.56095e+02     1.15340e+01
    2.76320e+00     6.55801e+02     1.15217e+01
    2.76730e+00     6.53850e+02     1.14605e+01
    2.77139e+00     6.52370e+02     1.14343e+01
    2.77548e+00     6.51261e+02     1.14059e+01
    2.77957e+00     6.50083e+02     1.13614e+01
    2.78366e+00     6.48621e+02     1.13234e+01
    2.78775e+00     6.47384e+02     1.12938e+01
    2.79184e+00     6.46022e+02     1.12537e+01
    2.79593e+00     6.44254e+02     1.12038e+01
    2.80002e+00     6.43071e+02     1.11816e+01
    2.80411e+00     6.42295e+02     1.11409e+01
    2.80820e+00     6.40403e+02     1.10882e+01
    2.81229e+00     6.38238e+02     1.10579e+01
    2.81638e+00     6.38104e+02     1.10500e+01
    2.82047e+00     6.36058e+02     1.09826e+01
    2.82457e+00     6.34751e+02     1.09742e+01
    2.82866e+00     6.34441e+02     1.09267e+01
    2.83275e+00     6.32357e+02     1.08789e+01
    2.83684e+00     6.30879e+02     1.08489e+01
    2.84093e+00     6.29479e+02     1.07982e+01
    2.84502e+00     6.28458e+02     1.07742e+01
    2.84911e+00     6.26928e+02     1.07477e+01
    2.85320e+00     6.26065e+02     1.07188e+01
    2.85729e+00     6.24588e+02     1.06893e+01
    2.86138e+00     6.23265e+02     1.06530e+01
    2.86547e+00     6.22130e+02     1.06054e+01
    2.86956e+00     6.19645e+02     1.05735e+01
    2.87365e+00     6.19110e+02     1.05464e+01
    2.87774e+00     6.18600e+02     1.05015e+01
    2.88183e+00     6.16325e+02     1.04600e+01
    2.88592e+00     6.15397e+02     1.04369e+01
    2.89001e+00     6.14447e+02     1.04199e+01
    2.89410e+00     6.12629e+02     1.03599e+01
    2.89820e+00     6.11844e+02     1.03473e+01
    2.90229e+00     6.09901e+02     1.02967e+01
    2.90638e+00     6.08307e+02     1.02587e+01
    2.91047e+00     6.07363e+02     1.02221e+01
    2.91456e+00     6.05999e+02     1.01905e+01
    2.91865e+00     6.04307e+02     1.01710e+01
    2.92274e+00     6.02995e+02     1.01260e+01
    2.92683e+00     6.01893e+02     1.01058e+01
    2.93092e+00     6.00864e+02     1.00777e+01
    2.93501e+00     5.99217e+02     1.00361e+01
    2.93910e+00     5.98168e+02     9.99510e+00
    2.94319e+00     5.97051e+02     9.98341e+00
    2.94728e+00     5.95975e+02     9.94862e+00
    2.95137e+00     5.94693e+02     9.90694e+00
    2.95546e+00     5.93006e+02     9.86739e+00
    2.95955e+00     5.91629e+02     9.84403e+00
    2.96364e+00     5.90811e+02     9.80644e+00
    2.96774e+00     5.89158e+02     9.77239e+00
    2.97183e+00     5.88029e+02     9.75221e+00
    2.97592e+00     5.86691e+02     9.71381e+00
    2.98001e+00     5.85127e+02     9.68233e+00
    2.98410e+00     5.83835e+02     9.64302e+00
    2.98819e+00     5.83520e+02     9.62983e+00
    2.99228e+00     5.81575e+02     9.58238e+00
    2.99637e+00     5.80415e+02     9.55463e+00
    3.00046e+00     5.79234e+02     9.51818e+00
    3.00455e+00     5.78084e+02     9.49815e+00
    3.00864e+00     5.76566e+02     9.47572e+00
    3.01273e+00     5.75511e+02     9.43661e+00
    3.01682e+00     5.73761e+02     9.38960e+00
    3.02091e+00     5.72958e+02     9.36712e+00
    3.02500e+00     5.72095e+02     9.35081e+00
    3.02910e+00     5.70259e+02     9.30543e+00
    3.03319e+00     5.68694e+02     9.27126e+00
    3.03728e+00     5.68146e+02     9.25912e+00
    3.04137e+00     5.67084e+02     9.23065e+00
    3.04546e+00     5.65998e+02     9.18809e+00
    3.04955e+00     5.64415e+02     9.14772e+00
    3.05364e+00     5.63110e+02     9.12421e+00
    3.05773e+00     5.61726e+02     9.09092e+00
    3.06182e+00     5.61037e+02     9.08191e+00
    3.06591e+00     5.58940e+02     9.03613e+00
    3.07000e+00     5.57783e+02     9.00654e+00
    3.07409e+00     5.57070e+02     8.97704e+00
    3.07818e+00     5.56263e+02     8.96142e+00
    3.08227e+00     5.53898e+02     8.92329e+00
    3.08636e+00     5.53464e+02     8.90909e+00
    3.09045e+00     5.51639e+02     8.86408e+00
    3.09454e+00     5.50687e+02     8.83415e+00
    3.09863e+00     5.49558e+02     8.81686e+00
    3.10272e+00     5.48296e+02     8.78167e+00
    3.10682e+00     5.46974e+02     8.74355e+00
    3.11091e+00     5.45837e+02     8.72535e+00
    3.11500e+00     5.44855e+02     8.69305e+00
    3.11909e+00     5.42899e+02     8.65597e+00
    3.12318e+00     5.42616e+02     8.64174e+00
    3.12727e+00     5.41222e+02     8.61479e+00
    3.13136e+00     5.40325e+02     8.58461e+00
    3.13545e+00     5.38680e+02     8.56265e+00
    3.13954e+00     5.37557e+02     8.51470e+00
    3.14363e+00     5.37047e+02     8.51192e+00
    3.14772e+00     5.35315e+02     8.46287e+00
    3.15181e+00     5.34134e+02     8.44770e+00
    3.15590e+00     5.33020e+02     8.41659e+00
    3.16000e+00     5.31633e+02     8.37532e+00
    3.16409e+00     5.30605e+02     8.36020e+00
    3.16818e+00     5.29560e+02     8.34060e+00
    3.17227e+00     5.28277e+02     8.31164e+00
    3.17636e+00     5.27291e+02     8.28629e+00
    3.18045e+00     5.25967e+02     8.25118e+00
    3.18454e+00     5.25038e+02     8.23738e+00
    3.18863e+00     5.23201e+02     8.19342e+00
    3.19272e+00     5.22737e+02     8.18469e+00
    3.19681e+00     5.21268e+02     8.15569e+00
    3.20090e+00     5.20605e+02     8.12777e+00
    3.20499e+00     5.19415e+02     8.10575e+00
    3.20908e+00     5.17757e+02     8.07134e+00
    3.21317e+00     5.16541e+02     8.04954e+00
    3.21726e+00     5.15468e+02     8.00747e+00
    3.22135e+00     5.14567e+02     7.99824e+00
    3.22545e+00     5.12968e+02     7.96017e+00
    3.22954e+00     5.12166e+02     7.94197e+00
    3.23363e+00     5.11431e+02     7.92541e+00
    3.23772e+00     5.09880e+02     7.89618e+00
    3.24181e+00     5.08859e+02     7.86422e+00
    3.24590e+00     5.08111e+02     7.83240e+00
    3.24999e+00     5.06327e+02     7.81466e+00
    3.25408e+00     5.05477e+02     7.78579e+00
    3.25817e+00     5.04348e+02     7.75670e+00
    3.26226e+00     5.02913e+02     7.73690e+00
    3.26635e+00     5.02154e+02     7.70153e+00
    3.27044e+00     5.00836e+02     7.69471e+00
    3.27453e+00     5.00043e+02     7.66609e+00
    3.27862e+00     4.99012e+02     7.64021e+00
    3.28271e+00     4.97723e+02     7.62066e+00
    3.28681e+00     4.96443e+02     7.59701e+00
    3.29090e+00     4.95566e+02     7.57160e+00
    3.29499e+00     4.94434e+02     7.53584e+00
    3.29908e+00     4.93713e+02     7.51691e+00
    3.30317e+00     4.92377e+02     7.49808e+00
    3.30725e+00     4.91191e+02     7.46840e+00
    3.31135e+00     4.90342e+02     7.45607e+00
    3.31544e+00     4.88393e+02     7.40771e+00
    3.31953e+00     4.88135e+02     7.41289e+00
    3.32362e+00     4.87344e+02     7.38758e+00
    3.32771e+00     4.85645e+02     7.35627e+00
    3.33180e+00     4.84532e+02     7.32064e+00
    3.33589e+00     4.83867e+02     7.30597e+00
    3.33998e+00     4.82942e+02     7.28772e+00
    3.34407e+00     4.81601e+02     7.24878e+00
    3.34816e+00     4.80385e+02     7.23038e+00
    3.35226e+00     4.79415e+02     7.21202e+00
    3.35634e+00     4.78206e+02     7.18988e+00
    3.36043e+00     4.77299e+02     7.17226e+00
    3.36453e+00     4.76212e+02     7.13808e+00
    3.36862e+00     4.75288e+02     7.12390e+00
    3.37271e+00     4.73875e+02     7.10175e+00
    3.37680e+00     4.73243e+02     7.08575e+00
    3.38089e+00     4.72153e+02     7.05306e+00
    3.38498e+00     4.71072e+02     7.03354e+00
    3.38907e+00     4.70207e+02     7.00864e+00
    3.39316e+00     4.68910e+02     6.98886e+00
    3.39725e+00     4.67447e+02     6.96337e+00
    3.40134e+00     4.66859e+02     6.94628e+00
    3.40543e+00     4.65675e+02     6.92513e+00
    3.40952e+00     4.64774e+02     6.89788e+00
    3.41362e+00     4.63914e+02     6.87923e+00
    3.41770e+00     4.63014e+02     6.85288e+00
    3.42179e+00     4.61616e+02     6.83394e+00
    3.42588e+00     4.60449e+02     6.81461e+00
    3.42997e+00     4.59480e+02     6.78660e+00
    3.43406e+00     4.58554e+02     6.76694e+00
    3.43816e+00     4.57549e+02     6.74872e+00
    3.44225e+00     4.56576e+02     6.72708e+00
    3.44634e+00     4.55144e+02     6.70595e+00
    3.45043e+00     4.55187e+02     6.68882e+00
    3.45452e+00     4.53434e+02     6.66853e+00
    3.45861e+00     4.53010e+02     6.64460e+00
    3.46270e+00     4.51693e+02     6.62060e+00
    3.46679e+00     4.50878e+02     6.60319e+00
    3.47088e+00     4.49636e+02     6.58181e+00
    3.47497e+00     4.48858e+02     6.56278e+00
    3.47906e+00     4.47701e+02     6.53785e+00
    3.48315e+00     4.46794e+02     6.51944e+00
    3.48725e+00     4.45803e+02     6.50039e+00
    3.49134e+00     4.44832e+02     6.47509e+00
    3.49543e+00     4.43696e+02     6.45457e+00
    3.49952e+00     4.42735e+02     6.43797e+00
    3.50361e+00     4.41965e+02     6.42153e+00
    3.50770e+00     4.40768e+02     6.39737e+00
    3.51179e+00     4.40014e+02     6.39456e+00
    3.51588e+00     4.39486e+02     6.36296e+00
    3.51997e+00     4.37784e+02     6.33041e+00
    3.52406e+00     4.37184e+02     6.32597e+00
    3.52815e+00     4.35834e+02     6.28830e+00
    3.53224e+00     4.35344e+02     6.28359e+00
    3.53633e+00     4.34271e+02     6.25332e+00
    3.54042e+00     4.33290e+02     6.24323e+00
    3.54451e+00     4.32368e+02     6.21834e+00
    3.54860e+00     4.31386e+02     6.20001e+00
    3.55270e+00     4.29852e+02     6.17716e+00
    3.55679e+00     4.29533e+02     6.16460e+00
    3.56088e+00     4.28886e+02     6.15613e+00
    3.56497e+00     4.27639e+02     6.12641e+00
    3.56906e+00     4.26356e+02     6.09875e+00
    3.57315e+00     4.25744e+02     6.08286e+00
    3.57724e+00     4.24492e+02     6.06753e+00
    3.58133e+00     4.24107e+02     6.05440e+00
    3.58542e+00     4.23028e+02     6.03265e+00
    3.58951e+00     4.22433e+02     6.01375e+00
    3.59360e+00     4.21148e+02     5.99851e+00
    3.59769e+00     4.20098e+02     5.97087e+00
    3.60178e+00     4.19520e+02     5.96048e+00
    3.60587e+00     4.18830e+02     5.95505e+00
    3.60996e+00     4.17721e+02     5.92650e+00
    3.61405e+00     4.16639e+02     5.89059e+00
    3.61814e+00     4.16092e+02     5.88568e+00
    3.62224e+00     4.14834e+02     5.85816e+00
    3.62633e+00     4.14094e+02     5.85183e+00
    3.63042e+00     4.12899e+02     5.82691e+00
    3.63451e+00     4.12249e+02     5.80941e+00
    3.63860e+00     4.11234e+02     5.79309e+00
    3.64269e+00     4.10226e+02     5.78366e+00
    3.64678e+00     4.09684e+02     5.75865e+00
    3.65087e+00     4.08608e+02     5.73543e+00
    3.65496e+00     4.07696e+02     5.72261e+00
    3.65905e+00     4.07087e+02     5.70608e+00
    3.66314e+00     4.05902e+02     5.68283e+00
    3.66723e+00     4.04903e+02     5.67142e+00
    3.67132e+00     4.04574e+02     5.65690e+00
    3.67541e+00     4.03500e+02     5.64239e+00
    3.67950e+00     4.02780e+02     5.62482e+00
    3.68359e+00     4.01770e+02     5.60568e+00
    3.68769e+00     4.01046e+02     5.59652e+00
    3.69177e+00     4.00407e+02     5.57742e+00
    3.69587e+00     3.99445e+02     5.55182e+00
    3.69996e+00     3.98518e+02     5.54070e+00
    3.70405e+00     3.97626e+02     5.52198e+00
    3.70814e+00     3.96623e+02     5.50002e+00
    3.71223e+00     3.95779e+02     5.48090e+00
    3.71632e+00     3.95116e+02     5.47725e+00
    3.72041e+00     3.94043e+02     5.45348e+00
    3.72450e+00     3.93606e+02     5.44996e+00
    3.72859e+00     3.92863e+02     5.42697e+00
    3.73268e+00     3.91793e+02     5.40942e+00
    3.73677e+00     3.90840e+02     5.39349e+00
    3.74086e+00     3.89937e+02     5.37660e+00
    3.74495e+00     3.89019e+02     5.35726e+00
    3.74905e+00     3.88558e+02     5.34894e+00
    3.75313e+00     3.87667e+02     5.32819e+00
    3.75722e+00     3.86695e+02     5.31728e+00
    3.76131e+00     3.86275e+02     5.30228e+00
    3.76541e+00     3.85090e+02     5.28116e+00
    3.76950e+00     3.84272e+02     5.26324e+00
    3.77359e+00     3.83698e+02     5.25720e+00
    3.77768e+00     3.82992e+02     5.24453e+00
    3.78177e+00     3.81875e+02     5.21969e+00
    3.78586e+00     3.81355e+02     5.20903e+00
    3.78995e+00     3.80664e+02     5.18670e+00
    3.79404e+00     3.79822e+02     5.17539e+00
    3.79813e+00     3.78979e+02     5.16150e+00
    3.80222e+00     3.78265e+02     5.14465e+00
    3.80632e+00     3.77458e+02     5.12795e+00
    3.81040e+00     3.76798e+02     5.12009e+00
    3.81449e+00     3.75696e+02     5.09865e+00
    3.81859e+00     3.75298e+02     5.08908e+00
    3.82268e+00     3.74402e+02     5.07899e+00
    3.82677e+00     3.73305e+02     5.05536e+00
    3.83086e+00     3.72965e+02     5.05167e+00
    3.83495e+00     3.72138e+02     5.03130e+00
    3.83904e+00     3.71255e+02     5.01680e+00
    3.84313e+00     3.70221e+02     4.99961e+00
    3.84722e+00     3.69590e+02     4.98191e+00
    3.85131e+00     3.68934e+02     4.97257e+00
    3.85540e+00     3.68316e+02     4.96212e+00
    3.85949e+00     3.67732e+02     4.94331e+00
    3.86358e+00     3.66878e+02     4.93020e+00
    3.86768e+00     3.65893e+02     4.91734e+00
    3.87177e+00     3.65316e+02     4.90869e+00
    3.87585e+00     3.64371e+02     4.88668e+00
    3.87994e+00     3.63621e+02     4.87686e+00
    3.88403e+00     3.63209e+02     4.86193e+00
    3.88813e+00     3.62026e+02     4.84333e+00
    3.89222e+00     3.61568e+02     4.83674e+00
    3.89631e+00     3.61033e+02     4.82559e+00
    3.90040e+00     3.60162e+02     4.80781e+00
    3.90449e+00     3.59426e+02     4.80108e+00
    3.90858e+00     3.58887e+02     4.78620e+00
    3.91267e+00     3.57995e+02     4.76518e+00
    3.91676e+00     3.57265e+02     4.75477e+00
    3.92085e+00     3.56559e+02     4.73812e+00
    3.92494e+00     3.55781e+02     4.72731e+00
    3.92903e+00     3.55214e+02     4.71961e+00
    3.93312e+00     3.54484e+02     4.70273e+00
    3.93721e+00     3.53673e+02     4.69390e+00
    3.94130e+00     3.53091e+02     4.67738e+00
    3.94539e+00     3.52400e+02     4.66280e+00
    3.94949e+00     3.51521e+02     4.64836e+00
    3.95358e+00     3.51119e+02     4.64391e+00
    3.95767e+00     3.50399e+02     4.62470e+00
    3.96176e+00     3.49305e+02     4.60412e+00
    3.96585e+00     3.48980e+02     4.59648e+00
    3.96994e+00     3.48167e+02     4.59190e+00
    3.97403e+00     3.47326e+02     4.56571e+00
    3.97812e+00     3.47169e+02     4.57081e+00
    3.98221e+00     3.46504e+02     4.55498e+00
    3.98630e+00     3.45727e+02     4.54432e+00
    3.99039e+00     3.44815e+02     4.52639e+00
    3.99448e+00     3.44586e+02     4.52451e+00
    3.99857e+00     3.43632e+02     4.49927e+00
    4.00266e+00     3.43300e+02     4.49770e+00
    4.00675e+00     3.42464e+02     4.48093e+00
    4.01085e+00     3.41501e+02     4.46737e+00
    4.01494e+00     3.40813e+02     4.45103e+00
    4.01902e+00     3.40294e+02     4.44388e+00
    4.02312e+00     3.39592e+02     4.43521e+00
    4.02721e+00     3.39161e+02     4.42720e+00
    4.03130e+00     3.38149e+02     4.40562e+00
    4.03539e+00     3.37676e+02     4.39418e+00
    4.03948e+00     3.36976e+02     4.38473e+00
    4.04357e+00     3.36389e+02     4.37192e+00
    4.04766e+00     3.35923e+02     4.36591e+00
    4.05175e+00     3.35400e+02     4.34896e+00
    4.05584e+00     3.34639e+02     4.34257e+00
    4.05993e+00     3.34032e+02     4.33021e+00
    4.06402e+00     3.33316e+02     4.31773e+00
    4.06811e+00     3.32650e+02     4.31124e+00
    4.07220e+00     3.32102e+02     4.29272e+00
    4.07630e+00     3.31566e+02     4.29315e+00
    4.08038e+00     3.30955e+02     4.27747e+00
    4.08447e+00     3.30304e+02     4.26529e+00
    4.08857e+00     3.29732e+02     4.25821e+00
    4.09266e+00     3.29198e+02     4.24568e+00
    4.09675e+00     3.28628e+02     4.23598e+00
    4.10084e+00     3.28135e+02     4.22566e+00
    4.10493e+00     3.27361e+02     4.21596e+00
    4.10902e+00     3.26707e+02     4.19538e+00
    4.11311e+00     3.26281e+02     4.19407e+00
    4.11720e+00     3.25641e+02     4.18331e+00
    4.12129e+00     3.25129e+02     4.17051e+00
    4.12538e+00     3.24341e+02     4.16517e+00
    4.12947e+00     3.23853e+02     4.14941e+00
    4.13356e+00     3.23294e+02     4.14623e+00
    4.13765e+00     3.22738e+02     4.13478e+00
    4.14175e+00     3.22118e+02     4.12049e+00
    4.14584e+00     3.21430e+02     4.10864e+00
    4.14993e+00     3.20764e+02     4.09494e+00
    4.15402e+00     3.20181e+02     4.09272e+00
    4.15811e+00     3.19848e+02     4.08270e+00
    4.16220e+00     3.19077e+02     4.06965e+00
    4.16629e+00     3.18632e+02     4.06485e+00
    4.17038e+00     3.18146e+02     4.05183e+00
    4.17447e+00     3.17531e+02     4.04461e+00
    4.17856e+00     3.17004e+02     4.03636e+00
    4.18265e+00     3.16419e+02     4.02422e+00
    4.18674e+00     3.15936e+02     4.01823e+00
