# Real space auto- and cross-spectra.
# z=1.500, 13.000<lgM<13.500
#      k[h/Mpc]            P_hh            P_hm            P_mm
    0.00000e+00     0.00000e+00     0.00000e+00     0.00000e+00
    5.79404e-03     8.01285e+04     2.06151e+04     5.65543e+03
    1.04717e-02     7.17234e+04     1.78572e+04     5.07907e+03
    1.42665e-02     6.70806e+04     1.85087e+04     5.76163e+03
    1.81228e-02     7.76130e+04     2.04147e+04     5.98282e+03
    2.24845e-02     7.57852e+04     2.03997e+04     6.04062e+03
    2.64508e-02     6.73313e+04     1.80373e+04     5.37554e+03
    3.04474e-02     7.20807e+04     1.92336e+04     5.66788e+03
    3.47320e-02     5.72494e+04     1.48317e+04     4.39412e+03
    3.88308e-02     5.02498e+04     1.26757e+04     3.73485e+03
    4.28140e-02     4.77872e+04     1.18408e+04     3.48871e+03
    4.68856e-02     4.47419e+04     1.08417e+04     3.13943e+03
    5.09858e-02     4.10970e+04     1.00439e+04     2.99190e+03
    5.51458e-02     4.13392e+04     9.86625e+03     2.91314e+03
    5.92243e-02     4.06857e+04     9.66486e+03     2.82639e+03
    6.32864e-02     3.93617e+04     9.19085e+03     2.66083e+03
    6.73674e-02     3.73559e+04     8.72347e+03     2.52924e+03
    7.14960e-02     3.41656e+04     7.76834e+03     2.27345e+03
    7.55894e-02     3.43639e+04     7.74984e+03     2.24644e+03
    7.96660e-02     3.14612e+04     6.94200e+03     2.00372e+03
    8.38183e-02     3.11658e+04     6.76163e+03     1.93532e+03
    8.78941e-02     2.74759e+04     5.80427e+03     1.68204e+03
    9.19238e-02     2.74476e+04     5.66085e+03     1.62180e+03
    9.60446e-02     2.51834e+04     5.06881e+03     1.45532e+03
    1.00128e-01     2.35648e+04     4.67175e+03     1.36562e+03
    1.04209e-01     2.32100e+04     4.55774e+03     1.31451e+03
    1.08333e-01     2.28926e+04     4.35533e+03     1.23747e+03
    1.12448e-01     2.22789e+04     4.18973e+03     1.17656e+03
    1.16521e-01     2.16329e+04     3.97029e+03     1.11568e+03
    1.20596e-01     2.10728e+04     3.88720e+03     1.10721e+03
    1.24665e-01     2.11203e+04     3.86072e+03     1.08817e+03
    1.28771e-01     2.07902e+04     3.69700e+03     1.02870e+03
    1.32874e-01     1.98996e+04     3.58048e+03     1.02004e+03
    1.36975e-01     2.00561e+04     3.50790e+03     9.78236e+02
    1.41075e-01     1.93110e+04     3.27470e+03     9.06019e+02
    1.45172e-01     1.88474e+04     3.15345e+03     8.71322e+02
    1.49268e-01     1.80726e+04     2.99444e+03     8.33626e+02
    1.53330e-01     1.77605e+04     2.82296e+03     7.74001e+02
    1.57416e-01     1.69332e+04     2.63309e+03     7.25587e+02
    1.61514e-01     1.68155e+04     2.55389e+03     6.95341e+02
    1.65592e-01     1.64074e+04     2.49472e+03     6.71311e+02
    1.69693e-01     1.59506e+04     2.35361e+03     6.37713e+02
    1.73803e-01     1.59508e+04     2.31895e+03     6.22153e+02
    1.77905e-01     1.55202e+04     2.21466e+03     5.95850e+02
    1.82001e-01     1.52928e+04     2.16549e+03     5.84121e+02
    1.86092e-01     1.51336e+04     2.10886e+03     5.67337e+02
    1.90161e-01     1.51232e+04     2.10919e+03     5.63906e+02
    1.94237e-01     1.47731e+04     1.99644e+03     5.33337e+02
    1.98334e-01     1.48121e+04     1.98033e+03     5.21000e+02
    2.02427e-01     1.45417e+04     1.90333e+03     4.98386e+02
    2.06523e-01     1.43602e+04     1.85204e+03     4.87857e+02
    2.10626e-01     1.39163e+04     1.77007e+03     4.67670e+02
    2.14724e-01     1.40768e+04     1.75245e+03     4.54124e+02
    2.18827e-01     1.37281e+04     1.68876e+03     4.40173e+02
    2.22903e-01     1.33961e+04     1.62667e+03     4.21363e+02
    2.26990e-01     1.32819e+04     1.58925e+03     4.10013e+02
    2.31084e-01     1.29342e+04     1.52432e+03     3.92774e+02
    2.35153e-01     1.28092e+04     1.46628e+03     3.79572e+02
    2.39244e-01     1.28372e+04     1.47145e+03     3.75174e+02
    2.43338e-01     1.28657e+04     1.44865e+03     3.66436e+02
    2.47445e-01     1.26057e+04     1.40400e+03     3.56650e+02
    2.51539e-01     1.25419e+04     1.37662e+03     3.47262e+02
    2.55609e-01     1.24409e+04     1.35482e+03     3.40457e+02
    2.59718e-01     1.24270e+04     1.32883e+03     3.34531e+02
    2.63814e-01     1.22503e+04     1.30344e+03     3.23519e+02
    2.67904e-01     1.20751e+04     1.25735e+03     3.12109e+02
    2.71993e-01     1.19886e+04     1.23265e+03     3.07277e+02
    2.76068e-01     1.18823e+04     1.21298e+03     2.98093e+02
    2.80171e-01     1.16897e+04     1.17285e+03     2.89670e+02
    2.84268e-01     1.16425e+04     1.14293e+03     2.80224e+02
    2.88346e-01     1.16235e+04     1.13270e+03     2.76783e+02
    2.92426e-01     1.15436e+04     1.10004e+03     2.68280e+02
    2.96514e-01     1.14551e+04     1.08514e+03     2.62517e+02
    3.00627e-01     1.14480e+04     1.07258e+03     2.58176e+02
    3.04729e-01     1.12381e+04     1.04369e+03     2.51305e+02
    3.08821e-01     1.12890e+04     1.04001e+03     2.48196e+02
    3.12919e-01     1.11173e+04     1.00402e+03     2.42576e+02
    3.16999e-01     1.10561e+04     9.95929e+02     2.37331e+02
    3.21078e-01     1.10257e+04     9.82744e+02     2.33601e+02
    3.25167e-01     1.10054e+04     9.64189e+02     2.26829e+02
    3.29247e-01     1.08646e+04     9.47367e+02     2.23004e+02
    3.33333e-01     1.08723e+04     9.37513e+02     2.18305e+02
    3.37443e-01     1.07069e+04     9.10689e+02     2.14499e+02
    3.41545e-01     1.07426e+04     9.01919e+02     2.10248e+02
    3.45625e-01     1.07183e+04     8.89643e+02     2.06247e+02
    3.49715e-01     1.06356e+04     8.75644e+02     2.02283e+02
    3.53817e-01     1.04444e+04     8.48641e+02     1.95603e+02
    3.57906e-01     1.04470e+04     8.37407e+02     1.93046e+02
    3.61975e-01     1.04058e+04     8.31409e+02     1.90169e+02
    3.66071e-01     1.03676e+04     8.16419e+02     1.86210e+02
    3.70189e-01     1.02646e+04     8.02867e+02     1.82704e+02
    3.74277e-01     1.02401e+04     7.86637e+02     1.79515e+02
    3.78356e-01     1.03218e+04     7.90830e+02     1.76445e+02
    3.82448e-01     1.00844e+04     7.66962e+02     1.73785e+02
    3.86535e-01     1.01020e+04     7.60023e+02     1.69590e+02
    3.90624e-01     1.00878e+04     7.52266e+02     1.67187e+02
    3.94706e-01     1.00180e+04     7.36638e+02     1.64388e+02
    3.98794e-01     1.00484e+04     7.34074e+02     1.62831e+02
    4.02896e-01     9.97511e+03     7.26537e+02     1.60083e+02
    4.06986e-01     9.90976e+03     7.06638e+02     1.55784e+02
    4.11069e-01     9.89723e+03     7.05440e+02     1.54395e+02
    4.15170e-01     9.85186e+03     6.96039e+02     1.51947e+02
    4.19263e-01     9.76236e+03     6.83988e+02     1.48960e+02
    4.23353e-01     9.79311e+03     6.76138e+02     1.47187e+02
    4.27447e-01     9.72626e+03     6.68419e+02     1.44097e+02
    4.31534e-01     9.67896e+03     6.57179e+02     1.42362e+02
    4.35624e-01     9.63239e+03     6.47808e+02     1.39671e+02
    4.39718e-01     9.60365e+03     6.40259e+02     1.37733e+02
    4.43804e-01     9.61982e+03     6.37378e+02     1.35986e+02
    4.47892e-01     9.56475e+03     6.24293e+02     1.33265e+02
    4.51977e-01     9.49093e+03     6.21189e+02     1.32147e+02
    4.56067e-01     9.53056e+03     6.11735e+02     1.29466e+02
    4.60165e-01     9.46689e+03     6.10705e+02     1.28489e+02
    4.64260e-01     9.46296e+03     6.01294e+02     1.25781e+02
    4.68355e-01     9.42797e+03     5.95288e+02     1.24725e+02
    4.72450e-01     9.35356e+03     5.86341e+02     1.23282e+02
    4.76540e-01     9.31187e+03     5.78316e+02     1.20485e+02
    4.80633e-01     9.28157e+03     5.69816e+02     1.18935e+02
    4.84718e-01     9.27578e+03     5.65144e+02     1.17458e+02
    4.88794e-01     9.30027e+03     5.61025e+02     1.16556e+02
    4.92888e-01     9.21935e+03     5.56449e+02     1.14525e+02
    4.96984e-01     9.21756e+03     5.50764e+02     1.13400e+02
    5.01073e-01     9.19677e+03     5.48840e+02     1.12208e+02
    5.05169e-01     9.11149e+03     5.37792e+02     1.10586e+02
    5.09268e-01     9.11928e+03     5.36836e+02     1.09511e+02
    5.13369e-01     9.08680e+03     5.27903e+02     1.07218e+02
    5.17441e-01     9.08155e+03     5.25735e+02     1.06468e+02
    5.21516e-01     9.03702e+03     5.23595e+02     1.05272e+02
    5.25611e-01     9.10788e+03     5.15723e+02     1.03275e+02
    5.29706e-01     9.01637e+03     5.12324e+02     1.02469e+02
    5.33801e-01     8.96827e+03     5.05910e+02     1.00734e+02
    5.37888e-01     8.93997e+03     5.01414e+02     1.00041e+02
    5.41985e-01     8.89742e+03     4.92121e+02     9.86817e+01
    5.46091e-01     8.86601e+03     4.87284e+02     9.68249e+01
    5.50174e-01     8.89886e+03     4.88674e+02     9.67043e+01
    5.54252e-01     8.85812e+03     4.85957e+02     9.55837e+01
    5.58346e-01     8.76602e+03     4.74496e+02     9.38733e+01
    5.62439e-01     8.83336e+03     4.73920e+02     9.29128e+01
    5.66527e-01     8.78739e+03     4.68674e+02     9.19478e+01
    5.70616e-01     8.72896e+03     4.62372e+02     9.09182e+01
    5.74707e-01     8.77904e+03     4.63728e+02     8.97300e+01
    5.78798e-01     8.75989e+03     4.57913e+02     8.87674e+01
    5.82883e-01     8.77637e+03     4.57238e+02     8.80482e+01
    5.86977e-01     8.67926e+03     4.50136e+02     8.67909e+01
    5.91070e-01     8.71073e+03     4.43820e+02     8.54630e+01
    5.95166e-01     8.67083e+03     4.44621e+02     8.48440e+01
    5.99260e-01     8.68543e+03     4.41202e+02     8.43789e+01
    6.03349e-01     8.63910e+03     4.34436e+02     8.28873e+01
    6.07445e-01     8.63430e+03     4.33282e+02     8.21954e+01
    6.11543e-01     8.61905e+03     4.32188e+02     8.13692e+01
    6.15623e-01     8.57075e+03     4.25527e+02     8.07875e+01
    6.19704e-01     8.53126e+03     4.20365e+02     7.96160e+01
    6.23792e-01     8.51831e+03     4.19839e+02     7.90303e+01
    6.27891e-01     8.51169e+03     4.16706e+02     7.81409e+01
    6.31991e-01     8.50596e+03     4.11705e+02     7.70256e+01
    6.36073e-01     8.48922e+03     4.09044e+02     7.63887e+01
    6.40158e-01     8.48845e+03     4.09551e+02     7.58935e+01
    6.44244e-01     8.45330e+03     4.06495e+02     7.50423e+01
    6.48338e-01     8.46571e+03     4.03580e+02     7.44437e+01
    6.52432e-01     8.41472e+03     3.97785e+02     7.36337e+01
    6.56514e-01     8.41714e+03     3.98407e+02     7.32325e+01
    6.60609e-01     8.38791e+03     3.92768e+02     7.21550e+01
    6.64712e-01     8.39562e+03     3.93965e+02     7.17275e+01
    6.68801e-01     8.33788e+03     3.87298e+02     7.04576e+01
    6.72890e-01     8.31761e+03     3.83358e+02     6.98927e+01
    6.76984e-01     8.34379e+03     3.83205e+02     6.97587e+01
    6.81074e-01     8.30463e+03     3.78208e+02     6.86029e+01
    6.85160e-01     8.36144e+03     3.79081e+02     6.81246e+01
    6.89246e-01     8.29732e+03     3.76051e+02     6.75236e+01
    6.93336e-01     8.24867e+03     3.71489e+02     6.70131e+01
    6.97434e-01     8.27132e+03     3.72511e+02     6.63317e+01
    7.01528e-01     8.23652e+03     3.68078e+02     6.58845e+01
    7.05618e-01     8.22569e+03     3.65201e+02     6.53817e+01
    7.09708e-01     8.23116e+03     3.63831e+02     6.43157e+01
    7.13796e-01     8.19299e+03     3.60963e+02     6.40797e+01
    7.17892e-01     8.18245e+03     3.58520e+02     6.33493e+01
    7.21982e-01     8.15407e+03     3.55468e+02     6.30196e+01
    7.26059e-01     8.17859e+03     3.55396e+02     6.23824e+01
    7.30145e-01     8.13648e+03     3.50377e+02     6.17974e+01
    7.34240e-01     8.13288e+03     3.50223e+02     6.15405e+01
    7.38340e-01     8.12193e+03     3.49785e+02     6.08494e+01
    7.42427e-01     8.11415e+03     3.45464e+02     6.03860e+01
    7.46511e-01     8.07873e+03     3.43110e+02     5.98798e+01
    7.50614e-01     8.04118e+03     3.39537e+02     5.91089e+01
    7.54706e-01     8.06367e+03     3.40879e+02     5.90539e+01
    7.58795e-01     8.03055e+03     3.36831e+02     5.82423e+01
    7.62888e-01     8.01869e+03     3.34023e+02     5.78619e+01
    7.66986e-01     8.03308e+03     3.33467e+02     5.73811e+01
    7.71073e-01     8.01616e+03     3.31901e+02     5.69319e+01
    7.75153e-01     7.97355e+03     3.27841e+02     5.63876e+01
    7.79241e-01     7.98994e+03     3.28167e+02     5.58331e+01
    7.83335e-01     7.95014e+03     3.24444e+02     5.53480e+01
    7.87426e-01     7.98297e+03     3.26819e+02     5.51157e+01
    7.91513e-01     7.93980e+03     3.23090e+02     5.46805e+01
    7.95606e-01     7.92631e+03     3.20276e+02     5.41736e+01
    7.99702e-01     7.93436e+03     3.20877e+02     5.39564e+01
    8.03798e-01     7.92797e+03     3.16982e+02     5.34285e+01
    8.07879e-01     7.91805e+03     3.16436e+02     5.29779e+01
    8.11963e-01     7.89404e+03     3.15044e+02     5.25421e+01
    8.16059e-01     7.87356e+03     3.10252e+02     5.19191e+01
    8.20152e-01     7.85774e+03     3.11044e+02     5.17954e+01
    8.24242e-01     7.84203e+03     3.08635e+02     5.13223e+01
    8.28331e-01     7.80092e+03     3.07473e+02     5.10057e+01
    8.32425e-01     7.81040e+03     3.04754e+02     5.05313e+01
    8.36516e-01     7.81962e+03     3.03920e+02     5.00727e+01
    8.40610e-01     7.79439e+03     3.02590e+02     4.97850e+01
    8.44704e-01     7.77887e+03     3.00826e+02     4.94849e+01
    8.48790e-01     7.80143e+03     2.99481e+02     4.91310e+01
    8.52876e-01     7.75367e+03     2.97558e+02     4.88510e+01
    8.56967e-01     7.78416e+03     2.97655e+02     4.84635e+01
    8.61059e-01     7.72650e+03     2.95722e+02     4.82123e+01
    8.65147e-01     7.74720e+03     2.92970e+02     4.77546e+01
    8.69235e-01     7.74275e+03     2.93337e+02     4.75482e+01
    8.73334e-01     7.71991e+03     2.91499e+02     4.71607e+01
    8.77429e-01     7.71381e+03     2.89661e+02     4.66359e+01
    8.81512e-01     7.69246e+03     2.89569e+02     4.64793e+01
    8.85601e-01     7.69036e+03     2.87302e+02     4.60351e+01
    8.89691e-01     7.66524e+03     2.85817e+02     4.57287e+01
    8.93784e-01     7.66198e+03     2.84571e+02     4.55048e+01
    8.97875e-01     7.68645e+03     2.83117e+02     4.51503e+01
    9.01960e-01     7.64792e+03     2.81701e+02     4.48281e+01
    9.06054e-01     7.63176e+03     2.80974e+02     4.46938e+01
    9.10146e-01     7.62504e+03     2.78988e+02     4.41967e+01
    9.14237e-01     7.61103e+03     2.77372e+02     4.38183e+01
    9.18331e-01     7.60884e+03     2.75842e+02     4.35725e+01
    9.22421e-01     7.59355e+03     2.74847e+02     4.32886e+01
    9.26509e-01     7.57281e+03     2.73769e+02     4.30950e+01
    9.30598e-01     7.55655e+03     2.71822e+02     4.26951e+01
    9.34692e-01     7.56725e+03     2.71261e+02     4.24739e+01
    9.38787e-01     7.55223e+03     2.69668e+02     4.21880e+01
    9.42873e-01     7.51470e+03     2.67296e+02     4.17991e+01
    9.46961e-01     7.52306e+03     2.67658e+02     4.16018e+01
    9.51054e-01     7.51650e+03     2.66015e+02     4.13011e+01
    9.55150e-01     7.51712e+03     2.65776e+02     4.11074e+01
    9.59240e-01     7.48552e+03     2.62582e+02     4.06765e+01
    9.63327e-01     7.47485e+03     2.62240e+02     4.05521e+01
    9.67420e-01     7.48190e+03     2.61195e+02     4.02055e+01
    9.71506e-01     7.48019e+03     2.59708e+02     3.99549e+01
    9.75588e-01     7.44590e+03     2.59239e+02     3.96881e+01
    9.79678e-01     7.44421e+03     2.58551e+02     3.95209e+01
    9.83773e-01     7.44338e+03     2.57365e+02     3.92004e+01
    9.87866e-01     7.43229e+03     2.55801e+02     3.89233e+01
    9.91960e-01     7.42388e+03     2.54420e+02     3.87794e+01
    9.96055e-01     7.42375e+03     2.54568e+02     3.85592e+01
    1.00015e+00     7.41119e+03     2.52463e+02     3.82046e+01
    1.00424e+00     7.39933e+03     2.53003e+02     3.80516e+01
    1.00832e+00     7.35248e+03     2.49576e+02     3.77772e+01
    1.01242e+00     7.37114e+03     2.49783e+02     3.75475e+01
    1.01651e+00     7.37479e+03     2.49025e+02     3.73625e+01
    1.02059e+00     7.37321e+03     2.47503e+02     3.70940e+01
    1.02468e+00     7.35627e+03     2.47030e+02     3.68548e+01
    1.02878e+00     7.36734e+03     2.46217e+02     3.67134e+01
    1.03287e+00     7.32884e+03     2.44715e+02     3.64462e+01
    1.03695e+00     7.31325e+03     2.43343e+02     3.62111e+01
    1.04105e+00     7.31811e+03     2.42577e+02     3.59997e+01
    1.04515e+00     7.30214e+03     2.41569e+02     3.58024e+01
    1.04923e+00     7.29695e+03     2.41425e+02     3.55712e+01
    1.05332e+00     7.28121e+03     2.40589e+02     3.53837e+01
    1.05741e+00     7.28233e+03     2.39444e+02     3.51190e+01
    1.06150e+00     7.25501e+03     2.37927e+02     3.49899e+01
    1.06559e+00     7.27619e+03     2.37812e+02     3.48586e+01
    1.06968e+00     7.24095e+03     2.36159e+02     3.46435e+01
    1.07377e+00     7.24538e+03     2.35023e+02     3.43795e+01
    1.07786e+00     7.24014e+03     2.34156e+02     3.41653e+01
    1.08195e+00     7.22679e+03     2.34274e+02     3.39294e+01
    1.08605e+00     7.22077e+03     2.33144e+02     3.37498e+01
    1.09014e+00     7.19058e+03     2.30834e+02     3.35236e+01
    1.09422e+00     7.19511e+03     2.31479e+02     3.34287e+01
    1.09832e+00     7.17349e+03     2.29766e+02     3.32464e+01
    1.10242e+00     7.19378e+03     2.30008e+02     3.30266e+01
    1.10650e+00     7.15919e+03     2.28187e+02     3.27582e+01
    1.11059e+00     7.15425e+03     2.27629e+02     3.25873e+01
    1.11468e+00     7.14381e+03     2.26808e+02     3.24756e+01
    1.11878e+00     7.12771e+03     2.25592e+02     3.22413e+01
    1.12287e+00     7.13744e+03     2.25097e+02     3.20770e+01
    1.12695e+00     7.13186e+03     2.23983e+02     3.19218e+01
    1.13105e+00     7.09835e+03     2.23653e+02     3.17278e+01
    1.13514e+00     7.12575e+03     2.23551e+02     3.15296e+01
    1.13922e+00     7.08988e+03     2.21399e+02     3.13657e+01
    1.14331e+00     7.09021e+03     2.20688e+02     3.12064e+01
    1.14741e+00     7.06770e+03     2.20221e+02     3.10159e+01
    1.15150e+00     7.07280e+03     2.19118e+02     3.08765e+01
    1.15559e+00     7.06709e+03     2.18184e+02     3.06561e+01
    1.15968e+00     7.02514e+03     2.17700e+02     3.05167e+01
    1.16377e+00     7.05064e+03     2.17194e+02     3.03775e+01
    1.16786e+00     7.03308e+03     2.16129e+02     3.02665e+01
    1.17195e+00     7.02816e+03     2.15905e+02     3.00141e+01
    1.17604e+00     7.02855e+03     2.14456e+02     2.98606e+01
    1.18013e+00     6.99351e+03     2.13895e+02     2.96665e+01
    1.18422e+00     7.01395e+03     2.13488e+02     2.95783e+01
    1.18831e+00     6.98790e+03     2.12921e+02     2.94000e+01
    1.19240e+00     6.99059e+03     2.11723e+02     2.92328e+01
    1.19649e+00     6.98462e+03     2.11613e+02     2.91241e+01
    1.20059e+00     6.96761e+03     2.10865e+02     2.89556e+01
    1.20468e+00     6.96160e+03     2.10191e+02     2.87827e+01
    1.20877e+00     6.94824e+03     2.08542e+02     2.85941e+01
    1.21286e+00     6.92638e+03     2.07642e+02     2.84280e+01
    1.21695e+00     6.94169e+03     2.08567e+02     2.84246e+01
    1.22104e+00     6.92126e+03     2.06610e+02     2.81920e+01
    1.22513e+00     6.90417e+03     2.06287e+02     2.81084e+01
    1.22922e+00     6.92138e+03     2.05708e+02     2.79166e+01
    1.23330e+00     6.89749e+03     2.05039e+02     2.77956e+01
    1.23740e+00     6.88868e+03     2.03658e+02     2.75828e+01
    1.24149e+00     6.87806e+03     2.03373e+02     2.74664e+01
    1.24558e+00     6.88223e+03     2.03413e+02     2.73643e+01
    1.24967e+00     6.86618e+03     2.02797e+02     2.72332e+01
    1.25376e+00     6.85673e+03     2.00603e+02     2.70021e+01
    1.25785e+00     6.84452e+03     2.00816e+02     2.68782e+01
    1.26194e+00     6.84804e+03     2.00741e+02     2.67985e+01
    1.26603e+00     6.82249e+03     1.98880e+02     2.65976e+01
    1.27012e+00     6.83669e+03     1.99520e+02     2.65298e+01
    1.27422e+00     6.81512e+03     1.98833e+02     2.64518e+01
    1.27831e+00     6.80852e+03     1.97833e+02     2.62290e+01
    1.28240e+00     6.79475e+03     1.97268e+02     2.61220e+01
    1.28649e+00     6.79309e+03     1.96242e+02     2.59610e+01
    1.29058e+00     6.78550e+03     1.96398e+02     2.58599e+01
    1.29467e+00     6.77803e+03     1.95292e+02     2.57028e+01
    1.29876e+00     6.76740e+03     1.94356e+02     2.55883e+01
    1.30285e+00     6.74632e+03     1.93475e+02     2.54443e+01
    1.30694e+00     6.75223e+03     1.93084e+02     2.53184e+01
    1.31103e+00     6.75198e+03     1.92670e+02     2.51563e+01
    1.31512e+00     6.73559e+03     1.91878e+02     2.50768e+01
    1.31921e+00     6.73230e+03     1.92127e+02     2.49906e+01
    1.32331e+00     6.71886e+03     1.90419e+02     2.48337e+01
    1.32739e+00     6.71923e+03     1.90460e+02     2.47667e+01
    1.33148e+00     6.71040e+03     1.89860e+02     2.46001e+01
    1.33558e+00     6.70064e+03     1.89045e+02     2.45004e+01
    1.33967e+00     6.69563e+03     1.89239e+02     2.44231e+01
    1.34376e+00     6.66905e+03     1.88146e+02     2.42738e+01
    1.34785e+00     6.65138e+03     1.86988e+02     2.41354e+01
    1.35195e+00     6.65938e+03     1.87409e+02     2.40855e+01
    1.35603e+00     6.65178e+03     1.86202e+02     2.38985e+01
    1.36011e+00     6.64066e+03     1.85262e+02     2.37666e+01
    1.36421e+00     6.62508e+03     1.85351e+02     2.36667e+01
    1.36830e+00     6.65196e+03     1.85371e+02     2.35479e+01
    1.37239e+00     6.62078e+03     1.83865e+02     2.34183e+01
    1.37648e+00     6.60906e+03     1.83721e+02     2.33298e+01
    1.38057e+00     6.60530e+03     1.82983e+02     2.32261e+01
    1.38466e+00     6.60379e+03     1.82018e+02     2.30770e+01
    1.38875e+00     6.58723e+03     1.81757e+02     2.30093e+01
    1.39285e+00     6.57858e+03     1.81695e+02     2.29440e+01
    1.39694e+00     6.57633e+03     1.80903e+02     2.27727e+01
    1.40102e+00     6.56332e+03     1.80184e+02     2.26621e+01
    1.40512e+00     6.54942e+03     1.79332e+02     2.25566e+01
    1.40921e+00     6.55081e+03     1.78943e+02     2.24781e+01
    1.41330e+00     6.54313e+03     1.78597e+02     2.23594e+01
    1.41739e+00     6.51328e+03     1.77695e+02     2.22734e+01
    1.42148e+00     6.51078e+03     1.76670e+02     2.20864e+01
    1.42557e+00     6.51260e+03     1.77032e+02     2.20710e+01
    1.42966e+00     6.49658e+03     1.76337e+02     2.19142e+01
    1.43375e+00     6.48505e+03     1.76238e+02     2.18631e+01
    1.43784e+00     6.49406e+03     1.75817e+02     2.17224e+01
    1.44193e+00     6.47162e+03     1.74097e+02     2.16145e+01
    1.44602e+00     6.45559e+03     1.74180e+02     2.15629e+01
    1.45011e+00     6.46699e+03     1.73711e+02     2.14311e+01
    1.45420e+00     6.45383e+03     1.73272e+02     2.13446e+01
    1.45830e+00     6.43353e+03     1.72523e+02     2.12230e+01
    1.46239e+00     6.43473e+03     1.71911e+02     2.11021e+01
    1.46648e+00     6.43267e+03     1.72005e+02     2.10550e+01
    1.47056e+00     6.42186e+03     1.71479e+02     2.09502e+01
    1.47465e+00     6.40136e+03     1.70569e+02     2.08657e+01
    1.47874e+00     6.39733e+03     1.69705e+02     2.07310e+01
    1.48283e+00     6.40042e+03     1.69669e+02     2.06475e+01
    1.48693e+00     6.39506e+03     1.69391e+02     2.05532e+01
    1.49102e+00     6.38455e+03     1.69006e+02     2.04865e+01
    1.49511e+00     6.37240e+03     1.68179e+02     2.03806e+01
    1.49920e+00     6.36831e+03     1.67622e+02     2.02652e+01
    1.50329e+00     6.35948e+03     1.67483e+02     2.02092e+01
    1.50738e+00     6.34136e+03     1.66506e+02     2.00867e+01
    1.51148e+00     6.33461e+03     1.66549e+02     2.00203e+01
    1.51557e+00     6.33428e+03     1.65959e+02     1.99414e+01
    1.51965e+00     6.32634e+03     1.65595e+02     1.97982e+01
    1.52374e+00     6.32514e+03     1.65049e+02     1.97163e+01
    1.52784e+00     6.31233e+03     1.64102e+02     1.96260e+01
    1.53193e+00     6.30529e+03     1.64009e+02     1.95663e+01
    1.53602e+00     6.28431e+03     1.63708e+02     1.94836e+01
    1.54011e+00     6.27640e+03     1.62872e+02     1.93789e+01
    1.54420e+00     6.26587e+03     1.62472e+02     1.92967e+01
    1.54829e+00     6.26331e+03     1.61968e+02     1.91737e+01
    1.55238e+00     6.25351e+03     1.61652e+02     1.91315e+01
    1.55647e+00     6.24276e+03     1.61043e+02     1.90165e+01
    1.56056e+00     6.24112e+03     1.60651e+02     1.89812e+01
    1.56465e+00     6.22986e+03     1.60163e+02     1.88698e+01
    1.56874e+00     6.21330e+03     1.59354e+02     1.87787e+01
    1.57283e+00     6.21323e+03     1.59362e+02     1.87048e+01
    1.57693e+00     6.22716e+03     1.59554e+02     1.86398e+01
    1.58102e+00     6.19815e+03     1.58189e+02     1.85246e+01
    1.58510e+00     6.19255e+03     1.58173e+02     1.84796e+01
    1.58919e+00     6.19438e+03     1.58039e+02     1.83902e+01
    1.59329e+00     6.16636e+03     1.56934e+02     1.82776e+01
    1.59738e+00     6.17141e+03     1.56859e+02     1.82286e+01
    1.60147e+00     6.16115e+03     1.56202e+02     1.81236e+01
    1.60556e+00     6.14901e+03     1.55569e+02     1.80356e+01
    1.60965e+00     6.14532e+03     1.55983e+02     1.79911e+01
    1.61374e+00     6.14204e+03     1.55201e+02     1.79047e+01
    1.61783e+00     6.12824e+03     1.54256e+02     1.77937e+01
    1.62192e+00     6.13516e+03     1.54666e+02     1.77758e+01
    1.62601e+00     6.11022e+03     1.53708e+02     1.76671e+01
    1.63010e+00     6.10962e+03     1.53316e+02     1.75821e+01
    1.63419e+00     6.09718e+03     1.52810e+02     1.74892e+01
    1.63828e+00     6.07475e+03     1.52006e+02     1.74140e+01
    1.64238e+00     6.07605e+03     1.51918e+02     1.73662e+01
    1.64647e+00     6.07033e+03     1.51262e+02     1.72664e+01
    1.65055e+00     6.06269e+03     1.50651e+02     1.71887e+01
    1.65465e+00     6.05287e+03     1.50920e+02     1.71262e+01
    1.65874e+00     6.04690e+03     1.50328e+02     1.70737e+01
    1.66283e+00     6.04442e+03     1.50064e+02     1.69701e+01
    1.66691e+00     6.02851e+03     1.49441e+02     1.68945e+01
    1.67101e+00     6.02539e+03     1.48536e+02     1.67938e+01
    1.67510e+00     6.01503e+03     1.48806e+02     1.67809e+01
    1.67919e+00     6.00791e+03     1.48183e+02     1.66972e+01
    1.68328e+00     5.99886e+03     1.47945e+02     1.66025e+01
    1.68737e+00     5.98385e+03     1.47045e+02     1.65339e+01
    1.69146e+00     5.98983e+03     1.46955e+02     1.64674e+01
    1.69555e+00     5.97146e+03     1.46116e+02     1.63462e+01
    1.69964e+00     5.96687e+03     1.45994e+02     1.63182e+01
    1.70373e+00     5.95951e+03     1.45698e+02     1.62626e+01
    1.70782e+00     5.94749e+03     1.45362e+02     1.61625e+01
    1.71191e+00     5.94657e+03     1.45457e+02     1.61534e+01
    1.71600e+00     5.92024e+03     1.44246e+02     1.60296e+01
    1.72009e+00     5.93194e+03     1.44187e+02     1.59615e+01
    1.72418e+00     5.92308e+03     1.43891e+02     1.59049e+01
    1.72828e+00     5.92333e+03     1.43924e+02     1.58540e+01
    1.73237e+00     5.89558e+03     1.43005e+02     1.57844e+01
    1.73646e+00     5.90488e+03     1.42936e+02     1.57288e+01
    1.74055e+00     5.89535e+03     1.42258e+02     1.56336e+01
    1.74464e+00     5.87330e+03     1.41642e+02     1.55584e+01
    1.74874e+00     5.87343e+03     1.41360e+02     1.54939e+01
    1.75282e+00     5.85675e+03     1.40840e+02     1.54177e+01
    1.75691e+00     5.85343e+03     1.40990e+02     1.54004e+01
    1.76100e+00     5.84381e+03     1.40697e+02     1.53297e+01
    1.76509e+00     5.84773e+03     1.40213e+02     1.52633e+01
    1.76918e+00     5.83582e+03     1.39765e+02     1.52070e+01
    1.77327e+00     5.82011e+03     1.39403e+02     1.51298e+01
    1.77737e+00     5.81053e+03     1.38802e+02     1.50516e+01
    1.78146e+00     5.80515e+03     1.38238e+02     1.49658e+01
    1.78554e+00     5.79181e+03     1.37664e+02     1.48998e+01
    1.78964e+00     5.80149e+03     1.38059e+02     1.48745e+01
    1.79373e+00     5.78163e+03     1.37212e+02     1.47847e+01
    1.79782e+00     5.77782e+03     1.37049e+02     1.47486e+01
    1.80191e+00     5.76293e+03     1.36640e+02     1.46895e+01
    1.80600e+00     5.76830e+03     1.36233e+02     1.46033e+01
    1.81009e+00     5.75837e+03     1.36100e+02     1.45658e+01
    1.81418e+00     5.74346e+03     1.35484e+02     1.44791e+01
    1.81827e+00     5.73798e+03     1.35089e+02     1.44398e+01
    1.82236e+00     5.73401e+03     1.34836e+02     1.43558e+01
    1.82645e+00     5.71692e+03     1.34454e+02     1.42976e+01
    1.83054e+00     5.71220e+03     1.33842e+02     1.42166e+01
    1.83463e+00     5.69910e+03     1.33644e+02     1.41760e+01
    1.83872e+00     5.70264e+03     1.33412e+02     1.41032e+01
    1.84281e+00     5.68364e+03     1.32796e+02     1.40669e+01
    1.84691e+00     5.68723e+03     1.32347e+02     1.39797e+01
    1.85100e+00     5.66799e+03     1.32235e+02     1.39411e+01
    1.85509e+00     5.66175e+03     1.31851e+02     1.39017e+01
    1.85918e+00     5.65206e+03     1.31506e+02     1.38281e+01
    1.86327e+00     5.64150e+03     1.30702e+02     1.37443e+01
    1.86736e+00     5.64380e+03     1.30850e+02     1.37177e+01
    1.87145e+00     5.63467e+03     1.30363e+02     1.36570e+01
    1.87554e+00     5.62426e+03     1.30020e+02     1.35943e+01
    1.87963e+00     5.61814e+03     1.29720e+02     1.35175e+01
    1.88372e+00     5.61166e+03     1.29542e+02     1.34886e+01
    1.88781e+00     5.59544e+03     1.28717e+02     1.34144e+01
    1.89190e+00     5.58931e+03     1.28412e+02     1.33651e+01
    1.89599e+00     5.57639e+03     1.28222e+02     1.33085e+01
    1.90008e+00     5.57806e+03     1.28265e+02     1.32739e+01
    1.90417e+00     5.55507e+03     1.27359e+02     1.31971e+01
    1.90827e+00     5.55465e+03     1.27366e+02     1.31432e+01
    1.91236e+00     5.55393e+03     1.26954e+02     1.30885e+01
    1.91645e+00     5.54559e+03     1.26500e+02     1.30252e+01
    1.92054e+00     5.53183e+03     1.26071e+02     1.29714e+01
    1.92463e+00     5.52666e+03     1.25799e+02     1.29200e+01
    1.92872e+00     5.52176e+03     1.25595e+02     1.28634e+01
    1.93281e+00     5.51082e+03     1.24917e+02     1.28299e+01
    1.93690e+00     5.50596e+03     1.24453e+02     1.27382e+01
    1.94099e+00     5.49815e+03     1.24641e+02     1.27165e+01
    1.94508e+00     5.48949e+03     1.23949e+02     1.26352e+01
    1.94917e+00     5.48354e+03     1.24005e+02     1.26179e+01
    1.95326e+00     5.46974e+03     1.23586e+02     1.25404e+01
    1.95735e+00     5.46125e+03     1.23137e+02     1.24902e+01
    1.96144e+00     5.45607e+03     1.22764e+02     1.24392e+01
    1.96553e+00     5.44607e+03     1.22339e+02     1.23878e+01
    1.96962e+00     5.44268e+03     1.22154e+02     1.23447e+01
    1.97371e+00     5.43014e+03     1.21951e+02     1.22858e+01
    1.97781e+00     5.42411e+03     1.21540e+02     1.22381e+01
    1.98190e+00     5.40684e+03     1.20851e+02     1.21768e+01
    1.98599e+00     5.40184e+03     1.20638e+02     1.21283e+01
    1.99008e+00     5.39282e+03     1.20169e+02     1.20709e+01
    1.99417e+00     5.38261e+03     1.19934e+02     1.20257e+01
    1.99826e+00     5.37836e+03     1.20025e+02     1.20075e+01
    2.00235e+00     5.37216e+03     1.19527e+02     1.19200e+01
    2.00644e+00     5.35623e+03     1.18848e+02     1.18724e+01
    2.01053e+00     5.35378e+03     1.18819e+02     1.18361e+01
    2.01462e+00     5.34780e+03     1.18476e+02     1.17782e+01
    2.01871e+00     5.34841e+03     1.18536e+02     1.17359e+01
    2.02280e+00     5.33967e+03     1.18075e+02     1.16936e+01
    2.02689e+00     5.32249e+03     1.17562e+02     1.16393e+01
    2.03098e+00     5.31900e+03     1.17076e+02     1.15891e+01
    2.03507e+00     5.30477e+03     1.16961e+02     1.15503e+01
    2.03917e+00     5.30860e+03     1.16762e+02     1.15032e+01
    2.04325e+00     5.29574e+03     1.16296e+02     1.14605e+01
    2.04735e+00     5.28615e+03     1.15888e+02     1.14019e+01
    2.05143e+00     5.26748e+03     1.15211e+02     1.13506e+01
    2.05552e+00     5.27217e+03     1.15319e+02     1.13047e+01
    2.05962e+00     5.25895e+03     1.14870e+02     1.12611e+01
    2.06371e+00     5.25090e+03     1.14667e+02     1.12037e+01
    2.06780e+00     5.25242e+03     1.14563e+02     1.11637e+01
    2.07189e+00     5.23581e+03     1.14197e+02     1.11331e+01
    2.07598e+00     5.23056e+03     1.13726e+02     1.10767e+01
    2.08007e+00     5.21707e+03     1.13246e+02     1.10046e+01
    2.08416e+00     5.20769e+03     1.13029e+02     1.09869e+01
    2.08825e+00     5.20430e+03     1.12753e+02     1.09220e+01
    2.09234e+00     5.20022e+03     1.12623e+02     1.08959e+01
    2.09644e+00     5.18877e+03     1.11932e+02     1.08351e+01
    2.10053e+00     5.18630e+03     1.11881e+02     1.07958e+01
    2.10461e+00     5.17352e+03     1.11572e+02     1.07545e+01
    2.10870e+00     5.16589e+03     1.11202e+02     1.07087e+01
    2.11280e+00     5.15791e+03     1.10768e+02     1.06549e+01
    2.11688e+00     5.14463e+03     1.10505e+02     1.06188e+01
    2.12098e+00     5.13464e+03     1.10122e+02     1.05683e+01
    2.12507e+00     5.12978e+03     1.10037e+02     1.05376e+01
    2.12916e+00     5.12130e+03     1.09550e+02     1.04778e+01
    2.13325e+00     5.11696e+03     1.09612e+02     1.04424e+01
    2.13734e+00     5.10362e+03     1.08813e+02     1.03879e+01
    2.14143e+00     5.09981e+03     1.08890e+02     1.03456e+01
    2.14552e+00     5.08984e+03     1.08314e+02     1.03125e+01
    2.14961e+00     5.08663e+03     1.08165e+02     1.02655e+01
    2.15370e+00     5.08138e+03     1.08048e+02     1.02306e+01
    2.15779e+00     5.06717e+03     1.07610e+02     1.01862e+01
    2.16188e+00     5.05542e+03     1.07144e+02     1.01421e+01
    2.16597e+00     5.05740e+03     1.07115e+02     1.01049e+01
    2.17006e+00     5.04289e+03     1.06552e+02     1.00453e+01
    2.17416e+00     5.03195e+03     1.06325e+02     1.00133e+01
    2.17825e+00     5.02997e+03     1.06082e+02     9.97607e+00
    2.18234e+00     5.01953e+03     1.05696e+02     9.92444e+00
    2.18643e+00     5.01236e+03     1.05630e+02     9.89685e+00
    2.19052e+00     5.00298e+03     1.05237e+02     9.84915e+00
    2.19461e+00     4.99338e+03     1.04822e+02     9.81180e+00
    2.19870e+00     4.98700e+03     1.04570e+02     9.76175e+00
    2.20279e+00     4.97809e+03     1.04179e+02     9.72947e+00
    2.20688e+00     4.97072e+03     1.03926e+02     9.69053e+00
    2.21097e+00     4.96081e+03     1.03514e+02     9.63847e+00
    2.21506e+00     4.95152e+03     1.03157e+02     9.59074e+00
    2.21915e+00     4.93969e+03     1.03006e+02     9.57499e+00
    2.22324e+00     4.94151e+03     1.02701e+02     9.52309e+00
    2.22733e+00     4.92589e+03     1.02398e+02     9.48562e+00
    2.23142e+00     4.92645e+03     1.02323e+02     9.45508e+00
    2.23552e+00     4.91900e+03     1.01772e+02     9.40080e+00
    2.23961e+00     4.90400e+03     1.01746e+02     9.37058e+00
    2.24369e+00     4.89618e+03     1.01219e+02     9.32279e+00
    2.24779e+00     4.89868e+03     1.01110e+02     9.28254e+00
    2.25188e+00     4.88283e+03     1.00767e+02     9.25047e+00
    2.25597e+00     4.86897e+03     1.00364e+02     9.21693e+00
    2.26006e+00     4.86596e+03     1.00262e+02     9.17603e+00
    2.26415e+00     4.86393e+03     9.99025e+01     9.14403e+00
    2.26824e+00     4.84509e+03     9.95050e+01     9.10309e+00
    2.27233e+00     4.83852e+03     9.94532e+01     9.07437e+00
    2.27642e+00     4.83322e+03     9.91007e+01     9.01919e+00
    2.28051e+00     4.82642e+03     9.87254e+01     8.98747e+00
    2.28460e+00     4.82038e+03     9.85002e+01     8.94545e+00
    2.28869e+00     4.80698e+03     9.80851e+01     8.91375e+00
    2.29278e+00     4.80297e+03     9.78705e+01     8.86489e+00
    2.29687e+00     4.79193e+03     9.73120e+01     8.82548e+00
    2.30096e+00     4.78623e+03     9.72598e+01     8.79314e+00
    2.30506e+00     4.77517e+03     9.70074e+01     8.76576e+00
    2.30915e+00     4.77937e+03     9.67539e+01     8.71655e+00
    2.31324e+00     4.76469e+03     9.65409e+01     8.69336e+00
    2.31733e+00     4.75344e+03     9.60391e+01     8.64153e+00
    2.32142e+00     4.74742e+03     9.60337e+01     8.62464e+00
    2.32551e+00     4.73537e+03     9.55757e+01     8.57171e+00
    2.32960e+00     4.73528e+03     9.55800e+01     8.54681e+00
    2.33369e+00     4.72442e+03     9.52153e+01     8.50592e+00
    2.33778e+00     4.70857e+03     9.47405e+01     8.47319e+00
    2.34187e+00     4.70795e+03     9.45986e+01     8.43074e+00
    2.34596e+00     4.70083e+03     9.43388e+01     8.40737e+00
    2.35005e+00     4.68483e+03     9.38627e+01     8.36816e+00
    2.35414e+00     4.67907e+03     9.38938e+01     8.33693e+00
    2.35823e+00     4.67411e+03     9.34293e+01     8.29405e+00
    2.36232e+00     4.66743e+03     9.34627e+01     8.26683e+00
    2.36641e+00     4.66101e+03     9.30881e+01     8.23798e+00
    2.37051e+00     4.65370e+03     9.28310e+01     8.18810e+00
    2.37460e+00     4.64173e+03     9.24376e+01     8.16300e+00
    2.37869e+00     4.63268e+03     9.21231e+01     8.13246e+00
    2.38278e+00     4.62192e+03     9.19659e+01     8.09676e+00
    2.38687e+00     4.61792e+03     9.16769e+01     8.05959e+00
    2.39096e+00     4.61259e+03     9.13689e+01     8.02101e+00
    2.39505e+00     4.60500e+03     9.10140e+01     7.98696e+00
    2.39914e+00     4.59782e+03     9.07969e+01     7.96283e+00
    2.40323e+00     4.58685e+03     9.05213e+01     7.92319e+00
    2.40732e+00     4.57745e+03     9.01833e+01     7.88868e+00
    2.41141e+00     4.57189e+03     8.99984e+01     7.85212e+00
    2.41550e+00     4.56359e+03     8.98292e+01     7.82911e+00
    2.41959e+00     4.55320e+03     8.95820e+01     7.79894e+00
    2.42368e+00     4.55195e+03     8.93636e+01     7.76235e+00
    2.42777e+00     4.53522e+03     8.88455e+01     7.72106e+00
    2.43187e+00     4.52938e+03     8.86689e+01     7.69075e+00
    2.43596e+00     4.52333e+03     8.84469e+01     7.66272e+00
    2.44004e+00     4.51439e+03     8.81149e+01     7.62152e+00
    2.44414e+00     4.51194e+03     8.79482e+01     7.59822e+00
    2.44823e+00     4.49957e+03     8.75675e+01     7.56153e+00
    2.45232e+00     4.49439e+03     8.74022e+01     7.53346e+00
    2.45640e+00     4.48280e+03     8.69759e+01     7.50128e+00
    2.46050e+00     4.47404e+03     8.68437e+01     7.46420e+00
    2.46459e+00     4.46741e+03     8.67925e+01     7.44829e+00
    2.46868e+00     4.45679e+03     8.64992e+01     7.41010e+00
    2.47277e+00     4.44813e+03     8.59953e+01     7.37189e+00
    2.47686e+00     4.45124e+03     8.60711e+01     7.34826e+00
    2.48095e+00     4.44238e+03     8.56410e+01     7.31912e+00
    2.48504e+00     4.42722e+03     8.53926e+01     7.28399e+00
    2.48913e+00     4.41883e+03     8.50337e+01     7.24850e+00
    2.49322e+00     4.41344e+03     8.47826e+01     7.22009e+00
    2.49731e+00     4.39628e+03     8.44168e+01     7.18773e+00
    2.50141e+00     4.39806e+03     8.43368e+01     7.15710e+00
    2.50550e+00     4.39037e+03     8.40674e+01     7.12818e+00
    2.50959e+00     4.38480e+03     8.38651e+01     7.09929e+00
    2.51368e+00     4.37863e+03     8.35670e+01     7.06998e+00
    2.51777e+00     4.36302e+03     8.32261e+01     7.04168e+00
    2.52186e+00     4.35626e+03     8.30933e+01     7.01674e+00
    2.52595e+00     4.35074e+03     8.28527e+01     6.98005e+00
    2.53004e+00     4.34133e+03     8.25056e+01     6.95199e+00
    2.53413e+00     4.33194e+03     8.22991e+01     6.92057e+00
    2.53822e+00     4.32860e+03     8.22196e+01     6.89879e+00
    2.54231e+00     4.31873e+03     8.18222e+01     6.85811e+00
    2.54640e+00     4.30992e+03     8.16119e+01     6.84190e+00
    2.55049e+00     4.29764e+03     8.12763e+01     6.81117e+00
    2.55458e+00     4.30069e+03     8.11963e+01     6.77555e+00
    2.55867e+00     4.28890e+03     8.08354e+01     6.74449e+00
    2.56276e+00     4.28358e+03     8.07340e+01     6.72335e+00
    2.56685e+00     4.26848e+03     8.01582e+01     6.68210e+00
    2.57095e+00     4.26404e+03     8.01227e+01     6.66223e+00
    2.57504e+00     4.25524e+03     7.97562e+01     6.63137e+00
    2.57913e+00     4.24722e+03     7.96024e+01     6.60557e+00
    2.58322e+00     4.23621e+03     7.92223e+01     6.57745e+00
    2.58731e+00     4.23010e+03     7.90823e+01     6.54974e+00
    2.59140e+00     4.22487e+03     7.89108e+01     6.51949e+00
    2.59549e+00     4.21535e+03     7.86230e+01     6.49339e+00
    2.59958e+00     4.20943e+03     7.84459e+01     6.47060e+00
    2.60367e+00     4.20194e+03     7.81836e+01     6.44632e+00
    2.60776e+00     4.19675e+03     7.79662e+01     6.41334e+00
    2.61185e+00     4.18779e+03     7.76161e+01     6.38108e+00
    2.61594e+00     4.17682e+03     7.74659e+01     6.35673e+00
    2.62003e+00     4.17029e+03     7.71950e+01     6.32980e+00
    2.62412e+00     4.16591e+03     7.71097e+01     6.30764e+00
    2.62821e+00     4.15606e+03     7.68100e+01     6.28132e+00
    2.63230e+00     4.14418e+03     7.63567e+01     6.24946e+00
    2.63640e+00     4.14080e+03     7.61943e+01     6.21841e+00
    2.64049e+00     4.13598e+03     7.59787e+01     6.19529e+00
    2.64457e+00     4.12867e+03     7.58819e+01     6.17316e+00
    2.64867e+00     4.10802e+03     7.54326e+01     6.14321e+00
    2.65276e+00     4.10858e+03     7.54428e+01     6.11854e+00
    2.65685e+00     4.10325e+03     7.50539e+01     6.09038e+00
    2.66094e+00     4.08983e+03     7.48119e+01     6.06392e+00
    2.66503e+00     4.08585e+03     7.46095e+01     6.03457e+00
    2.66912e+00     4.08236e+03     7.44680e+01     6.01348e+00
    2.67321e+00     4.07440e+03     7.42558e+01     5.99212e+00
    2.67730e+00     4.06076e+03     7.38900e+01     5.96348e+00
    2.68139e+00     4.05679e+03     7.37013e+01     5.93573e+00
    2.68548e+00     4.04896e+03     7.34230e+01     5.90956e+00
    2.68957e+00     4.04106e+03     7.32218e+01     5.88673e+00
    2.69366e+00     4.03170e+03     7.29135e+01     5.86249e+00
    2.69776e+00     4.02570e+03     7.28511e+01     5.83661e+00
    2.70185e+00     4.01626e+03     7.26452e+01     5.81196e+00
    2.70594e+00     4.00500e+03     7.21362e+01     5.77907e+00
    2.71003e+00     4.00293e+03     7.21282e+01     5.76140e+00
    2.71412e+00     3.99285e+03     7.17722e+01     5.73258e+00
    2.71821e+00     3.98631e+03     7.16636e+01     5.71112e+00
    2.72230e+00     3.97872e+03     7.14055e+01     5.69022e+00
    2.72639e+00     3.97200e+03     7.12848e+01     5.66707e+00
    2.73048e+00     3.95968e+03     7.09864e+01     5.64404e+00
    2.73457e+00     3.95971e+03     7.07366e+01     5.61608e+00
    2.73866e+00     3.94708e+03     7.04689e+01     5.59286e+00
    2.74275e+00     3.93911e+03     7.02555e+01     5.56817e+00
    2.74684e+00     3.93297e+03     7.01280e+01     5.54318e+00
    2.75093e+00     3.92504e+03     6.98929e+01     5.52142e+00
    2.75502e+00     3.92120e+03     6.96885e+01     5.49752e+00
    2.75911e+00     3.90801e+03     6.94860e+01     5.47765e+00
    2.76320e+00     3.90069e+03     6.92098e+01     5.44678e+00
    2.76730e+00     3.89877e+03     6.90160e+01     5.42403e+00
    2.77139e+00     3.88921e+03     6.87991e+01     5.40414e+00
    2.77548e+00     3.87933e+03     6.85568e+01     5.37959e+00
    2.77957e+00     3.87219e+03     6.84357e+01     5.35970e+00
    2.78366e+00     3.86868e+03     6.82128e+01     5.32969e+00
    2.78775e+00     3.85870e+03     6.79125e+01     5.30806e+00
    2.79184e+00     3.84694e+03     6.76255e+01     5.28588e+00
    2.79593e+00     3.84244e+03     6.75615e+01     5.26890e+00
    2.80002e+00     3.83635e+03     6.72984e+01     5.24246e+00
    2.80411e+00     3.82766e+03     6.70904e+01     5.22326e+00
    2.80820e+00     3.82241e+03     6.69206e+01     5.20151e+00
    2.81229e+00     3.81050e+03     6.65148e+01     5.17096e+00
    2.81638e+00     3.79987e+03     6.62917e+01     5.15108e+00
    2.82047e+00     3.80077e+03     6.62237e+01     5.13216e+00
    2.82457e+00     3.79274e+03     6.60382e+01     5.10824e+00
    2.82866e+00     3.78368e+03     6.57007e+01     5.08400e+00
    2.83275e+00     3.77517e+03     6.55815e+01     5.06309e+00
    2.83684e+00     3.76638e+03     6.52142e+01     5.03930e+00
    2.84093e+00     3.75728e+03     6.51022e+01     5.02066e+00
    2.84502e+00     3.75671e+03     6.49802e+01     4.99950e+00
    2.84911e+00     3.74474e+03     6.47070e+01     4.97370e+00
    2.85320e+00     3.73553e+03     6.44471e+01     4.95023e+00
    2.85729e+00     3.73122e+03     6.43189e+01     4.93824e+00
    2.86138e+00     3.72346e+03     6.40537e+01     4.91353e+00
    2.86547e+00     3.71529e+03     6.38527e+01     4.88976e+00
    2.86956e+00     3.70739e+03     6.36243e+01     4.86664e+00
    2.87365e+00     3.70431e+03     6.35985e+01     4.85725e+00
    2.87774e+00     3.69471e+03     6.32527e+01     4.82787e+00
    2.88183e+00     3.68775e+03     6.30771e+01     4.80474e+00
    2.88592e+00     3.68017e+03     6.28782e+01     4.79112e+00
    2.89001e+00     3.67341e+03     6.26406e+01     4.76689e+00
    2.89410e+00     3.66844e+03     6.25749e+01     4.74876e+00
    2.89820e+00     3.65704e+03     6.22324e+01     4.72786e+00
    2.90229e+00     3.65000e+03     6.19728e+01     4.70087e+00
    2.90638e+00     3.64427e+03     6.18470e+01     4.67987e+00
    2.91047e+00     3.63910e+03     6.15972e+01     4.66504e+00
    2.91456e+00     3.63218e+03     6.14844e+01     4.64409e+00
    2.91865e+00     3.62439e+03     6.12255e+01     4.62374e+00
    2.92274e+00     3.61175e+03     6.09283e+01     4.60214e+00
    2.92683e+00     3.60682e+03     6.08460e+01     4.58312e+00
    2.93092e+00     3.60211e+03     6.06289e+01     4.56435e+00
    2.93501e+00     3.59404e+03     6.03601e+01     4.54029e+00
    2.93910e+00     3.58536e+03     6.02261e+01     4.52420e+00
    2.94319e+00     3.57828e+03     6.01376e+01     4.51072e+00
    2.94728e+00     3.56862e+03     5.97460e+01     4.48779e+00
    2.95137e+00     3.56315e+03     5.96362e+01     4.46457e+00
    2.95546e+00     3.55437e+03     5.93820e+01     4.44251e+00
    2.95955e+00     3.54985e+03     5.92854e+01     4.42748e+00
    2.96364e+00     3.54070e+03     5.90057e+01     4.40797e+00
    2.96774e+00     3.53565e+03     5.88466e+01     4.38657e+00
    2.97183e+00     3.52752e+03     5.86248e+01     4.36431e+00
    2.97592e+00     3.52054e+03     5.83370e+01     4.34654e+00
    2.98001e+00     3.51014e+03     5.81806e+01     4.32944e+00
    2.98410e+00     3.50594e+03     5.79959e+01     4.30805e+00
    2.98819e+00     3.49726e+03     5.79169e+01     4.29843e+00
    2.99228e+00     3.49050e+03     5.76630e+01     4.27522e+00
    2.99637e+00     3.48575e+03     5.74768e+01     4.25296e+00
    3.00046e+00     3.47838e+03     5.72636e+01     4.23705e+00
    3.00455e+00     3.46927e+03     5.70442e+01     4.21851e+00
    3.00864e+00     3.46154e+03     5.68998e+01     4.19739e+00
    3.01273e+00     3.45806e+03     5.67373e+01     4.18448e+00
    3.01682e+00     3.44829e+03     5.65151e+01     4.16292e+00
    3.02091e+00     3.44343e+03     5.63005e+01     4.14292e+00
    3.02500e+00     3.43457e+03     5.61850e+01     4.12497e+00
    3.02910e+00     3.42990e+03     5.59671e+01     4.10821e+00
    3.03319e+00     3.42531e+03     5.57806e+01     4.09296e+00
    3.03728e+00     3.41193e+03     5.55103e+01     4.07297e+00
    3.04137e+00     3.40681e+03     5.53469e+01     4.05427e+00
    3.04546e+00     3.40127e+03     5.51974e+01     4.03849e+00
    3.04955e+00     3.39226e+03     5.50640e+01     4.02062e+00
    3.05364e+00     3.38590e+03     5.48553e+01     4.00389e+00
    3.05773e+00     3.37969e+03     5.46566e+01     3.98369e+00
    3.06182e+00     3.37366e+03     5.45022e+01     3.96872e+00
    3.06591e+00     3.36543e+03     5.42773e+01     3.95168e+00
    3.07000e+00     3.35874e+03     5.41311e+01     3.93337e+00
    3.07409e+00     3.35336e+03     5.38798e+01     3.91250e+00
    3.07818e+00     3.34631e+03     5.38531e+01     3.90305e+00
    3.08227e+00     3.33905e+03     5.35193e+01     3.88050e+00
    3.08636e+00     3.33125e+03     5.33913e+01     3.86462e+00
    3.09045e+00     3.32500e+03     5.31608e+01     3.84702e+00
    3.09454e+00     3.31673e+03     5.29643e+01     3.82924e+00
    3.09863e+00     3.31172e+03     5.28523e+01     3.81604e+00
    3.10272e+00     3.30434e+03     5.26784e+01     3.79849e+00
    3.10682e+00     3.29443e+03     5.24551e+01     3.78028e+00
    3.11091e+00     3.29129e+03     5.23939e+01     3.76557e+00
    3.11500e+00     3.28032e+03     5.20072e+01     3.74769e+00
    3.11909e+00     3.27334e+03     5.18470e+01     3.72976e+00
    3.12318e+00     3.26881e+03     5.17135e+01     3.71504e+00
    3.12727e+00     3.26228e+03     5.15716e+01     3.69855e+00
    3.13136e+00     3.25593e+03     5.14622e+01     3.68399e+00
    3.13545e+00     3.24805e+03     5.11996e+01     3.66633e+00
    3.13954e+00     3.23900e+03     5.10286e+01     3.65216e+00
    3.14363e+00     3.23853e+03     5.09066e+01     3.63595e+00
    3.14772e+00     3.23188e+03     5.08005e+01     3.61864e+00
    3.15181e+00     3.22423e+03     5.05236e+01     3.60267e+00
    3.15590e+00     3.21457e+03     5.03535e+01     3.58648e+00
    3.16000e+00     3.20833e+03     5.01627e+01     3.57159e+00
    3.16409e+00     3.20091e+03     4.99836e+01     3.55507e+00
    3.16818e+00     3.19626e+03     4.98944e+01     3.54114e+00
    3.17227e+00     3.18577e+03     4.95900e+01     3.52211e+00
    3.17636e+00     3.18118e+03     4.94640e+01     3.50801e+00
    3.18045e+00     3.17411e+03     4.92677e+01     3.48915e+00
    3.18454e+00     3.16600e+03     4.91579e+01     3.47946e+00
    3.18863e+00     3.16041e+03     4.89358e+01     3.46151e+00
    3.19272e+00     3.15683e+03     4.88445e+01     3.44741e+00
    3.19681e+00     3.14944e+03     4.86503e+01     3.43308e+00
    3.20090e+00     3.14096e+03     4.84316e+01     3.41565e+00
    3.20499e+00     3.13594e+03     4.83442e+01     3.40399e+00
    3.20908e+00     3.12916e+03     4.81440e+01     3.38642e+00
    3.21317e+00     3.12037e+03     4.79520e+01     3.37278e+00
    3.21726e+00     3.11749e+03     4.78273e+01     3.35949e+00
    3.22135e+00     3.10903e+03     4.75794e+01     3.34112e+00
    3.22545e+00     3.10315e+03     4.74518e+01     3.32667e+00
    3.22954e+00     3.09537e+03     4.73001e+01     3.31330e+00
    3.23363e+00     3.09107e+03     4.71586e+01     3.29879e+00
    3.23772e+00     3.08131e+03     4.69647e+01     3.28341e+00
    3.24181e+00     3.07543e+03     4.67987e+01     3.26985e+00
    3.24590e+00     3.07002e+03     4.66627e+01     3.25737e+00
    3.24999e+00     3.06225e+03     4.64944e+01     3.24274e+00
    3.25408e+00     3.05895e+03     4.63514e+01     3.22491e+00
    3.25817e+00     3.05166e+03     4.61685e+01     3.21232e+00
    3.26226e+00     3.04392e+03     4.60175e+01     3.20121e+00
    3.26635e+00     3.04065e+03     4.58777e+01     3.18416e+00
    3.27044e+00     3.03059e+03     4.56516e+01     3.17029e+00
    3.27453e+00     3.02395e+03     4.54422e+01     3.15527e+00
    3.27862e+00     3.02247e+03     4.54143e+01     3.14347e+00
    3.28271e+00     3.01271e+03     4.52538e+01     3.13117e+00
    3.28681e+00     3.00816e+03     4.50702e+01     3.11548e+00
    3.29090e+00     3.00152e+03     4.49397e+01     3.10390e+00
    3.29499e+00     2.99334e+03     4.47616e+01     3.08900e+00
    3.29908e+00     2.98716e+03     4.46006e+01     3.07443e+00
    3.30317e+00     2.98317e+03     4.44894e+01     3.06488e+00
    3.30725e+00     2.97717e+03     4.43341e+01     3.04968e+00
    3.31135e+00     2.96891e+03     4.40855e+01     3.03371e+00
    3.31544e+00     2.96159e+03     4.39667e+01     3.01986e+00
    3.31953e+00     2.95440e+03     4.38095e+01     3.00842e+00
    3.32362e+00     2.95026e+03     4.36854e+01     2.99718e+00
    3.32771e+00     2.94480e+03     4.35261e+01     2.98314e+00
    3.33180e+00     2.93534e+03     4.33564e+01     2.96696e+00
    3.33589e+00     2.92950e+03     4.31640e+01     2.95373e+00
    3.33998e+00     2.92572e+03     4.31118e+01     2.94352e+00
    3.34407e+00     2.91785e+03     4.28455e+01     2.92644e+00
    3.34816e+00     2.91158e+03     4.27334e+01     2.91330e+00
    3.35226e+00     2.90342e+03     4.25785e+01     2.90291e+00
    3.35634e+00     2.89672e+03     4.24115e+01     2.89078e+00
    3.36043e+00     2.89367e+03     4.22799e+01     2.87623e+00
    3.36453e+00     2.88674e+03     4.21467e+01     2.86599e+00
    3.36862e+00     2.87847e+03     4.19425e+01     2.85204e+00
    3.37271e+00     2.87518e+03     4.18068e+01     2.83978e+00
    3.37680e+00     2.87116e+03     4.17442e+01     2.82797e+00
    3.38089e+00     2.86485e+03     4.15643e+01     2.81370e+00
    3.38498e+00     2.85779e+03     4.14086e+01     2.80154e+00
    3.38907e+00     2.85200e+03     4.12777e+01     2.79141e+00
    3.39316e+00     2.84504e+03     4.10956e+01     2.77789e+00
    3.39725e+00     2.83792e+03     4.09560e+01     2.76638e+00
    3.40134e+00     2.83133e+03     4.08368e+01     2.75541e+00
    3.40543e+00     2.82637e+03     4.06543e+01     2.74139e+00
    3.40952e+00     2.82007e+03     4.05203e+01     2.72919e+00
    3.41362e+00     2.81405e+03     4.03760e+01     2.71655e+00
    3.41770e+00     2.80906e+03     4.01983e+01     2.70426e+00
    3.42179e+00     2.80198e+03     4.00896e+01     2.69227e+00
    3.42588e+00     2.79603e+03     3.99084e+01     2.68055e+00
    3.42997e+00     2.79054e+03     3.98163e+01     2.67148e+00
    3.43406e+00     2.78508e+03     3.96280e+01     2.65764e+00
    3.43816e+00     2.77920e+03     3.95465e+01     2.64975e+00
    3.44225e+00     2.77264e+03     3.93923e+01     2.63820e+00
    3.44634e+00     2.76569e+03     3.92070e+01     2.62156e+00
    3.45043e+00     2.76212e+03     3.91098e+01     2.61385e+00
    3.45452e+00     2.75380e+03     3.89692e+01     2.60220e+00
    3.45861e+00     2.74833e+03     3.88098e+01     2.58999e+00
    3.46270e+00     2.74233e+03     3.86795e+01     2.57652e+00
    3.46679e+00     2.73789e+03     3.85337e+01     2.56733e+00
    3.47088e+00     2.73057e+03     3.84068e+01     2.55525e+00
    3.47497e+00     2.72780e+03     3.82899e+01     2.54529e+00
    3.47906e+00     2.72033e+03     3.81415e+01     2.53492e+00
    3.48315e+00     2.71529e+03     3.79685e+01     2.51953e+00
    3.48725e+00     2.70930e+03     3.78501e+01     2.51056e+00
    3.49134e+00     2.70215e+03     3.77299e+01     2.50154e+00
    3.49543e+00     2.69685e+03     3.76136e+01     2.49110e+00
    3.49952e+00     2.69069e+03     3.74746e+01     2.47999e+00
    3.50361e+00     2.68617e+03     3.73212e+01     2.46819e+00
    3.50770e+00     2.68056e+03     3.71819e+01     2.45843e+00
    3.51179e+00     2.67283e+03     3.70810e+01     2.45002e+00
    3.51588e+00     2.66991e+03     3.70195e+01     2.43935e+00
    3.51997e+00     2.66551e+03     3.68402e+01     2.42545e+00
    3.52406e+00     2.65906e+03     3.67141e+01     2.41527e+00
    3.52815e+00     2.65103e+03     3.65563e+01     2.40480e+00
    3.53224e+00     2.64753e+03     3.64456e+01     2.39455e+00
    3.53633e+00     2.64189e+03     3.63226e+01     2.38548e+00
    3.54042e+00     2.63697e+03     3.61877e+01     2.37419e+00
    3.54451e+00     2.62821e+03     3.60588e+01     2.36500e+00
    3.54860e+00     2.62227e+03     3.58970e+01     2.35331e+00
    3.55270e+00     2.61990e+03     3.57766e+01     2.34250e+00
    3.55679e+00     2.61353e+03     3.56803e+01     2.33468e+00
    3.56088e+00     2.60852e+03     3.55863e+01     2.32517e+00
    3.56497e+00     2.60310e+03     3.54337e+01     2.31502e+00
    3.56906e+00     2.59889e+03     3.52940e+01     2.30204e+00
    3.57315e+00     2.59103e+03     3.51777e+01     2.29382e+00
    3.57724e+00     2.58766e+03     3.50805e+01     2.28357e+00
    3.58133e+00     2.58188e+03     3.49298e+01     2.27378e+00
    3.58542e+00     2.57498e+03     3.47933e+01     2.26308e+00
    3.58951e+00     2.57025e+03     3.47022e+01     2.25464e+00
    3.59360e+00     2.56498e+03     3.45735e+01     2.24472e+00
    3.59769e+00     2.55829e+03     3.44130e+01     2.23429e+00
    3.60178e+00     2.55188e+03     3.42657e+01     2.22462e+00
    3.60587e+00     2.54821e+03     3.41374e+01     2.21451e+00
    3.60996e+00     2.54269e+03     3.40680e+01     2.20634e+00
    3.61405e+00     2.53610e+03     3.39196e+01     2.19848e+00
    3.61814e+00     2.53338e+03     3.38057e+01     2.18686e+00
    3.62224e+00     2.52718e+03     3.36864e+01     2.17804e+00
    3.62633e+00     2.52088e+03     3.35655e+01     2.16870e+00
    3.63042e+00     2.51830e+03     3.34839e+01     2.15776e+00
    3.63451e+00     2.51142e+03     3.33695e+01     2.15104e+00
    3.63860e+00     2.50639e+03     3.32013e+01     2.13897e+00
    3.64269e+00     2.50091e+03     3.31155e+01     2.13187e+00
    3.64678e+00     2.49238e+03     3.29798e+01     2.12241e+00
    3.65087e+00     2.48971e+03     3.28537e+01     2.11280e+00
    3.65496e+00     2.48499e+03     3.27629e+01     2.10440e+00
    3.65905e+00     2.47957e+03     3.26287e+01     2.09371e+00
    3.66314e+00     2.47394e+03     3.25145e+01     2.08655e+00
    3.66723e+00     2.46908e+03     3.24105e+01     2.07747e+00
    3.67132e+00     2.46392e+03     3.23107e+01     2.06904e+00
    3.67541e+00     2.45993e+03     3.21685e+01     2.05936e+00
    3.67950e+00     2.45360e+03     3.20296e+01     2.05047e+00
    3.68359e+00     2.44746e+03     3.19551e+01     2.04087e+00
    3.68769e+00     2.44428e+03     3.18647e+01     2.03519e+00
    3.69177e+00     2.43917e+03     3.17504e+01     2.02701e+00
    3.69587e+00     2.43369e+03     3.16242e+01     2.01710e+00
    3.69996e+00     2.42908e+03     3.15358e+01     2.00879e+00
    3.70405e+00     2.42544e+03     3.14291e+01     1.99963e+00
    3.70814e+00     2.41868e+03     3.12970e+01     1.99186e+00
    3.71223e+00     2.41423e+03     3.11852e+01     1.98374e+00
    3.71632e+00     2.40723e+03     3.10729e+01     1.97596e+00
    3.72041e+00     2.40452e+03     3.09842e+01     1.96713e+00
    3.72450e+00     2.39879e+03     3.08766e+01     1.95958e+00
    3.72859e+00     2.39235e+03     3.07445e+01     1.95035e+00
    3.73268e+00     2.38907e+03     3.06630e+01     1.94144e+00
    3.73677e+00     2.38269e+03     3.05217e+01     1.93464e+00
    3.74086e+00     2.37939e+03     3.04127e+01     1.92617e+00
    3.74495e+00     2.37319e+03     3.02801e+01     1.91726e+00
    3.74905e+00     2.36784e+03     3.01927e+01     1.90914e+00
    3.75313e+00     2.36397e+03     3.01237e+01     1.90252e+00
    3.75722e+00     2.36152e+03     3.00324e+01     1.89415e+00
    3.76131e+00     2.35513e+03     2.99258e+01     1.88638e+00
    3.76541e+00     2.34883e+03     2.97854e+01     1.87718e+00
    3.76950e+00     2.34469e+03     2.96982e+01     1.87068e+00
    3.77359e+00     2.34011e+03     2.95966e+01     1.86289e+00
    3.77768e+00     2.33720e+03     2.95018e+01     1.85536e+00
    3.78177e+00     2.33132e+03     2.93843e+01     1.84624e+00
    3.78586e+00     2.32580e+03     2.92441e+01     1.83900e+00
    3.78995e+00     2.32178e+03     2.91799e+01     1.83188e+00
    3.79404e+00     2.31778e+03     2.91049e+01     1.82435e+00
    3.79813e+00     2.31239e+03     2.89934e+01     1.81784e+00
    3.80222e+00     2.30655e+03     2.88653e+01     1.80984e+00
    3.80632e+00     2.30064e+03     2.87333e+01     1.80150e+00
    3.81040e+00     2.29762e+03     2.86616e+01     1.79420e+00
    3.81449e+00     2.29380e+03     2.85850e+01     1.78715e+00
    3.81859e+00     2.28780e+03     2.84518e+01     1.78055e+00
    3.82268e+00     2.28271e+03     2.83483e+01     1.77234e+00
    3.82677e+00     2.27876e+03     2.83031e+01     1.76547e+00
    3.83086e+00     2.27484e+03     2.81938e+01     1.75917e+00
    3.83495e+00     2.26996e+03     2.80759e+01     1.75041e+00
    3.83904e+00     2.26755e+03     2.80326e+01     1.74459e+00
    3.84313e+00     2.26076e+03     2.78912e+01     1.73720e+00
    3.84722e+00     2.25557e+03     2.77857e+01     1.72958e+00
    3.85131e+00     2.25125e+03     2.76806e+01     1.72325e+00
    3.85540e+00     2.24831e+03     2.76174e+01     1.71679e+00
    3.85949e+00     2.24382e+03     2.75481e+01     1.70990e+00
    3.86358e+00     2.23970e+03     2.74484e+01     1.70124e+00
    3.86768e+00     2.23293e+03     2.73128e+01     1.69510e+00
    3.87177e+00     2.22887e+03     2.72408e+01     1.68858e+00
    3.87585e+00     2.22587e+03     2.71384e+01     1.68172e+00
    3.87994e+00     2.22006e+03     2.70542e+01     1.67508e+00
    3.88403e+00     2.21582e+03     2.69713e+01     1.66865e+00
    3.88813e+00     2.21078e+03     2.68403e+01     1.66093e+00
    3.89222e+00     2.20734e+03     2.67607e+01     1.65547e+00
    3.89631e+00     2.20398e+03     2.66770e+01     1.64812e+00
    3.90040e+00     2.19896e+03     2.66273e+01     1.64311e+00
    3.90449e+00     2.19612e+03     2.65169e+01     1.63585e+00
    3.90858e+00     2.18910e+03     2.63972e+01     1.62904e+00
    3.91267e+00     2.18711e+03     2.63626e+01     1.62330e+00
    3.91676e+00     2.18404e+03     2.62883e+01     1.61674e+00
    3.92085e+00     2.17745e+03     2.61530e+01     1.61031e+00
    3.92494e+00     2.17415e+03     2.60884e+01     1.60439e+00
    3.92903e+00     2.16955e+03     2.59933e+01     1.59783e+00
    3.93312e+00     2.16484e+03     2.59092e+01     1.59119e+00
    3.93721e+00     2.16032e+03     2.58064e+01     1.58592e+00
    3.94130e+00     2.15389e+03     2.57116e+01     1.57943e+00
    3.94539e+00     2.15157e+03     2.56165e+01     1.57218e+00
    3.94949e+00     2.14793e+03     2.55720e+01     1.56730e+00
    3.95358e+00     2.14410e+03     2.55000e+01     1.56139e+00
    3.95767e+00     2.13924e+03     2.53970e+01     1.55505e+00
    3.96176e+00     2.13591e+03     2.53294e+01     1.54841e+00
    3.96585e+00     2.12940e+03     2.52070e+01     1.54205e+00
    3.96994e+00     2.12735e+03     2.51465e+01     1.53780e+00
    3.97403e+00     2.12166e+03     2.50509e+01     1.53051e+00
    3.97812e+00     2.11930e+03     2.49740e+01     1.52550e+00
    3.98221e+00     2.11622e+03     2.49375e+01     1.52104e+00
    3.98630e+00     2.11093e+03     2.47914e+01     1.51346e+00
    3.99039e+00     2.10552e+03     2.47467e+01     1.50889e+00
    3.99448e+00     2.10414e+03     2.46495e+01     1.50264e+00
    3.99857e+00     2.09909e+03     2.45535e+01     1.49599e+00
    4.00266e+00     2.09436e+03     2.44992e+01     1.49192e+00
    4.00675e+00     2.09116e+03     2.44158e+01     1.48629e+00
    4.01085e+00     2.08805e+03     2.43518e+01     1.48090e+00
    4.01494e+00     2.08321e+03     2.42216e+01     1.47510e+00
    4.01902e+00     2.07899e+03     2.41951e+01     1.46949e+00
    4.02312e+00     2.07713e+03     2.41071e+01     1.46249e+00
    4.02721e+00     2.07116e+03     2.40285e+01     1.45904e+00
    4.03130e+00     2.06721e+03     2.39462e+01     1.45278e+00
    4.03539e+00     2.06506e+03     2.38774e+01     1.44695e+00
    4.03948e+00     2.05981e+03     2.38182e+01     1.44278e+00
    4.04357e+00     2.05390e+03     2.37006e+01     1.43664e+00
    4.04766e+00     2.05194e+03     2.36461e+01     1.43150e+00
    4.05175e+00     2.04962e+03     2.35763e+01     1.42692e+00
    4.05584e+00     2.04306e+03     2.34729e+01     1.42114e+00
    4.05993e+00     2.03945e+03     2.34163e+01     1.41658e+00
    4.06402e+00     2.03810e+03     2.33589e+01     1.41133e+00
    4.06811e+00     2.03275e+03     2.32673e+01     1.40537e+00
    4.07220e+00     2.03000e+03     2.32090e+01     1.40055e+00
    4.07630e+00     2.02604e+03     2.31297e+01     1.39513e+00
    4.08038e+00     2.02202e+03     2.30614e+01     1.39075e+00
    4.08447e+00     2.01934e+03     2.29986e+01     1.38662e+00
    4.08857e+00     2.01392e+03     2.29095e+01     1.38052e+00
    4.09266e+00     2.01193e+03     2.28178e+01     1.37606e+00
    4.09675e+00     2.00633e+03     2.27516e+01     1.37136e+00
    4.10084e+00     2.00320e+03     2.26858e+01     1.36624e+00
    4.10493e+00     2.00033e+03     2.26486e+01     1.36135e+00
    4.10902e+00     1.99773e+03     2.25966e+01     1.35752e+00
    4.11311e+00     1.99451e+03     2.25297e+01     1.35157e+00
    4.11720e+00     1.98885e+03     2.24291e+01     1.34696e+00
    4.12129e+00     1.98595e+03     2.23639e+01     1.34218e+00
    4.12538e+00     1.98214e+03     2.23020e+01     1.33928e+00
    4.12947e+00     1.97818e+03     2.22271e+01     1.33364e+00
    4.13356e+00     1.97573e+03     2.21756e+01     1.32946e+00
    4.13765e+00     1.97229e+03     2.20750e+01     1.32370e+00
    4.14175e+00     1.96794e+03     2.20237e+01     1.31935e+00
    4.14584e+00     1.96421e+03     2.19730e+01     1.31545e+00
    4.14993e+00     1.96188e+03     2.18931e+01     1.31065e+00
    4.15402e+00     1.95966e+03     2.18717e+01     1.30747e+00
    4.15811e+00     1.95464e+03     2.17646e+01     1.30224e+00
    4.16220e+00     1.95195e+03     2.17107e+01     1.29773e+00
    4.16629e+00     1.94850e+03     2.16516e+01     1.29359e+00
    4.17038e+00     1.94434e+03     2.15681e+01     1.28816e+00
    4.17447e+00     1.94192e+03     2.15153e+01     1.28377e+00
    4.17856e+00     1.93795e+03     2.14603e+01     1.28072e+00
    4.18265e+00     1.93523e+03     2.13820e+01     1.27566e+00
    4.18674e+00     1.93126e+03     2.13301e+01     1.27180e+00
