# Real space auto- and cross-spectra.
# z=0.500, 12.000<lgM<12.500
#      k[h/Mpc]            P_hh            P_hm            P_mm
    0.00000e+00     0.00000e+00     0.00000e+00     0.00000e+00
    5.79404e-03     6.97882e+03     6.33986e+03     6.50098e+03
    1.04717e-02     1.48294e+04     1.45194e+04     1.48497e+04
    1.42665e-02     1.51448e+04     1.43740e+04     1.43741e+04
    1.81228e-02     1.80046e+04     1.72580e+04     1.72292e+04
    2.24845e-02     1.52606e+04     1.44233e+04     1.43296e+04
    2.64508e-02     1.33499e+04     1.24321e+04     1.23660e+04
    3.04474e-02     1.18247e+04     1.11178e+04     1.11351e+04
    3.47320e-02     1.23600e+04     1.15178e+04     1.13623e+04
    3.88308e-02     9.83568e+03     9.09526e+03     9.10486e+03
    4.28140e-02     9.82240e+03     8.98352e+03     8.89333e+03
    4.68856e-02     8.86474e+03     8.10221e+03     8.01798e+03
    5.09858e-02     7.52542e+03     6.75895e+03     6.72476e+03
    5.51458e-02     7.39202e+03     6.65120e+03     6.59923e+03
    5.92243e-02     7.22209e+03     6.51026e+03     6.50687e+03
    6.32864e-02     7.21992e+03     6.44822e+03     6.38221e+03
    6.73674e-02     6.32084e+03     5.62616e+03     5.62389e+03
    7.14960e-02     6.26819e+03     5.57272e+03     5.57801e+03
    7.55894e-02     5.94317e+03     5.26109e+03     5.27790e+03
    7.96660e-02     5.44118e+03     4.79990e+03     4.84098e+03
    8.38183e-02     5.23749e+03     4.57849e+03     4.60076e+03
    8.78941e-02     4.93530e+03     4.24902e+03     4.24239e+03
    9.19238e-02     4.50266e+03     3.82241e+03     3.81904e+03
    9.60446e-02     4.20859e+03     3.58773e+03     3.62523e+03
    1.00128e-01     3.97554e+03     3.34407e+03     3.37699e+03
    1.04209e-01     3.77071e+03     3.16022e+03     3.20266e+03
    1.08333e-01     3.58120e+03     2.98190e+03     3.02781e+03
    1.12448e-01     3.39884e+03     2.78658e+03     2.83164e+03
    1.16521e-01     3.33377e+03     2.72046e+03     2.75778e+03
    1.20596e-01     3.21135e+03     2.61782e+03     2.67071e+03
    1.24665e-01     3.08709e+03     2.50546e+03     2.57262e+03
    1.28771e-01     3.02576e+03     2.44559e+03     2.50898e+03
    1.32874e-01     2.94720e+03     2.37362e+03     2.44452e+03
    1.36975e-01     2.77678e+03     2.21229e+03     2.28169e+03
    1.41075e-01     2.68156e+03     2.11901e+03     2.18042e+03
    1.45172e-01     2.59570e+03     2.02165e+03     2.08050e+03
    1.49268e-01     2.47460e+03     1.92293e+03     1.99623e+03
    1.53330e-01     2.37128e+03     1.82836e+03     1.90476e+03
    1.57416e-01     2.29203e+03     1.74455e+03     1.82717e+03
    1.61514e-01     2.15653e+03     1.62301e+03     1.70862e+03
    1.65592e-01     2.09626e+03     1.56097e+03     1.64337e+03
    1.69693e-01     2.06273e+03     1.52760e+03     1.60172e+03
    1.73803e-01     1.99457e+03     1.46593e+03     1.55284e+03
    1.77905e-01     1.95377e+03     1.43350e+03     1.52845e+03
    1.82001e-01     1.87407e+03     1.36571e+03     1.46370e+03
    1.86092e-01     1.84373e+03     1.33796e+03     1.42920e+03
    1.90161e-01     1.81553e+03     1.31212e+03     1.39788e+03
    1.94237e-01     1.78158e+03     1.28130e+03     1.36818e+03
    1.98334e-01     1.75164e+03     1.24427e+03     1.32905e+03
    2.02427e-01     1.67026e+03     1.17186e+03     1.26989e+03
    2.06523e-01     1.62430e+03     1.12620e+03     1.21812e+03
    2.10626e-01     1.62537e+03     1.11833e+03     1.20400e+03
    2.14724e-01     1.56141e+03     1.06351e+03     1.15426e+03
    2.18827e-01     1.51630e+03     1.01991e+03     1.11237e+03
    2.22903e-01     1.48726e+03     9.91614e+02     1.08667e+03
    2.26990e-01     1.44786e+03     9.59829e+02     1.05636e+03
    2.31084e-01     1.40120e+03     9.19493e+02     1.01699e+03
    2.35153e-01     1.38803e+03     9.09225e+02     1.00709e+03
    2.39244e-01     1.36797e+03     8.82835e+02     9.79766e+02
    2.43338e-01     1.33319e+03     8.56285e+02     9.53242e+02
    2.47445e-01     1.31129e+03     8.31947e+02     9.34042e+02
    2.51539e-01     1.29672e+03     8.29599e+02     9.26832e+02
    2.55609e-01     1.26807e+03     7.90871e+02     8.93179e+02
    2.59718e-01     1.25390e+03     7.82126e+02     8.81232e+02
    2.63814e-01     1.22208e+03     7.54801e+02     8.59835e+02
    2.67904e-01     1.20267e+03     7.35917e+02     8.36261e+02
    2.71993e-01     1.18509e+03     7.21296e+02     8.24436e+02
    2.76068e-01     1.17104e+03     7.03037e+02     8.03147e+02
    2.80171e-01     1.13394e+03     6.75507e+02     7.80704e+02
    2.84268e-01     1.14002e+03     6.77569e+02     7.74622e+02
    2.88346e-01     1.10275e+03     6.47762e+02     7.50329e+02
    2.92426e-01     1.08826e+03     6.32181e+02     7.35006e+02
    2.96514e-01     1.07876e+03     6.23070e+02     7.22715e+02
    3.00627e-01     1.05509e+03     6.05995e+02     7.11535e+02
    3.04729e-01     1.05034e+03     5.97679e+02     7.00652e+02
    3.08821e-01     1.03553e+03     5.81801e+02     6.89871e+02
    3.12919e-01     1.01703e+03     5.65770e+02     6.67494e+02
    3.16999e-01     9.93854e+02     5.49058e+02     6.56277e+02
    3.21078e-01     9.98237e+02     5.45484e+02     6.49576e+02
    3.25167e-01     9.86288e+02     5.36931e+02     6.40646e+02
    3.29247e-01     9.69230e+02     5.25587e+02     6.24286e+02
    3.33333e-01     9.56756e+02     5.11076e+02     6.11184e+02
    3.37443e-01     9.42798e+02     5.00754e+02     6.06125e+02
    3.41545e-01     9.34919e+02     4.91743e+02     5.92702e+02
    3.45625e-01     9.20480e+02     4.80618e+02     5.83369e+02
    3.49715e-01     9.18592e+02     4.76058e+02     5.78522e+02
    3.53817e-01     8.93168e+02     4.57929e+02     5.62419e+02
    3.57906e-01     8.98773e+02     4.59772e+02     5.58977e+02
    3.61975e-01     8.81731e+02     4.45426e+02     5.48661e+02
    3.66071e-01     8.80081e+02     4.43614e+02     5.45524e+02
    3.70189e-01     8.68231e+02     4.32687e+02     5.35104e+02
    3.74277e-01     8.58206e+02     4.22759e+02     5.26431e+02
    3.78356e-01     8.49134e+02     4.17700e+02     5.20288e+02
    3.82448e-01     8.37184e+02     4.06363e+02     5.08918e+02
    3.86535e-01     8.30603e+02     3.97610e+02     5.00231e+02
    3.90624e-01     8.23002e+02     3.94857e+02     4.99072e+02
    3.94706e-01     8.20323e+02     3.88493e+02     4.89381e+02
    3.98794e-01     8.09834e+02     3.78093e+02     4.84140e+02
    4.02896e-01     8.03362e+02     3.74418e+02     4.78361e+02
    4.06986e-01     7.89672e+02     3.65514e+02     4.70305e+02
    4.11069e-01     7.86549e+02     3.60835e+02     4.62628e+02
    4.15170e-01     7.82165e+02     3.54815e+02     4.58269e+02
    4.19263e-01     7.74449e+02     3.50564e+02     4.50711e+02
    4.23353e-01     7.68919e+02     3.42680e+02     4.46086e+02
    4.27447e-01     7.62901e+02     3.39908e+02     4.41653e+02
    4.31534e-01     7.53986e+02     3.32335e+02     4.34907e+02
    4.35624e-01     7.49901e+02     3.25071e+02     4.26949e+02
    4.39718e-01     7.43905e+02     3.22353e+02     4.24241e+02
    4.43804e-01     7.36788e+02     3.18095e+02     4.21381e+02
    4.47892e-01     7.33069e+02     3.11221e+02     4.12173e+02
    4.51977e-01     7.28130e+02     3.09400e+02     4.11428e+02
    4.56067e-01     7.21369e+02     3.02543e+02     4.03863e+02
    4.60165e-01     7.20777e+02     3.01149e+02     3.99396e+02
    4.64260e-01     7.11403e+02     2.93894e+02     3.94437e+02
    4.68355e-01     7.05221e+02     2.88700e+02     3.88907e+02
    4.72450e-01     7.02626e+02     2.86153e+02     3.86404e+02
    4.76540e-01     6.95726e+02     2.80441e+02     3.82163e+02
    4.80633e-01     6.95283e+02     2.78366e+02     3.78766e+02
    4.84718e-01     6.86116e+02     2.71822e+02     3.71033e+02
    4.88794e-01     6.85675e+02     2.70296e+02     3.69124e+02
    4.92888e-01     6.83150e+02     2.69998e+02     3.68082e+02
    4.96984e-01     6.73750e+02     2.63330e+02     3.63387e+02
    5.01073e-01     6.72087e+02     2.59600e+02     3.58632e+02
    5.05169e-01     6.67182e+02     2.56043e+02     3.55084e+02
    5.09268e-01     6.67984e+02     2.53447e+02     3.52575e+02
    5.13369e-01     6.60752e+02     2.51842e+02     3.50190e+02
    5.17441e-01     6.56292e+02     2.46267e+02     3.46799e+02
    5.21516e-01     6.54841e+02     2.44827e+02     3.42016e+02
    5.25611e-01     6.46443e+02     2.38879e+02     3.35933e+02
    5.29706e-01     6.43909e+02     2.35345e+02     3.36668e+02
    5.33801e-01     6.42602e+02     2.33322e+02     3.31190e+02
    5.37888e-01     6.36284e+02     2.28722e+02     3.27674e+02
    5.41985e-01     6.35220e+02     2.27405e+02     3.24466e+02
    5.46091e-01     6.33882e+02     2.24788e+02     3.22060e+02
    5.50174e-01     6.27830e+02     2.20945e+02     3.19309e+02
    5.54252e-01     6.25405e+02     2.19842e+02     3.16680e+02
    5.58346e-01     6.18683e+02     2.17379e+02     3.13299e+02
    5.62439e-01     6.17433e+02     2.13751e+02     3.10505e+02
    5.66527e-01     6.15390e+02     2.11982e+02     3.07591e+02
    5.70616e-01     6.11573e+02     2.07398e+02     3.02909e+02
    5.74707e-01     6.07775e+02     2.06293e+02     3.02082e+02
    5.78798e-01     6.07128e+02     2.04859e+02     3.00589e+02
    5.82883e-01     6.03606e+02     2.01571e+02     2.95787e+02
    5.86977e-01     6.01090e+02     1.98927e+02     2.94389e+02
    5.91070e-01     5.94333e+02     1.94438e+02     2.90636e+02
    5.95166e-01     5.92757e+02     1.94184e+02     2.89435e+02
    5.99260e-01     5.89509e+02     1.91311e+02     2.86482e+02
    6.03349e-01     5.88828e+02     1.91345e+02     2.84988e+02
    6.07445e-01     5.86465e+02     1.88484e+02     2.82312e+02
    6.11543e-01     5.84581e+02     1.87484e+02     2.81402e+02
    6.15623e-01     5.79909e+02     1.82795e+02     2.77283e+02
    6.19704e-01     5.78966e+02     1.81449e+02     2.75340e+02
    6.23792e-01     5.78199e+02     1.79938e+02     2.73204e+02
    6.27891e-01     5.72521e+02     1.78816e+02     2.73145e+02
    6.31991e-01     5.73258e+02     1.76369e+02     2.69068e+02
    6.36073e-01     5.70186e+02     1.73098e+02     2.65516e+02
    6.40158e-01     5.68502e+02     1.72895e+02     2.65324e+02
    6.44244e-01     5.67938e+02     1.69699e+02     2.61914e+02
    6.48338e-01     5.65449e+02     1.68841e+02     2.60505e+02
    6.52432e-01     5.65114e+02     1.68191e+02     2.58888e+02
    6.56514e-01     5.60559e+02     1.64861e+02     2.55748e+02
    6.60609e-01     5.56297e+02     1.62683e+02     2.54976e+02
    6.64712e-01     5.57850e+02     1.61882e+02     2.52722e+02
    6.68801e-01     5.52893e+02     1.58995e+02     2.50395e+02
    6.72890e-01     5.50028e+02     1.59174e+02     2.50121e+02
    6.76984e-01     5.49202e+02     1.56238e+02     2.47223e+02
    6.81074e-01     5.46144e+02     1.54366e+02     2.45322e+02
    6.85160e-01     5.42398e+02     1.53645e+02     2.43645e+02
    6.89246e-01     5.41438e+02     1.52110e+02     2.41778e+02
    6.93336e-01     5.39577e+02     1.50051e+02     2.40680e+02
    6.97434e-01     5.39474e+02     1.48777e+02     2.38119e+02
    7.01528e-01     5.37345e+02     1.47177e+02     2.36563e+02
    7.05618e-01     5.37911e+02     1.47166e+02     2.35307e+02
    7.09708e-01     5.32521e+02     1.45275e+02     2.34142e+02
    7.13796e-01     5.32869e+02     1.43048e+02     2.31488e+02
    7.17892e-01     5.30517e+02     1.41829e+02     2.30122e+02
    7.21982e-01     5.28297e+02     1.40423e+02     2.28532e+02
    7.26059e-01     5.27143e+02     1.38571e+02     2.25741e+02
    7.30145e-01     5.23862e+02     1.37821e+02     2.25321e+02
    7.34240e-01     5.24006e+02     1.36480e+02     2.23354e+02
    7.38340e-01     5.23555e+02     1.35169e+02     2.22347e+02
    7.42427e-01     5.20887e+02     1.34673e+02     2.21964e+02
    7.46511e-01     5.19963e+02     1.32319e+02     2.19233e+02
    7.50614e-01     5.16680e+02     1.31204e+02     2.18302e+02
    7.54706e-01     5.16391e+02     1.30274e+02     2.16791e+02
    7.58795e-01     5.13037e+02     1.29042e+02     2.15586e+02
    7.62888e-01     5.13035e+02     1.28174e+02     2.13478e+02
    7.66986e-01     5.09019e+02     1.26702e+02     2.12660e+02
    7.71073e-01     5.11324e+02     1.25956e+02     2.10861e+02
    7.75153e-01     5.06488e+02     1.24130e+02     2.09662e+02
    7.79241e-01     5.05986e+02     1.23895e+02     2.08570e+02
    7.83335e-01     5.05851e+02     1.22003e+02     2.07526e+02
    7.87426e-01     5.03125e+02     1.21565e+02     2.06049e+02
    7.91513e-01     5.00934e+02     1.19543e+02     2.05098e+02
    7.95606e-01     5.00651e+02     1.19363e+02     2.03566e+02
    7.99702e-01     4.98251e+02     1.18384e+02     2.01866e+02
    8.03798e-01     4.94720e+02     1.16486e+02     2.00438e+02
    8.07879e-01     4.97144e+02     1.16117e+02     1.98830e+02
    8.11963e-01     4.95416e+02     1.14888e+02     1.98123e+02
    8.16059e-01     4.92783e+02     1.13532e+02     1.96984e+02
    8.20152e-01     4.92263e+02     1.13197e+02     1.95265e+02
    8.24242e-01     4.92076e+02     1.12711e+02     1.94723e+02
    8.28331e-01     4.90513e+02     1.11411e+02     1.93080e+02
    8.32425e-01     4.90507e+02     1.11380e+02     1.93053e+02
    8.36516e-01     4.88432e+02     1.09183e+02     1.91027e+02
    8.40610e-01     4.84807e+02     1.08377e+02     1.89918e+02
    8.44704e-01     4.83724e+02     1.07620e+02     1.89138e+02
    8.48790e-01     4.83756e+02     1.07315e+02     1.88193e+02
    8.52876e-01     4.83052e+02     1.06459e+02     1.87507e+02
    8.56967e-01     4.80267e+02     1.05010e+02     1.86053e+02
    8.61059e-01     4.80805e+02     1.05255e+02     1.85124e+02
    8.65147e-01     4.78616e+02     1.02935e+02     1.83888e+02
    8.69235e-01     4.77184e+02     1.03058e+02     1.82366e+02
    8.73334e-01     4.77063e+02     1.02044e+02     1.81489e+02
    8.77429e-01     4.74701e+02     1.00709e+02     1.80532e+02
    8.81512e-01     4.75424e+02     1.00148e+02     1.79448e+02
    8.85601e-01     4.73780e+02     9.91748e+01     1.78188e+02
    8.89691e-01     4.70013e+02     9.79749e+01     1.77317e+02
    8.93784e-01     4.70253e+02     9.74711e+01     1.76524e+02
    8.97875e-01     4.69395e+02     9.70278e+01     1.75294e+02
    9.01960e-01     4.68273e+02     9.57797e+01     1.74352e+02
    9.06054e-01     4.66233e+02     9.54297e+01     1.73382e+02
    9.10146e-01     4.66093e+02     9.44573e+01     1.72533e+02
    9.14237e-01     4.63910e+02     9.42338e+01     1.71435e+02
    9.18331e-01     4.63731e+02     9.36500e+01     1.70658e+02
    9.22421e-01     4.61771e+02     9.22360e+01     1.69664e+02
    9.26509e-01     4.62180e+02     9.19467e+01     1.68802e+02
    9.30598e-01     4.60742e+02     9.10956e+01     1.67997e+02
    9.34692e-01     4.59820e+02     9.05509e+01     1.66455e+02
    9.38787e-01     4.58634e+02     8.98820e+01     1.65705e+02
    9.42873e-01     4.57338e+02     8.96149e+01     1.65507e+02
    9.46961e-01     4.56541e+02     8.85407e+01     1.63950e+02
    9.51054e-01     4.55798e+02     8.76771e+01     1.62799e+02
    9.55150e-01     4.53501e+02     8.70756e+01     1.62141e+02
    9.59240e-01     4.54606e+02     8.68659e+01     1.61673e+02
    9.63327e-01     4.51452e+02     8.60535e+01     1.60579e+02
    9.67420e-01     4.51780e+02     8.50961e+01     1.59744e+02
    9.71506e-01     4.49517e+02     8.43197e+01     1.58924e+02
    9.75588e-01     4.48817e+02     8.44867e+01     1.57997e+02
    9.79678e-01     4.49116e+02     8.37195e+01     1.57423e+02
    9.83773e-01     4.46883e+02     8.26662e+01     1.56477e+02
    9.87866e-01     4.46730e+02     8.19803e+01     1.55023e+02
    9.91960e-01     4.45390e+02     8.17224e+01     1.54816e+02
    9.96055e-01     4.44650e+02     8.15226e+01     1.54343e+02
    1.00015e+00     4.42407e+02     7.98919e+01     1.53215e+02
    1.00424e+00     4.44076e+02     7.99111e+01     1.52192e+02
    1.00832e+00     4.42595e+02     7.98405e+01     1.51723e+02
    1.01242e+00     4.41468e+02     7.88821e+01     1.50684e+02
    1.01651e+00     4.41462e+02     7.83322e+01     1.49970e+02
    1.02059e+00     4.40428e+02     7.79307e+01     1.49173e+02
    1.02468e+00     4.38190e+02     7.78779e+01     1.48565e+02
    1.02878e+00     4.37721e+02     7.66926e+01     1.47706e+02
    1.03287e+00     4.36434e+02     7.63402e+01     1.46894e+02
    1.03695e+00     4.34824e+02     7.53057e+01     1.46170e+02
    1.04105e+00     4.35969e+02     7.55112e+01     1.45533e+02
    1.04515e+00     4.34240e+02     7.48075e+01     1.44471e+02
    1.04923e+00     4.32564e+02     7.41183e+01     1.43818e+02
    1.05332e+00     4.33038e+02     7.39395e+01     1.43448e+02
    1.05741e+00     4.31800e+02     7.34609e+01     1.42297e+02
    1.06150e+00     4.29638e+02     7.28038e+01     1.42207e+02
    1.06559e+00     4.28422e+02     7.20921e+01     1.41459e+02
    1.06968e+00     4.29084e+02     7.16478e+01     1.40331e+02
    1.07377e+00     4.28368e+02     7.14140e+01     1.39247e+02
    1.07786e+00     4.27920e+02     7.05995e+01     1.39034e+02
    1.08195e+00     4.26395e+02     7.02326e+01     1.38317e+02
    1.08605e+00     4.25996e+02     6.96580e+01     1.37367e+02
    1.09014e+00     4.23617e+02     6.91019e+01     1.36760e+02
    1.09422e+00     4.23893e+02     6.92388e+01     1.36191e+02
    1.09832e+00     4.22258e+02     6.81988e+01     1.35263e+02
    1.10242e+00     4.21366e+02     6.79978e+01     1.34934e+02
    1.10650e+00     4.21305e+02     6.78029e+01     1.34147e+02
    1.11059e+00     4.20541e+02     6.71069e+01     1.33560e+02
    1.11468e+00     4.20016e+02     6.62484e+01     1.32686e+02
    1.11878e+00     4.18858e+02     6.62441e+01     1.32382e+02
    1.12287e+00     4.19439e+02     6.58464e+01     1.31298e+02
    1.12695e+00     4.17608e+02     6.50235e+01     1.30850e+02
    1.13105e+00     4.16689e+02     6.52398e+01     1.30148e+02
    1.13514e+00     4.16816e+02     6.50300e+01     1.29956e+02
    1.13922e+00     4.15799e+02     6.44082e+01     1.28848e+02
    1.14331e+00     4.13768e+02     6.40046e+01     1.28556e+02
    1.14741e+00     4.13288e+02     6.36585e+01     1.27945e+02
    1.15150e+00     4.11267e+02     6.27893e+01     1.26940e+02
    1.15559e+00     4.11878e+02     6.31661e+01     1.26862e+02
    1.15968e+00     4.11428e+02     6.22537e+01     1.25468e+02
    1.16377e+00     4.11155e+02     6.20868e+01     1.25477e+02
    1.16786e+00     4.09986e+02     6.14569e+01     1.24541e+02
    1.17195e+00     4.08953e+02     6.10704e+01     1.24133e+02
    1.17604e+00     4.09124e+02     6.12061e+01     1.23446e+02
    1.18013e+00     4.07909e+02     6.03534e+01     1.22898e+02
    1.18422e+00     4.05866e+02     5.99188e+01     1.22234e+02
    1.18831e+00     4.05926e+02     6.01241e+01     1.21798e+02
    1.19240e+00     4.05617e+02     5.95079e+01     1.20979e+02
    1.19649e+00     4.05279e+02     5.94051e+01     1.20424e+02
    1.20059e+00     4.03571e+02     5.88862e+01     1.20000e+02
    1.20468e+00     4.02999e+02     5.81952e+01     1.19535e+02
    1.20877e+00     4.02532e+02     5.82940e+01     1.18997e+02
    1.21286e+00     4.02694e+02     5.78522e+01     1.18244e+02
    1.21695e+00     4.00464e+02     5.73649e+01     1.17623e+02
    1.22104e+00     3.99583e+02     5.68339e+01     1.17267e+02
    1.22513e+00     3.98972e+02     5.66212e+01     1.16641e+02
    1.22922e+00     3.99724e+02     5.62901e+01     1.15796e+02
    1.23330e+00     3.98256e+02     5.63201e+01     1.15536e+02
    1.23740e+00     3.96907e+02     5.50950e+01     1.14828e+02
    1.24149e+00     3.97103e+02     5.50799e+01     1.14545e+02
    1.24558e+00     3.96511e+02     5.53858e+01     1.13546e+02
    1.24967e+00     3.95822e+02     5.46622e+01     1.13604e+02
    1.25376e+00     3.94644e+02     5.43630e+01     1.12768e+02
    1.25785e+00     3.94509e+02     5.39390e+01     1.12210e+02
    1.26194e+00     3.92734e+02     5.37658e+01     1.11748e+02
    1.26603e+00     3.92919e+02     5.35604e+01     1.11158e+02
    1.27012e+00     3.92519e+02     5.34199e+01     1.10630e+02
    1.27422e+00     3.91663e+02     5.29320e+01     1.09951e+02
    1.27831e+00     3.90127e+02     5.26132e+01     1.09456e+02
    1.28240e+00     3.89678e+02     5.25197e+01     1.09194e+02
    1.28649e+00     3.89051e+02     5.19960e+01     1.08780e+02
    1.29058e+00     3.88328e+02     5.15635e+01     1.07970e+02
    1.29467e+00     3.88601e+02     5.13604e+01     1.07294e+02
    1.29876e+00     3.87659e+02     5.11182e+01     1.06860e+02
    1.30285e+00     3.86400e+02     5.05671e+01     1.06608e+02
    1.30694e+00     3.86001e+02     5.05094e+01     1.05915e+02
    1.31103e+00     3.85749e+02     5.02888e+01     1.05656e+02
    1.31512e+00     3.84945e+02     5.00631e+01     1.05234e+02
    1.31921e+00     3.84576e+02     4.98105e+01     1.04499e+02
    1.32331e+00     3.84326e+02     4.95483e+01     1.03997e+02
    1.32739e+00     3.81946e+02     4.89490e+01     1.03451e+02
    1.33148e+00     3.82248e+02     4.89516e+01     1.02942e+02
    1.33558e+00     3.81531e+02     4.84664e+01     1.02545e+02
    1.33967e+00     3.80820e+02     4.86183e+01     1.02278e+02
    1.34376e+00     3.80022e+02     4.80397e+01     1.01799e+02
    1.34785e+00     3.79560e+02     4.75233e+01     1.01096e+02
    1.35195e+00     3.78099e+02     4.74202e+01     1.00491e+02
    1.35603e+00     3.78162e+02     4.73614e+01     1.00357e+02
    1.36011e+00     3.76828e+02     4.69906e+01     9.98270e+01
    1.36421e+00     3.76595e+02     4.70504e+01     9.93053e+01
    1.36830e+00     3.75906e+02     4.65757e+01     9.87993e+01
    1.37239e+00     3.75072e+02     4.64271e+01     9.85526e+01
    1.37648e+00     3.75079e+02     4.60110e+01     9.78710e+01
    1.38057e+00     3.74194e+02     4.59533e+01     9.76368e+01
    1.38466e+00     3.73383e+02     4.55133e+01     9.69654e+01
    1.38875e+00     3.73660e+02     4.52733e+01     9.67141e+01
    1.39285e+00     3.72168e+02     4.49437e+01     9.61617e+01
    1.39694e+00     3.72065e+02     4.48599e+01     9.55998e+01
    1.40102e+00     3.70417e+02     4.43561e+01     9.52182e+01
    1.40512e+00     3.69597e+02     4.44691e+01     9.48822e+01
    1.40921e+00     3.69364e+02     4.41366e+01     9.42138e+01
    1.41330e+00     3.69435e+02     4.38652e+01     9.39689e+01
    1.41739e+00     3.68506e+02     4.35831e+01     9.35292e+01
    1.42148e+00     3.67919e+02     4.36194e+01     9.31565e+01
    1.42557e+00     3.67380e+02     4.31821e+01     9.26788e+01
    1.42966e+00     3.66532e+02     4.29775e+01     9.22895e+01
    1.43375e+00     3.66338e+02     4.30980e+01     9.18199e+01
    1.43784e+00     3.64925e+02     4.25153e+01     9.14559e+01
    1.44193e+00     3.64596e+02     4.25113e+01     9.10633e+01
    1.44602e+00     3.64562e+02     4.25844e+01     9.07390e+01
    1.45011e+00     3.62564e+02     4.21035e+01     9.02401e+01
    1.45420e+00     3.62612e+02     4.17200e+01     8.94507e+01
    1.45830e+00     3.62551e+02     4.12254e+01     8.91575e+01
    1.46239e+00     3.60660e+02     4.12233e+01     8.89505e+01
    1.46648e+00     3.61217e+02     4.11270e+01     8.82338e+01
    1.47056e+00     3.61217e+02     4.09502e+01     8.80954e+01
    1.47465e+00     3.60082e+02     4.08427e+01     8.76757e+01
    1.47874e+00     3.59126e+02     4.08306e+01     8.72976e+01
    1.48283e+00     3.58655e+02     4.02024e+01     8.68007e+01
    1.48693e+00     3.58858e+02     4.00365e+01     8.64257e+01
    1.49102e+00     3.57875e+02     4.01544e+01     8.61312e+01
    1.49511e+00     3.57152e+02     3.96538e+01     8.54683e+01
    1.49920e+00     3.56324e+02     3.97382e+01     8.51942e+01
    1.50329e+00     3.55848e+02     3.95585e+01     8.49011e+01
    1.50738e+00     3.54823e+02     3.90520e+01     8.43899e+01
    1.51148e+00     3.54714e+02     3.91219e+01     8.41495e+01
    1.51557e+00     3.54207e+02     3.87927e+01     8.37526e+01
    1.51965e+00     3.53056e+02     3.83805e+01     8.31045e+01
    1.52374e+00     3.52009e+02     3.82789e+01     8.28736e+01
    1.52784e+00     3.52021e+02     3.81696e+01     8.24804e+01
    1.53193e+00     3.51758e+02     3.78865e+01     8.22360e+01
    1.53602e+00     3.51487e+02     3.78861e+01     8.17814e+01
    1.54011e+00     3.51215e+02     3.76296e+01     8.13805e+01
    1.54420e+00     3.50051e+02     3.73578e+01     8.11198e+01
    1.54829e+00     3.49991e+02     3.74205e+01     8.08284e+01
    1.55238e+00     3.48485e+02     3.72058e+01     8.03591e+01
    1.55647e+00     3.48318e+02     3.68639e+01     7.98986e+01
    1.56056e+00     3.47873e+02     3.69624e+01     7.95927e+01
    1.56465e+00     3.46972e+02     3.66528e+01     7.92129e+01
    1.56874e+00     3.46663e+02     3.63866e+01     7.89377e+01
    1.57283e+00     3.46032e+02     3.65605e+01     7.83682e+01
    1.57693e+00     3.45582e+02     3.62037e+01     7.82691e+01
    1.58102e+00     3.45051e+02     3.60694e+01     7.76716e+01
    1.58510e+00     3.43559e+02     3.59321e+01     7.73900e+01
    1.58919e+00     3.43854e+02     3.56586e+01     7.69436e+01
    1.59329e+00     3.43159e+02     3.53798e+01     7.66239e+01
    1.59738e+00     3.42841e+02     3.53422e+01     7.62466e+01
    1.60147e+00     3.41991e+02     3.50279e+01     7.59804e+01
    1.60556e+00     3.41754e+02     3.50293e+01     7.56755e+01
    1.60965e+00     3.41161e+02     3.48140e+01     7.52711e+01
    1.61374e+00     3.40413e+02     3.46981e+01     7.50598e+01
    1.61783e+00     3.39627e+02     3.44388e+01     7.46064e+01
    1.62192e+00     3.39170e+02     3.43257e+01     7.42358e+01
    1.62601e+00     3.38717e+02     3.41263e+01     7.40123e+01
    1.63010e+00     3.38474e+02     3.42829e+01     7.35188e+01
    1.63419e+00     3.37572e+02     3.39225e+01     7.32258e+01
    1.63828e+00     3.36412e+02     3.37413e+01     7.29564e+01
    1.64238e+00     3.36207e+02     3.35835e+01     7.24528e+01
    1.64647e+00     3.35340e+02     3.34826e+01     7.23456e+01
    1.65055e+00     3.34444e+02     3.30912e+01     7.19321e+01
    1.65465e+00     3.33972e+02     3.30884e+01     7.16412e+01
    1.65874e+00     3.34204e+02     3.29573e+01     7.12450e+01
    1.66283e+00     3.33126e+02     3.27847e+01     7.08636e+01
    1.66691e+00     3.33151e+02     3.27877e+01     7.06346e+01
    1.67101e+00     3.32994e+02     3.26022e+01     7.02437e+01
    1.67510e+00     3.32027e+02     3.24445e+01     7.00704e+01
    1.67919e+00     3.31317e+02     3.23437e+01     6.97290e+01
    1.68328e+00     3.30858e+02     3.23579e+01     6.94037e+01
    1.68737e+00     3.30093e+02     3.19281e+01     6.89747e+01
    1.69146e+00     3.30163e+02     3.17387e+01     6.87558e+01
    1.69555e+00     3.29078e+02     3.18041e+01     6.83902e+01
    1.69964e+00     3.28433e+02     3.17375e+01     6.80824e+01
    1.70373e+00     3.28546e+02     3.15506e+01     6.78668e+01
    1.70782e+00     3.27734e+02     3.14477e+01     6.74440e+01
    1.71191e+00     3.26560e+02     3.12535e+01     6.70862e+01
    1.71600e+00     3.25775e+02     3.09809e+01     6.67749e+01
    1.72009e+00     3.25558e+02     3.07064e+01     6.64368e+01
    1.72418e+00     3.25241e+02     3.07243e+01     6.62019e+01
    1.72828e+00     3.25061e+02     3.07721e+01     6.59095e+01
    1.73237e+00     3.23742e+02     3.03931e+01     6.56565e+01
    1.73646e+00     3.23371e+02     3.03900e+01     6.52967e+01
    1.74055e+00     3.22484e+02     3.01587e+01     6.49993e+01
    1.74464e+00     3.22268e+02     3.01104e+01     6.46261e+01
    1.74874e+00     3.21969e+02     2.99152e+01     6.44430e+01
    1.75282e+00     3.21366e+02     3.00289e+01     6.41448e+01
    1.75691e+00     3.21209e+02     2.98302e+01     6.38154e+01
    1.76100e+00     3.20246e+02     2.95431e+01     6.35099e+01
    1.76509e+00     3.19320e+02     2.96888e+01     6.32640e+01
    1.76918e+00     3.19113e+02     2.93808e+01     6.29584e+01
    1.77327e+00     3.18521e+02     2.92067e+01     6.27396e+01
    1.77737e+00     3.18443e+02     2.91227e+01     6.23206e+01
    1.78146e+00     3.17803e+02     2.89797e+01     6.20759e+01
    1.78554e+00     3.17309e+02     2.89307e+01     6.17899e+01
    1.78964e+00     3.16240e+02     2.87378e+01     6.15430e+01
    1.79373e+00     3.16228e+02     2.87082e+01     6.11986e+01
    1.79782e+00     3.15139e+02     2.84947e+01     6.08782e+01
    1.80191e+00     3.14346e+02     2.82037e+01     6.06130e+01
    1.80600e+00     3.14560e+02     2.83148e+01     6.03773e+01
    1.81009e+00     3.13644e+02     2.81463e+01     6.00896e+01
    1.81418e+00     3.13625e+02     2.79555e+01     5.97613e+01
    1.81827e+00     3.12188e+02     2.78468e+01     5.95046e+01
    1.82236e+00     3.12417e+02     2.77715e+01     5.92875e+01
    1.82645e+00     3.11478e+02     2.77321e+01     5.89545e+01
    1.83054e+00     3.11149e+02     2.76402e+01     5.87812e+01
    1.83463e+00     3.10668e+02     2.75031e+01     5.85142e+01
    1.83872e+00     3.10172e+02     2.74095e+01     5.81606e+01
    1.84281e+00     3.09932e+02     2.73288e+01     5.79446e+01
    1.84691e+00     3.08718e+02     2.71392e+01     5.76463e+01
    1.85100e+00     3.08611e+02     2.71839e+01     5.74812e+01
    1.85509e+00     3.08154e+02     2.69204e+01     5.70666e+01
    1.85918e+00     3.07442e+02     2.68696e+01     5.68212e+01
    1.86327e+00     3.07331e+02     2.66678e+01     5.66168e+01
    1.86736e+00     3.06294e+02     2.65975e+01     5.63338e+01
    1.87145e+00     3.05892e+02     2.63875e+01     5.59302e+01
    1.87554e+00     3.05178e+02     2.63734e+01     5.58357e+01
    1.87963e+00     3.04986e+02     2.63598e+01     5.55337e+01
    1.88372e+00     3.04199e+02     2.61584e+01     5.51772e+01
    1.88781e+00     3.03398e+02     2.59690e+01     5.50301e+01
    1.89190e+00     3.03616e+02     2.59796e+01     5.47140e+01
    1.89599e+00     3.02423e+02     2.59207e+01     5.44615e+01
    1.90008e+00     3.01922e+02     2.57410e+01     5.42005e+01
    1.90417e+00     3.01559e+02     2.56502e+01     5.40170e+01
    1.90827e+00     3.00948e+02     2.54985e+01     5.37251e+01
    1.91236e+00     3.00768e+02     2.54934e+01     5.34451e+01
    1.91645e+00     2.99987e+02     2.54171e+01     5.33305e+01
    1.92054e+00     2.99233e+02     2.53750e+01     5.29495e+01
    1.92463e+00     2.98607e+02     2.50931e+01     5.27754e+01
    1.92872e+00     2.98221e+02     2.50280e+01     5.24229e+01
    1.93281e+00     2.97886e+02     2.50378e+01     5.22944e+01
    1.93690e+00     2.97848e+02     2.48514e+01     5.19994e+01
    1.94099e+00     2.96759e+02     2.46719e+01     5.17849e+01
    1.94508e+00     2.96426e+02     2.47291e+01     5.16417e+01
    1.94917e+00     2.95792e+02     2.45636e+01     5.13080e+01
    1.95326e+00     2.95054e+02     2.45308e+01     5.10995e+01
    1.95735e+00     2.94599e+02     2.43917e+01     5.08288e+01
    1.96144e+00     2.94453e+02     2.43753e+01     5.05702e+01
    1.96553e+00     2.93900e+02     2.41802e+01     5.03329e+01
    1.96962e+00     2.93331e+02     2.40839e+01     5.01470e+01
    1.97371e+00     2.92384e+02     2.39223e+01     4.98281e+01
    1.97781e+00     2.92000e+02     2.37630e+01     4.95942e+01
    1.98190e+00     2.91675e+02     2.38234e+01     4.94295e+01
    1.98599e+00     2.91160e+02     2.36640e+01     4.92015e+01
    1.99008e+00     2.90701e+02     2.37899e+01     4.89847e+01
    1.99417e+00     2.89929e+02     2.34818e+01     4.86850e+01
    1.99826e+00     2.89792e+02     2.34755e+01     4.85097e+01
    2.00235e+00     2.89162e+02     2.32701e+01     4.82718e+01
    2.00644e+00     2.88588e+02     2.32723e+01     4.80458e+01
    2.01053e+00     2.87940e+02     2.32046e+01     4.78379e+01
    2.01462e+00     2.87555e+02     2.31050e+01     4.76112e+01
    2.01871e+00     2.87428e+02     2.29267e+01     4.73312e+01
    2.02280e+00     2.86737e+02     2.28147e+01     4.71525e+01
    2.02689e+00     2.86112e+02     2.30772e+01     4.69368e+01
    2.03098e+00     2.85282e+02     2.26898e+01     4.67595e+01
    2.03507e+00     2.84977e+02     2.27557e+01     4.65542e+01
    2.03917e+00     2.84542e+02     2.25288e+01     4.62936e+01
    2.04325e+00     2.84043e+02     2.24149e+01     4.60105e+01
    2.04735e+00     2.83797e+02     2.23251e+01     4.57973e+01
    2.05143e+00     2.83133e+02     2.23329e+01     4.56460e+01
    2.05552e+00     2.82634e+02     2.23317e+01     4.53281e+01
    2.05962e+00     2.82014e+02     2.21156e+01     4.51520e+01
    2.06371e+00     2.81528e+02     2.20908e+01     4.49552e+01
    2.06780e+00     2.81024e+02     2.20601e+01     4.48191e+01
    2.07189e+00     2.80665e+02     2.19354e+01     4.46000e+01
    2.07598e+00     2.80100e+02     2.18402e+01     4.43322e+01
    2.08007e+00     2.79847e+02     2.18342e+01     4.41406e+01
    2.08416e+00     2.79331e+02     2.17684e+01     4.39363e+01
    2.08825e+00     2.78545e+02     2.15049e+01     4.36804e+01
    2.09234e+00     2.78430e+02     2.15366e+01     4.35505e+01
    2.09644e+00     2.77290e+02     2.15023e+01     4.33423e+01
    2.10053e+00     2.76959e+02     2.14132e+01     4.31022e+01
    2.10461e+00     2.76569e+02     2.13890e+01     4.28485e+01
    2.10870e+00     2.75569e+02     2.12492e+01     4.27086e+01
    2.11280e+00     2.75389e+02     2.10823e+01     4.24198e+01
    2.11688e+00     2.75115e+02     2.10240e+01     4.22859e+01
    2.12098e+00     2.74708e+02     2.09441e+01     4.20462e+01
    2.12507e+00     2.73938e+02     2.08475e+01     4.18583e+01
    2.12916e+00     2.73256e+02     2.06934e+01     4.16961e+01
    2.13325e+00     2.72852e+02     2.06823e+01     4.14707e+01
    2.13734e+00     2.72769e+02     2.06401e+01     4.12995e+01
    2.14143e+00     2.72061e+02     2.06751e+01     4.11405e+01
    2.14552e+00     2.71422e+02     2.04801e+01     4.08931e+01
    2.14961e+00     2.70886e+02     2.04662e+01     4.07254e+01
    2.15370e+00     2.71135e+02     2.05064e+01     4.05288e+01
    2.15779e+00     2.70151e+02     2.03623e+01     4.03054e+01
    2.16188e+00     2.69387e+02     2.02797e+01     4.01471e+01
    2.16597e+00     2.69198e+02     2.02051e+01     3.99397e+01
    2.17006e+00     2.68398e+02     2.00264e+01     3.96893e+01
    2.17416e+00     2.67897e+02     1.99692e+01     3.95514e+01
    2.17825e+00     2.67848e+02     1.99643e+01     3.93680e+01
    2.18234e+00     2.67017e+02     1.98875e+01     3.92113e+01
    2.18643e+00     2.66515e+02     1.97332e+01     3.90281e+01
    2.19052e+00     2.66177e+02     1.97338e+01     3.87801e+01
    2.19461e+00     2.65826e+02     1.97464e+01     3.86426e+01
    2.19870e+00     2.65182e+02     1.97424e+01     3.84970e+01
    2.20279e+00     2.65056e+02     1.94984e+01     3.82921e+01
    2.20688e+00     2.64298e+02     1.94642e+01     3.81059e+01
    2.21097e+00     2.63770e+02     1.94155e+01     3.78814e+01
    2.21506e+00     2.63380e+02     1.92465e+01     3.77087e+01
    2.21915e+00     2.62469e+02     1.91086e+01     3.75233e+01
    2.22324e+00     2.62283e+02     1.91310e+01     3.73808e+01
    2.22733e+00     2.61680e+02     1.91715e+01     3.71766e+01
    2.23142e+00     2.61220e+02     1.90970e+01     3.69817e+01
    2.23552e+00     2.60496e+02     1.89089e+01     3.68012e+01
    2.23961e+00     2.60279e+02     1.89187e+01     3.66777e+01
    2.24369e+00     2.59814e+02     1.88460e+01     3.64715e+01
    2.24779e+00     2.59119e+02     1.87819e+01     3.63457e+01
    2.25188e+00     2.59183e+02     1.88665e+01     3.61587e+01
    2.25597e+00     2.58363e+02     1.85896e+01     3.59307e+01
    2.26006e+00     2.58031e+02     1.85651e+01     3.58110e+01
    2.26415e+00     2.57316e+02     1.85326e+01     3.56339e+01
    2.26824e+00     2.56965e+02     1.84627e+01     3.54699e+01
    2.27233e+00     2.56238e+02     1.83582e+01     3.53029e+01
    2.27642e+00     2.55897e+02     1.82913e+01     3.50987e+01
    2.28051e+00     2.55365e+02     1.82583e+01     3.49049e+01
    2.28460e+00     2.54988e+02     1.81836e+01     3.47624e+01
    2.28869e+00     2.54732e+02     1.81334e+01     3.46327e+01
    2.29278e+00     2.53883e+02     1.80049e+01     3.44031e+01
    2.29687e+00     2.53646e+02     1.79453e+01     3.42675e+01
    2.30096e+00     2.53264e+02     1.80227e+01     3.41235e+01
    2.30506e+00     2.52620e+02     1.79723e+01     3.39666e+01
    2.30915e+00     2.51998e+02     1.77767e+01     3.37687e+01
    2.31324e+00     2.51595e+02     1.77854e+01     3.36050e+01
    2.31733e+00     2.51195e+02     1.77872e+01     3.35064e+01
    2.32142e+00     2.51075e+02     1.77212e+01     3.33148e+01
    2.32551e+00     2.50167e+02     1.75459e+01     3.31226e+01
    2.32960e+00     2.50119e+02     1.74782e+01     3.29240e+01
    2.33369e+00     2.49153e+02     1.74752e+01     3.28060e+01
    2.33778e+00     2.48908e+02     1.74174e+01     3.26581e+01
    2.34187e+00     2.48284e+02     1.73951e+01     3.25287e+01
    2.34596e+00     2.47832e+02     1.72850e+01     3.23315e+01
    2.35005e+00     2.47367e+02     1.72314e+01     3.21891e+01
    2.35414e+00     2.46757e+02     1.71208e+01     3.20535e+01
    2.35823e+00     2.46176e+02     1.71310e+01     3.18885e+01
    2.36232e+00     2.46029e+02     1.70657e+01     3.17554e+01
    2.36641e+00     2.45485e+02     1.70395e+01     3.15853e+01
    2.37051e+00     2.45050e+02     1.69462e+01     3.14118e+01
    2.37460e+00     2.44411e+02     1.68740e+01     3.12568e+01
    2.37869e+00     2.44283e+02     1.68161e+01     3.11498e+01
    2.38278e+00     2.43523e+02     1.67747e+01     3.09389e+01
    2.38687e+00     2.43097e+02     1.67298e+01     3.07966e+01
    2.39096e+00     2.42262e+02     1.66242e+01     3.06660e+01
    2.39505e+00     2.42222e+02     1.66175e+01     3.04865e+01
    2.39914e+00     2.41621e+02     1.65394e+01     3.03630e+01
    2.40323e+00     2.41442e+02     1.64694e+01     3.02515e+01
    2.40732e+00     2.40960e+02     1.64427e+01     3.00788e+01
    2.41141e+00     2.40303e+02     1.64446e+01     2.99395e+01
    2.41550e+00     2.40070e+02     1.64197e+01     2.97770e+01
    2.41959e+00     2.39243e+02     1.62879e+01     2.96195e+01
    2.42368e+00     2.39020e+02     1.63174e+01     2.94960e+01
    2.42777e+00     2.38255e+02     1.61643e+01     2.93495e+01
    2.43187e+00     2.37973e+02     1.61534e+01     2.92086e+01
    2.43596e+00     2.37678e+02     1.61508e+01     2.90867e+01
    2.44004e+00     2.37114e+02     1.60256e+01     2.89088e+01
    2.44414e+00     2.36656e+02     1.59487e+01     2.87690e+01
    2.44823e+00     2.36123e+02     1.59165e+01     2.86522e+01
    2.45232e+00     2.35970e+02     1.58792e+01     2.84961e+01
    2.45640e+00     2.34856e+02     1.57861e+01     2.83531e+01
    2.46050e+00     2.34725e+02     1.57894e+01     2.82217e+01
    2.46459e+00     2.34469e+02     1.56792e+01     2.80913e+01
    2.46868e+00     2.33867e+02     1.56322e+01     2.79658e+01
    2.47277e+00     2.33556e+02     1.56015e+01     2.78157e+01
    2.47686e+00     2.32934e+02     1.55450e+01     2.76209e+01
    2.48095e+00     2.32422e+02     1.55603e+01     2.75791e+01
    2.48504e+00     2.31948e+02     1.53844e+01     2.73848e+01
    2.48913e+00     2.31470e+02     1.53953e+01     2.72913e+01
    2.49322e+00     2.31324e+02     1.53959e+01     2.71383e+01
    2.49731e+00     2.30821e+02     1.53216e+01     2.69877e+01
    2.50141e+00     2.30256e+02     1.52189e+01     2.68427e+01
    2.50550e+00     2.29801e+02     1.51722e+01     2.67521e+01
    2.50959e+00     2.29172e+02     1.51776e+01     2.66055e+01
    2.51368e+00     2.28830e+02     1.50915e+01     2.64818e+01
    2.51777e+00     2.28072e+02     1.49738e+01     2.63746e+01
    2.52186e+00     2.27799e+02     1.49727e+01     2.62160e+01
    2.52595e+00     2.27521e+02     1.49573e+01     2.60992e+01
    2.53004e+00     2.27440e+02     1.49131e+01     2.59797e+01
    2.53413e+00     2.26314e+02     1.48394e+01     2.58318e+01
    2.53822e+00     2.25986e+02     1.47940e+01     2.57188e+01
    2.54231e+00     2.25815e+02     1.47147e+01     2.55611e+01
    2.54640e+00     2.25402e+02     1.46785e+01     2.54565e+01
    2.55049e+00     2.24767e+02     1.46421e+01     2.53301e+01
    2.55458e+00     2.24277e+02     1.45762e+01     2.51966e+01
    2.55867e+00     2.23781e+02     1.45497e+01     2.50570e+01
    2.56276e+00     2.23334e+02     1.44974e+01     2.49478e+01
    2.56685e+00     2.23047e+02     1.44489e+01     2.48427e+01
    2.57095e+00     2.22361e+02     1.44407e+01     2.47265e+01
    2.57504e+00     2.22176e+02     1.43505e+01     2.45693e+01
    2.57913e+00     2.21640e+02     1.43539e+01     2.44627e+01
    2.58322e+00     2.21191e+02     1.42461e+01     2.43310e+01
    2.58731e+00     2.20653e+02     1.42722e+01     2.42443e+01
    2.59140e+00     2.20446e+02     1.41666e+01     2.41192e+01
    2.59549e+00     2.19907e+02     1.41785e+01     2.39784e+01
    2.59958e+00     2.19388e+02     1.41184e+01     2.38692e+01
    2.60367e+00     2.19087e+02     1.40153e+01     2.37436e+01
    2.60776e+00     2.18381e+02     1.39812e+01     2.36477e+01
    2.61185e+00     2.17943e+02     1.39163e+01     2.35406e+01
    2.61594e+00     2.17813e+02     1.39058e+01     2.34002e+01
    2.62003e+00     2.17223e+02     1.38496e+01     2.32556e+01
    2.62412e+00     2.16683e+02     1.38148e+01     2.31465e+01
    2.62821e+00     2.16288e+02     1.38181e+01     2.30679e+01
    2.63230e+00     2.15921e+02     1.37527e+01     2.29362e+01
    2.63640e+00     2.15710e+02     1.36986e+01     2.28347e+01
    2.64049e+00     2.14855e+02     1.36386e+01     2.27045e+01
    2.64457e+00     2.14686e+02     1.35924e+01     2.25968e+01
    2.64867e+00     2.14236e+02     1.35194e+01     2.24823e+01
    2.65276e+00     2.13968e+02     1.34689e+01     2.23692e+01
    2.65685e+00     2.13543e+02     1.34795e+01     2.22691e+01
    2.66094e+00     2.12694e+02     1.34040e+01     2.21540e+01
    2.66503e+00     2.12810e+02     1.34415e+01     2.20387e+01
    2.66912e+00     2.12004e+02     1.33243e+01     2.19593e+01
    2.67321e+00     2.11373e+02     1.32882e+01     2.18321e+01
    2.67730e+00     2.11209e+02     1.33026e+01     2.17059e+01
    2.68139e+00     2.10781e+02     1.31902e+01     2.15957e+01
    2.68548e+00     2.10388e+02     1.31555e+01     2.14896e+01
    2.68957e+00     2.09910e+02     1.31327e+01     2.14039e+01
    2.69366e+00     2.09572e+02     1.31140e+01     2.12972e+01
    2.69776e+00     2.09062e+02     1.30317e+01     2.11960e+01
    2.70185e+00     2.08748e+02     1.30098e+01     2.10724e+01
    2.70594e+00     2.07819e+02     1.29589e+01     2.09733e+01
    2.71003e+00     2.07730e+02     1.30153e+01     2.08799e+01
    2.71412e+00     2.07029e+02     1.28593e+01     2.07541e+01
    2.71821e+00     2.06985e+02     1.28861e+01     2.06734e+01
    2.72230e+00     2.06585e+02     1.28418e+01     2.05490e+01
    2.72639e+00     2.06037e+02     1.27614e+01     2.04306e+01
    2.73048e+00     2.05481e+02     1.27674e+01     2.03771e+01
    2.73457e+00     2.05283e+02     1.26777e+01     2.02554e+01
    2.73866e+00     2.04662e+02     1.26194e+01     2.01459e+01
    2.74275e+00     2.04132e+02     1.25864e+01     2.00634e+01
    2.74684e+00     2.04032e+02     1.25701e+01     1.99537e+01
    2.75093e+00     2.03414e+02     1.25534e+01     1.98452e+01
    2.75502e+00     2.02812e+02     1.24419e+01     1.97432e+01
    2.75911e+00     2.02518e+02     1.24474e+01     1.96505e+01
    2.76320e+00     2.01908e+02     1.23695e+01     1.95520e+01
    2.76730e+00     2.01944e+02     1.23582e+01     1.94331e+01
    2.77139e+00     2.01345e+02     1.22869e+01     1.93523e+01
    2.77548e+00     2.00590e+02     1.22367e+01     1.92572e+01
    2.77957e+00     2.00499e+02     1.22211e+01     1.91710e+01
    2.78366e+00     2.00246e+02     1.22153e+01     1.90537e+01
    2.78775e+00     1.99723e+02     1.21711e+01     1.89657e+01
    2.79184e+00     1.99181e+02     1.21292e+01     1.88490e+01
    2.79593e+00     1.98804e+02     1.20917e+01     1.87762e+01
    2.80002e+00     1.98507e+02     1.20635e+01     1.86782e+01
    2.80411e+00     1.97959e+02     1.20158e+01     1.85934e+01
    2.80820e+00     1.97650e+02     1.20041e+01     1.85228e+01
    2.81229e+00     1.97186e+02     1.19383e+01     1.84181e+01
    2.81638e+00     1.96883e+02     1.19450e+01     1.83164e+01
    2.82047e+00     1.96398e+02     1.18906e+01     1.82195e+01
    2.82457e+00     1.95927e+02     1.18240e+01     1.81371e+01
    2.82866e+00     1.95595e+02     1.17537e+01     1.80293e+01
    2.83275e+00     1.95245e+02     1.17833e+01     1.79502e+01
    2.83684e+00     1.94740e+02     1.17295e+01     1.78627e+01
    2.84093e+00     1.94242e+02     1.16953e+01     1.77614e+01
    2.84502e+00     1.93722e+02     1.16348e+01     1.76630e+01
    2.84911e+00     1.93574e+02     1.16614e+01     1.75821e+01
    2.85320e+00     1.92991e+02     1.15311e+01     1.75042e+01
    2.85729e+00     1.92838e+02     1.15994e+01     1.74150e+01
    2.86138e+00     1.92490e+02     1.14929e+01     1.73161e+01
    2.86547e+00     1.91734e+02     1.14456e+01     1.72274e+01
    2.86956e+00     1.91419e+02     1.14303e+01     1.71481e+01
    2.87365e+00     1.91008e+02     1.14151e+01     1.70678e+01
    2.87774e+00     1.90612e+02     1.13728e+01     1.69797e+01
    2.88183e+00     1.90294e+02     1.13115e+01     1.68778e+01
    2.88592e+00     1.89888e+02     1.12914e+01     1.67984e+01
    2.89001e+00     1.89353e+02     1.12691e+01     1.67278e+01
    2.89410e+00     1.89010e+02     1.12111e+01     1.66439e+01
    2.89820e+00     1.88592e+02     1.11914e+01     1.65364e+01
    2.90229e+00     1.88165e+02     1.11659e+01     1.64589e+01
    2.90638e+00     1.87869e+02     1.11202e+01     1.63890e+01
    2.91047e+00     1.87545e+02     1.11001e+01     1.62890e+01
    2.91456e+00     1.87030e+02     1.10698e+01     1.62168e+01
    2.91865e+00     1.86674e+02     1.09934e+01     1.61248e+01
    2.92274e+00     1.86318e+02     1.09687e+01     1.60524e+01
    2.92683e+00     1.85714e+02     1.09548e+01     1.60084e+01
    2.93092e+00     1.85688e+02     1.08907e+01     1.58880e+01
    2.93501e+00     1.85095e+02     1.08750e+01     1.58000e+01
    2.93910e+00     1.84615e+02     1.08446e+01     1.57266e+01
    2.94319e+00     1.84435e+02     1.08024e+01     1.56568e+01
    2.94728e+00     1.83902e+02     1.07996e+01     1.55668e+01
    2.95137e+00     1.83371e+02     1.07103e+01     1.54983e+01
    2.95546e+00     1.82921e+02     1.06882e+01     1.54116e+01
    2.95955e+00     1.82793e+02     1.06711e+01     1.53378e+01
    2.96364e+00     1.82201e+02     1.06591e+01     1.52742e+01
    2.96774e+00     1.81931e+02     1.06072e+01     1.51696e+01
    2.97183e+00     1.81459e+02     1.05618e+01     1.50925e+01
    2.97592e+00     1.81092e+02     1.05390e+01     1.50324e+01
    2.98001e+00     1.80773e+02     1.05185e+01     1.49483e+01
    2.98410e+00     1.80182e+02     1.04483e+01     1.48696e+01
    2.98819e+00     1.79961e+02     1.04230e+01     1.47773e+01
    2.99228e+00     1.79555e+02     1.04187e+01     1.47313e+01
    2.99637e+00     1.79208e+02     1.03918e+01     1.46586e+01
    3.00046e+00     1.78780e+02     1.03450e+01     1.45847e+01
    3.00455e+00     1.78500e+02     1.03289e+01     1.44996e+01
    3.00864e+00     1.78091e+02     1.02720e+01     1.44305e+01
    3.01273e+00     1.77605e+02     1.02585e+01     1.43599e+01
    3.01682e+00     1.77146e+02     1.02205e+01     1.42618e+01
    3.02091e+00     1.76793e+02     1.01773e+01     1.42005e+01
    3.02500e+00     1.76551e+02     1.01726e+01     1.41371e+01
    3.02910e+00     1.76103e+02     1.01479e+01     1.40670e+01
    3.03319e+00     1.75732e+02     1.01048e+01     1.39895e+01
    3.03728e+00     1.75306e+02     1.00513e+01     1.39125e+01
    3.04137e+00     1.74873e+02     1.00039e+01     1.38482e+01
    3.04546e+00     1.74634e+02     1.00095e+01     1.37792e+01
    3.04955e+00     1.74257e+02     9.98244e+00     1.36866e+01
    3.05364e+00     1.73681e+02     9.94522e+00     1.36318e+01
    3.05773e+00     1.73336e+02     9.93417e+00     1.35590e+01
    3.06182e+00     1.72958e+02     9.84774e+00     1.34969e+01
    3.06591e+00     1.72508e+02     9.83434e+00     1.34307e+01
    3.07000e+00     1.72151e+02     9.79454e+00     1.33673e+01
    3.07409e+00     1.71820e+02     9.77647e+00     1.32883e+01
    3.07818e+00     1.71442e+02     9.80290e+00     1.32307e+01
    3.08227e+00     1.71254e+02     9.73638e+00     1.31505e+01
    3.08636e+00     1.70842e+02     9.70936e+00     1.30967e+01
    3.09045e+00     1.70333e+02     9.67244e+00     1.30260e+01
    3.09454e+00     1.70170e+02     9.64886e+00     1.29448e+01
    3.09863e+00     1.69738e+02     9.62796e+00     1.28876e+01
    3.10272e+00     1.69182e+02     9.56452e+00     1.28146e+01
    3.10682e+00     1.69039e+02     9.54827e+00     1.27665e+01
    3.11091e+00     1.68643e+02     9.50887e+00     1.26874e+01
    3.11500e+00     1.68160e+02     9.49734e+00     1.26200e+01
    3.11909e+00     1.67855e+02     9.45601e+00     1.25626e+01
    3.12318e+00     1.67469e+02     9.41042e+00     1.24869e+01
    3.12727e+00     1.67227e+02     9.40327e+00     1.24360e+01
    3.13136e+00     1.66586e+02     9.36581e+00     1.23676e+01
    3.13545e+00     1.66394e+02     9.33786e+00     1.23034e+01
    3.13954e+00     1.65948e+02     9.30296e+00     1.22385e+01
    3.14363e+00     1.65642e+02     9.29072e+00     1.21840e+01
    3.14772e+00     1.65462e+02     9.26031e+00     1.21152e+01
    3.15181e+00     1.64896e+02     9.22430e+00     1.20553e+01
    3.15590e+00     1.64647e+02     9.18609e+00     1.19868e+01
    3.16000e+00     1.64258e+02     9.13635e+00     1.19236e+01
    3.16409e+00     1.63798e+02     9.16980e+00     1.18720e+01
    3.16818e+00     1.63608e+02     9.10515e+00     1.18038e+01
    3.17227e+00     1.63086e+02     9.07539e+00     1.17439e+01
    3.17636e+00     1.62675e+02     9.04351e+00     1.16828e+01
    3.18045e+00     1.62357e+02     9.03684e+00     1.16280e+01
    3.18454e+00     1.62200e+02     9.00032e+00     1.15749e+01
    3.18863e+00     1.61685e+02     9.00228e+00     1.15035e+01
    3.19272e+00     1.61360e+02     8.95399e+00     1.14465e+01
    3.19681e+00     1.61097e+02     8.91240e+00     1.13911e+01
    3.20090e+00     1.60736e+02     8.89016e+00     1.13345e+01
    3.20499e+00     1.60254e+02     8.84039e+00     1.12766e+01
    3.20908e+00     1.60079e+02     8.85063e+00     1.12183e+01
    3.21317e+00     1.59771e+02     8.80490e+00     1.11597e+01
    3.21726e+00     1.59343e+02     8.79353e+00     1.10977e+01
    3.22135e+00     1.58774e+02     8.72497e+00     1.10366e+01
    3.22545e+00     1.58626e+02     8.70957e+00     1.09814e+01
    3.22954e+00     1.58249e+02     8.69545e+00     1.09334e+01
    3.23363e+00     1.57762e+02     8.68264e+00     1.08744e+01
    3.23772e+00     1.57520e+02     8.64253e+00     1.08152e+01
    3.24181e+00     1.57283e+02     8.61831e+00     1.07615e+01
    3.24590e+00     1.56761e+02     8.61401e+00     1.07206e+01
    3.24999e+00     1.56489e+02     8.57221e+00     1.06544e+01
    3.25408e+00     1.56205e+02     8.56582e+00     1.06041e+01
    3.25817e+00     1.55878e+02     8.50453e+00     1.05342e+01
    3.26226e+00     1.55330e+02     8.48835e+00     1.04857e+01
    3.26635e+00     1.55055e+02     8.49133e+00     1.04401e+01
    3.27044e+00     1.54711e+02     8.44387e+00     1.03792e+01
    3.27453e+00     1.54431e+02     8.43663e+00     1.03293e+01
    3.27862e+00     1.54185e+02     8.41876e+00     1.02766e+01
    3.28271e+00     1.53749e+02     8.35804e+00     1.02297e+01
    3.28681e+00     1.53337e+02     8.33839e+00     1.01767e+01
    3.29090e+00     1.53024e+02     8.32466e+00     1.01235e+01
    3.29499e+00     1.52684e+02     8.28452e+00     1.00750e+01
    3.29908e+00     1.52422e+02     8.25988e+00     1.00139e+01
    3.30317e+00     1.52040e+02     8.26514e+00     9.96358e+00
    3.30725e+00     1.51720e+02     8.22710e+00     9.91928e+00
    3.31135e+00     1.51453e+02     8.21126e+00     9.86912e+00
    3.31544e+00     1.51132e+02     8.17164e+00     9.81282e+00
    3.31953e+00     1.50746e+02     8.14436e+00     9.76105e+00
    3.32362e+00     1.50501e+02     8.10592e+00     9.70705e+00
    3.32771e+00     1.50169e+02     8.09076e+00     9.66705e+00
    3.33180e+00     1.49828e+02     8.04671e+00     9.60950e+00
    3.33589e+00     1.49431e+02     8.03980e+00     9.55435e+00
    3.33998e+00     1.49171e+02     8.01535e+00     9.52444e+00
    3.34407e+00     1.48669e+02     7.96608e+00     9.47021e+00
    3.34816e+00     1.48372e+02     7.97189e+00     9.42140e+00
    3.35226e+00     1.48232e+02     7.94981e+00     9.37666e+00
    3.35634e+00     1.47813e+02     7.91720e+00     9.32194e+00
    3.36043e+00     1.47463e+02     7.89475e+00     9.26712e+00
    3.36453e+00     1.47155e+02     7.86629e+00     9.21956e+00
    3.36862e+00     1.46658e+02     7.81686e+00     9.17901e+00
    3.37271e+00     1.46506e+02     7.83794e+00     9.13215e+00
    3.37680e+00     1.46243e+02     7.79446e+00     9.09054e+00
    3.38089e+00     1.46014e+02     7.79203e+00     9.04063e+00
    3.38498e+00     1.45526e+02     7.74815e+00     8.98604e+00
    3.38907e+00     1.45330e+02     7.71867e+00     8.94270e+00
    3.39316e+00     1.44794e+02     7.70481e+00     8.90105e+00
    3.39725e+00     1.44610e+02     7.67662e+00     8.85510e+00
    3.40134e+00     1.44393e+02     7.66095e+00     8.80619e+00
    3.40543e+00     1.44029e+02     7.63028e+00     8.76373e+00
    3.40952e+00     1.43747e+02     7.61587e+00     8.71634e+00
    3.41362e+00     1.43364e+02     7.58803e+00     8.67628e+00
    3.41770e+00     1.42979e+02     7.56959e+00     8.63267e+00
    3.42179e+00     1.42737e+02     7.54492e+00     8.58178e+00
    3.42588e+00     1.42356e+02     7.51751e+00     8.53163e+00
    3.42997e+00     1.42053e+02     7.47942e+00     8.48895e+00
    3.43406e+00     1.41817e+02     7.48611e+00     8.45005e+00
    3.43816e+00     1.41482e+02     7.47404e+00     8.41198e+00
    3.44225e+00     1.41153e+02     7.42365e+00     8.36321e+00
    3.44634e+00     1.40934e+02     7.40068e+00     8.31792e+00
    3.45043e+00     1.40579e+02     7.37219e+00     8.28259e+00
    3.45452e+00     1.40142e+02     7.36132e+00     8.23423e+00
    3.45861e+00     1.39875e+02     7.34219e+00     8.19681e+00
    3.46270e+00     1.39634e+02     7.32859e+00     8.15573e+00
    3.46679e+00     1.39213e+02     7.28832e+00     8.12058e+00
    3.47088e+00     1.39154e+02     7.26618e+00     8.06799e+00
    3.47497e+00     1.38708e+02     7.25775e+00     8.03017e+00
    3.47906e+00     1.38345e+02     7.24038e+00     7.99931e+00
    3.48315e+00     1.38020e+02     7.22194e+00     7.95669e+00
    3.48725e+00     1.37842e+02     7.19927e+00     7.91262e+00
    3.49134e+00     1.37503e+02     7.18371e+00     7.87266e+00
    3.49543e+00     1.37222e+02     7.14278e+00     7.82800e+00
    3.49952e+00     1.36874e+02     7.11390e+00     7.78677e+00
    3.50361e+00     1.36539e+02     7.11428e+00     7.75068e+00
    3.50770e+00     1.36229e+02     7.08752e+00     7.71728e+00
    3.51179e+00     1.36082e+02     7.05858e+00     7.67397e+00
    3.51588e+00     1.35733e+02     7.04046e+00     7.63382e+00
    3.51997e+00     1.35431e+02     7.03469e+00     7.59456e+00
    3.52406e+00     1.34993e+02     6.98985e+00     7.55649e+00
    3.52815e+00     1.34817e+02     6.99378e+00     7.51967e+00
    3.53224e+00     1.34538e+02     6.96173e+00     7.48354e+00
    3.53633e+00     1.34191e+02     6.92463e+00     7.43684e+00
    3.54042e+00     1.33888e+02     6.93035e+00     7.40638e+00
    3.54451e+00     1.33718e+02     6.89862e+00     7.37092e+00
    3.54860e+00     1.33410e+02     6.89440e+00     7.33023e+00
    3.55270e+00     1.33134e+02     6.85082e+00     7.29765e+00
    3.55679e+00     1.32959e+02     6.84013e+00     7.25668e+00
    3.56088e+00     1.32461e+02     6.82659e+00     7.22057e+00
    3.56497e+00     1.32262e+02     6.80403e+00     7.18163e+00
    3.56906e+00     1.31905e+02     6.78001e+00     7.14403e+00
    3.57315e+00     1.31750e+02     6.76480e+00     7.10986e+00
    3.57724e+00     1.31401e+02     6.73357e+00     7.06981e+00
    3.58133e+00     1.31043e+02     6.71210e+00     7.03398e+00
    3.58542e+00     1.30792e+02     6.69493e+00     7.00799e+00
    3.58951e+00     1.30572e+02     6.69906e+00     6.96785e+00
    3.59360e+00     1.30233e+02     6.65817e+00     6.93051e+00
    3.59769e+00     1.29920e+02     6.63535e+00     6.89281e+00
    3.60178e+00     1.29656e+02     6.61260e+00     6.86530e+00
    3.60587e+00     1.29358e+02     6.59808e+00     6.82667e+00
    3.60996e+00     1.29002e+02     6.57054e+00     6.78948e+00
    3.61405e+00     1.28684e+02     6.56242e+00     6.75977e+00
    3.61814e+00     1.28550e+02     6.54688e+00     6.72743e+00
    3.62224e+00     1.28203e+02     6.50610e+00     6.69030e+00
    3.62633e+00     1.27915e+02     6.48658e+00     6.66165e+00
    3.63042e+00     1.27808e+02     6.48768e+00     6.62288e+00
    3.63451e+00     1.27501e+02     6.47329e+00     6.59366e+00
    3.63860e+00     1.27186e+02     6.43986e+00     6.55737e+00
    3.64269e+00     1.26938e+02     6.43629e+00     6.52657e+00
    3.64678e+00     1.26708e+02     6.42338e+00     6.49886e+00
    3.65087e+00     1.26347e+02     6.39043e+00     6.46351e+00
    3.65496e+00     1.26172e+02     6.37152e+00     6.42642e+00
    3.65905e+00     1.25842e+02     6.33863e+00     6.39183e+00
    3.66314e+00     1.25500e+02     6.33523e+00     6.36392e+00
    3.66723e+00     1.25235e+02     6.31432e+00     6.33228e+00
    3.67132e+00     1.25089e+02     6.31259e+00     6.30587e+00
    3.67541e+00     1.24747e+02     6.29462e+00     6.27482e+00
    3.67950e+00     1.24603e+02     6.24281e+00     6.23872e+00
    3.68359e+00     1.24315e+02     6.24351e+00     6.20832e+00
    3.68769e+00     1.24003e+02     6.22101e+00     6.17887e+00
    3.69177e+00     1.23713e+02     6.20451e+00     6.14381e+00
    3.69587e+00     1.23435e+02     6.18627e+00     6.11807e+00
    3.69996e+00     1.23192e+02     6.17115e+00     6.08594e+00
    3.70405e+00     1.22870e+02     6.13715e+00     6.05187e+00
    3.70814e+00     1.22709e+02     6.14480e+00     6.02941e+00
    3.71223e+00     1.22414e+02     6.12505e+00     5.99878e+00
    3.71632e+00     1.22157e+02     6.09883e+00     5.96777e+00
    3.72041e+00     1.21966e+02     6.09037e+00     5.93601e+00
    3.72450e+00     1.21567e+02     6.05768e+00     5.90712e+00
    3.72859e+00     1.21405e+02     6.03906e+00     5.88019e+00
    3.73268e+00     1.21154e+02     6.03942e+00     5.85404e+00
    3.73677e+00     1.20865e+02     6.00657e+00     5.82031e+00
    3.74086e+00     1.20650e+02     5.99872e+00     5.79180e+00
    3.74495e+00     1.20303e+02     5.98924e+00     5.76779e+00
    3.74905e+00     1.20121e+02     5.95647e+00     5.73564e+00
    3.75313e+00     1.19846e+02     5.96514e+00     5.71067e+00
    3.75722e+00     1.19602e+02     5.90968e+00     5.68175e+00
    3.76131e+00     1.19351e+02     5.91374e+00     5.65037e+00
    3.76541e+00     1.19079e+02     5.88887e+00     5.62629e+00
    3.76950e+00     1.18804e+02     5.88774e+00     5.59767e+00
    3.77359e+00     1.18595e+02     5.83875e+00     5.57014e+00
    3.77768e+00     1.18366e+02     5.85230e+00     5.54746e+00
    3.78177e+00     1.18062e+02     5.82428e+00     5.51207e+00
    3.78586e+00     1.17820e+02     5.80305e+00     5.49344e+00
    3.78995e+00     1.17650e+02     5.80480e+00     5.46577e+00
    3.79404e+00     1.17375e+02     5.78867e+00     5.43701e+00
    3.79813e+00     1.17146e+02     5.75295e+00     5.40800e+00
    3.80222e+00     1.16920e+02     5.75072e+00     5.38983e+00
    3.80632e+00     1.16717e+02     5.73793e+00     5.35887e+00
    3.81040e+00     1.16541e+02     5.71908e+00     5.33496e+00
    3.81449e+00     1.16176e+02     5.70631e+00     5.30619e+00
    3.81859e+00     1.15890e+02     5.68127e+00     5.28106e+00
    3.82268e+00     1.15588e+02     5.67352e+00     5.25770e+00
    3.82677e+00     1.15468e+02     5.64787e+00     5.23154e+00
    3.83086e+00     1.15226e+02     5.63723e+00     5.20762e+00
    3.83495e+00     1.14980e+02     5.62026e+00     5.17749e+00
    3.83904e+00     1.14838e+02     5.61338e+00     5.16002e+00
    3.84313e+00     1.14454e+02     5.59069e+00     5.13514e+00
    3.84722e+00     1.14191e+02     5.57117e+00     5.11077e+00
    3.85131e+00     1.14029e+02     5.57429e+00     5.08789e+00
    3.85540e+00     1.13879e+02     5.53206e+00     5.06066e+00
    3.85949e+00     1.13650e+02     5.53396e+00     5.03960e+00
    3.86358e+00     1.13318e+02     5.51150e+00     5.01444e+00
    3.86768e+00     1.12959e+02     5.48346e+00     4.98984e+00
    3.87177e+00     1.12910e+02     5.47931e+00     4.96730e+00
    3.87585e+00     1.12722e+02     5.46252e+00     4.94744e+00
    3.87994e+00     1.12469e+02     5.46779e+00     4.91934e+00
    3.88403e+00     1.12223e+02     5.44698e+00     4.89551e+00
    3.88813e+00     1.12042e+02     5.42486e+00     4.87344e+00
    3.89222e+00     1.11768e+02     5.40202e+00     4.84510e+00
    3.89631e+00     1.11496e+02     5.39719e+00     4.82773e+00
    3.90040e+00     1.11267e+02     5.38054e+00     4.80460e+00
    3.90449e+00     1.11063e+02     5.35955e+00     4.78077e+00
    3.90858e+00     1.10862e+02     5.34965e+00     4.76404e+00
    3.91267e+00     1.10653e+02     5.33337e+00     4.73996e+00
    3.91676e+00     1.10461e+02     5.33877e+00     4.71996e+00
    3.92085e+00     1.10252e+02     5.30858e+00     4.69632e+00
    3.92494e+00     1.10033e+02     5.28468e+00     4.67556e+00
    3.92903e+00     1.09802e+02     5.27634e+00     4.65507e+00
    3.93312e+00     1.09512e+02     5.26512e+00     4.63013e+00
    3.93721e+00     1.09309e+02     5.24547e+00     4.60843e+00
    3.94130e+00     1.09110e+02     5.25427e+00     4.59276e+00
    3.94539e+00     1.08958e+02     5.22660e+00     4.56923e+00
    3.94949e+00     1.08714e+02     5.20469e+00     4.54996e+00
    3.95358e+00     1.08546e+02     5.19485e+00     4.52636e+00
    3.95767e+00     1.08298e+02     5.18727e+00     4.50923e+00
    3.96176e+00     1.08078e+02     5.16827e+00     4.48642e+00
    3.96585e+00     1.07851e+02     5.15212e+00     4.46672e+00
    3.96994e+00     1.07617e+02     5.14241e+00     4.45112e+00
    3.97403e+00     1.07364e+02     5.12126e+00     4.42249e+00
    3.97812e+00     1.07171e+02     5.11247e+00     4.40711e+00
    3.98221e+00     1.07017e+02     5.09794e+00     4.38754e+00
    3.98630e+00     1.06814e+02     5.09777e+00     4.36982e+00
    3.99039e+00     1.06547e+02     5.06865e+00     4.34341e+00
    3.99448e+00     1.06385e+02     5.05179e+00     4.32749e+00
    3.99857e+00     1.06215e+02     5.04095e+00     4.31059e+00
    4.00266e+00     1.05954e+02     5.03086e+00     4.28880e+00
    4.00675e+00     1.05718e+02     5.00936e+00     4.27144e+00
    4.01085e+00     1.05528e+02     5.01264e+00     4.25281e+00
    4.01494e+00     1.05294e+02     4.98403e+00     4.23468e+00
    4.01902e+00     1.05169e+02     4.98396e+00     4.21739e+00
    4.02312e+00     1.04955e+02     4.96578e+00     4.19568e+00
    4.02721e+00     1.04806e+02     4.95794e+00     4.17562e+00
    4.03130e+00     1.04546e+02     4.93069e+00     4.16053e+00
    4.03539e+00     1.04326e+02     4.93744e+00     4.14466e+00
    4.03948e+00     1.04203e+02     4.91339e+00     4.12559e+00
    4.04357e+00     1.03974e+02     4.90915e+00     4.10715e+00
    4.04766e+00     1.03785e+02     4.89055e+00     4.09175e+00
    4.05175e+00     1.03592e+02     4.86935e+00     4.07422e+00
    4.05584e+00     1.03400e+02     4.87519e+00     4.05659e+00
    4.05993e+00     1.03198e+02     4.86759e+00     4.03832e+00
    4.06402e+00     1.02948e+02     4.85148e+00     4.02427e+00
    4.06811e+00     1.02923e+02     4.83845e+00     4.00660e+00
    4.07220e+00     1.02660e+02     4.81449e+00     3.98678e+00
    4.07630e+00     1.02465e+02     4.81390e+00     3.97083e+00
    4.08038e+00     1.02307e+02     4.80746e+00     3.95832e+00
    4.08447e+00     1.02114e+02     4.79320e+00     3.93963e+00
    4.08857e+00     1.01894e+02     4.77503e+00     3.92145e+00
    4.09266e+00     1.01653e+02     4.76192e+00     3.90529e+00
    4.09675e+00     1.01535e+02     4.74937e+00     3.88692e+00
    4.10084e+00     1.01410e+02     4.73777e+00     3.87092e+00
    4.10493e+00     1.01132e+02     4.72338e+00     3.85582e+00
    4.10902e+00     1.00979e+02     4.71619e+00     3.84224e+00
    4.11311e+00     1.00738e+02     4.70305e+00     3.82474e+00
    4.11720e+00     1.00620e+02     4.68828e+00     3.80793e+00
    4.12129e+00     1.00449e+02     4.68069e+00     3.79298e+00
    4.12538e+00     1.00226e+02     4.66406e+00     3.78020e+00
    4.12947e+00     1.00110e+02     4.66655e+00     3.76518e+00
    4.13356e+00     9.98210e+01     4.64801e+00     3.75051e+00
    4.13765e+00     9.97600e+01     4.64655e+00     3.73243e+00
    4.14175e+00     9.95653e+01     4.63879e+00     3.71942e+00
    4.14584e+00     9.93725e+01     4.61331e+00     3.70323e+00
    4.14993e+00     9.91352e+01     4.60287e+00     3.68810e+00
    4.15402e+00     9.89716e+01     4.59767e+00     3.67809e+00
    4.15811e+00     9.88147e+01     4.58147e+00     3.66049e+00
    4.16220e+00     9.87071e+01     4.57592e+00     3.64839e+00
    4.16629e+00     9.84164e+01     4.55785e+00     3.63467e+00
    4.17038e+00     9.83217e+01     4.55311e+00     3.61793e+00
    4.17447e+00     9.81592e+01     4.53886e+00     3.60203e+00
    4.17856e+00     9.80264e+01     4.52475e+00     3.58827e+00
    4.18265e+00     9.77106e+01     4.52465e+00     3.57651e+00
    4.18674e+00     9.76247e+01     4.51136e+00     3.56557e+00
