# Real space auto- and cross-spectra.
# z=1.000, 12.000<lgM<12.500
#      k[h/Mpc]            P_hh            P_hm            P_mm
    0.00000e+00     0.00000e+00     0.00000e+00     0.00000e+00
    5.79404e-03     7.66056e+03     5.66932e+03     4.50378e+03
    1.04717e-02     1.95357e+04     1.43393e+04     1.09008e+04
    1.42665e-02     1.72495e+04     1.26464e+04     9.63404e+03
    1.81228e-02     1.68004e+04     1.23393e+04     9.47265e+03
    2.24845e-02     1.74670e+04     1.27668e+04     9.72990e+03
    2.64508e-02     1.31395e+04     9.47031e+03     7.19578e+03
    3.04474e-02     1.34984e+04     9.74211e+03     7.38717e+03
    3.47320e-02     1.09202e+04     7.90223e+03     6.07563e+03
    3.88308e-02     1.01726e+04     7.32689e+03     5.60263e+03
    4.28140e-02     9.81034e+03     7.03212e+03     5.40175e+03
    4.68856e-02     9.08188e+03     6.45934e+03     4.93934e+03
    5.09858e-02     8.81363e+03     6.17883e+03     4.65623e+03
    5.51458e-02     8.04899e+03     5.65528e+03     4.32323e+03
    5.92243e-02     7.24850e+03     5.08477e+03     3.90303e+03
    6.32864e-02     7.45125e+03     5.17737e+03     3.93029e+03
    6.73674e-02     7.02026e+03     4.89252e+03     3.75585e+03
    7.14960e-02     6.72018e+03     4.63855e+03     3.52474e+03
    7.55894e-02     6.26970e+03     4.33048e+03     3.31487e+03
    7.96660e-02     5.77825e+03     3.94129e+03     2.99748e+03
    8.38183e-02     5.39636e+03     3.66528e+03     2.80375e+03
    8.78941e-02     5.06185e+03     3.38836e+03     2.57800e+03
    9.19238e-02     4.72579e+03     3.17776e+03     2.44494e+03
    9.60446e-02     4.32955e+03     2.89068e+03     2.23369e+03
    1.00128e-01     4.06698e+03     2.68186e+03     2.05551e+03
    1.04209e-01     3.92518e+03     2.56519e+03     1.95797e+03
    1.08333e-01     3.70690e+03     2.41774e+03     1.84835e+03
    1.12448e-01     3.55156e+03     2.28466e+03     1.75197e+03
    1.16521e-01     3.48704e+03     2.24215e+03     1.72025e+03
    1.20596e-01     3.46171e+03     2.22003e+03     1.69791e+03
    1.24665e-01     3.27088e+03     2.07963e+03     1.60328e+03
    1.28771e-01     3.24439e+03     2.04320e+03     1.56169e+03
    1.32874e-01     3.15984e+03     1.99629e+03     1.53351e+03
    1.36975e-01     2.92603e+03     1.82037e+03     1.40060e+03
    1.41075e-01     2.91957e+03     1.80526e+03     1.38039e+03
    1.45172e-01     2.73739e+03     1.67668e+03     1.28849e+03
    1.49268e-01     2.62674e+03     1.59868e+03     1.23184e+03
    1.53330e-01     2.51892e+03     1.52429e+03     1.17524e+03
    1.57416e-01     2.37056e+03     1.41073e+03     1.08915e+03
    1.61514e-01     2.31332e+03     1.37101e+03     1.05991e+03
    1.65592e-01     2.22692e+03     1.31701e+03     1.02506e+03
    1.69693e-01     2.16961e+03     1.26379e+03     9.79442e+02
    1.73803e-01     2.08281e+03     1.20653e+03     9.40115e+02
    1.77905e-01     2.02613e+03     1.17265e+03     9.17582e+02
    1.82001e-01     1.99480e+03     1.13785e+03     8.84165e+02
    1.86092e-01     1.95014e+03     1.11409e+03     8.69820e+02
    1.90161e-01     1.93048e+03     1.08652e+03     8.44995e+02
    1.94237e-01     1.91692e+03     1.07962e+03     8.36481e+02
    1.98334e-01     1.83253e+03     1.02117e+03     7.96082e+02
    2.02427e-01     1.78747e+03     9.85528e+02     7.70643e+02
    2.06523e-01     1.74313e+03     9.54564e+02     7.51414e+02
    2.10626e-01     1.71250e+03     9.27274e+02     7.24697e+02
    2.14724e-01     1.64515e+03     8.86098e+02     6.96200e+02
    2.18827e-01     1.59423e+03     8.48418e+02     6.68066e+02
    2.22903e-01     1.56929e+03     8.23443e+02     6.44416e+02
    2.26990e-01     1.54098e+03     8.09910e+02     6.35697e+02
    2.31084e-01     1.50041e+03     7.71510e+02     6.06940e+02
    2.35153e-01     1.45879e+03     7.48666e+02     5.89834e+02
    2.39244e-01     1.45556e+03     7.43078e+02     5.85301e+02
    2.43338e-01     1.40731e+03     7.11674e+02     5.61828e+02
    2.47445e-01     1.39190e+03     6.96126e+02     5.51906e+02
    2.51539e-01     1.38424e+03     6.95039e+02     5.48559e+02
    2.55609e-01     1.35694e+03     6.71868e+02     5.31819e+02
    2.59718e-01     1.31826e+03     6.48511e+02     5.17009e+02
    2.63814e-01     1.30562e+03     6.34744e+02     5.03943e+02
    2.67904e-01     1.28329e+03     6.15027e+02     4.88299e+02
    2.71993e-01     1.26502e+03     6.13497e+02     4.88823e+02
    2.76068e-01     1.22906e+03     5.81144e+02     4.64537e+02
    2.80171e-01     1.22262e+03     5.74473e+02     4.57167e+02
    2.84268e-01     1.20132e+03     5.57561e+02     4.44589e+02
    2.88346e-01     1.17415e+03     5.42180e+02     4.34374e+02
    2.92426e-01     1.15381e+03     5.26604e+02     4.24393e+02
    2.96514e-01     1.13421e+03     5.17162e+02     4.16002e+02
    3.00627e-01     1.12361e+03     5.06266e+02     4.06791e+02
    3.04729e-01     1.11116e+03     4.93291e+02     3.94616e+02
    3.08821e-01     1.09646e+03     4.88158e+02     3.94527e+02
    3.12919e-01     1.07348e+03     4.71829e+02     3.81760e+02
    3.16999e-01     1.06741e+03     4.66175e+02     3.76289e+02
    3.21078e-01     1.04806e+03     4.56028e+02     3.69542e+02
    3.25167e-01     1.04271e+03     4.48230e+02     3.63015e+02
    3.29247e-01     1.02497e+03     4.36550e+02     3.53798e+02
    3.33333e-01     1.00692e+03     4.26502e+02     3.48439e+02
    3.37443e-01     1.00982e+03     4.25001e+02     3.43519e+02
    3.41545e-01     9.89068e+02     4.15081e+02     3.37033e+02
    3.45625e-01     9.77904e+02     4.02566e+02     3.29532e+02
    3.49715e-01     9.70655e+02     3.98240e+02     3.24793e+02
    3.53817e-01     9.53535e+02     3.86278e+02     3.16077e+02
    3.57906e-01     9.46602e+02     3.81658e+02     3.12908e+02
    3.61975e-01     9.33709e+02     3.74681e+02     3.07838e+02
    3.66071e-01     9.27382e+02     3.66533e+02     3.01187e+02
    3.70189e-01     9.15624e+02     3.59723e+02     2.96586e+02
    3.74277e-01     9.06859e+02     3.52530e+02     2.89888e+02
    3.78356e-01     8.99556e+02     3.48727e+02     2.87278e+02
    3.82448e-01     8.79908e+02     3.39131e+02     2.82549e+02
    3.86535e-01     8.83627e+02     3.38795e+02     2.79507e+02
    3.90624e-01     8.78379e+02     3.32688e+02     2.74262e+02
    3.94706e-01     8.68292e+02     3.25561e+02     2.69265e+02
    3.98794e-01     8.55335e+02     3.16929e+02     2.63391e+02
    4.02896e-01     8.44002e+02     3.14151e+02     2.61838e+02
    4.06986e-01     8.41652e+02     3.08179e+02     2.57912e+02
    4.11069e-01     8.36561e+02     3.04343e+02     2.53704e+02
    4.15170e-01     8.30729e+02     2.98265e+02     2.48189e+02
    4.19263e-01     8.19254e+02     2.90982e+02     2.44683e+02
    4.23353e-01     8.14059e+02     2.86704e+02     2.40101e+02
    4.27447e-01     8.05746e+02     2.84539e+02     2.38807e+02
    4.31534e-01     8.03031e+02     2.78942e+02     2.33717e+02
    4.35624e-01     7.91611e+02     2.74801e+02     2.30877e+02
    4.39718e-01     7.85528e+02     2.69454e+02     2.28604e+02
    4.43804e-01     7.78721e+02     2.67438e+02     2.26431e+02
    4.47892e-01     7.78487e+02     2.64314e+02     2.23061e+02
    4.51977e-01     7.68861e+02     2.57714e+02     2.18417e+02
    4.56067e-01     7.62296e+02     2.53513e+02     2.15528e+02
    4.60165e-01     7.59501e+02     2.51958e+02     2.13603e+02
    4.64260e-01     7.56284e+02     2.48999e+02     2.11576e+02
    4.68355e-01     7.44589e+02     2.43097e+02     2.07640e+02
    4.72450e-01     7.43096e+02     2.40492e+02     2.05241e+02
    4.76540e-01     7.30814e+02     2.35620e+02     2.02360e+02
    4.80633e-01     7.36117e+02     2.35497e+02     2.01068e+02
    4.84718e-01     7.24934e+02     2.30016e+02     1.98313e+02
    4.88794e-01     7.26252e+02     2.29178e+02     1.96970e+02
    4.92888e-01     7.21523e+02     2.24885e+02     1.93944e+02
    4.96984e-01     7.12990e+02     2.22230e+02     1.91135e+02
    5.01073e-01     7.09713e+02     2.17733e+02     1.88408e+02
    5.05169e-01     7.05192e+02     2.15894e+02     1.87413e+02
    5.09268e-01     7.02140e+02     2.12363e+02     1.84164e+02
    5.13369e-01     6.94775e+02     2.09175e+02     1.81630e+02
    5.17441e-01     6.89810e+02     2.06091e+02     1.79809e+02
    5.21516e-01     6.89050e+02     2.04175e+02     1.77772e+02
    5.25611e-01     6.85344e+02     2.01953e+02     1.75723e+02
    5.29706e-01     6.82801e+02     2.00670e+02     1.74152e+02
    5.33801e-01     6.76203e+02     1.96373e+02     1.72120e+02
    5.37888e-01     6.72910e+02     1.94292e+02     1.70950e+02
    5.41985e-01     6.70887e+02     1.93424e+02     1.68738e+02
    5.46091e-01     6.65825e+02     1.90444e+02     1.66035e+02
    5.50174e-01     6.63325e+02     1.87837e+02     1.64735e+02
    5.54252e-01     6.56750e+02     1.83539e+02     1.61790e+02
    5.58346e-01     6.53651e+02     1.83596e+02     1.61900e+02
    5.62439e-01     6.50743e+02     1.80553e+02     1.60104e+02
    5.66527e-01     6.47755e+02     1.78233e+02     1.58110e+02
    5.70616e-01     6.44475e+02     1.77371e+02     1.57052e+02
    5.74707e-01     6.44122e+02     1.75679e+02     1.55525e+02
    5.78798e-01     6.40827e+02     1.72770e+02     1.53255e+02
    5.82883e-01     6.37944e+02     1.71606e+02     1.51518e+02
    5.86977e-01     6.32568e+02     1.69143e+02     1.50311e+02
    5.91070e-01     6.29147e+02     1.65940e+02     1.48343e+02
    5.95166e-01     6.29175e+02     1.66752e+02     1.48501e+02
    5.99260e-01     6.25245e+02     1.63107e+02     1.45850e+02
    6.03349e-01     6.21978e+02     1.61407e+02     1.44563e+02
    6.07445e-01     6.20203e+02     1.60291e+02     1.43698e+02
    6.11543e-01     6.15614e+02     1.58028e+02     1.42615e+02
    6.15623e-01     6.13132e+02     1.55868e+02     1.40297e+02
    6.19704e-01     6.11544e+02     1.55321e+02     1.39429e+02
    6.23792e-01     6.06982e+02     1.52645e+02     1.37691e+02
    6.27891e-01     6.09229e+02     1.52593e+02     1.36877e+02
    6.31991e-01     6.05070e+02     1.49931e+02     1.35521e+02
    6.36073e-01     6.04060e+02     1.48745e+02     1.33944e+02
    6.40158e-01     5.98448e+02     1.46608e+02     1.32557e+02
    6.44244e-01     5.95808e+02     1.45193e+02     1.31613e+02
    6.48338e-01     5.94973e+02     1.43940e+02     1.30628e+02
    6.52432e-01     5.90262e+02     1.41222e+02     1.29144e+02
    6.56514e-01     5.90659e+02     1.41415e+02     1.28299e+02
    6.60609e-01     5.90098e+02     1.39930e+02     1.27498e+02
    6.64712e-01     5.85117e+02     1.37786e+02     1.26120e+02
    6.68801e-01     5.82000e+02     1.36148e+02     1.24954e+02
    6.72890e-01     5.79302e+02     1.34356e+02     1.23587e+02
    6.76984e-01     5.81137e+02     1.33762e+02     1.22676e+02
    6.81074e-01     5.77373e+02     1.32197e+02     1.22059e+02
    6.85160e-01     5.74502e+02     1.31489e+02     1.21212e+02
    6.89246e-01     5.72032e+02     1.30268e+02     1.19934e+02
    6.93336e-01     5.71819e+02     1.29262e+02     1.19030e+02
    6.97434e-01     5.70150e+02     1.28192e+02     1.17974e+02
    7.01528e-01     5.67155e+02     1.26999e+02     1.17210e+02
    7.05618e-01     5.64403e+02     1.24951e+02     1.16176e+02
    7.09708e-01     5.62026e+02     1.24104e+02     1.14521e+02
    7.13796e-01     5.60259e+02     1.23397e+02     1.14719e+02
    7.17892e-01     5.57045e+02     1.21324e+02     1.13446e+02
    7.21982e-01     5.57310e+02     1.21581e+02     1.12705e+02
    7.26059e-01     5.57243e+02     1.19634e+02     1.11405e+02
    7.30145e-01     5.51607e+02     1.18490e+02     1.10880e+02
    7.34240e-01     5.50988e+02     1.17198e+02     1.09706e+02
    7.38340e-01     5.50359e+02     1.16700e+02     1.08986e+02
    7.42427e-01     5.45995e+02     1.14875e+02     1.08196e+02
    7.46511e-01     5.45898e+02     1.14453e+02     1.07250e+02
    7.50614e-01     5.43932e+02     1.13462e+02     1.06437e+02
    7.54706e-01     5.41834e+02     1.12613e+02     1.06045e+02
    7.58795e-01     5.41141e+02     1.11966e+02     1.05101e+02
    7.62888e-01     5.41245e+02     1.10336e+02     1.04025e+02
    7.66986e-01     5.38745e+02     1.09742e+02     1.03638e+02
    7.71073e-01     5.36110e+02     1.08778e+02     1.03003e+02
    7.75153e-01     5.34870e+02     1.07781e+02     1.01907e+02
    7.79241e-01     5.34450e+02     1.06654e+02     1.01212e+02
    7.83335e-01     5.30807e+02     1.05730e+02     1.00608e+02
    7.87426e-01     5.33093e+02     1.05967e+02     1.00134e+02
    7.91513e-01     5.28331e+02     1.03742e+02     9.89919e+01
    7.95606e-01     5.27610e+02     1.02573e+02     9.78852e+01
    7.99702e-01     5.24120e+02     1.02679e+02     9.78168e+01
    8.03798e-01     5.22518e+02     1.01691e+02     9.69978e+01
    8.07879e-01     5.22442e+02     1.01430e+02     9.66229e+01
    8.11963e-01     5.20403e+02     1.00501e+02     9.61735e+01
    8.16059e-01     5.17494e+02     9.88611e+01     9.50521e+01
    8.20152e-01     5.18503e+02     9.89196e+01     9.48019e+01
    8.24242e-01     5.16293e+02     9.80426e+01     9.41985e+01
    8.28331e-01     5.16430e+02     9.69832e+01     9.30709e+01
    8.32425e-01     5.14817e+02     9.63183e+01     9.26023e+01
    8.36516e-01     5.14900e+02     9.56331e+01     9.21639e+01
    8.40610e-01     5.11495e+02     9.44647e+01     9.11805e+01
    8.44704e-01     5.09582e+02     9.42290e+01     9.07402e+01
    8.48790e-01     5.08354e+02     9.31649e+01     9.02301e+01
    8.52876e-01     5.07479e+02     9.28202e+01     8.95832e+01
    8.56967e-01     5.06919e+02     9.16380e+01     8.88487e+01
    8.61059e-01     5.04137e+02     9.14593e+01     8.83039e+01
    8.65147e-01     5.04788e+02     9.06484e+01     8.76823e+01
    8.69235e-01     5.02650e+02     9.01317e+01     8.73629e+01
    8.73334e-01     5.01873e+02     8.97424e+01     8.69780e+01
    8.77429e-01     5.00180e+02     8.84696e+01     8.58010e+01
    8.81512e-01     4.99622e+02     8.77797e+01     8.57242e+01
    8.85601e-01     4.97490e+02     8.70331e+01     8.50365e+01
    8.89691e-01     4.95062e+02     8.63496e+01     8.47281e+01
    8.93784e-01     4.95373e+02     8.61471e+01     8.41513e+01
    8.97875e-01     4.92621e+02     8.51776e+01     8.34555e+01
    9.01960e-01     4.92025e+02     8.39851e+01     8.29167e+01
    9.06054e-01     4.90144e+02     8.40972e+01     8.23464e+01
    9.10146e-01     4.88843e+02     8.33484e+01     8.20988e+01
    9.14237e-01     4.89250e+02     8.28831e+01     8.15650e+01
    9.18331e-01     4.88671e+02     8.27830e+01     8.10050e+01
    9.22421e-01     4.87653e+02     8.21335e+01     8.06042e+01
    9.26509e-01     4.85482e+02     8.12582e+01     8.01799e+01
    9.30598e-01     4.83143e+02     8.07819e+01     7.98145e+01
    9.34692e-01     4.83658e+02     8.00268e+01     7.88257e+01
    9.38787e-01     4.83230e+02     7.95325e+01     7.85090e+01
    9.42873e-01     4.80016e+02     7.92621e+01     7.83627e+01
    9.46961e-01     4.78215e+02     7.81753e+01     7.75840e+01
    9.51054e-01     4.76956e+02     7.73421e+01     7.70813e+01
    9.55150e-01     4.78068e+02     7.71239e+01     7.67443e+01
    9.59240e-01     4.76387e+02     7.66464e+01     7.62033e+01
    9.63327e-01     4.75108e+02     7.59861e+01     7.56876e+01
    9.67420e-01     4.74707e+02     7.58507e+01     7.55385e+01
    9.71506e-01     4.73059e+02     7.51653e+01     7.48979e+01
    9.75588e-01     4.70856e+02     7.45050e+01     7.44759e+01
    9.79678e-01     4.71651e+02     7.45530e+01     7.41498e+01
    9.83773e-01     4.70363e+02     7.34929e+01     7.36421e+01
    9.87866e-01     4.68828e+02     7.32443e+01     7.31198e+01
    9.91960e-01     4.68086e+02     7.27922e+01     7.28222e+01
    9.96055e-01     4.66335e+02     7.21689e+01     7.23904e+01
    1.00015e+00     4.65769e+02     7.16926e+01     7.20354e+01
    1.00424e+00     4.66725e+02     7.15075e+01     7.14463e+01
    1.00832e+00     4.63847e+02     7.10004e+01     7.12254e+01
    1.01242e+00     4.63579e+02     7.07740e+01     7.08091e+01
    1.01651e+00     4.62193e+02     6.99565e+01     7.04779e+01
    1.02059e+00     4.62015e+02     6.97671e+01     7.00138e+01
    1.02468e+00     4.61856e+02     6.93508e+01     6.96815e+01
    1.02878e+00     4.60181e+02     6.89645e+01     6.91127e+01
    1.03287e+00     4.58389e+02     6.83457e+01     6.88354e+01
    1.03695e+00     4.56965e+02     6.80471e+01     6.84600e+01
    1.04105e+00     4.56971e+02     6.74395e+01     6.81020e+01
    1.04515e+00     4.55672e+02     6.72807e+01     6.78565e+01
    1.04923e+00     4.53344e+02     6.62884e+01     6.73788e+01
    1.05332e+00     4.53947e+02     6.60988e+01     6.68647e+01
    1.05741e+00     4.52589e+02     6.60247e+01     6.67133e+01
    1.06150e+00     4.51590e+02     6.51289e+01     6.63251e+01
    1.06559e+00     4.50711e+02     6.51206e+01     6.59874e+01
    1.06968e+00     4.50225e+02     6.47147e+01     6.56203e+01
    1.07377e+00     4.47809e+02     6.39652e+01     6.51424e+01
    1.07786e+00     4.48239e+02     6.35403e+01     6.47736e+01
    1.08195e+00     4.46846e+02     6.33569e+01     6.44846e+01
    1.08605e+00     4.48102e+02     6.32787e+01     6.41807e+01
    1.09014e+00     4.46042e+02     6.26459e+01     6.37742e+01
    1.09422e+00     4.45503e+02     6.22505e+01     6.34422e+01
    1.09832e+00     4.44215e+02     6.20536e+01     6.32516e+01
    1.10242e+00     4.42768e+02     6.16812e+01     6.28507e+01
    1.10650e+00     4.42283e+02     6.17521e+01     6.27454e+01
    1.11059e+00     4.41662e+02     6.06304e+01     6.21301e+01
    1.11468e+00     4.40952e+02     6.02959e+01     6.18930e+01
    1.11878e+00     4.40770e+02     6.04139e+01     6.16902e+01
    1.12287e+00     4.38140e+02     5.95107e+01     6.11617e+01
    1.12695e+00     4.37732e+02     5.93924e+01     6.07934e+01
    1.13105e+00     4.37033e+02     5.93101e+01     6.06982e+01
    1.13514e+00     4.36045e+02     5.87119e+01     6.03569e+01
    1.13922e+00     4.34956e+02     5.83969e+01     5.99772e+01
    1.14331e+00     4.35111e+02     5.83993e+01     5.96268e+01
    1.14741e+00     4.34236e+02     5.79104e+01     5.93249e+01
    1.15150e+00     4.32405e+02     5.74935e+01     5.91427e+01
    1.15559e+00     4.32563e+02     5.73891e+01     5.89356e+01
    1.15968e+00     4.31086e+02     5.66546e+01     5.85309e+01
    1.16377e+00     4.30440e+02     5.63405e+01     5.81416e+01
    1.16786e+00     4.29852e+02     5.63180e+01     5.80204e+01
    1.17195e+00     4.28825e+02     5.57416e+01     5.75302e+01
    1.17604e+00     4.28926e+02     5.58862e+01     5.73413e+01
    1.18013e+00     4.28184e+02     5.54461e+01     5.71058e+01
    1.18422e+00     4.26539e+02     5.51535e+01     5.68746e+01
    1.18831e+00     4.25474e+02     5.46260e+01     5.65335e+01
    1.19240e+00     4.25662e+02     5.44494e+01     5.61391e+01
    1.19649e+00     4.24782e+02     5.40968e+01     5.59678e+01
    1.20059e+00     4.24526e+02     5.37488e+01     5.57155e+01
    1.20468e+00     4.23059e+02     5.36798e+01     5.54024e+01
    1.20877e+00     4.22513e+02     5.31618e+01     5.50863e+01
    1.21286e+00     4.21511e+02     5.31018e+01     5.48738e+01
    1.21695e+00     4.20667e+02     5.30233e+01     5.47032e+01
    1.22104e+00     4.20327e+02     5.25196e+01     5.44508e+01
    1.22513e+00     4.19421e+02     5.18704e+01     5.40222e+01
    1.22922e+00     4.17961e+02     5.17435e+01     5.39653e+01
    1.23330e+00     4.16449e+02     5.12582e+01     5.35263e+01
    1.23740e+00     4.17214e+02     5.14719e+01     5.32796e+01
    1.24149e+00     4.16604e+02     5.10727e+01     5.30393e+01
    1.24558e+00     4.14893e+02     5.05244e+01     5.28255e+01
    1.24967e+00     4.15059e+02     5.05126e+01     5.25909e+01
    1.25376e+00     4.14383e+02     5.02585e+01     5.23499e+01
    1.25785e+00     4.13158e+02     4.99297e+01     5.20031e+01
    1.26194e+00     4.13033e+02     4.97816e+01     5.17925e+01
    1.26603e+00     4.11760e+02     4.96642e+01     5.16238e+01
    1.27012e+00     4.11231e+02     4.92096e+01     5.14824e+01
    1.27422e+00     4.11554e+02     4.89389e+01     5.10708e+01
    1.27831e+00     4.09088e+02     4.87183e+01     5.08635e+01
    1.28240e+00     4.09148e+02     4.85967e+01     5.06419e+01
    1.28649e+00     4.08756e+02     4.82603e+01     5.02964e+01
    1.29058e+00     4.07762e+02     4.80501e+01     5.01433e+01
    1.29467e+00     4.07816e+02     4.79377e+01     4.99727e+01
    1.29876e+00     4.05407e+02     4.74226e+01     4.94810e+01
    1.30285e+00     4.04913e+02     4.72322e+01     4.93962e+01
    1.30694e+00     4.05077e+02     4.72755e+01     4.91967e+01
    1.31103e+00     4.04280e+02     4.68334e+01     4.89521e+01
    1.31512e+00     4.03502e+02     4.66513e+01     4.87519e+01
    1.31921e+00     4.02367e+02     4.61986e+01     4.84586e+01
    1.32331e+00     4.02090e+02     4.62854e+01     4.82715e+01
    1.32739e+00     4.01471e+02     4.59514e+01     4.80206e+01
    1.33148e+00     4.00003e+02     4.59154e+01     4.78669e+01
    1.33558e+00     3.98918e+02     4.53921e+01     4.75205e+01
    1.33967e+00     3.98177e+02     4.51049e+01     4.74073e+01
    1.34376e+00     3.98256e+02     4.50571e+01     4.71267e+01
    1.34785e+00     3.97665e+02     4.47872e+01     4.68168e+01
    1.35195e+00     3.96934e+02     4.44106e+01     4.66709e+01
    1.35603e+00     3.96334e+02     4.42314e+01     4.64327e+01
    1.36011e+00     3.95423e+02     4.40238e+01     4.62919e+01
    1.36421e+00     3.94939e+02     4.39803e+01     4.60540e+01
    1.36830e+00     3.93738e+02     4.36357e+01     4.58658e+01
    1.37239e+00     3.93098e+02     4.34446e+01     4.56546e+01
    1.37648e+00     3.92872e+02     4.33640e+01     4.53974e+01
    1.38057e+00     3.91896e+02     4.31413e+01     4.52290e+01
    1.38466e+00     3.92124e+02     4.29232e+01     4.50269e+01
    1.38875e+00     3.90810e+02     4.28076e+01     4.48759e+01
    1.39285e+00     3.90057e+02     4.24730e+01     4.46880e+01
    1.39694e+00     3.89554e+02     4.22122e+01     4.42912e+01
    1.40102e+00     3.88181e+02     4.20747e+01     4.43082e+01
    1.40512e+00     3.88057e+02     4.15453e+01     4.38569e+01
    1.40921e+00     3.87514e+02     4.17394e+01     4.38597e+01
    1.41330e+00     3.86815e+02     4.16533e+01     4.36784e+01
    1.41739e+00     3.86111e+02     4.11350e+01     4.34080e+01
    1.42148e+00     3.85277e+02     4.12962e+01     4.32466e+01
    1.42557e+00     3.85468e+02     4.08702e+01     4.29977e+01
    1.42966e+00     3.84271e+02     4.08198e+01     4.28111e+01
    1.43375e+00     3.83733e+02     4.06335e+01     4.26025e+01
    1.43784e+00     3.82316e+02     4.03373e+01     4.24615e+01
    1.44193e+00     3.82365e+02     4.01578e+01     4.22583e+01
    1.44602e+00     3.81466e+02     3.99274e+01     4.20649e+01
    1.45011e+00     3.80629e+02     3.96812e+01     4.18498e+01
    1.45420e+00     3.80459e+02     3.96373e+01     4.17656e+01
    1.45830e+00     3.79056e+02     3.94741e+01     4.15747e+01
    1.46239e+00     3.79092e+02     3.93042e+01     4.13610e+01
    1.46648e+00     3.78292e+02     3.91365e+01     4.11279e+01
    1.47056e+00     3.77661e+02     3.90662e+01     4.09682e+01
    1.47465e+00     3.77104e+02     3.86733e+01     4.08641e+01
    1.47874e+00     3.76224e+02     3.85637e+01     4.05634e+01
    1.48283e+00     3.76353e+02     3.86296e+01     4.05219e+01
    1.48693e+00     3.74275e+02     3.81579e+01     4.02081e+01
    1.49102e+00     3.74724e+02     3.80485e+01     3.99771e+01
    1.49511e+00     3.73960e+02     3.79099e+01     3.98476e+01
    1.49920e+00     3.72889e+02     3.77245e+01     3.97178e+01
    1.50329e+00     3.73921e+02     3.76844e+01     3.95322e+01
    1.50738e+00     3.72245e+02     3.74637e+01     3.92266e+01
    1.51148e+00     3.71758e+02     3.71667e+01     3.91495e+01
    1.51557e+00     3.70738e+02     3.70223e+01     3.89411e+01
    1.51965e+00     3.69959e+02     3.69339e+01     3.88182e+01
    1.52374e+00     3.70033e+02     3.68394e+01     3.86107e+01
    1.52784e+00     3.68355e+02     3.65640e+01     3.84842e+01
    1.53193e+00     3.67614e+02     3.63630e+01     3.82644e+01
    1.53602e+00     3.67634e+02     3.60921e+01     3.80994e+01
    1.54011e+00     3.67220e+02     3.61421e+01     3.79514e+01
    1.54420e+00     3.66620e+02     3.59726e+01     3.77867e+01
    1.54829e+00     3.65452e+02     3.57432e+01     3.76734e+01
    1.55238e+00     3.64987e+02     3.56055e+01     3.74211e+01
    1.55647e+00     3.64347e+02     3.53382e+01     3.72141e+01
    1.56056e+00     3.64010e+02     3.54295e+01     3.72092e+01
    1.56465e+00     3.63020e+02     3.49682e+01     3.69923e+01
    1.56874e+00     3.63066e+02     3.50968e+01     3.68679e+01
    1.57283e+00     3.62334e+02     3.50597e+01     3.66870e+01
    1.57693e+00     3.61881e+02     3.47636e+01     3.65293e+01
    1.58102e+00     3.60779e+02     3.45472e+01     3.63299e+01
    1.58510e+00     3.60070e+02     3.43142e+01     3.61414e+01
    1.58919e+00     3.59733e+02     3.42712e+01     3.59226e+01
    1.59329e+00     3.59616e+02     3.41777e+01     3.58320e+01
    1.59738e+00     3.58596e+02     3.40169e+01     3.57148e+01
    1.60147e+00     3.57645e+02     3.37528e+01     3.54985e+01
    1.60556e+00     3.57266e+02     3.35834e+01     3.53644e+01
    1.60965e+00     3.56589e+02     3.36282e+01     3.52796e+01
    1.61374e+00     3.55573e+02     3.35723e+01     3.51215e+01
    1.61783e+00     3.55746e+02     3.34093e+01     3.49846e+01
    1.62192e+00     3.55404e+02     3.33306e+01     3.48034e+01
    1.62601e+00     3.54437e+02     3.30204e+01     3.46115e+01
    1.63010e+00     3.53895e+02     3.27654e+01     3.44365e+01
    1.63419e+00     3.53272e+02     3.27661e+01     3.43060e+01
    1.63828e+00     3.52538e+02     3.27389e+01     3.42247e+01
    1.64238e+00     3.51655e+02     3.25988e+01     3.40212e+01
    1.64647e+00     3.51094e+02     3.24193e+01     3.39427e+01
    1.65055e+00     3.50475e+02     3.22448e+01     3.37749e+01
    1.65465e+00     3.50284e+02     3.21275e+01     3.35556e+01
    1.65874e+00     3.48892e+02     3.20145e+01     3.34738e+01
    1.66283e+00     3.48374e+02     3.17919e+01     3.33022e+01
    1.66691e+00     3.48666e+02     3.18017e+01     3.32116e+01
    1.67101e+00     3.48093e+02     3.17786e+01     3.30543e+01
    1.67510e+00     3.47219e+02     3.15262e+01     3.28914e+01
    1.67919e+00     3.46763e+02     3.12740e+01     3.27218e+01
    1.68328e+00     3.46053e+02     3.12763e+01     3.25913e+01
    1.68737e+00     3.45738e+02     3.12320e+01     3.24840e+01
    1.69146e+00     3.45413e+02     3.10686e+01     3.22930e+01
    1.69555e+00     3.44453e+02     3.09026e+01     3.21726e+01
    1.69964e+00     3.44159e+02     3.07084e+01     3.20359e+01
    1.70373e+00     3.42910e+02     3.05835e+01     3.19235e+01
    1.70782e+00     3.42711e+02     3.05195e+01     3.17692e+01
    1.71191e+00     3.42717e+02     3.04424e+01     3.16496e+01
    1.71600e+00     3.41311e+02     3.02821e+01     3.15115e+01
    1.72009e+00     3.41203e+02     3.00607e+01     3.13309e+01
    1.72418e+00     3.40242e+02     2.99761e+01     3.11992e+01
    1.72828e+00     3.39727e+02     2.97925e+01     3.10756e+01
    1.73237e+00     3.39094e+02     2.97324e+01     3.09438e+01
    1.73646e+00     3.38739e+02     2.96417e+01     3.08261e+01
    1.74055e+00     3.38088e+02     2.95607e+01     3.06730e+01
    1.74464e+00     3.36860e+02     2.92790e+01     3.05451e+01
    1.74874e+00     3.36859e+02     2.93429e+01     3.04382e+01
    1.75282e+00     3.35884e+02     2.91457e+01     3.03083e+01
    1.75691e+00     3.35907e+02     2.90322e+01     3.01119e+01
    1.76100e+00     3.34262e+02     2.88850e+01     2.99834e+01
    1.76509e+00     3.34158e+02     2.88609e+01     2.99150e+01
    1.76918e+00     3.33968e+02     2.87883e+01     2.97780e+01
    1.77327e+00     3.33493e+02     2.86619e+01     2.96236e+01
    1.77737e+00     3.33108e+02     2.85322e+01     2.94960e+01
    1.78146e+00     3.31887e+02     2.83066e+01     2.93485e+01
    1.78554e+00     3.31848e+02     2.84811e+01     2.92974e+01
    1.78964e+00     3.31184e+02     2.82080e+01     2.91035e+01
    1.79373e+00     3.30309e+02     2.81375e+01     2.90259e+01
    1.79782e+00     3.29702e+02     2.78628e+01     2.88599e+01
    1.80191e+00     3.29367e+02     2.78824e+01     2.87676e+01
    1.80600e+00     3.28964e+02     2.78085e+01     2.85808e+01
    1.81009e+00     3.27667e+02     2.74981e+01     2.84560e+01
    1.81418e+00     3.27978e+02     2.76213e+01     2.83814e+01
    1.81827e+00     3.27399e+02     2.75331e+01     2.82650e+01
    1.82236e+00     3.26709e+02     2.72770e+01     2.80851e+01
    1.82645e+00     3.25576e+02     2.72177e+01     2.80123e+01
    1.83054e+00     3.25156e+02     2.71204e+01     2.78952e+01
    1.83463e+00     3.24525e+02     2.70588e+01     2.78238e+01
    1.83872e+00     3.24260e+02     2.70579e+01     2.76873e+01
    1.84281e+00     3.24109e+02     2.69036e+01     2.75313e+01
    1.84691e+00     3.23240e+02     2.66415e+01     2.73897e+01
    1.85100e+00     3.22186e+02     2.66186e+01     2.72847e+01
    1.85509e+00     3.22421e+02     2.66322e+01     2.71639e+01
    1.85918e+00     3.21640e+02     2.63967e+01     2.70803e+01
    1.86327e+00     3.21238e+02     2.64158e+01     2.69586e+01
    1.86736e+00     3.20316e+02     2.61719e+01     2.68226e+01
    1.87145e+00     3.19648e+02     2.60509e+01     2.67132e+01
    1.87554e+00     3.18787e+02     2.60715e+01     2.65800e+01
    1.87963e+00     3.18855e+02     2.59411e+01     2.65118e+01
    1.88372e+00     3.17993e+02     2.59714e+01     2.64013e+01
    1.88781e+00     3.16805e+02     2.58296e+01     2.62813e+01
    1.89190e+00     3.17178e+02     2.57475e+01     2.61784e+01
    1.89599e+00     3.16097e+02     2.56219e+01     2.60253e+01
    1.90008e+00     3.15531e+02     2.53993e+01     2.59616e+01
    1.90417e+00     3.15333e+02     2.53362e+01     2.57842e+01
    1.90827e+00     3.14678e+02     2.52612e+01     2.56917e+01
    1.91236e+00     3.14139e+02     2.52564e+01     2.56270e+01
    1.91645e+00     3.13830e+02     2.50653e+01     2.54558e+01
    1.92054e+00     3.13390e+02     2.49799e+01     2.53272e+01
    1.92463e+00     3.12402e+02     2.48428e+01     2.52820e+01
    1.92872e+00     3.12055e+02     2.48317e+01     2.51070e+01
    1.93281e+00     3.11984e+02     2.46237e+01     2.50218e+01
    1.93690e+00     3.11107e+02     2.47006e+01     2.49436e+01
    1.94099e+00     3.10438e+02     2.45961e+01     2.48314e+01
    1.94508e+00     3.09872e+02     2.44951e+01     2.47108e+01
    1.94917e+00     3.09091e+02     2.43603e+01     2.46342e+01
    1.95326e+00     3.08557e+02     2.42975e+01     2.45181e+01
    1.95735e+00     3.08203e+02     2.41757e+01     2.44194e+01
    1.96144e+00     3.07437e+02     2.40664e+01     2.43128e+01
    1.96553e+00     3.07243e+02     2.40132e+01     2.41766e+01
    1.96962e+00     3.06922e+02     2.39365e+01     2.40745e+01
    1.97371e+00     3.06003e+02     2.38190e+01     2.39942e+01
    1.97781e+00     3.05334e+02     2.37035e+01     2.38779e+01
    1.98190e+00     3.05092e+02     2.37215e+01     2.37662e+01
    1.98599e+00     3.04529e+02     2.35791e+01     2.36884e+01
    1.99008e+00     3.03756e+02     2.35172e+01     2.35800e+01
    1.99417e+00     3.03164e+02     2.33572e+01     2.34487e+01
    1.99826e+00     3.02848e+02     2.33886e+01     2.34209e+01
    2.00235e+00     3.02378e+02     2.32652e+01     2.32494e+01
    2.00644e+00     3.01950e+02     2.32349e+01     2.31572e+01
    2.01053e+00     3.01018e+02     2.30982e+01     2.30718e+01
    2.01462e+00     3.00587e+02     2.30097e+01     2.29655e+01
    2.01871e+00     3.00450e+02     2.29692e+01     2.28663e+01
    2.02280e+00     2.99416e+02     2.29262e+01     2.27930e+01
    2.02689e+00     2.98985e+02     2.27944e+01     2.26799e+01
    2.03098e+00     2.98430e+02     2.27370e+01     2.25913e+01
    2.03507e+00     2.98063e+02     2.26394e+01     2.24790e+01
    2.03917e+00     2.97549e+02     2.25489e+01     2.23667e+01
    2.04325e+00     2.96919e+02     2.24361e+01     2.22691e+01
    2.04735e+00     2.96847e+02     2.24015e+01     2.22091e+01
    2.05143e+00     2.95756e+02     2.22132e+01     2.20880e+01
    2.05552e+00     2.95010e+02     2.21409e+01     2.19821e+01
    2.05962e+00     2.94693e+02     2.21385e+01     2.19071e+01
    2.06371e+00     2.94263e+02     2.20915e+01     2.18041e+01
    2.06780e+00     2.94004e+02     2.19870e+01     2.16811e+01
    2.07189e+00     2.93024e+02     2.19428e+01     2.16085e+01
    2.07598e+00     2.92717e+02     2.18511e+01     2.14964e+01
    2.08007e+00     2.92056e+02     2.17670e+01     2.14389e+01
    2.08416e+00     2.91802e+02     2.16688e+01     2.13421e+01
    2.08825e+00     2.91198e+02     2.16182e+01     2.12342e+01
    2.09234e+00     2.90929e+02     2.15440e+01     2.11654e+01
    2.09644e+00     2.90097e+02     2.14864e+01     2.10243e+01
    2.10053e+00     2.89580e+02     2.14334e+01     2.09683e+01
    2.10461e+00     2.88922e+02     2.13057e+01     2.08589e+01
    2.10870e+00     2.88817e+02     2.12402e+01     2.07960e+01
    2.11280e+00     2.88143e+02     2.11916e+01     2.06945e+01
    2.11688e+00     2.87393e+02     2.10814e+01     2.05760e+01
    2.12098e+00     2.86971e+02     2.10122e+01     2.05023e+01
    2.12507e+00     2.86570e+02     2.10228e+01     2.04330e+01
    2.12916e+00     2.86350e+02     2.08892e+01     2.03555e+01
    2.13325e+00     2.85722e+02     2.07849e+01     2.02447e+01
    2.13734e+00     2.84696e+02     2.06936e+01     2.01533e+01
    2.14143e+00     2.84683e+02     2.06989e+01     2.00583e+01
    2.14552e+00     2.83935e+02     2.05804e+01     1.99697e+01
    2.14961e+00     2.83440e+02     2.04891e+01     1.99058e+01
    2.15370e+00     2.82516e+02     2.04766e+01     1.98044e+01
    2.15779e+00     2.82376e+02     2.04177e+01     1.97287e+01
    2.16188e+00     2.81554e+02     2.02833e+01     1.96290e+01
    2.16597e+00     2.81197e+02     2.01976e+01     1.95562e+01
    2.17006e+00     2.80784e+02     2.01859e+01     1.94799e+01
    2.17416e+00     2.80346e+02     2.01137e+01     1.93857e+01
    2.17825e+00     2.79768e+02     2.00580e+01     1.93125e+01
    2.18234e+00     2.79323e+02     1.99627e+01     1.92094e+01
    2.18643e+00     2.78633e+02     1.98889e+01     1.91330e+01
    2.19052e+00     2.78149e+02     1.97483e+01     1.90312e+01
    2.19461e+00     2.77793e+02     1.97412e+01     1.89860e+01
    2.19870e+00     2.77134e+02     1.97381e+01     1.88726e+01
    2.20279e+00     2.76622e+02     1.95850e+01     1.87998e+01
    2.20688e+00     2.75670e+02     1.95506e+01     1.87199e+01
    2.21097e+00     2.75535e+02     1.95102e+01     1.86213e+01
    2.21506e+00     2.74846e+02     1.93781e+01     1.85506e+01
    2.21915e+00     2.74430e+02     1.93240e+01     1.84916e+01
    2.22324e+00     2.74250e+02     1.93288e+01     1.83902e+01
    2.22733e+00     2.73097e+02     1.92278e+01     1.83153e+01
    2.23142e+00     2.72964e+02     1.91800e+01     1.82532e+01
    2.23552e+00     2.72559e+02     1.91328e+01     1.81469e+01
    2.23961e+00     2.71718e+02     1.89708e+01     1.80628e+01
    2.24369e+00     2.71472e+02     1.89591e+01     1.79960e+01
    2.24779e+00     2.70698e+02     1.88550e+01     1.79088e+01
    2.25188e+00     2.70307e+02     1.88333e+01     1.78251e+01
    2.25597e+00     2.69896e+02     1.87430e+01     1.77356e+01
    2.26006e+00     2.69158e+02     1.87109e+01     1.77000e+01
    2.26415e+00     2.68887e+02     1.86085e+01     1.76137e+01
    2.26824e+00     2.68653e+02     1.86248e+01     1.75415e+01
    2.27233e+00     2.68133e+02     1.85237e+01     1.74480e+01
    2.27642e+00     2.67438e+02     1.84535e+01     1.73612e+01
    2.28051e+00     2.66568e+02     1.84082e+01     1.72760e+01
    2.28460e+00     2.66544e+02     1.83409e+01     1.72069e+01
    2.28869e+00     2.65997e+02     1.82983e+01     1.71486e+01
    2.29278e+00     2.65364e+02     1.82180e+01     1.70792e+01
    2.29687e+00     2.64510e+02     1.81558e+01     1.70140e+01
    2.30096e+00     2.64557e+02     1.81308e+01     1.69201e+01
    2.30506e+00     2.63858e+02     1.79883e+01     1.68385e+01
    2.30915e+00     2.63576e+02     1.78973e+01     1.67552e+01
    2.31324e+00     2.62858e+02     1.79163e+01     1.66869e+01
    2.31733e+00     2.62259e+02     1.78453e+01     1.66281e+01
    2.32142e+00     2.61727e+02     1.77590e+01     1.65420e+01
    2.32551e+00     2.60792e+02     1.76792e+01     1.64578e+01
    2.32960e+00     2.60804e+02     1.77113e+01     1.64225e+01
    2.33369e+00     2.60424e+02     1.75767e+01     1.63303e+01
    2.33778e+00     2.59864e+02     1.76198e+01     1.62387e+01
    2.34187e+00     2.59496e+02     1.75522e+01     1.61835e+01
    2.34596e+00     2.58947e+02     1.74772e+01     1.61052e+01
    2.35005e+00     2.58235e+02     1.74048e+01     1.60450e+01
    2.35414e+00     2.58284e+02     1.73771e+01     1.59914e+01
    2.35823e+00     2.57520e+02     1.72783e+01     1.58947e+01
    2.36232e+00     2.57064e+02     1.72292e+01     1.58313e+01
    2.36641e+00     2.56564e+02     1.72024e+01     1.57634e+01
    2.37051e+00     2.55845e+02     1.71425e+01     1.56732e+01
    2.37460e+00     2.55099e+02     1.69966e+01     1.55955e+01
    2.37869e+00     2.55195e+02     1.70611e+01     1.55512e+01
    2.38278e+00     2.54416e+02     1.69521e+01     1.54962e+01
    2.38687e+00     2.53684e+02     1.68957e+01     1.54089e+01
    2.39096e+00     2.53497e+02     1.68669e+01     1.53413e+01
    2.39505e+00     2.52923e+02     1.67977e+01     1.52631e+01
    2.39914e+00     2.52312e+02     1.67244e+01     1.52095e+01
    2.40323e+00     2.52000e+02     1.66795e+01     1.51219e+01
    2.40732e+00     2.51506e+02     1.65751e+01     1.50656e+01
    2.41141e+00     2.50932e+02     1.65957e+01     1.50015e+01
    2.41550e+00     2.50275e+02     1.65146e+01     1.49265e+01
    2.41959e+00     2.50030e+02     1.64158e+01     1.48432e+01
    2.42368e+00     2.49351e+02     1.63832e+01     1.48019e+01
    2.42777e+00     2.48917e+02     1.63809e+01     1.47464e+01
    2.43187e+00     2.48583e+02     1.63059e+01     1.46866e+01
    2.43596e+00     2.47850e+02     1.62253e+01     1.46025e+01
    2.44004e+00     2.47397e+02     1.61556e+01     1.45552e+01
    2.44414e+00     2.46729e+02     1.61134e+01     1.44652e+01
    2.44823e+00     2.46561e+02     1.60715e+01     1.43929e+01
    2.45232e+00     2.45913e+02     1.60424e+01     1.43572e+01
    2.45640e+00     2.45547e+02     1.59415e+01     1.42761e+01
    2.46050e+00     2.45336e+02     1.59545e+01     1.42195e+01
    2.46459e+00     2.44842e+02     1.58692e+01     1.41508e+01
    2.46868e+00     2.44151e+02     1.58187e+01     1.40973e+01
    2.47277e+00     2.43568e+02     1.57672e+01     1.40312e+01
    2.47686e+00     2.43102e+02     1.56857e+01     1.39740e+01
    2.48095e+00     2.42802e+02     1.56940e+01     1.39034e+01
    2.48504e+00     2.42284e+02     1.56252e+01     1.38322e+01
    2.48913e+00     2.41946e+02     1.55470e+01     1.37764e+01
    2.49322e+00     2.41339e+02     1.55381e+01     1.37177e+01
    2.49731e+00     2.40751e+02     1.54359e+01     1.36614e+01
    2.50141e+00     2.40313e+02     1.54379e+01     1.36040e+01
    2.50550e+00     2.40007e+02     1.54187e+01     1.35351e+01
    2.50959e+00     2.39463e+02     1.53488e+01     1.34729e+01
    2.51368e+00     2.38665e+02     1.52241e+01     1.33906e+01
    2.51777e+00     2.38622e+02     1.52542e+01     1.33674e+01
    2.52186e+00     2.37811e+02     1.51551e+01     1.32932e+01
    2.52595e+00     2.37254e+02     1.51278e+01     1.32346e+01
    2.53004e+00     2.36954e+02     1.50921e+01     1.31881e+01
    2.53413e+00     2.36505e+02     1.49756e+01     1.31116e+01
    2.53822e+00     2.36099e+02     1.49915e+01     1.30593e+01
    2.54231e+00     2.35551e+02     1.49266e+01     1.29954e+01
    2.54640e+00     2.35145e+02     1.48423e+01     1.29197e+01
    2.55049e+00     2.34370e+02     1.48111e+01     1.28821e+01
    2.55458e+00     2.34154e+02     1.47676e+01     1.28194e+01
    2.55867e+00     2.33683e+02     1.46914e+01     1.27564e+01
    2.56276e+00     2.33120e+02     1.46860e+01     1.26982e+01
    2.56685e+00     2.32723e+02     1.46550e+01     1.26488e+01
    2.57095e+00     2.32135e+02     1.45689e+01     1.25937e+01
    2.57504e+00     2.31656e+02     1.45157e+01     1.25326e+01
    2.57913e+00     2.31307e+02     1.45057e+01     1.24880e+01
    2.58322e+00     2.30775e+02     1.44404e+01     1.24137e+01
    2.58731e+00     2.30558e+02     1.44064e+01     1.23588e+01
    2.59140e+00     2.30048e+02     1.43835e+01     1.23108e+01
    2.59549e+00     2.29661e+02     1.43381e+01     1.22651e+01
    2.59958e+00     2.29066e+02     1.42855e+01     1.22013e+01
    2.60367e+00     2.28741e+02     1.42697e+01     1.21554e+01
    2.60776e+00     2.27988e+02     1.41860e+01     1.20908e+01
    2.61185e+00     2.27378e+02     1.41104e+01     1.20401e+01
    2.61594e+00     2.27237e+02     1.40844e+01     1.19821e+01
    2.62003e+00     2.26744e+02     1.40515e+01     1.19151e+01
    2.62412e+00     2.26257e+02     1.40132e+01     1.18744e+01
    2.62821e+00     2.25871e+02     1.39623e+01     1.18215e+01
    2.63230e+00     2.25398e+02     1.38993e+01     1.17501e+01
    2.63640e+00     2.25112e+02     1.38835e+01     1.17065e+01
    2.64049e+00     2.24403e+02     1.38451e+01     1.16648e+01
    2.64457e+00     2.24049e+02     1.37715e+01     1.15965e+01
    2.64867e+00     2.23449e+02     1.37303e+01     1.15330e+01
    2.65276e+00     2.22957e+02     1.36460e+01     1.14830e+01
    2.65685e+00     2.22444e+02     1.36433e+01     1.14370e+01
    2.66094e+00     2.22090e+02     1.35912e+01     1.13947e+01
    2.66503e+00     2.21711e+02     1.35304e+01     1.13399e+01
    2.66912e+00     2.21317e+02     1.35556e+01     1.12852e+01
    2.67321e+00     2.20655e+02     1.34719e+01     1.12290e+01
    2.67730e+00     2.20167e+02     1.33952e+01     1.11887e+01
    2.68139e+00     2.19932e+02     1.33387e+01     1.11371e+01
    2.68548e+00     2.19252e+02     1.33195e+01     1.10820e+01
    2.68957e+00     2.19002e+02     1.32799e+01     1.10345e+01
    2.69366e+00     2.18505e+02     1.32588e+01     1.09727e+01
    2.69776e+00     2.18181e+02     1.32110e+01     1.09205e+01
    2.70185e+00     2.17639e+02     1.31529e+01     1.08780e+01
    2.70594e+00     2.17164e+02     1.31028e+01     1.08280e+01
    2.71003e+00     2.16591e+02     1.30837e+01     1.07847e+01
    2.71412e+00     2.16093e+02     1.30340e+01     1.07289e+01
    2.71821e+00     2.15803e+02     1.29648e+01     1.06736e+01
    2.72230e+00     2.15323e+02     1.29959e+01     1.06373e+01
    2.72639e+00     2.14897e+02     1.29108e+01     1.05771e+01
    2.73048e+00     2.14480e+02     1.28909e+01     1.05409e+01
    2.73457e+00     2.14256e+02     1.28423e+01     1.04758e+01
    2.73866e+00     2.13521e+02     1.27608e+01     1.04226e+01
    2.74275e+00     2.13157e+02     1.27382e+01     1.03816e+01
    2.74684e+00     2.12853e+02     1.27035e+01     1.03350e+01
    2.75093e+00     2.12211e+02     1.26534e+01     1.02829e+01
    2.75502e+00     2.12093e+02     1.26701e+01     1.02495e+01
    2.75911e+00     2.11469e+02     1.26257e+01     1.01943e+01
    2.76320e+00     2.11022e+02     1.25743e+01     1.01467e+01
    2.76730e+00     2.10381e+02     1.25137e+01     1.01074e+01
    2.77139e+00     2.09862e+02     1.24623e+01     1.00585e+01
    2.77548e+00     2.09729e+02     1.24562e+01     1.00109e+01
    2.77957e+00     2.09290e+02     1.24207e+01     9.96011e+00
    2.78366e+00     2.08729e+02     1.23389e+01     9.91100e+00
    2.78775e+00     2.08384e+02     1.23018e+01     9.87084e+00
    2.79184e+00     2.07876e+02     1.22722e+01     9.82944e+00
    2.79593e+00     2.07346e+02     1.22610e+01     9.78143e+00
    2.80002e+00     2.07053e+02     1.22224e+01     9.74408e+00
    2.80411e+00     2.06536e+02     1.21291e+01     9.68876e+00
    2.80820e+00     2.06140e+02     1.21272e+01     9.63411e+00
    2.81229e+00     2.05770e+02     1.21018e+01     9.59886e+00
    2.81638e+00     2.05336e+02     1.20561e+01     9.55770e+00
    2.82047e+00     2.04833e+02     1.19930e+01     9.50098e+00
    2.82457e+00     2.04508e+02     1.19676e+01     9.46685e+00
    2.82866e+00     2.04122e+02     1.19371e+01     9.42564e+00
    2.83275e+00     2.03580e+02     1.18920e+01     9.38151e+00
    2.83684e+00     2.02979e+02     1.18317e+01     9.33014e+00
    2.84093e+00     2.02575e+02     1.18061e+01     9.29241e+00
    2.84502e+00     2.02472e+02     1.17744e+01     9.24716e+00
    2.84911e+00     2.01867e+02     1.17286e+01     9.20252e+00
    2.85320e+00     2.01319e+02     1.17102e+01     9.16080e+00
    2.85729e+00     2.01029e+02     1.16454e+01     9.12070e+00
    2.86138e+00     2.00582e+02     1.16522e+01     9.06919e+00
    2.86547e+00     2.00073e+02     1.15716e+01     9.02819e+00
    2.86956e+00     1.99867e+02     1.15686e+01     8.99568e+00
    2.87365e+00     1.99356e+02     1.15491e+01     8.95416e+00
    2.87774e+00     1.98894e+02     1.14901e+01     8.91182e+00
    2.88183e+00     1.98457e+02     1.14374e+01     8.86571e+00
    2.88592e+00     1.97930e+02     1.13772e+01     8.81912e+00
    2.89001e+00     1.97380e+02     1.13470e+01     8.77709e+00
    2.89410e+00     1.97134e+02     1.13491e+01     8.74689e+00
    2.89820e+00     1.96768e+02     1.12887e+01     8.69663e+00
    2.90229e+00     1.96422e+02     1.12905e+01     8.66725e+00
    2.90638e+00     1.95928e+02     1.12388e+01     8.62196e+00
    2.91047e+00     1.95497e+02     1.12319e+01     8.58204e+00
    2.91456e+00     1.94976e+02     1.11564e+01     8.54376e+00
    2.91865e+00     1.94726e+02     1.11183e+01     8.49906e+00
    2.92274e+00     1.94281e+02     1.10805e+01     8.46461e+00
    2.92683e+00     1.93709e+02     1.10672e+01     8.42084e+00
    2.93092e+00     1.93447e+02     1.10266e+01     8.38138e+00
    2.93501e+00     1.92991e+02     1.09784e+01     8.34865e+00
    2.93910e+00     1.92770e+02     1.09830e+01     8.29706e+00
    2.94319e+00     1.92166e+02     1.09043e+01     8.26699e+00
    2.94728e+00     1.91610e+02     1.08966e+01     8.22449e+00
    2.95137e+00     1.91356e+02     1.08545e+01     8.19809e+00
    2.95546e+00     1.90805e+02     1.08192e+01     8.14990e+00
    2.95955e+00     1.90602e+02     1.07639e+01     8.10943e+00
    2.96364e+00     1.90012e+02     1.07306e+01     8.07760e+00
    2.96774e+00     1.89810e+02     1.07119e+01     8.03435e+00
    2.97183e+00     1.89304e+02     1.06750e+01     7.99416e+00
    2.97592e+00     1.88975e+02     1.06490e+01     7.96070e+00
    2.98001e+00     1.88639e+02     1.06239e+01     7.92306e+00
    2.98410e+00     1.88000e+02     1.05719e+01     7.88017e+00
    2.98819e+00     1.87602e+02     1.05391e+01     7.85062e+00
    2.99228e+00     1.87208e+02     1.05373e+01     7.81358e+00
    2.99637e+00     1.86693e+02     1.04679e+01     7.77524e+00
    3.00046e+00     1.86386e+02     1.04410e+01     7.73788e+00
    3.00455e+00     1.86042e+02     1.03917e+01     7.70352e+00
    3.00864e+00     1.85540e+02     1.03617e+01     7.65742e+00
    3.01273e+00     1.85348e+02     1.03475e+01     7.62594e+00
    3.01682e+00     1.85000e+02     1.03153e+01     7.59226e+00
    3.02091e+00     1.84377e+02     1.02813e+01     7.55499e+00
    3.02500e+00     1.83878e+02     1.02550e+01     7.51185e+00
    3.02910e+00     1.83596e+02     1.01834e+01     7.47969e+00
    3.03319e+00     1.83161e+02     1.01807e+01     7.45278e+00
    3.03728e+00     1.82824e+02     1.01332e+01     7.40793e+00
    3.04137e+00     1.82384e+02     1.01241e+01     7.38105e+00
    3.04546e+00     1.81986e+02     1.00721e+01     7.33978e+00
    3.04955e+00     1.81787e+02     1.00536e+01     7.30965e+00
    3.05364e+00     1.81344e+02     1.00271e+01     7.27249e+00
    3.05773e+00     1.80754e+02     9.96918e+00     7.23362e+00
    3.06182e+00     1.80433e+02     9.95885e+00     7.20227e+00
    3.06591e+00     1.80042e+02     9.93957e+00     7.17835e+00
    3.07000e+00     1.79765e+02     9.90722e+00     7.13879e+00
    3.07409e+00     1.79333e+02     9.86184e+00     7.10421e+00
    3.07818e+00     1.78858e+02     9.83658e+00     7.06775e+00
    3.08227e+00     1.78591e+02     9.80699e+00     7.03477e+00
    3.08636e+00     1.78087e+02     9.77141e+00     7.00414e+00
    3.09045e+00     1.77818e+02     9.76933e+00     6.97247e+00
    3.09454e+00     1.77270e+02     9.71067e+00     6.93684e+00
    3.09863e+00     1.77015e+02     9.68335e+00     6.90057e+00
    3.10272e+00     1.76563e+02     9.66129e+00     6.86793e+00
    3.10682e+00     1.76299e+02     9.61077e+00     6.83922e+00
    3.11091e+00     1.75764e+02     9.56757e+00     6.81052e+00
    3.11500e+00     1.75607e+02     9.58520e+00     6.77562e+00
    3.11909e+00     1.75099e+02     9.51994e+00     6.74197e+00
    3.12318e+00     1.74788e+02     9.50752e+00     6.71734e+00
    3.12727e+00     1.74259e+02     9.47031e+00     6.67682e+00
    3.13136e+00     1.73992e+02     9.46038e+00     6.65162e+00
    3.13545e+00     1.73634e+02     9.44924e+00     6.62037e+00
    3.13954e+00     1.73074e+02     9.39086e+00     6.58512e+00
    3.14363e+00     1.72914e+02     9.35318e+00     6.55191e+00
    3.14772e+00     1.72521e+02     9.31828e+00     6.52632e+00
    3.15181e+00     1.72097e+02     9.31108e+00     6.49081e+00
    3.15590e+00     1.71693e+02     9.25963e+00     6.46041e+00
    3.16000e+00     1.71282e+02     9.24137e+00     6.43036e+00
    3.16409e+00     1.70814e+02     9.21281e+00     6.39599e+00
    3.16818e+00     1.70592e+02     9.20181e+00     6.36756e+00
    3.17227e+00     1.70265e+02     9.17955e+00     6.33848e+00
    3.17636e+00     1.69846e+02     9.13108e+00     6.30763e+00
    3.18045e+00     1.69436e+02     9.10220e+00     6.27648e+00
    3.18454e+00     1.69072e+02     9.09052e+00     6.24772e+00
    3.18863e+00     1.68736e+02     9.03800e+00     6.21306e+00
    3.19272e+00     1.68348e+02     9.01906e+00     6.19243e+00
    3.19681e+00     1.67859e+02     8.96913e+00     6.15910e+00
    3.20090e+00     1.67609e+02     8.96797e+00     6.12710e+00
    3.20499e+00     1.67236e+02     8.91424e+00     6.10189e+00
    3.20908e+00     1.66708e+02     8.88873e+00     6.07642e+00
    3.21317e+00     1.66628e+02     8.88147e+00     6.04055e+00
    3.21726e+00     1.66090e+02     8.83206e+00     6.01052e+00
    3.22135e+00     1.65882e+02     8.80189e+00     5.98623e+00
    3.22545e+00     1.65454e+02     8.78655e+00     5.95720e+00
    3.22954e+00     1.64939e+02     8.77036e+00     5.92879e+00
    3.23363e+00     1.64498e+02     8.71982e+00     5.90059e+00
    3.23772e+00     1.64300e+02     8.71543e+00     5.87498e+00
    3.24181e+00     1.63877e+02     8.68001e+00     5.84389e+00
    3.24590e+00     1.63532e+02     8.64057e+00     5.81471e+00
    3.24999e+00     1.63193e+02     8.61734e+00     5.78919e+00
    3.25408e+00     1.62850e+02     8.60432e+00     5.76001e+00
    3.25817e+00     1.62485e+02     8.58474e+00     5.73999e+00
    3.26226e+00     1.62200e+02     8.56524e+00     5.70975e+00
    3.26635e+00     1.61884e+02     8.51673e+00     5.67649e+00
    3.27044e+00     1.61319e+02     8.49766e+00     5.64888e+00
    3.27453e+00     1.60994e+02     8.47562e+00     5.62309e+00
    3.27862e+00     1.60710e+02     8.45029e+00     5.59909e+00
    3.28271e+00     1.60268e+02     8.41209e+00     5.57387e+00
    3.28681e+00     1.59967e+02     8.38534e+00     5.54482e+00
    3.29090e+00     1.59550e+02     8.34617e+00     5.51614e+00
    3.29499e+00     1.59188e+02     8.32296e+00     5.49258e+00
    3.29908e+00     1.58929e+02     8.30592e+00     5.46236e+00
    3.30317e+00     1.58527e+02     8.27114e+00     5.43815e+00
    3.30725e+00     1.58186e+02     8.24990e+00     5.41679e+00
    3.31135e+00     1.58000e+02     8.23791e+00     5.38700e+00
    3.31544e+00     1.57502e+02     8.20720e+00     5.35801e+00
    3.31953e+00     1.57197e+02     8.17042e+00     5.33321e+00
    3.32362e+00     1.56948e+02     8.15535e+00     5.31169e+00
    3.32771e+00     1.56641e+02     8.15051e+00     5.28586e+00
    3.33180e+00     1.56111e+02     8.11218e+00     5.26223e+00
    3.33589e+00     1.55797e+02     8.08117e+00     5.23436e+00
    3.33998e+00     1.55454e+02     8.05907e+00     5.21142e+00
    3.34407e+00     1.55108e+02     8.03080e+00     5.18971e+00
    3.34816e+00     1.54763e+02     8.00267e+00     5.15821e+00
    3.35226e+00     1.54541e+02     7.97257e+00     5.13642e+00
    3.35634e+00     1.54235e+02     7.96864e+00     5.11083e+00
    3.36043e+00     1.53768e+02     7.93025e+00     5.08604e+00
    3.36453e+00     1.53432e+02     7.91847e+00     5.06445e+00
    3.36862e+00     1.52981e+02     7.88256e+00     5.03646e+00
    3.37271e+00     1.52696e+02     7.86556e+00     5.01447e+00
    3.37680e+00     1.52486e+02     7.83464e+00     4.98551e+00
    3.38089e+00     1.51996e+02     7.79931e+00     4.96738e+00
    3.38498e+00     1.51824e+02     7.78931e+00     4.94456e+00
    3.38907e+00     1.51445e+02     7.75991e+00     4.91726e+00
    3.39316e+00     1.51162e+02     7.74998e+00     4.89223e+00
    3.39725e+00     1.50867e+02     7.72464e+00     4.87409e+00
    3.40134e+00     1.50328e+02     7.67022e+00     4.84110e+00
    3.40543e+00     1.50154e+02     7.66706e+00     4.82743e+00
    3.40952e+00     1.49731e+02     7.64562e+00     4.79776e+00
    3.41362e+00     1.49342e+02     7.60826e+00     4.77660e+00
    3.41770e+00     1.49019e+02     7.59235e+00     4.75507e+00
    3.42179e+00     1.48823e+02     7.57194e+00     4.72958e+00
    3.42588e+00     1.48397e+02     7.56188e+00     4.71478e+00
    3.42997e+00     1.48224e+02     7.52910e+00     4.68526e+00
    3.43406e+00     1.47896e+02     7.50443e+00     4.66619e+00
    3.43816e+00     1.47530e+02     7.48885e+00     4.64055e+00
    3.44225e+00     1.47248e+02     7.46662e+00     4.61786e+00
    3.44634e+00     1.46924e+02     7.43849e+00     4.59695e+00
    3.45043e+00     1.46504e+02     7.40705e+00     4.57823e+00
    3.45452e+00     1.46147e+02     7.39371e+00     4.55937e+00
    3.45861e+00     1.45877e+02     7.35559e+00     4.53371e+00
    3.46270e+00     1.45564e+02     7.33952e+00     4.51377e+00
    3.46679e+00     1.45280e+02     7.31119e+00     4.49170e+00
    3.47088e+00     1.45009e+02     7.30776e+00     4.46943e+00
    3.47497e+00     1.44555e+02     7.27118e+00     4.44899e+00
    3.47906e+00     1.44215e+02     7.24928e+00     4.42646e+00
    3.48315e+00     1.44037e+02     7.24698e+00     4.40941e+00
    3.48725e+00     1.43638e+02     7.22006e+00     4.38560e+00
    3.49134e+00     1.43423e+02     7.20682e+00     4.36557e+00
    3.49543e+00     1.42984e+02     7.15723e+00     4.33981e+00
    3.49952e+00     1.42708e+02     7.13098e+00     4.32163e+00
    3.50361e+00     1.42554e+02     7.13050e+00     4.30203e+00
    3.50770e+00     1.42166e+02     7.09741e+00     4.27911e+00
    3.51179e+00     1.41842e+02     7.08432e+00     4.25915e+00
    3.51588e+00     1.41580e+02     7.06778e+00     4.24066e+00
    3.51997e+00     1.41168e+02     7.03267e+00     4.21961e+00
    3.52406e+00     1.40795e+02     7.01983e+00     4.20668e+00
    3.52815e+00     1.40666e+02     6.99743e+00     4.18071e+00
    3.53224e+00     1.40283e+02     6.96722e+00     4.15832e+00
    3.53633e+00     1.39964e+02     6.94864e+00     4.14287e+00
    3.54042e+00     1.39703e+02     6.92356e+00     4.12073e+00
    3.54451e+00     1.39391e+02     6.93090e+00     4.10521e+00
    3.54860e+00     1.39007e+02     6.88638e+00     4.08058e+00
    3.55270e+00     1.38698e+02     6.87847e+00     4.06538e+00
    3.55679e+00     1.38366e+02     6.83168e+00     4.04398e+00
    3.56088e+00     1.38129e+02     6.82060e+00     4.02490e+00
    3.56497e+00     1.37854e+02     6.81640e+00     4.00825e+00
    3.56906e+00     1.37681e+02     6.78081e+00     3.98505e+00
    3.57315e+00     1.37338e+02     6.77439e+00     3.96776e+00
    3.57724e+00     1.36856e+02     6.74241e+00     3.95236e+00
    3.58133e+00     1.36807e+02     6.72999e+00     3.92916e+00
    3.58542e+00     1.36352e+02     6.70452e+00     3.90922e+00
    3.58951e+00     1.36020e+02     6.68846e+00     3.89494e+00
    3.59360e+00     1.35792e+02     6.66521e+00     3.87760e+00
    3.59769e+00     1.35437e+02     6.66256e+00     3.85640e+00
    3.60178e+00     1.35254e+02     6.62768e+00     3.84070e+00
    3.60587e+00     1.34835e+02     6.60800e+00     3.82202e+00
    3.60996e+00     1.34651e+02     6.59054e+00     3.80361e+00
    3.61405e+00     1.34235e+02     6.56867e+00     3.78681e+00
    3.61814e+00     1.34063e+02     6.54969e+00     3.76661e+00
    3.62224e+00     1.33727e+02     6.52792e+00     3.74828e+00
    3.62633e+00     1.33389e+02     6.51850e+00     3.73423e+00
    3.63042e+00     1.33184e+02     6.50307e+00     3.71725e+00
    3.63451e+00     1.32927e+02     6.47372e+00     3.69924e+00
    3.63860e+00     1.32665e+02     6.44608e+00     3.67874e+00
    3.64269e+00     1.32289e+02     6.43789e+00     3.66193e+00
    3.64678e+00     1.31972e+02     6.42130e+00     3.64670e+00
    3.65087e+00     1.31751e+02     6.39199e+00     3.63250e+00
    3.65496e+00     1.31517e+02     6.38410e+00     3.61346e+00
    3.65905e+00     1.31146e+02     6.35562e+00     3.59680e+00
    3.66314e+00     1.30896e+02     6.33551e+00     3.57823e+00
    3.66723e+00     1.30569e+02     6.30548e+00     3.56005e+00
    3.67132e+00     1.30367e+02     6.29479e+00     3.54409e+00
    3.67541e+00     1.30155e+02     6.28197e+00     3.52777e+00
    3.67950e+00     1.29904e+02     6.27023e+00     3.51558e+00
    3.68359e+00     1.29536e+02     6.24508e+00     3.49611e+00
    3.68769e+00     1.29230e+02     6.22705e+00     3.48054e+00
    3.69177e+00     1.28963e+02     6.20197e+00     3.46247e+00
    3.69587e+00     1.28641e+02     6.18413e+00     3.44642e+00
    3.69996e+00     1.28486e+02     6.17962e+00     3.43496e+00
    3.70405e+00     1.28116e+02     6.14111e+00     3.41502e+00
    3.70814e+00     1.27873e+02     6.13441e+00     3.39958e+00
    3.71223e+00     1.27711e+02     6.12339e+00     3.38504e+00
    3.71632e+00     1.27341e+02     6.10398e+00     3.36860e+00
    3.72041e+00     1.27068e+02     6.07675e+00     3.35485e+00
    3.72450e+00     1.26929e+02     6.06630e+00     3.33782e+00
    3.72859e+00     1.26578e+02     6.05165e+00     3.32392e+00
    3.73268e+00     1.26254e+02     6.02792e+00     3.30849e+00
    3.73677e+00     1.25993e+02     6.01086e+00     3.29216e+00
    3.74086e+00     1.25681e+02     5.98809e+00     3.27842e+00
    3.74495e+00     1.25593e+02     5.98819e+00     3.26229e+00
    3.74905e+00     1.25368e+02     5.97663e+00     3.24884e+00
    3.75313e+00     1.25013e+02     5.94165e+00     3.23122e+00
    3.75722e+00     1.24680e+02     5.91475e+00     3.21618e+00
    3.76131e+00     1.24435e+02     5.91043e+00     3.20161e+00
    3.76541e+00     1.24205e+02     5.89777e+00     3.18813e+00
    3.76950e+00     1.23876e+02     5.87392e+00     3.17554e+00
    3.77359e+00     1.23615e+02     5.85104e+00     3.15864e+00
    3.77768e+00     1.23472e+02     5.84881e+00     3.14552e+00
    3.78177e+00     1.23179e+02     5.82736e+00     3.13158e+00
    3.78586e+00     1.22821e+02     5.79680e+00     3.11613e+00
    3.78995e+00     1.22692e+02     5.79702e+00     3.10251e+00
    3.79404e+00     1.22434e+02     5.78036e+00     3.08906e+00
    3.79813e+00     1.22209e+02     5.75988e+00     3.07554e+00
    3.80222e+00     1.21861e+02     5.74206e+00     3.06200e+00
    3.80632e+00     1.21680e+02     5.72415e+00     3.04569e+00
    3.81040e+00     1.21365e+02     5.71643e+00     3.03218e+00
    3.81449e+00     1.21273e+02     5.70023e+00     3.01988e+00
    3.81859e+00     1.20916e+02     5.68194e+00     3.00701e+00
    3.82268e+00     1.20655e+02     5.65282e+00     2.99395e+00
    3.82677e+00     1.20413e+02     5.64296e+00     2.97687e+00
    3.83086e+00     1.20134e+02     5.63481e+00     2.96635e+00
    3.83495e+00     1.19809e+02     5.61273e+00     2.95394e+00
    3.83904e+00     1.19672e+02     5.59795e+00     2.93945e+00
    3.84313e+00     1.19338e+02     5.58510e+00     2.92921e+00
    3.84722e+00     1.19235e+02     5.57769e+00     2.91502e+00
    3.85131e+00     1.18825e+02     5.54677e+00     2.89985e+00
    3.85540e+00     1.18591e+02     5.52989e+00     2.88756e+00
    3.85949e+00     1.18353e+02     5.51709e+00     2.87504e+00
    3.86358e+00     1.18182e+02     5.50160e+00     2.86211e+00
    3.86768e+00     1.17925e+02     5.48699e+00     2.84927e+00
    3.87177e+00     1.17681e+02     5.47074e+00     2.83785e+00
    3.87585e+00     1.17456e+02     5.45525e+00     2.82742e+00
    3.87994e+00     1.17313e+02     5.44730e+00     2.81171e+00
    3.88403e+00     1.17029e+02     5.43683e+00     2.80040e+00
    3.88813e+00     1.16792e+02     5.41663e+00     2.78722e+00
    3.89222e+00     1.16557e+02     5.40926e+00     2.77713e+00
    3.89631e+00     1.16334e+02     5.37557e+00     2.76509e+00
    3.90040e+00     1.16115e+02     5.37128e+00     2.74990e+00
    3.90449e+00     1.15839e+02     5.35444e+00     2.73940e+00
    3.90858e+00     1.15561e+02     5.33793e+00     2.72836e+00
    3.91267e+00     1.15390e+02     5.32689e+00     2.71661e+00
    3.91676e+00     1.15185e+02     5.31751e+00     2.70523e+00
    3.92085e+00     1.14928e+02     5.30051e+00     2.69258e+00
    3.92494e+00     1.14676e+02     5.28054e+00     2.67882e+00
    3.92903e+00     1.14469e+02     5.26253e+00     2.66939e+00
    3.93312e+00     1.14268e+02     5.26359e+00     2.65968e+00
    3.93721e+00     1.13975e+02     5.24490e+00     2.64757e+00
    3.94130e+00     1.13645e+02     5.21851e+00     2.63664e+00
    3.94539e+00     1.13606e+02     5.21727e+00     2.62495e+00
    3.94949e+00     1.13297e+02     5.19687e+00     2.61410e+00
    3.95358e+00     1.13175e+02     5.18279e+00     2.60263e+00
    3.95767e+00     1.12881e+02     5.16557e+00     2.59021e+00
    3.96176e+00     1.12626e+02     5.15181e+00     2.57991e+00
    3.96585e+00     1.12415e+02     5.14740e+00     2.56964e+00
    3.96994e+00     1.12204e+02     5.12206e+00     2.55931e+00
    3.97403e+00     1.12046e+02     5.11448e+00     2.54636e+00
    3.97812e+00     1.11738e+02     5.10064e+00     2.53666e+00
    3.98221e+00     1.11648e+02     5.09524e+00     2.52730e+00
    3.98630e+00     1.11337e+02     5.06861e+00     2.51473e+00
    3.99039e+00     1.11145e+02     5.05713e+00     2.50410e+00
    3.99448e+00     1.10888e+02     5.03867e+00     2.49312e+00
    3.99857e+00     1.10744e+02     5.03208e+00     2.48440e+00
    4.00266e+00     1.10478e+02     5.02409e+00     2.47468e+00
    4.00675e+00     1.10335e+02     5.01178e+00     2.46461e+00
    4.01085e+00     1.10133e+02     4.99670e+00     2.45369e+00
    4.01494e+00     1.09788e+02     4.98316e+00     2.44462e+00
    4.01902e+00     1.09772e+02     4.97343e+00     2.43462e+00
    4.02312e+00     1.09461e+02     4.96753e+00     2.42496e+00
    4.02721e+00     1.09239e+02     4.94163e+00     2.41320e+00
    4.03130e+00     1.09048e+02     4.93578e+00     2.40339e+00
    4.03539e+00     1.08834e+02     4.91736e+00     2.39388e+00
    4.03948e+00     1.08670e+02     4.91725e+00     2.38576e+00
    4.04357e+00     1.08413e+02     4.89110e+00     2.37427e+00
    4.04766e+00     1.08234e+02     4.87931e+00     2.36622e+00
    4.05175e+00     1.08007e+02     4.86782e+00     2.35529e+00
    4.05584e+00     1.07836e+02     4.86016e+00     2.34752e+00
    4.05993e+00     1.07606e+02     4.84702e+00     2.33689e+00
    4.06402e+00     1.07398e+02     4.83194e+00     2.32772e+00
    4.06811e+00     1.07225e+02     4.81947e+00     2.31859e+00
    4.07220e+00     1.07017e+02     4.81624e+00     2.30953e+00
    4.07630e+00     1.06847e+02     4.80463e+00     2.30185e+00
    4.08038e+00     1.06604e+02     4.78749e+00     2.29127e+00
    4.08447e+00     1.06535e+02     4.77236e+00     2.28166e+00
    4.08857e+00     1.06357e+02     4.76195e+00     2.27441e+00
    4.09266e+00     1.06035e+02     4.74909e+00     2.26555e+00
    4.09675e+00     1.05905e+02     4.73667e+00     2.25567e+00
    4.10084e+00     1.05634e+02     4.72943e+00     2.24836e+00
    4.10493e+00     1.05474e+02     4.71636e+00     2.23917e+00
    4.10902e+00     1.05316e+02     4.71044e+00     2.22949e+00
    4.11311e+00     1.05164e+02     4.70085e+00     2.22279e+00
    4.11720e+00     1.04931e+02     4.67830e+00     2.21304e+00
    4.12129e+00     1.04715e+02     4.66924e+00     2.20436e+00
    4.12538e+00     1.04632e+02     4.66541e+00     2.19599e+00
    4.12947e+00     1.04388e+02     4.64365e+00     2.18712e+00
    4.13356e+00     1.04232e+02     4.63579e+00     2.17957e+00
    4.13765e+00     1.03977e+02     4.62026e+00     2.17187e+00
    4.14175e+00     1.03839e+02     4.61683e+00     2.16520e+00
    4.14584e+00     1.03638e+02     4.60426e+00     2.15677e+00
    4.14993e+00     1.03422e+02     4.58780e+00     2.14624e+00
    4.15402e+00     1.03220e+02     4.57336e+00     2.13716e+00
    4.15811e+00     1.03085e+02     4.56896e+00     2.13127e+00
    4.16220e+00     1.02845e+02     4.55780e+00     2.12301e+00
    4.16629e+00     1.02671e+02     4.54896e+00     2.11560e+00
    4.17038e+00     1.02521e+02     4.53990e+00     2.10957e+00
    4.17447e+00     1.02376e+02     4.52774e+00     2.10082e+00
    4.17856e+00     1.02131e+02     4.50287e+00     2.09173e+00
    4.18265e+00     1.01991e+02     4.50104e+00     2.08477e+00
    4.18674e+00     1.01848e+02     4.49242e+00     2.07726e+00
