# Real space h-h auto- and h-m cross-spectra.
# z=0.000, 12.500<lgM<13.000
#      k[h/Mpc]            P_hh            P_hm
    0.00000e+00     0.00000e+00     0.00000e+00
    5.79404e-03     1.00675e+04     9.36798e+03
    1.04717e-02     1.98419e+04     2.12766e+04
    1.42665e-02     1.95139e+04     2.06964e+04
    1.81228e-02     2.35391e+04     2.50009e+04
    2.24845e-02     1.99771e+04     2.08896e+04
    2.64508e-02     1.81137e+04     1.83473e+04
    3.04474e-02     1.63878e+04     1.64886e+04
    3.47320e-02     1.66681e+04     1.68157e+04
    3.88308e-02     1.31677e+04     1.31268e+04
    4.28140e-02     1.35436e+04     1.32167e+04
    4.68856e-02     1.24039e+04     1.19664e+04
    5.09858e-02     1.06297e+04     9.96594e+03
    5.51458e-02     1.05084e+04     9.84712e+03
    5.92243e-02     1.00081e+04     9.46522e+03
    6.32864e-02     9.80650e+03     9.23863e+03
    6.73674e-02     8.94561e+03     8.19096e+03
    7.14960e-02     8.65593e+03     8.05475e+03
    7.55894e-02     8.27156e+03     7.58003e+03
    7.96660e-02     7.64423e+03     6.92539e+03
    8.38183e-02     7.40065e+03     6.58175e+03
    8.78941e-02     7.08249e+03     6.19500e+03
    9.19238e-02     6.42511e+03     5.49248e+03
    9.60446e-02     6.08612e+03     5.19260e+03
    1.00128e-01     5.79166e+03     4.82679e+03
    1.04209e-01     5.57610e+03     4.57789e+03
    1.08333e-01     5.20011e+03     4.27979e+03
    1.12448e-01     5.06982e+03     4.04618e+03
    1.16521e-01     4.90438e+03     3.91855e+03
    1.20596e-01     4.78254e+03     3.74675e+03
    1.24665e-01     4.63013e+03     3.63275e+03
    1.28771e-01     4.44016e+03     3.45668e+03
    1.32874e-01     4.41239e+03     3.41362e+03
    1.36975e-01     4.17722e+03     3.17405e+03
    1.41075e-01     4.02426e+03     3.01510e+03
    1.45172e-01     3.88985e+03     2.87342e+03
    1.49268e-01     3.75476e+03     2.72862e+03
    1.53330e-01     3.70925e+03     2.65728e+03
    1.57416e-01     3.55907e+03     2.51665e+03
    1.61514e-01     3.40821e+03     2.35173e+03
    1.65592e-01     3.35483e+03     2.27683e+03
    1.69693e-01     3.26173e+03     2.20662e+03
    1.73803e-01     3.17140e+03     2.11053e+03
    1.77905e-01     3.12720e+03     2.07375e+03
    1.82001e-01     3.01632e+03     1.97053e+03
    1.86092e-01     2.96379e+03     1.92582e+03
    1.90161e-01     2.91896e+03     1.87386e+03
    1.94237e-01     2.87739e+03     1.83704e+03
    1.98334e-01     2.84923e+03     1.78763e+03
    2.02427e-01     2.73840e+03     1.69337e+03
    2.06523e-01     2.66222e+03     1.61963e+03
    2.10626e-01     2.65371e+03     1.58397e+03
    2.14724e-01     2.58297e+03     1.53590e+03
    2.18827e-01     2.53410e+03     1.48195e+03
    2.22903e-01     2.46083e+03     1.41269e+03
    2.26990e-01     2.44306e+03     1.38450e+03
    2.31084e-01     2.39601e+03     1.33231e+03
    2.35153e-01     2.36489e+03     1.31676e+03
    2.39244e-01     2.33186e+03     1.27023e+03
    2.43338e-01     2.28753e+03     1.22897e+03
    2.47445e-01     2.24919e+03     1.19266e+03
    2.51539e-01     2.22518e+03     1.18565e+03
    2.55609e-01     2.20623e+03     1.14094e+03
    2.59718e-01     2.16275e+03     1.12376e+03
    2.63814e-01     2.12859e+03     1.08452e+03
    2.67904e-01     2.09338e+03     1.04217e+03
    2.71993e-01     2.07368e+03     1.02770e+03
    2.76068e-01     2.05776e+03     1.01454e+03
    2.80171e-01     2.01253e+03     9.77365e+02
    2.84268e-01     2.02706e+03     9.75974e+02
    2.88346e-01     1.98263e+03     9.26919e+02
    2.92426e-01     1.95585e+03     9.16229e+02
    2.96514e-01     1.92971e+03     8.86239e+02
    3.00627e-01     1.91747e+03     8.70445e+02
    3.04729e-01     1.89829e+03     8.55143e+02
    3.08821e-01     1.88087e+03     8.39326e+02
    3.12919e-01     1.85311e+03     8.14457e+02
    3.16999e-01     1.84598e+03     7.95542e+02
    3.21078e-01     1.83457e+03     7.92523e+02
    3.25167e-01     1.80052e+03     7.65396e+02
    3.29247e-01     1.78957e+03     7.44891e+02
    3.33333e-01     1.76371e+03     7.27227e+02
    3.37443e-01     1.76742e+03     7.22313e+02
    3.41545e-01     1.74522e+03     7.07270e+02
    3.45625e-01     1.71555e+03     6.88450e+02
    3.49715e-01     1.72603e+03     6.79328e+02
    3.53817e-01     1.69786e+03     6.64702e+02
    3.57906e-01     1.69643e+03     6.58206e+02
    3.61975e-01     1.67497e+03     6.42930e+02
    3.66071e-01     1.67064e+03     6.33007e+02
    3.70189e-01     1.65458e+03     6.16361e+02
    3.74277e-01     1.64249e+03     6.08666e+02
    3.78356e-01     1.62251e+03     5.96982e+02
    3.82448e-01     1.62061e+03     5.83633e+02
    3.86535e-01     1.60560e+03     5.73568e+02
    3.90624e-01     1.60633e+03     5.64179e+02
    3.94706e-01     1.57378e+03     5.56682e+02
    3.98794e-01     1.57797e+03     5.42169e+02
    4.02896e-01     1.56997e+03     5.36968e+02
    4.06986e-01     1.56264e+03     5.29168e+02
    4.11069e-01     1.53950e+03     5.19850e+02
    4.15170e-01     1.52728e+03     5.08823e+02
    4.19263e-01     1.52579e+03     4.99197e+02
    4.23353e-01     1.50892e+03     4.89465e+02
    4.27447e-01     1.51587e+03     4.86422e+02
    4.31534e-01     1.50176e+03     4.77032e+02
    4.35624e-01     1.50156e+03     4.71398e+02
    4.39718e-01     1.48822e+03     4.60807e+02
    4.43804e-01     1.47374e+03     4.56519e+02
    4.47892e-01     1.46545e+03     4.38951e+02
    4.51977e-01     1.46252e+03     4.49406e+02
    4.56067e-01     1.45815e+03     4.36825e+02
    4.60165e-01     1.44690e+03     4.29921e+02
    4.64260e-01     1.44344e+03     4.23160e+02
    4.68355e-01     1.43148e+03     4.18523e+02
    4.72450e-01     1.41774e+03     4.07088e+02
    4.76540e-01     1.41831e+03     4.04245e+02
    4.80633e-01     1.41754e+03     3.98518e+02
    4.84718e-01     1.40823e+03     3.87960e+02
    4.88794e-01     1.39660e+03     3.86400e+02
    4.92888e-01     1.39408e+03     3.89757e+02
    4.96984e-01     1.38834e+03     3.79161e+02
    5.01073e-01     1.38006e+03     3.71177e+02
    5.05169e-01     1.37936e+03     3.67286e+02
    5.09268e-01     1.36979e+03     3.58523e+02
    5.13369e-01     1.36162e+03     3.58862e+02
    5.17441e-01     1.36535e+03     3.53903e+02
    5.21516e-01     1.35446e+03     3.49887e+02
    5.25611e-01     1.34622e+03     3.41989e+02
    5.29706e-01     1.34162e+03     3.36611e+02
    5.33801e-01     1.34136e+03     3.32544e+02
    5.37888e-01     1.34038e+03     3.31657e+02
    5.41985e-01     1.32993e+03     3.27544e+02
    5.46091e-01     1.32165e+03     3.22249e+02
    5.50174e-01     1.32155e+03     3.18795e+02
    5.54252e-01     1.30979e+03     3.14549e+02
    5.58346e-01     1.31376e+03     3.09337e+02
    5.62439e-01     1.30326e+03     3.04432e+02
    5.66527e-01     1.30146e+03     3.01870e+02
    5.70616e-01     1.29492e+03     2.98991e+02
    5.74707e-01     1.29253e+03     2.93570e+02
    5.78798e-01     1.29422e+03     2.94305e+02
    5.82883e-01     1.28208e+03     2.88361e+02
    5.86977e-01     1.28280e+03     2.88409e+02
    5.91070e-01     1.27754e+03     2.80306e+02
    5.95166e-01     1.27603e+03     2.77997e+02
    5.99260e-01     1.26621e+03     2.72178e+02
    6.03349e-01     1.26813e+03     2.74750e+02
    6.07445e-01     1.26456e+03     2.70437e+02
    6.11543e-01     1.26085e+03     2.67553e+02
    6.15623e-01     1.24713e+03     2.58003e+02
    6.19704e-01     1.25720e+03     2.62805e+02
    6.23792e-01     1.25023e+03     2.55783e+02
    6.27891e-01     1.24354e+03     2.55187e+02
    6.31991e-01     1.24325e+03     2.53734e+02
    6.36073e-01     1.23775e+03     2.46723e+02
    6.40158e-01     1.23212e+03     2.45256e+02
    6.44244e-01     1.23683e+03     2.43586e+02
    6.48338e-01     1.22498e+03     2.40409e+02
    6.52432e-01     1.22157e+03     2.39551e+02
    6.56514e-01     1.21726e+03     2.36572e+02
    6.60609e-01     1.21308e+03     2.34319e+02
    6.64712e-01     1.21434e+03     2.32501e+02
    6.68801e-01     1.21073e+03     2.28148e+02
    6.72890e-01     1.20735e+03     2.26805e+02
    6.76984e-01     1.20071e+03     2.22660e+02
    6.81074e-01     1.19626e+03     2.22278e+02
    6.85160e-01     1.20030e+03     2.22165e+02
    6.89246e-01     1.19822e+03     2.19864e+02
    6.93336e-01     1.18696e+03     2.14332e+02
    6.97434e-01     1.18735e+03     2.12881e+02
    7.01528e-01     1.18403e+03     2.11753e+02
    7.05618e-01     1.18642e+03     2.08282e+02
    7.09708e-01     1.17858e+03     2.07112e+02
    7.13796e-01     1.17297e+03     2.08316e+02
    7.17892e-01     1.17499e+03     2.03857e+02
    7.21982e-01     1.17344e+03     2.02922e+02
    7.26059e-01     1.17145e+03     2.01234e+02
    7.30145e-01     1.16657e+03     1.98169e+02
    7.34240e-01     1.16429e+03     1.95570e+02
    7.38340e-01     1.16208e+03     1.95452e+02
    7.42427e-01     1.16361e+03     1.91521e+02
    7.46511e-01     1.15974e+03     1.91503e+02
    7.50614e-01     1.15552e+03     1.88784e+02
    7.54706e-01     1.15090e+03     1.88945e+02
    7.58795e-01     1.14951e+03     1.86272e+02
    7.62888e-01     1.14856e+03     1.83524e+02
    7.66986e-01     1.14752e+03     1.85166e+02
    7.71073e-01     1.14909e+03     1.82730e+02
    7.75153e-01     1.14054e+03     1.79638e+02
    7.79241e-01     1.13861e+03     1.78518e+02
    7.83335e-01     1.13796e+03     1.77418e+02
    7.87426e-01     1.13370e+03     1.76588e+02
    7.91513e-01     1.13187e+03     1.73968e+02
    7.95606e-01     1.12762e+03     1.73031e+02
    7.99702e-01     1.12607e+03     1.71001e+02
    8.03798e-01     1.12013e+03     1.69578e+02
    8.07879e-01     1.12263e+03     1.69080e+02
    8.11963e-01     1.12399e+03     1.67617e+02
    8.16059e-01     1.11593e+03     1.66838e+02
    8.20152e-01     1.11607e+03     1.64441e+02
    8.24242e-01     1.11506e+03     1.62292e+02
    8.28331e-01     1.11334e+03     1.61569e+02
    8.32425e-01     1.10729e+03     1.60854e+02
    8.36516e-01     1.10247e+03     1.57668e+02
    8.40610e-01     1.09982e+03     1.58472e+02
    8.44704e-01     1.10531e+03     1.57392e+02
    8.48790e-01     1.10575e+03     1.57122e+02
    8.52876e-01     1.10548e+03     1.57093e+02
    8.56967e-01     1.09628e+03     1.54431e+02
    8.61059e-01     1.09471e+03     1.53525e+02
    8.65147e-01     1.09120e+03     1.51620e+02
    8.69235e-01     1.08966e+03     1.51709e+02
    8.73334e-01     1.08671e+03     1.47430e+02
    8.77429e-01     1.08850e+03     1.48231e+02
    8.81512e-01     1.08422e+03     1.45879e+02
    8.85601e-01     1.08066e+03     1.46405e+02
    8.89691e-01     1.07863e+03     1.45252e+02
    8.93784e-01     1.07902e+03     1.42001e+02
    8.97875e-01     1.07570e+03     1.42684e+02
    9.01960e-01     1.07153e+03     1.41919e+02
    9.06054e-01     1.07195e+03     1.41541e+02
    9.10146e-01     1.07474e+03     1.39518e+02
    9.14237e-01     1.06965e+03     1.37895e+02
    9.18331e-01     1.06369e+03     1.36631e+02
    9.22421e-01     1.06920e+03     1.38080e+02
    9.26509e-01     1.05979e+03     1.35452e+02
    9.30598e-01     1.06317e+03     1.35438e+02
    9.34692e-01     1.06219e+03     1.34392e+02
    9.38787e-01     1.05943e+03     1.33972e+02
    9.42873e-01     1.05952e+03     1.33294e+02
    9.46961e-01     1.05532e+03     1.32369e+02
    9.51054e-01     1.05114e+03     1.30129e+02
    9.55150e-01     1.05117e+03     1.29596e+02
    9.59240e-01     1.04789e+03     1.28309e+02
    9.63327e-01     1.04584e+03     1.27797e+02
    9.67420e-01     1.04719e+03     1.26614e+02
    9.71506e-01     1.04445e+03     1.25873e+02
    9.75588e-01     1.04576e+03     1.25359e+02
    9.79678e-01     1.04063e+03     1.24239e+02
    9.83773e-01     1.04040e+03     1.23628e+02
    9.87866e-01     1.03784e+03     1.22066e+02
    9.91960e-01     1.03828e+03     1.23042e+02
    9.96055e-01     1.03618e+03     1.22229e+02
    1.00015e+00     1.03495e+03     1.21361e+02
    1.00424e+00     1.03449e+03     1.20110e+02
    1.00832e+00     1.03273e+03     1.18671e+02
    1.01242e+00     1.02758e+03     1.18698e+02
    1.01651e+00     1.02447e+03     1.19038e+02
    1.02059e+00     1.02546e+03     1.16924e+02
    1.02468e+00     1.02375e+03     1.17702e+02
    1.02878e+00     1.02315e+03     1.15963e+02
    1.03287e+00     1.01918e+03     1.14190e+02
    1.03695e+00     1.02040e+03     1.14390e+02
    1.04105e+00     1.01579e+03     1.14093e+02
    1.04515e+00     1.01801e+03     1.13523e+02
    1.04923e+00     1.01702e+03     1.12161e+02
    1.05332e+00     1.01118e+03     1.11736e+02
    1.05741e+00     1.01339e+03     1.10668e+02
    1.06150e+00     1.00966e+03     1.10747e+02
    1.06559e+00     1.00969e+03     1.10082e+02
    1.06968e+00     1.00468e+03     1.09196e+02
    1.07377e+00     1.00722e+03     1.09865e+02
    1.07786e+00     1.00476e+03     1.08337e+02
    1.08195e+00     1.00312e+03     1.08748e+02
    1.08605e+00     9.99519e+02     1.07763e+02
    1.09014e+00     9.97861e+02     1.06828e+02
    1.09422e+00     9.98329e+02     1.05981e+02
    1.09832e+00     9.95838e+02     1.04586e+02
    1.10242e+00     9.95773e+02     1.04496e+02
    1.10650e+00     9.93939e+02     1.04070e+02
    1.11059e+00     9.92754e+02     1.04460e+02
    1.11468e+00     9.91235e+02     1.02743e+02
    1.11878e+00     9.87923e+02     1.02199e+02
    1.12287e+00     9.87745e+02     1.02572e+02
    1.12695e+00     9.84953e+02     1.01795e+02
    1.13105e+00     9.83040e+02     1.00717e+02
    1.13514e+00     9.83623e+02     9.97052e+01
    1.13922e+00     9.80211e+02     1.00551e+02
    1.14331e+00     9.80371e+02     9.94103e+01
    1.14741e+00     9.78658e+02     9.97742e+01
    1.15150e+00     9.77292e+02     9.88177e+01
    1.15559e+00     9.76134e+02     9.92012e+01
    1.15968e+00     9.75317e+02     9.79555e+01
    1.16377e+00     9.72867e+02     9.71027e+01
    1.16786e+00     9.72467e+02     9.62578e+01
    1.17195e+00     9.69618e+02     9.57225e+01
    1.17604e+00     9.68005e+02     9.59752e+01
    1.18013e+00     9.67893e+02     9.46738e+01
    1.18422e+00     9.66032e+02     9.39772e+01
    1.18831e+00     9.67065e+02     9.42265e+01
    1.19240e+00     9.61404e+02     9.34087e+01
    1.19649e+00     9.62520e+02     9.33879e+01
    1.20059e+00     9.59457e+02     9.25063e+01
    1.20468e+00     9.58979e+02     9.17206e+01
    1.20877e+00     9.56241e+02     9.18465e+01
    1.21286e+00     9.57379e+02     9.19632e+01
    1.21695e+00     9.54670e+02     9.11561e+01
    1.22104e+00     9.52833e+02     8.98128e+01
    1.22513e+00     9.51692e+02     9.02832e+01
    1.22922e+00     9.49398e+02     8.99503e+01
    1.23330e+00     9.50250e+02     8.92838e+01
    1.23740e+00     9.46519e+02     8.75997e+01
    1.24149e+00     9.47896e+02     8.85523e+01
    1.24558e+00     9.43997e+02     8.85959e+01
    1.24967e+00     9.45507e+02     8.70881e+01
    1.25376e+00     9.43522e+02     8.75873e+01
    1.25785e+00     9.42381e+02     8.70888e+01
    1.26194e+00     9.40409e+02     8.70613e+01
    1.26603e+00     9.37203e+02     8.57381e+01
    1.27012e+00     9.36282e+02     8.59867e+01
    1.27422e+00     9.35253e+02     8.55152e+01
    1.27831e+00     9.34928e+02     8.47953e+01
    1.28240e+00     9.34796e+02     8.50007e+01
    1.28649e+00     9.31728e+02     8.52519e+01
    1.29058e+00     9.29471e+02     8.35856e+01
    1.29467e+00     9.26411e+02     8.37548e+01
    1.29876e+00     9.26800e+02     8.31297e+01
    1.30285e+00     9.26909e+02     8.35276e+01
    1.30694e+00     9.26213e+02     8.28129e+01
    1.31103e+00     9.23430e+02     8.24106e+01
    1.31512e+00     9.23417e+02     8.24153e+01
    1.31921e+00     9.21117e+02     8.18183e+01
    1.32331e+00     9.19769e+02     8.15732e+01
    1.32739e+00     9.18644e+02     8.10585e+01
    1.33148e+00     9.17643e+02     8.05102e+01
    1.33558e+00     9.15549e+02     8.04121e+01
    1.33967e+00     9.17196e+02     8.06598e+01
    1.34376e+00     9.14588e+02     7.98873e+01
    1.34785e+00     9.13436e+02     7.99420e+01
    1.35195e+00     9.13591e+02     7.94671e+01
    1.35603e+00     9.12769e+02     7.93269e+01
    1.36011e+00     9.10240e+02     7.84164e+01
    1.36421e+00     9.05981e+02     7.82801e+01
    1.36830e+00     9.04658e+02     7.74976e+01
    1.37239e+00     9.06600e+02     7.80564e+01
    1.37648e+00     9.03209e+02     7.69323e+01
    1.38057e+00     9.02650e+02     7.71332e+01
    1.38466e+00     9.02055e+02     7.69026e+01
    1.38875e+00     9.00056e+02     7.63195e+01
    1.39285e+00     9.00414e+02     7.71110e+01
    1.39694e+00     8.96702e+02     7.56919e+01
    1.40102e+00     8.96820e+02     7.59039e+01
    1.40512e+00     8.94167e+02     7.50348e+01
    1.40921e+00     8.94624e+02     7.48948e+01
    1.41330e+00     8.92946e+02     7.45365e+01
    1.41739e+00     8.91754e+02     7.41985e+01
    1.42148e+00     8.89275e+02     7.34243e+01
    1.42557e+00     8.89412e+02     7.38828e+01
    1.42966e+00     8.87222e+02     7.38791e+01
    1.43375e+00     8.85613e+02     7.42892e+01
    1.43784e+00     8.84940e+02     7.33279e+01
    1.44193e+00     8.84122e+02     7.26258e+01
    1.44602e+00     8.83265e+02     7.25744e+01
    1.45011e+00     8.79922e+02     7.25962e+01
    1.45420e+00     8.79737e+02     7.30801e+01
    1.45830e+00     8.79851e+02     7.20102e+01
    1.46239e+00     8.76691e+02     7.17549e+01
    1.46648e+00     8.76789e+02     7.18391e+01
    1.47056e+00     8.74059e+02     7.07995e+01
    1.47465e+00     8.76470e+02     7.19143e+01
    1.47874e+00     8.71118e+02     7.04683e+01
    1.48283e+00     8.69218e+02     7.05039e+01
    1.48693e+00     8.70565e+02     7.03142e+01
    1.49102e+00     8.66423e+02     6.99592e+01
    1.49511e+00     8.68250e+02     6.99254e+01
    1.49920e+00     8.66314e+02     6.95508e+01
    1.50329e+00     8.66174e+02     6.97504e+01
    1.50738e+00     8.63410e+02     6.87512e+01
    1.51148e+00     8.64442e+02     6.89473e+01
    1.51557e+00     8.61029e+02     6.88743e+01
    1.51965e+00     8.61185e+02     6.88458e+01
    1.52374e+00     8.59061e+02     6.86068e+01
    1.52784e+00     8.58458e+02     6.76331e+01
    1.53193e+00     8.57485e+02     6.78963e+01
    1.53602e+00     8.55215e+02     6.79279e+01
    1.54011e+00     8.53812e+02     6.76914e+01
    1.54420e+00     8.52820e+02     6.72458e+01
    1.54829e+00     8.52529e+02     6.73934e+01
    1.55238e+00     8.51163e+02     6.68001e+01
    1.55647e+00     8.48302e+02     6.65859e+01
    1.56056e+00     8.50082e+02     6.60739e+01
    1.56465e+00     8.47517e+02     6.57120e+01
    1.56874e+00     8.46176e+02     6.58833e+01
    1.57283e+00     8.45612e+02     6.55444e+01
    1.57693e+00     8.43818e+02     6.56649e+01
    1.58102e+00     8.40917e+02     6.50178e+01
    1.58510e+00     8.40239e+02     6.52517e+01
    1.58919e+00     8.39397e+02     6.50205e+01
    1.59329e+00     8.38145e+02     6.42974e+01
    1.59738e+00     8.37531e+02     6.42210e+01
    1.60147e+00     8.35896e+02     6.41669e+01
    1.60556e+00     8.33783e+02     6.39817e+01
    1.60965e+00     8.32975e+02     6.35162e+01
    1.61374e+00     8.33863e+02     6.41045e+01
    1.61783e+00     8.31223e+02     6.32949e+01
    1.62192e+00     8.30101e+02     6.39188e+01
    1.62601e+00     8.29208e+02     6.30515e+01
    1.63010e+00     8.27136e+02     6.31884e+01
    1.63419e+00     8.27006e+02     6.29631e+01
    1.63828e+00     8.25189e+02     6.26579e+01
    1.64238e+00     8.23313e+02     6.25074e+01
    1.64647e+00     8.21938e+02     6.22219e+01
    1.65055e+00     8.21824e+02     6.20658e+01
    1.65465e+00     8.19766e+02     6.16258e+01
    1.65874e+00     8.19536e+02     6.15059e+01
    1.66283e+00     8.17554e+02     6.19627e+01
    1.66691e+00     8.17658e+02     6.14727e+01
    1.67101e+00     8.14307e+02     6.13135e+01
    1.67510e+00     8.15173e+02     6.12564e+01
    1.67919e+00     8.14274e+02     6.07281e+01
    1.68328e+00     8.13342e+02     6.04068e+01
    1.68737e+00     8.11064e+02     6.03698e+01
    1.69146e+00     8.10501e+02     6.02931e+01
    1.69555e+00     8.09577e+02     6.01586e+01
    1.69964e+00     8.07887e+02     6.05698e+01
    1.70373e+00     8.06603e+02     5.97530e+01
    1.70782e+00     8.03974e+02     5.94671e+01
    1.71191e+00     8.04920e+02     5.93369e+01
    1.71600e+00     8.01732e+02     5.90202e+01
    1.72009e+00     8.02309e+02     5.92619e+01
    1.72418e+00     7.99561e+02     5.92593e+01
    1.72828e+00     7.98164e+02     5.86072e+01
    1.73237e+00     7.99698e+02     5.90685e+01
    1.73646e+00     7.97523e+02     5.91993e+01
    1.74055e+00     7.95231e+02     5.81757e+01
    1.74464e+00     7.94414e+02     5.82989e+01
    1.74874e+00     7.93455e+02     5.80221e+01
    1.75282e+00     7.92514e+02     5.78155e+01
    1.75691e+00     7.91774e+02     5.78668e+01
    1.76100e+00     7.89544e+02     5.75557e+01
    1.76509e+00     7.89805e+02     5.79677e+01
    1.76918e+00     7.86919e+02     5.73612e+01
    1.77327e+00     7.86048e+02     5.74454e+01
    1.77737e+00     7.83928e+02     5.68070e+01
    1.78146e+00     7.84091e+02     5.69694e+01
    1.78554e+00     7.82573e+02     5.65892e+01
    1.78964e+00     7.82517e+02     5.67574e+01
    1.79373e+00     7.80453e+02     5.64427e+01
    1.79782e+00     7.78495e+02     5.60843e+01
    1.80191e+00     7.77308e+02     5.56442e+01
    1.80600e+00     7.76381e+02     5.59216e+01
    1.81009e+00     7.74177e+02     5.54037e+01
    1.81418e+00     7.74252e+02     5.56997e+01
    1.81827e+00     7.73723e+02     5.51944e+01
    1.82236e+00     7.71392e+02     5.52539e+01
    1.82645e+00     7.69974e+02     5.50551e+01
    1.83054e+00     7.70241e+02     5.52012e+01
    1.83463e+00     7.67513e+02     5.44384e+01
    1.83872e+00     7.66964e+02     5.44151e+01
    1.84281e+00     7.65648e+02     5.47143e+01
    1.84691e+00     7.65099e+02     5.45174e+01
    1.85100e+00     7.63524e+02     5.41039e+01
    1.85509e+00     7.60343e+02     5.43841e+01
    1.85918e+00     7.61018e+02     5.39614e+01
    1.86327e+00     7.60469e+02     5.37809e+01
    1.86736e+00     7.58806e+02     5.40063e+01
    1.87145e+00     7.58424e+02     5.38533e+01
    1.87554e+00     7.56485e+02     5.32982e+01
    1.87963e+00     7.54986e+02     5.31509e+01
    1.88372e+00     7.54452e+02     5.33384e+01
    1.88781e+00     7.52993e+02     5.32038e+01
    1.89190e+00     7.52162e+02     5.28188e+01
    1.89599e+00     7.50761e+02     5.28472e+01
    1.90008e+00     7.49757e+02     5.26884e+01
    1.90417e+00     7.47491e+02     5.22683e+01
    1.90827e+00     7.47215e+02     5.25450e+01
    1.91236e+00     7.47191e+02     5.19701e+01
    1.91645e+00     7.44551e+02     5.17279e+01
    1.92054e+00     7.43039e+02     5.15628e+01
    1.92463e+00     7.42922e+02     5.18395e+01
    1.92872e+00     7.40017e+02     5.15678e+01
    1.93281e+00     7.40889e+02     5.15932e+01
    1.93690e+00     7.38438e+02     5.12460e+01
    1.94099e+00     7.38193e+02     5.15092e+01
    1.94508e+00     7.36657e+02     5.11827e+01
    1.94917e+00     7.35523e+02     5.09958e+01
    1.95326e+00     7.33973e+02     5.07189e+01
    1.95735e+00     7.33747e+02     5.07645e+01
    1.96144e+00     7.31418e+02     5.01642e+01
    1.96553e+00     7.31317e+02     5.05553e+01
    1.96962e+00     7.30158e+02     5.05245e+01
    1.97371e+00     7.28020e+02     5.05509e+01
    1.97781e+00     7.28405e+02     5.00037e+01
    1.98190e+00     7.26349e+02     4.99048e+01
    1.98599e+00     7.26139e+02     5.01115e+01
    1.99008e+00     7.24684e+02     4.98724e+01
    1.99417e+00     7.21979e+02     4.96690e+01
    1.99826e+00     7.21050e+02     4.95457e+01
    2.00235e+00     7.20800e+02     4.94970e+01
    2.00644e+00     7.19249e+02     4.91078e+01
    2.01053e+00     7.17960e+02     4.90744e+01
    2.01462e+00     7.16932e+02     4.90743e+01
    2.01871e+00     7.15048e+02     4.89124e+01
    2.02280e+00     7.15670e+02     4.90809e+01
    2.02689e+00     7.13740e+02     4.81874e+01
    2.03098e+00     7.13193e+02     4.86186e+01
    2.03507e+00     7.11107e+02     4.84148e+01
    2.03917e+00     7.09400e+02     4.82138e+01
    2.04325e+00     7.08316e+02     4.80529e+01
    2.04735e+00     7.07634e+02     4.80064e+01
    2.05143e+00     7.07478e+02     4.80259e+01
    2.05552e+00     7.04930e+02     4.79015e+01
    2.05962e+00     7.03919e+02     4.77697e+01
    2.06371e+00     7.03883e+02     4.77506e+01
    2.06780e+00     7.01965e+02     4.74132e+01
    2.07189e+00     7.01214e+02     4.75741e+01
    2.07598e+00     7.00205e+02     4.73718e+01
    2.08007e+00     6.97924e+02     4.71233e+01
    2.08416e+00     6.98040e+02     4.69800e+01
    2.08825e+00     6.97154e+02     4.67953e+01
    2.09234e+00     6.95385e+02     4.66826e+01
    2.09644e+00     6.93628e+02     4.65092e+01
    2.10053e+00     6.93493e+02     4.66802e+01
    2.10461e+00     6.91580e+02     4.66027e+01
    2.10870e+00     6.90846e+02     4.64487e+01
    2.11280e+00     6.90851e+02     4.60972e+01
    2.11688e+00     6.88682e+02     4.61030e+01
    2.12098e+00     6.87348e+02     4.59136e+01
    2.12507e+00     6.85930e+02     4.57778e+01
    2.12916e+00     6.83867e+02     4.56278e+01
    2.13325e+00     6.83419e+02     4.55778e+01
    2.13734e+00     6.82234e+02     4.54605e+01
    2.14143e+00     6.81457e+02     4.52834e+01
    2.14552e+00     6.80872e+02     4.54810e+01
    2.14961e+00     6.78135e+02     4.51306e+01
    2.15370e+00     6.77873e+02     4.52216e+01
    2.15779e+00     6.76777e+02     4.48912e+01
    2.16188e+00     6.75513e+02     4.48102e+01
    2.16597e+00     6.75145e+02     4.47253e+01
    2.17006e+00     6.73316e+02     4.45528e+01
    2.17416e+00     6.71683e+02     4.43686e+01
    2.17825e+00     6.71986e+02     4.45078e+01
    2.18234e+00     6.70336e+02     4.40610e+01
    2.18643e+00     6.68271e+02     4.42330e+01
    2.19052e+00     6.66944e+02     4.38623e+01
    2.19461e+00     6.66271e+02     4.39700e+01
    2.19870e+00     6.64781e+02     4.37275e+01
    2.20279e+00     6.64812e+02     4.35792e+01
    2.20688e+00     6.63245e+02     4.36874e+01
    2.21097e+00     6.61793e+02     4.34984e+01
    2.21506e+00     6.59916e+02     4.33315e+01
    2.21915e+00     6.59415e+02     4.32259e+01
    2.22324e+00     6.58443e+02     4.30630e+01
    2.22733e+00     6.56863e+02     4.30223e+01
    2.23142e+00     6.56467e+02     4.31955e+01
    2.23552e+00     6.55774e+02     4.27625e+01
    2.23961e+00     6.54249e+02     4.25432e+01
    2.24369e+00     6.52790e+02     4.24980e+01
    2.24779e+00     6.51669e+02     4.24108e+01
    2.25188e+00     6.50538e+02     4.24050e+01
    2.25597e+00     6.49280e+02     4.22620e+01
    2.26006e+00     6.48722e+02     4.21554e+01
    2.26415e+00     6.46998e+02     4.20423e+01
    2.26824e+00     6.45987e+02     4.20430e+01
    2.27233e+00     6.45516e+02     4.18748e+01
    2.27642e+00     6.44227e+02     4.18481e+01
    2.28051e+00     6.42477e+02     4.16899e+01
    2.28460e+00     6.42302e+02     4.15900e+01
    2.28869e+00     6.40952e+02     4.15354e+01
    2.29278e+00     6.39210e+02     4.13016e+01
    2.29687e+00     6.38035e+02     4.10828e+01
    2.30096e+00     6.37684e+02     4.12929e+01
    2.30506e+00     6.36739e+02     4.11845e+01
    2.30915e+00     6.35473e+02     4.12188e+01
    2.31324e+00     6.34451e+02     4.06800e+01
    2.31733e+00     6.33407e+02     4.06593e+01
    2.32142e+00     6.31894e+02     4.07591e+01
    2.32551e+00     6.31070e+02     4.06044e+01
    2.32960e+00     6.29386e+02     4.04011e+01
    2.33369e+00     6.28191e+02     4.03720e+01
    2.33778e+00     6.26794e+02     4.01301e+01
    2.34187e+00     6.26538e+02     4.01321e+01
    2.34596e+00     6.24769e+02     4.00453e+01
    2.35005e+00     6.23488e+02     3.98968e+01
    2.35414e+00     6.23763e+02     3.99439e+01
    2.35823e+00     6.21574e+02     3.97301e+01
    2.36232e+00     6.20177e+02     3.95141e+01
    2.36641e+00     6.18711e+02     3.95270e+01
    2.37051e+00     6.19012e+02     3.95804e+01
    2.37460e+00     6.17544e+02     3.93214e+01
    2.37869e+00     6.15546e+02     3.91678e+01
    2.38278e+00     6.15199e+02     3.92650e+01
    2.38687e+00     6.14307e+02     3.91680e+01
    2.39096e+00     6.12726e+02     3.88511e+01
    2.39505e+00     6.11566e+02     3.88302e+01
    2.39914e+00     6.10375e+02     3.86426e+01
    2.40323e+00     6.09836e+02     3.87710e+01
    2.40732e+00     6.09289e+02     3.86183e+01
    2.41141e+00     6.07729e+02     3.86040e+01
    2.41550e+00     6.05596e+02     3.82533e+01
    2.41959e+00     6.05386e+02     3.82415e+01
    2.42368e+00     6.03301e+02     3.82063e+01
    2.42777e+00     6.02337e+02     3.79914e+01
    2.43187e+00     6.01885e+02     3.80054e+01
    2.43596e+00     6.00175e+02     3.77670e+01
    2.44004e+00     5.98772e+02     3.76883e+01
    2.44414e+00     5.98157e+02     3.76472e+01
    2.44823e+00     5.97590e+02     3.75459e+01
    2.45232e+00     5.96226e+02     3.74046e+01
    2.45640e+00     5.95113e+02     3.75727e+01
    2.46050e+00     5.94656e+02     3.73547e+01
    2.46459e+00     5.92407e+02     3.72595e+01
    2.46868e+00     5.92282e+02     3.72517e+01
    2.47277e+00     5.91487e+02     3.73420e+01
    2.47686e+00     5.89528e+02     3.68838e+01
    2.48095e+00     5.89060e+02     3.69784e+01
    2.48504e+00     5.87894e+02     3.67849e+01
    2.48913e+00     5.86596e+02     3.67613e+01
    2.49322e+00     5.85416e+02     3.64453e+01
    2.49731e+00     5.83759e+02     3.64958e+01
    2.50141e+00     5.83457e+02     3.64971e+01
    2.50550e+00     5.82215e+02     3.62268e+01
    2.50959e+00     5.80927e+02     3.61374e+01
    2.51368e+00     5.80052e+02     3.61069e+01
    2.51777e+00     5.78865e+02     3.59371e+01
    2.52186e+00     5.77633e+02     3.59055e+01
    2.52595e+00     5.76536e+02     3.58129e+01
    2.53004e+00     5.75383e+02     3.56076e+01
    2.53413e+00     5.74436e+02     3.56354e+01
    2.53822e+00     5.72557e+02     3.54318e+01
    2.54231e+00     5.72464e+02     3.53987e+01
    2.54640e+00     5.71444e+02     3.53010e+01
    2.55049e+00     5.70837e+02     3.51053e+01
    2.55458e+00     5.68835e+02     3.51380e+01
    2.55867e+00     5.68438e+02     3.51316e+01
    2.56276e+00     5.67639e+02     3.50343e+01
    2.56685e+00     5.65907e+02     3.50465e+01
    2.57095e+00     5.65846e+02     3.48467e+01
    2.57504e+00     5.63247e+02     3.46803e+01
    2.57913e+00     5.62734e+02     3.45318e+01
    2.58322e+00     5.61421e+02     3.45481e+01
    2.58731e+00     5.60675e+02     3.44377e+01
    2.59140e+00     5.60001e+02     3.42596e+01
    2.59549e+00     5.58551e+02     3.41943e+01
    2.59958e+00     5.57321e+02     3.41096e+01
    2.60367e+00     5.56581e+02     3.42076e+01
    2.60776e+00     5.56071e+02     3.39614e+01
    2.61185e+00     5.54587e+02     3.39696e+01
    2.61594e+00     5.53290e+02     3.38933e+01
    2.62003e+00     5.52496e+02     3.38244e+01
    2.62412e+00     5.51648e+02     3.37269e+01
    2.62821e+00     5.50832e+02     3.36113e+01
    2.63230e+00     5.49425e+02     3.34082e+01
    2.63640e+00     5.47842e+02     3.32365e+01
    2.64049e+00     5.47362e+02     3.32999e+01
    2.64457e+00     5.46411e+02     3.32700e+01
    2.64867e+00     5.44530e+02     3.30985e+01
    2.65276e+00     5.43379e+02     3.30424e+01
    2.65685e+00     5.43143e+02     3.29050e+01
    2.66094e+00     5.41651e+02     3.28626e+01
    2.66503e+00     5.40175e+02     3.28143e+01
    2.66912e+00     5.39530e+02     3.26687e+01
    2.67321e+00     5.38849e+02     3.25017e+01
    2.67730e+00     5.37902e+02     3.25202e+01
    2.68139e+00     5.36448e+02     3.23477e+01
    2.68548e+00     5.35255e+02     3.22371e+01
    2.68957e+00     5.34588e+02     3.23756e+01
    2.69366e+00     5.32690e+02     3.21031e+01
    2.69776e+00     5.32270e+02     3.18537e+01
    2.70185e+00     5.30735e+02     3.19797e+01
    2.70594e+00     5.30042e+02     3.18539e+01
    2.71003e+00     5.28270e+02     3.17443e+01
    2.71412e+00     5.27642e+02     3.17339e+01
    2.71821e+00     5.26647e+02     3.15755e+01
    2.72230e+00     5.26713e+02     3.15268e+01
    2.72639e+00     5.24307e+02     3.14268e+01
    2.73048e+00     5.23822e+02     3.13885e+01
    2.73457e+00     5.22852e+02     3.12937e+01
    2.73866e+00     5.21743e+02     3.12291e+01
    2.74275e+00     5.20801e+02     3.10505e+01
    2.74684e+00     5.19519e+02     3.09695e+01
    2.75093e+00     5.18801e+02     3.09311e+01
    2.75502e+00     5.17816e+02     3.08378e+01
    2.75911e+00     5.16966e+02     3.07523e+01
    2.76320e+00     5.15604e+02     3.06588e+01
    2.76730e+00     5.14642e+02     3.05652e+01
    2.77139e+00     5.13975e+02     3.05520e+01
    2.77548e+00     5.12708e+02     3.04930e+01
    2.77957e+00     5.11566e+02     3.03435e+01
    2.78366e+00     5.10873e+02     3.02698e+01
    2.78775e+00     5.09825e+02     3.01329e+01
    2.79184e+00     5.08284e+02     3.00280e+01
    2.79593e+00     5.07590e+02     3.00869e+01
    2.80002e+00     5.06490e+02     2.99369e+01
    2.80411e+00     5.05809e+02     2.98167e+01
    2.80820e+00     5.04875e+02     2.98206e+01
    2.81229e+00     5.03096e+02     2.96210e+01
    2.81638e+00     5.02424e+02     2.96411e+01
    2.82047e+00     5.01700e+02     2.95657e+01
    2.82457e+00     5.00064e+02     2.94333e+01
    2.82866e+00     5.00069e+02     2.93644e+01
    2.83275e+00     4.98638e+02     2.92419e+01
    2.83684e+00     4.97880e+02     2.91850e+01
    2.84093e+00     4.97079e+02     2.90665e+01
    2.84502e+00     4.96321e+02     2.90912e+01
    2.84911e+00     4.94214e+02     2.88945e+01
    2.85320e+00     4.94166e+02     2.89550e+01
    2.85729e+00     4.92654e+02     2.86618e+01
    2.86138e+00     4.91491e+02     2.86879e+01
    2.86547e+00     4.90510e+02     2.86206e+01
    2.86956e+00     4.89483e+02     2.85368e+01
    2.87365e+00     4.88613e+02     2.85335e+01
    2.87774e+00     4.87565e+02     2.83763e+01
    2.88183e+00     4.86833e+02     2.83499e+01
    2.88592e+00     4.85560e+02     2.81858e+01
    2.89001e+00     4.84665e+02     2.80866e+01
    2.89410e+00     4.84124e+02     2.80432e+01
    2.89820e+00     4.83043e+02     2.79317e+01
    2.90229e+00     4.81542e+02     2.79009e+01
    2.90638e+00     4.80923e+02     2.79536e+01
    2.91047e+00     4.80015e+02     2.77131e+01
    2.91456e+00     4.79356e+02     2.76675e+01
    2.91865e+00     4.77919e+02     2.76144e+01
    2.92274e+00     4.76637e+02     2.75172e+01
    2.92683e+00     4.75856e+02     2.74405e+01
    2.93092e+00     4.74911e+02     2.73829e+01
    2.93501e+00     4.73985e+02     2.72708e+01
    2.93910e+00     4.72687e+02     2.71509e+01
    2.94319e+00     4.72146e+02     2.72273e+01
    2.94728e+00     4.70810e+02     2.70208e+01
    2.95137e+00     4.70184e+02     2.69998e+01
    2.95546e+00     4.69070e+02     2.69670e+01
    2.95955e+00     4.68677e+02     2.68860e+01
    2.96364e+00     4.67197e+02     2.67268e+01
    2.96774e+00     4.66368e+02     2.66668e+01
    2.97183e+00     4.65021e+02     2.64828e+01
    2.97592e+00     4.64431e+02     2.65422e+01
    2.98001e+00     4.62937e+02     2.63852e+01
    2.98410e+00     4.62356e+02     2.63278e+01
    2.98819e+00     4.61446e+02     2.62493e+01
    2.99228e+00     4.60781e+02     2.62569e+01
    2.99637e+00     4.59001e+02     2.60604e+01
    3.00046e+00     4.58451e+02     2.60273e+01
    3.00455e+00     4.57661e+02     2.59192e+01
    3.00864e+00     4.56776e+02     2.58880e+01
    3.01273e+00     4.56042e+02     2.58912e+01
    3.01682e+00     4.54823e+02     2.58019e+01
    3.02091e+00     4.54235e+02     2.57241e+01
    3.02500e+00     4.53429e+02     2.56598e+01
    3.02910e+00     4.51966e+02     2.55865e+01
    3.03319e+00     4.51371e+02     2.54599e+01
    3.03728e+00     4.49975e+02     2.53750e+01
    3.04137e+00     4.49689e+02     2.53690e+01
    3.04546e+00     4.48421e+02     2.52397e+01
    3.04955e+00     4.47245e+02     2.51655e+01
    3.05364e+00     4.46826e+02     2.51142e+01
    3.05773e+00     4.45766e+02     2.51061e+01
    3.06182e+00     4.44962e+02     2.49821e+01
    3.06591e+00     4.43354e+02     2.48525e+01
    3.07000e+00     4.42402e+02     2.48297e+01
    3.07409e+00     4.41748e+02     2.47823e+01
    3.07818e+00     4.40973e+02     2.47400e+01
    3.08227e+00     4.39479e+02     2.44767e+01
    3.08636e+00     4.39245e+02     2.45520e+01
    3.09045e+00     4.38641e+02     2.44732e+01
    3.09454e+00     4.37033e+02     2.44359e+01
    3.09863e+00     4.36388e+02     2.42919e+01
    3.10272e+00     4.35206e+02     2.42089e+01
    3.10682e+00     4.34735e+02     2.41975e+01
    3.11091e+00     4.33628e+02     2.41700e+01
    3.11500e+00     4.32974e+02     2.41138e+01
    3.11909e+00     4.31570e+02     2.39219e+01
    3.12318e+00     4.31047e+02     2.38519e+01
    3.12727e+00     4.30499e+02     2.38743e+01
    3.13136e+00     4.29181e+02     2.37310e+01
    3.13545e+00     4.28037e+02     2.36283e+01
    3.13954e+00     4.27298e+02     2.36111e+01
    3.14363e+00     4.26758e+02     2.35708e+01
    3.14772e+00     4.25594e+02     2.35049e+01
    3.15181e+00     4.24539e+02     2.33572e+01
    3.15590e+00     4.23591e+02     2.33552e+01
    3.16000e+00     4.22863e+02     2.33155e+01
    3.16409e+00     4.21702e+02     2.31913e+01
    3.16818e+00     4.21205e+02     2.31612e+01
    3.17227e+00     4.20366e+02     2.30040e+01
    3.17636e+00     4.19124e+02     2.29895e+01
    3.18045e+00     4.18328e+02     2.28816e+01
    3.18454e+00     4.17640e+02     2.28194e+01
    3.18863e+00     4.16708e+02     2.28288e+01
    3.19272e+00     4.15941e+02     2.27800e+01
    3.19681e+00     4.14728e+02     2.26759e+01
    3.20090e+00     4.13950e+02     2.25916e+01
    3.20499e+00     4.13444e+02     2.25257e+01
    3.20908e+00     4.12010e+02     2.23868e+01
    3.21317e+00     4.11362e+02     2.23122e+01
    3.21726e+00     4.10208e+02     2.22853e+01
    3.22135e+00     4.09840e+02     2.22582e+01
    3.22545e+00     4.08868e+02     2.21705e+01
    3.22954e+00     4.07822e+02     2.20917e+01
    3.23363e+00     4.07205e+02     2.20174e+01
    3.23772e+00     4.05996e+02     2.19490e+01
    3.24181e+00     4.05087e+02     2.19038e+01
    3.24590e+00     4.04434e+02     2.18573e+01
    3.24999e+00     4.03659e+02     2.18099e+01
    3.25408e+00     4.02772e+02     2.16878e+01
    3.25817e+00     4.02004e+02     2.16917e+01
    3.26226e+00     4.01110e+02     2.15688e+01
    3.26635e+00     4.00050e+02     2.14989e+01
    3.27044e+00     3.99182e+02     2.14239e+01
    3.27453e+00     3.98381e+02     2.14110e+01
    3.27862e+00     3.97644e+02     2.13434e+01
    3.28271e+00     3.96720e+02     2.12638e+01
    3.28681e+00     3.96087e+02     2.11421e+01
    3.29090e+00     3.95091e+02     2.11222e+01
    3.29499e+00     3.93911e+02     2.10662e+01
    3.29908e+00     3.93366e+02     2.10283e+01
    3.30317e+00     3.92822e+02     2.09781e+01
    3.30725e+00     3.91773e+02     2.08710e+01
    3.31135e+00     3.90954e+02     2.08091e+01
    3.31544e+00     3.89918e+02     2.07333e+01
    3.31953e+00     3.89168e+02     2.07123e+01
    3.32362e+00     3.88348e+02     2.06124e+01
    3.32771e+00     3.87513e+02     2.05332e+01
    3.33180e+00     3.86591e+02     2.04634e+01
    3.33589e+00     3.85992e+02     2.04492e+01
    3.33998e+00     3.85004e+02     2.03746e+01
    3.34407e+00     3.84481e+02     2.03529e+01
    3.34816e+00     3.83125e+02     2.02467e+01
    3.35226e+00     3.82870e+02     2.01749e+01
    3.35634e+00     3.81865e+02     2.01663e+01
    3.36043e+00     3.81231e+02     2.00919e+01
    3.36453e+00     3.80550e+02     2.00568e+01
    3.36862e+00     3.79296e+02     1.99194e+01
    3.37271e+00     3.78653e+02     1.98998e+01
    3.37680e+00     3.77858e+02     1.98324e+01
    3.38089e+00     3.77293e+02     1.97122e+01
    3.38498e+00     3.76372e+02     1.97020e+01
    3.38907e+00     3.75616e+02     1.96524e+01
    3.39316e+00     3.74593e+02     1.95755e+01
    3.39725e+00     3.73851e+02     1.94880e+01
    3.40134e+00     3.72747e+02     1.94582e+01
    3.40543e+00     3.72456e+02     1.93804e+01
    3.40952e+00     3.71294e+02     1.93050e+01
    3.41362e+00     3.70686e+02     1.92902e+01
    3.41770e+00     3.69958e+02     1.92351e+01
    3.42179e+00     3.69114e+02     1.91591e+01
    3.42588e+00     3.68561e+02     1.90957e+01
    3.42997e+00     3.67655e+02     1.90747e+01
    3.43406e+00     3.66876e+02     1.89736e+01
    3.43816e+00     3.66120e+02     1.89453e+01
    3.44225e+00     3.65003e+02     1.88583e+01
    3.44634e+00     3.64465e+02     1.88510e+01
    3.45043e+00     3.63482e+02     1.86845e+01
    3.45452e+00     3.62761e+02     1.86886e+01
    3.45861e+00     3.62226e+02     1.86352e+01
    3.46270e+00     3.61050e+02     1.85621e+01
    3.46679e+00     3.60591e+02     1.85079e+01
    3.47088e+00     3.59871e+02     1.84662e+01
    3.47497e+00     3.59018e+02     1.84647e+01
    3.47906e+00     3.58406e+02     1.83776e+01
    3.48315e+00     3.57639e+02     1.82933e+01
    3.48725e+00     3.56836e+02     1.82857e+01
    3.49134e+00     3.56089e+02     1.82175e+01
    3.49543e+00     3.55163e+02     1.81441e+01
    3.49952e+00     3.54551e+02     1.80798e+01
    3.50361e+00     3.53765e+02     1.79986e+01
    3.50770e+00     3.53088e+02     1.79880e+01
    3.51179e+00     3.52232e+02     1.78897e+01
    3.51588e+00     3.51531e+02     1.78266e+01
    3.51997e+00     3.51124e+02     1.77979e+01
    3.52406e+00     3.50038e+02     1.76914e+01
    3.52815e+00     3.49210e+02     1.76892e+01
    3.53224e+00     3.48725e+02     1.76285e+01
    3.53633e+00     3.48066e+02     1.75987e+01
    3.54042e+00     3.47179e+02     1.75377e+01
    3.54451e+00     3.46413e+02     1.74370e+01
    3.54860e+00     3.45779e+02     1.74356e+01
    3.55270e+00     3.44722e+02     1.73618e+01
    3.55679e+00     3.44187e+02     1.72906e+01
    3.56088e+00     3.43409e+02     1.72622e+01
    3.56497e+00     3.42525e+02     1.72382e+01
    3.56906e+00     3.42201e+02     1.71677e+01
    3.57315e+00     3.41148e+02     1.71007e+01
    3.57724e+00     3.40529e+02     1.70412e+01
    3.58133e+00     3.40180e+02     1.70618e+01
    3.58542e+00     3.39274e+02     1.69553e+01
    3.58951e+00     3.38378e+02     1.69400e+01
    3.59360e+00     3.37597e+02     1.68559e+01
    3.59769e+00     3.37051e+02     1.67961e+01
    3.60178e+00     3.36347e+02     1.67350e+01
    3.60587e+00     3.35926e+02     1.66919e+01
    3.60996e+00     3.34985e+02     1.66533e+01
    3.61405e+00     3.34167e+02     1.66211e+01
    3.61814e+00     3.33488e+02     1.65761e+01
    3.62224e+00     3.32550e+02     1.64616e+01
    3.62633e+00     3.31889e+02     1.64594e+01
    3.63042e+00     3.31495e+02     1.64007e+01
    3.63451e+00     3.30686e+02     1.63580e+01
    3.63860e+00     3.30257e+02     1.63095e+01
    3.64269e+00     3.29386e+02     1.63078e+01
    3.64678e+00     3.28979e+02     1.61858e+01
    3.65087e+00     3.27993e+02     1.61121e+01
    3.65496e+00     3.27499e+02     1.61249e+01
    3.65905e+00     3.26431e+02     1.60119e+01
    3.66314e+00     3.25937e+02     1.59716e+01
    3.66723e+00     3.25310e+02     1.59883e+01
    3.67132e+00     3.24796e+02     1.59355e+01
    3.67541e+00     3.23982e+02     1.58644e+01
    3.67950e+00     3.23378e+02     1.58175e+01
    3.68359e+00     3.22601e+02     1.57458e+01
    3.68769e+00     3.21664e+02     1.57402e+01
    3.69177e+00     3.21272e+02     1.56680e+01
    3.69587e+00     3.20623e+02     1.56180e+01
    3.69996e+00     3.20066e+02     1.55396e+01
    3.70405e+00     3.19321e+02     1.55847e+01
    3.70814e+00     3.18928e+02     1.54679e+01
    3.71223e+00     3.18148e+02     1.54466e+01
    3.71632e+00     3.17418e+02     1.53871e+01
    3.72041e+00     3.16467e+02     1.53434e+01
    3.72450e+00     3.16068e+02     1.52950e+01
    3.72859e+00     3.15421e+02     1.52388e+01
    3.73268e+00     3.14914e+02     1.52185e+01
    3.73677e+00     3.14082e+02     1.51777e+01
    3.74086e+00     3.13317e+02     1.51133e+01
    3.74495e+00     3.12922e+02     1.50890e+01
    3.74905e+00     3.12279e+02     1.50342e+01
    3.75313e+00     3.11613e+02     1.49856e+01
    3.75722e+00     3.10771e+02     1.49445e+01
    3.76131e+00     3.10167e+02     1.48760e+01
    3.76541e+00     3.09519e+02     1.48624e+01
    3.76950e+00     3.09158e+02     1.47932e+01
    3.77359e+00     3.08241e+02     1.47421e+01
    3.77768e+00     3.07652e+02     1.47076e+01
    3.78177e+00     3.07257e+02     1.47119e+01
    3.78586e+00     3.06537e+02     1.46382e+01
    3.78995e+00     3.05989e+02     1.45613e+01
    3.79404e+00     3.05271e+02     1.45505e+01
    3.79813e+00     3.04800e+02     1.45035e+01
    3.80222e+00     3.04289e+02     1.44671e+01
    3.80632e+00     3.03185e+02     1.43889e+01
    3.81040e+00     3.02834e+02     1.43669e+01
    3.81449e+00     3.02109e+02     1.43247e+01
    3.81859e+00     3.01601e+02     1.43049e+01
    3.82268e+00     3.00890e+02     1.42277e+01
    3.82677e+00     3.00500e+02     1.42241e+01
    3.83086e+00     2.99597e+02     1.41318e+01
    3.83495e+00     2.99171e+02     1.41175e+01
    3.83904e+00     2.98704e+02     1.40634e+01
    3.84313e+00     2.97932e+02     1.40302e+01
    3.84722e+00     2.97615e+02     1.39740e+01
    3.85131e+00     2.96761e+02     1.39259e+01
    3.85540e+00     2.96229e+02     1.39193e+01
    3.85949e+00     2.95570e+02     1.38822e+01
    3.86358e+00     2.94897e+02     1.38019e+01
    3.86768e+00     2.94624e+02     1.37947e+01
    3.87177e+00     2.93931e+02     1.37656e+01
    3.87585e+00     2.93210e+02     1.37052e+01
    3.87994e+00     2.92732e+02     1.36675e+01
    3.88403e+00     2.92268e+02     1.36469e+01
    3.88813e+00     2.91650e+02     1.35850e+01
    3.89222e+00     2.90876e+02     1.35632e+01
    3.89631e+00     2.90429e+02     1.34682e+01
    3.90040e+00     2.89804e+02     1.34717e+01
    3.90449e+00     2.89201e+02     1.34333e+01
    3.90858e+00     2.88911e+02     1.34268e+01
    3.91267e+00     2.88110e+02     1.33370e+01
    3.91676e+00     2.87566e+02     1.33107e+01
    3.92085e+00     2.86964e+02     1.32599e+01
    3.92494e+00     2.86588e+02     1.32171e+01
    3.92903e+00     2.86008e+02     1.31968e+01
    3.93312e+00     2.85310e+02     1.31521e+01
    3.93721e+00     2.84843e+02     1.31368e+01
    3.94130e+00     2.84234e+02     1.30973e+01
    3.94539e+00     2.83828e+02     1.30468e+01
    3.94949e+00     2.83265e+02     1.30281e+01
    3.95358e+00     2.82639e+02     1.29747e+01
    3.95767e+00     2.82234e+02     1.29279e+01
    3.96176e+00     2.81664e+02     1.29121e+01
    3.96585e+00     2.80959e+02     1.28555e+01
    3.96994e+00     2.80622e+02     1.28424e+01
    3.97403e+00     2.80057e+02     1.28158e+01
    3.97812e+00     2.79570e+02     1.27530e+01
    3.98221e+00     2.78997e+02     1.27344e+01
    3.98630e+00     2.78480e+02     1.26990e+01
    3.99039e+00     2.77818e+02     1.26376e+01
    3.99448e+00     2.77455e+02     1.26164e+01
    3.99857e+00     2.76932e+02     1.25935e+01
    4.00266e+00     2.76206e+02     1.25420e+01
    4.00675e+00     2.75991e+02     1.25465e+01
    4.01085e+00     2.75196e+02     1.24834e+01
    4.01494e+00     2.74748e+02     1.24349e+01
    4.01902e+00     2.74376e+02     1.24246e+01
    4.02312e+00     2.73788e+02     1.24090e+01
    4.02721e+00     2.73244e+02     1.23419e+01
    4.03130e+00     2.72738e+02     1.23423e+01
    4.03539e+00     2.72292e+02     1.22841e+01
    4.03948e+00     2.71551e+02     1.22445e+01
    4.04357e+00     2.71085e+02     1.22253e+01
    4.04766e+00     2.70882e+02     1.21708e+01
    4.05175e+00     2.69933e+02     1.21587e+01
    4.05584e+00     2.69592e+02     1.21046e+01
    4.05993e+00     2.69046e+02     1.20634e+01
    4.06402e+00     2.68784e+02     1.20718e+01
    4.06811e+00     2.68228e+02     1.19982e+01
    4.07220e+00     2.67608e+02     1.19595e+01
    4.07630e+00     2.67131e+02     1.19571e+01
    4.08038e+00     2.66837e+02     1.19111e+01
    4.08447e+00     2.66278e+02     1.18951e+01
    4.08857e+00     2.66153e+02     1.18566e+01
    4.09266e+00     2.65400e+02     1.18426e+01
    4.09675e+00     2.64703e+02     1.17897e+01
    4.10084e+00     2.64252e+02     1.17541e+01
    4.10493e+00     2.63894e+02     1.17403e+01
    4.10902e+00     2.63480e+02     1.16940e+01
    4.11311e+00     2.63037e+02     1.16533e+01
    4.11720e+00     2.62590e+02     1.16483e+01
    4.12129e+00     2.62073e+02     1.15971e+01
    4.12538e+00     2.61639e+02     1.15836e+01
    4.12947e+00     2.61283e+02     1.15462e+01
    4.13356e+00     2.60743e+02     1.15174e+01
    4.13765e+00     2.60102e+02     1.14702e+01
    4.14175e+00     2.59829e+02     1.14681e+01
    4.14584e+00     2.59331e+02     1.14561e+01
    4.14993e+00     2.58941e+02     1.13870e+01
    4.15402e+00     2.58348e+02     1.13765e+01
    4.15811e+00     2.58100e+02     1.13578e+01
    4.16220e+00     2.57613e+02     1.13168e+01
    4.16629e+00     2.57233e+02     1.12899e+01
    4.17038e+00     2.56556e+02     1.12537e+01
    4.17447e+00     2.56025e+02     1.11985e+01
    4.17856e+00     2.55607e+02     1.11933e+01
    4.18265e+00     2.55222e+02     1.11750e+01
    4.18674e+00     2.54942e+02     1.11375e+01
