# Real space h-h auto- and h-m cross-spectra.
# z=0.000, 12.000<lgM<12.500
#      k[h/Mpc]            P_hh            P_hm
    0.00000e+00     0.00000e+00     0.00000e+00
    5.79404e-03     8.83779e+03     9.94248e+03
    1.04717e-02     2.02989e+04     2.40063e+04
    1.42665e-02     1.72630e+04     2.07061e+04
    1.81228e-02     1.74656e+04     2.05276e+04
    2.24845e-02     1.73955e+04     2.07901e+04
    2.64508e-02     1.32979e+04     1.54810e+04
    3.04474e-02     1.35387e+04     1.59031e+04
    3.47320e-02     1.08656e+04     1.27566e+04
    3.88308e-02     1.03674e+04     1.19343e+04
    4.28140e-02     9.89238e+03     1.14283e+04
    4.68856e-02     9.08499e+03     1.04594e+04
    5.09858e-02     8.61365e+03     9.82061e+03
    5.51458e-02     7.88718e+03     9.02555e+03
    5.92243e-02     7.23426e+03     8.17778e+03
    6.32864e-02     7.31736e+03     8.19962e+03
    6.73674e-02     6.90664e+03     7.76439e+03
    7.14960e-02     6.51779e+03     7.32666e+03
    7.55894e-02     6.21487e+03     6.90723e+03
    7.96660e-02     5.68254e+03     6.24729e+03
    8.38183e-02     5.27976e+03     5.76675e+03
    8.78941e-02     4.95453e+03     5.33402e+03
    9.19238e-02     4.66311e+03     5.00621e+03
    9.60446e-02     4.28423e+03     4.58106e+03
    1.00128e-01     4.01576e+03     4.23273e+03
    1.04209e-01     3.82669e+03     4.00596e+03
    1.08333e-01     3.69630e+03     3.83539e+03
    1.12448e-01     3.45232e+03     3.58171e+03
    1.16521e-01     3.37998e+03     3.50240e+03
    1.20596e-01     3.31816e+03     3.43393e+03
    1.24665e-01     3.14414e+03     3.20778e+03
    1.28771e-01     3.10304e+03     3.14151e+03
    1.32874e-01     3.04367e+03     3.08345e+03
    1.36975e-01     2.76239e+03     2.76611e+03
    1.41075e-01     2.75778e+03     2.75465e+03
    1.45172e-01     2.60470e+03     2.56035e+03
    1.49268e-01     2.53940e+03     2.48595e+03
    1.53330e-01     2.40162e+03     2.34002e+03
    1.57416e-01     2.27605e+03     2.17379e+03
    1.61514e-01     2.25429e+03     2.14327e+03
    1.65592e-01     2.16354e+03     2.05634e+03
    1.69693e-01     2.12408e+03     1.98049e+03
    1.73803e-01     2.03021e+03     1.89102e+03
    1.77905e-01     1.97746e+03     1.82625e+03
    1.82001e-01     1.92464e+03     1.77733e+03
    1.86092e-01     1.88719e+03     1.72778e+03
    1.90161e-01     1.83315e+03     1.66039e+03
    1.94237e-01     1.79773e+03     1.63109e+03
    1.98334e-01     1.76122e+03     1.56175e+03
    2.02427e-01     1.70662e+03     1.50333e+03
    2.06523e-01     1.65627e+03     1.46385e+03
    2.10626e-01     1.63105e+03     1.41791e+03
    2.14724e-01     1.59238e+03     1.37686e+03
    2.18827e-01     1.53097e+03     1.31496e+03
    2.22903e-01     1.51903e+03     1.28723e+03
    2.26990e-01     1.47702e+03     1.25370e+03
    2.31084e-01     1.43855e+03     1.19330e+03
    2.35153e-01     1.40598e+03     1.15842e+03
    2.39244e-01     1.40245e+03     1.15586e+03
    2.43338e-01     1.34247e+03     1.09374e+03
    2.47445e-01     1.33901e+03     1.07746e+03
    2.51539e-01     1.32766e+03     1.07438e+03
    2.55609e-01     1.28673e+03     1.02428e+03
    2.59718e-01     1.25234e+03     9.88630e+02
    2.63814e-01     1.25553e+03     9.82249e+02
    2.67904e-01     1.21740e+03     9.43163e+02
    2.71993e-01     1.20069e+03     9.30235e+02
    2.76068e-01     1.17775e+03     9.02897e+02
    2.80171e-01     1.15546e+03     8.73829e+02
    2.84268e-01     1.14814e+03     8.56269e+02
    2.88346e-01     1.11837e+03     8.33360e+02
    2.92426e-01     1.10579e+03     8.06731e+02
    2.96514e-01     1.09872e+03     8.00662e+02
    3.00627e-01     1.07407e+03     7.78843e+02
    3.04729e-01     1.06456e+03     7.57547e+02
    3.08821e-01     1.04658e+03     7.51541e+02
    3.12919e-01     1.02473e+03     7.27629e+02
    3.16999e-01     1.01166e+03     7.10770e+02
    3.21078e-01     1.00651e+03     7.00542e+02
    3.25167e-01     9.92104e+02     6.80115e+02
    3.29247e-01     9.82127e+02     6.70580e+02
    3.33333e-01     9.73551e+02     6.60308e+02
    3.37443e-01     9.60346e+02     6.48422e+02
    3.41545e-01     9.48952e+02     6.35139e+02
    3.45625e-01     9.26935e+02     6.06680e+02
    3.49715e-01     9.21619e+02     6.05767e+02
    3.53817e-01     9.19819e+02     5.98190e+02
    3.57906e-01     9.03180e+02     5.83161e+02
    3.61975e-01     8.95678e+02     5.75829e+02
    3.66071e-01     8.84361e+02     5.62833e+02
    3.70189e-01     8.72122e+02     5.47864e+02
    3.74277e-01     8.68156e+02     5.40772e+02
    3.78356e-01     8.55864e+02     5.33136e+02
    3.82448e-01     8.47197e+02     5.21829e+02
    3.86535e-01     8.42388e+02     5.09318e+02
    3.90624e-01     8.38050e+02     5.07312e+02
    3.94706e-01     8.27459e+02     4.97689e+02
    3.98794e-01     8.16111e+02     4.81261e+02
    4.02896e-01     8.14660e+02     4.81539e+02
    4.06986e-01     8.04684e+02     4.70354e+02
    4.11069e-01     7.94862e+02     4.66626e+02
    4.15170e-01     7.88018e+02     4.51316e+02
    4.19263e-01     7.84607e+02     4.47520e+02
    4.23353e-01     7.75501e+02     4.35744e+02
    4.27447e-01     7.72967e+02     4.34385e+02
    4.31534e-01     7.66305e+02     4.25571e+02
    4.35624e-01     7.56949e+02     4.18605e+02
    4.39718e-01     7.60094e+02     4.14240e+02
    4.43804e-01     7.46880e+02     4.07236e+02
    4.47892e-01     7.44908e+02     4.04816e+02
    4.51977e-01     7.36023e+02     3.94178e+02
    4.56067e-01     7.32516e+02     3.87538e+02
    4.60165e-01     7.27461e+02     3.83474e+02
    4.64260e-01     7.19337e+02     3.77313e+02
    4.68355e-01     7.16977e+02     3.69488e+02
    4.72450e-01     7.14080e+02     3.66268e+02
    4.76540e-01     7.10931e+02     3.62648e+02
    4.80633e-01     7.03607e+02     3.55116e+02
    4.84718e-01     7.01071e+02     3.52389e+02
    4.88794e-01     6.92154e+02     3.46902e+02
    4.92888e-01     6.87930e+02     3.38496e+02
    4.96984e-01     6.81269e+02     3.34992e+02
    5.01073e-01     6.77623e+02     3.28064e+02
    5.05169e-01     6.74759e+02     3.25403e+02
    5.09268e-01     6.72832e+02     3.19449e+02
    5.13369e-01     6.70424e+02     3.17668e+02
    5.17441e-01     6.67469e+02     3.13988e+02
    5.21516e-01     6.59935e+02     3.08641e+02
    5.25611e-01     6.55031e+02     3.03521e+02
    5.29706e-01     6.53920e+02     2.98597e+02
    5.33801e-01     6.50161e+02     2.99856e+02
    5.37888e-01     6.44295e+02     2.92491e+02
    5.41985e-01     6.41801e+02     2.87793e+02
    5.46091e-01     6.37003e+02     2.85828e+02
    5.50174e-01     6.34142e+02     2.82821e+02
    5.54252e-01     6.34578e+02     2.80554e+02
    5.58346e-01     6.28425e+02     2.72674e+02
    5.62439e-01     6.25505e+02     2.69486e+02
    5.66527e-01     6.25472e+02     2.68015e+02
    5.70616e-01     6.21102e+02     2.62876e+02
    5.74707e-01     6.14590e+02     2.60131e+02
    5.78798e-01     6.10804e+02     2.56462e+02
    5.82883e-01     6.11819e+02     2.53763e+02
    5.86977e-01     6.08975e+02     2.51820e+02
    5.91070e-01     6.05299e+02     2.47711e+02
    5.95166e-01     6.03173e+02     2.46841e+02
    5.99260e-01     6.00777e+02     2.43278e+02
    6.03349e-01     5.99089e+02     2.41147e+02
    6.07445e-01     5.99188e+02     2.37424e+02
    6.11543e-01     5.95627e+02     2.37321e+02
    6.15623e-01     5.88364e+02     2.30234e+02
    6.19704e-01     5.86954e+02     2.28702e+02
    6.23792e-01     5.85064e+02     2.25901e+02
    6.27891e-01     5.82720e+02     2.22980e+02
    6.31991e-01     5.79010e+02     2.20831e+02
    6.36073e-01     5.74642e+02     2.17043e+02
    6.40158e-01     5.73638e+02     2.16897e+02
    6.44244e-01     5.74251e+02     2.12868e+02
    6.48338e-01     5.69456e+02     2.10052e+02
    6.52432e-01     5.69754e+02     2.07655e+02
    6.56514e-01     5.66875e+02     2.07323e+02
    6.60609e-01     5.63068e+02     2.02960e+02
    6.64712e-01     5.63220e+02     2.00225e+02
    6.68801e-01     5.61113e+02     2.00286e+02
    6.72890e-01     5.58028e+02     1.97644e+02
    6.76984e-01     5.54828e+02     1.95059e+02
    6.81074e-01     5.53892e+02     1.92483e+02
    6.85160e-01     5.52246e+02     1.92559e+02
    6.89246e-01     5.51209e+02     1.91308e+02
    6.93336e-01     5.47553e+02     1.86565e+02
    6.97434e-01     5.48034e+02     1.84448e+02
    7.01528e-01     5.44426e+02     1.82324e+02
    7.05618e-01     5.41696e+02     1.80914e+02
    7.09708e-01     5.40243e+02     1.79765e+02
    7.13796e-01     5.38046e+02     1.78237e+02
    7.17892e-01     5.37826e+02     1.75938e+02
    7.21982e-01     5.36034e+02     1.73524e+02
    7.26059e-01     5.33545e+02     1.70945e+02
    7.30145e-01     5.29630e+02     1.68798e+02
    7.34240e-01     5.28461e+02     1.68129e+02
    7.38340e-01     5.28968e+02     1.68113e+02
    7.42427e-01     5.27886e+02     1.65376e+02
    7.46511e-01     5.26652e+02     1.64049e+02
    7.50614e-01     5.21534e+02     1.60518e+02
    7.54706e-01     5.21779e+02     1.60092e+02
    7.58795e-01     5.19278e+02     1.58194e+02
    7.62888e-01     5.17380e+02     1.57303e+02
    7.66986e-01     5.15510e+02     1.54968e+02
    7.71073e-01     5.16308e+02     1.56216e+02
    7.75153e-01     5.16443e+02     1.53543e+02
    7.79241e-01     5.11128e+02     1.50931e+02
    7.83335e-01     5.12500e+02     1.51536e+02
    7.87426e-01     5.09863e+02     1.47892e+02
    7.91513e-01     5.09922e+02     1.46935e+02
    7.95606e-01     5.05293e+02     1.45275e+02
    7.99702e-01     5.04445e+02     1.43053e+02
    8.03798e-01     5.04846e+02     1.42721e+02
    8.07879e-01     5.01192e+02     1.40547e+02
    8.11963e-01     5.02118e+02     1.39847e+02
    8.16059e-01     4.99764e+02     1.37855e+02
    8.20152e-01     4.98914e+02     1.38072e+02
    8.24242e-01     4.94811e+02     1.35593e+02
    8.28331e-01     4.95590e+02     1.33854e+02
    8.32425e-01     4.94754e+02     1.33505e+02
    8.36516e-01     4.93689e+02     1.32330e+02
    8.40610e-01     4.91622e+02     1.30648e+02
    8.44704e-01     4.91014e+02     1.30104e+02
    8.48790e-01     4.89092e+02     1.28684e+02
    8.52876e-01     4.87373e+02     1.27277e+02
    8.56967e-01     4.87440e+02     1.26627e+02
    8.61059e-01     4.85929e+02     1.25575e+02
    8.65147e-01     4.84635e+02     1.24191e+02
    8.69235e-01     4.83299e+02     1.23201e+02
    8.73334e-01     4.81743e+02     1.21645e+02
    8.77429e-01     4.80297e+02     1.21830e+02
    8.81512e-01     4.78853e+02     1.19035e+02
    8.85601e-01     4.79897e+02     1.18994e+02
    8.89691e-01     4.76918e+02     1.17812e+02
    8.93784e-01     4.76876e+02     1.17564e+02
    8.97875e-01     4.75328e+02     1.16745e+02
    9.01960e-01     4.72680e+02     1.14996e+02
    9.06054e-01     4.73218e+02     1.13629e+02
    9.10146e-01     4.71428e+02     1.12116e+02
    9.14237e-01     4.70415e+02     1.11904e+02
    9.18331e-01     4.69059e+02     1.09965e+02
    9.22421e-01     4.68243e+02     1.09431e+02
    9.26509e-01     4.68376e+02     1.08339e+02
    9.30598e-01     4.67203e+02     1.07101e+02
    9.34692e-01     4.65226e+02     1.07263e+02
    9.38787e-01     4.63638e+02     1.04925e+02
    9.42873e-01     4.62725e+02     1.05043e+02
    9.46961e-01     4.62753e+02     1.04881e+02
    9.51054e-01     4.61022e+02     1.02481e+02
    9.55150e-01     4.59934e+02     1.03129e+02
    9.59240e-01     4.58081e+02     1.01542e+02
    9.63327e-01     4.57831e+02     1.00316e+02
    9.67420e-01     4.56053e+02     9.90628e+01
    9.71506e-01     4.55067e+02     9.88650e+01
    9.75588e-01     4.55894e+02     9.91536e+01
    9.79678e-01     4.54033e+02     9.63853e+01
    9.83773e-01     4.54819e+02     9.70962e+01
    9.87866e-01     4.51721e+02     9.63305e+01
    9.91960e-01     4.50570e+02     9.43649e+01
    9.96055e-01     4.49847e+02     9.40212e+01
    1.00015e+00     4.49252e+02     9.32553e+01
    1.00424e+00     4.48360e+02     9.30394e+01
    1.00832e+00     4.47065e+02     9.19641e+01
    1.01242e+00     4.47527e+02     9.18346e+01
    1.01651e+00     4.46401e+02     9.07034e+01
    1.02059e+00     4.44459e+02     8.93934e+01
    1.02468e+00     4.44267e+02     8.90925e+01
    1.02878e+00     4.44404e+02     8.90387e+01
    1.03287e+00     4.41535e+02     8.71431e+01
    1.03695e+00     4.40801e+02     8.66808e+01
    1.04105e+00     4.40121e+02     8.60993e+01
    1.04515e+00     4.39164e+02     8.52070e+01
    1.04923e+00     4.37789e+02     8.46253e+01
    1.05332e+00     4.37895e+02     8.41101e+01
    1.05741e+00     4.36965e+02     8.36213e+01
    1.06150e+00     4.35546e+02     8.26090e+01
    1.06559e+00     4.35094e+02     8.22465e+01
    1.06968e+00     4.34686e+02     8.25932e+01
    1.07377e+00     4.33495e+02     8.04025e+01
    1.07786e+00     4.33680e+02     8.06770e+01
    1.08195e+00     4.31284e+02     7.94721e+01
    1.08605e+00     4.30174e+02     7.83850e+01
    1.09014e+00     4.30438e+02     7.86459e+01
    1.09422e+00     4.30198e+02     7.85524e+01
    1.09832e+00     4.27761e+02     7.74979e+01
    1.10242e+00     4.26921e+02     7.74622e+01
    1.10650e+00     4.26958e+02     7.59248e+01
    1.11059e+00     4.27376e+02     7.56475e+01
    1.11468e+00     4.24864e+02     7.47254e+01
    1.11878e+00     4.24366e+02     7.50298e+01
    1.12287e+00     4.23580e+02     7.36202e+01
    1.12695e+00     4.23691e+02     7.29864e+01
    1.13105e+00     4.21304e+02     7.33470e+01
    1.13514e+00     4.21581e+02     7.21591e+01
    1.13922e+00     4.20902e+02     7.11755e+01
    1.14331e+00     4.18908e+02     7.11540e+01
    1.14741e+00     4.18186e+02     7.02361e+01
    1.15150e+00     4.17296e+02     7.02745e+01
    1.15559e+00     4.18026e+02     7.00921e+01
    1.15968e+00     4.17238e+02     6.90136e+01
    1.16377e+00     4.16794e+02     6.88690e+01
    1.16786e+00     4.15239e+02     6.83000e+01
    1.17195e+00     4.14052e+02     6.80280e+01
    1.17604e+00     4.13547e+02     6.73934e+01
    1.18013e+00     4.13726e+02     6.71585e+01
    1.18422e+00     4.12224e+02     6.66624e+01
    1.18831e+00     4.10752e+02     6.52483e+01
    1.19240e+00     4.11133e+02     6.57962e+01
    1.19649e+00     4.09057e+02     6.48817e+01
    1.20059e+00     4.09790e+02     6.39862e+01
    1.20468e+00     4.08469e+02     6.40679e+01
    1.20877e+00     4.06615e+02     6.31481e+01
    1.21286e+00     4.06112e+02     6.26904e+01
    1.21695e+00     4.06107e+02     6.30306e+01
    1.22104e+00     4.05323e+02     6.21049e+01
    1.22513e+00     4.05792e+02     6.16866e+01
    1.22922e+00     4.03765e+02     6.14639e+01
    1.23330e+00     4.02744e+02     6.13688e+01
    1.23740e+00     4.01546e+02     6.04366e+01
    1.24149e+00     4.02130e+02     6.01779e+01
    1.24558e+00     4.01667e+02     5.94251e+01
    1.24967e+00     4.00444e+02     5.92787e+01
    1.25376e+00     4.00094e+02     5.86698e+01
    1.25785e+00     3.99546e+02     5.83435e+01
    1.26194e+00     3.98221e+02     5.75593e+01
    1.26603e+00     3.98280e+02     5.81196e+01
    1.27012e+00     3.96634e+02     5.70027e+01
    1.27422e+00     3.97231e+02     5.68830e+01
    1.27831e+00     3.95887e+02     5.62360e+01
    1.28240e+00     3.94831e+02     5.61948e+01
    1.28649e+00     3.94260e+02     5.52894e+01
    1.29058e+00     3.93533e+02     5.52103e+01
    1.29467e+00     3.92948e+02     5.52781e+01
    1.29876e+00     3.93037e+02     5.43483e+01
    1.30285e+00     3.92096e+02     5.36868e+01
    1.30694e+00     3.91925e+02     5.39294e+01
    1.31103e+00     3.90806e+02     5.34860e+01
    1.31512e+00     3.89654e+02     5.29424e+01
    1.31921e+00     3.89223e+02     5.23209e+01
    1.32331e+00     3.88403e+02     5.26332e+01
    1.32739e+00     3.87331e+02     5.22698e+01
    1.33148e+00     3.87457e+02     5.15088e+01
    1.33558e+00     3.85873e+02     5.11252e+01
    1.33967e+00     3.85305e+02     5.10519e+01
    1.34376e+00     3.85316e+02     5.08010e+01
    1.34785e+00     3.84514e+02     5.03732e+01
    1.35195e+00     3.83891e+02     5.00264e+01
    1.35603e+00     3.83708e+02     4.97320e+01
    1.36011e+00     3.81827e+02     4.87331e+01
    1.36421e+00     3.81959e+02     4.89534e+01
    1.36830e+00     3.80697e+02     4.90062e+01
    1.37239e+00     3.80337e+02     4.84641e+01
    1.37648e+00     3.79446e+02     4.82318e+01
    1.38057e+00     3.79765e+02     4.77063e+01
    1.38466e+00     3.78798e+02     4.74202e+01
    1.38875e+00     3.77886e+02     4.75740e+01
    1.39285e+00     3.77658e+02     4.68196e+01
    1.39694e+00     3.76536e+02     4.66487e+01
    1.40102e+00     3.76687e+02     4.61474e+01
    1.40512e+00     3.76134e+02     4.58130e+01
    1.40921e+00     3.75031e+02     4.56103e+01
    1.41330e+00     3.74520e+02     4.56310e+01
    1.41739e+00     3.73297e+02     4.46187e+01
    1.42148e+00     3.72807e+02     4.49193e+01
    1.42557e+00     3.72447e+02     4.41278e+01
    1.42966e+00     3.72164e+02     4.44830e+01
    1.43375e+00     3.71352e+02     4.43548e+01
    1.43784e+00     3.70572e+02     4.39026e+01
    1.44193e+00     3.70160e+02     4.36336e+01
    1.44602e+00     3.69266e+02     4.35228e+01
    1.45011e+00     3.68152e+02     4.26666e+01
    1.45420e+00     3.68967e+02     4.24830e+01
    1.45830e+00     3.68435e+02     4.25707e+01
    1.46239e+00     3.66465e+02     4.20257e+01
    1.46648e+00     3.67045e+02     4.17185e+01
    1.47056e+00     3.65550e+02     4.19985e+01
    1.47465e+00     3.65639e+02     4.15055e+01
    1.47874e+00     3.64702e+02     4.10186e+01
    1.48283e+00     3.64107e+02     4.10731e+01
    1.48693e+00     3.63341e+02     4.04872e+01
    1.49102e+00     3.63200e+02     4.03370e+01
    1.49511e+00     3.61543e+02     4.00087e+01
    1.49920e+00     3.61609e+02     3.98608e+01
    1.50329e+00     3.60759e+02     3.93749e+01
    1.50738e+00     3.61564e+02     3.90595e+01
    1.51148e+00     3.60200e+02     3.89924e+01
    1.51557e+00     3.59032e+02     3.91607e+01
    1.51965e+00     3.58627e+02     3.86959e+01
    1.52374e+00     3.58160e+02     3.82210e+01
    1.52784e+00     3.57123e+02     3.80108e+01
    1.53193e+00     3.57380e+02     3.81806e+01
    1.53602e+00     3.56866e+02     3.78729e+01
    1.54011e+00     3.55865e+02     3.73888e+01
    1.54420e+00     3.55293e+02     3.72496e+01
    1.54829e+00     3.55229e+02     3.70407e+01
    1.55238e+00     3.54687e+02     3.71187e+01
    1.55647e+00     3.53377e+02     3.67429e+01
    1.56056e+00     3.53003e+02     3.67147e+01
    1.56465e+00     3.51979e+02     3.63794e+01
    1.56874e+00     3.51821e+02     3.62455e+01
    1.57283e+00     3.51301e+02     3.60550e+01
    1.57693e+00     3.50315e+02     3.56685e+01
    1.58102e+00     3.50454e+02     3.57693e+01
    1.58510e+00     3.49382e+02     3.50311e+01
    1.58919e+00     3.48864e+02     3.47962e+01
    1.59329e+00     3.47729e+02     3.47585e+01
    1.59738e+00     3.47698e+02     3.47679e+01
    1.60147e+00     3.47579e+02     3.47614e+01
    1.60556e+00     3.46557e+02     3.44589e+01
    1.60965e+00     3.46344e+02     3.43392e+01
    1.61374e+00     3.44855e+02     3.43123e+01
    1.61783e+00     3.45337e+02     3.38384e+01
    1.62192e+00     3.44780e+02     3.37299e+01
    1.62601e+00     3.44158e+02     3.35156e+01
    1.63010e+00     3.43334e+02     3.32685e+01
    1.63419e+00     3.42199e+02     3.31437e+01
    1.63828e+00     3.41856e+02     3.30190e+01
    1.64238e+00     3.41982e+02     3.31059e+01
    1.64647e+00     3.40773e+02     3.24317e+01
    1.65055e+00     3.40656e+02     3.23594e+01
    1.65465e+00     3.40185e+02     3.21327e+01
    1.65874e+00     3.39360e+02     3.19829e+01
    1.66283e+00     3.38960e+02     3.19556e+01
    1.66691e+00     3.37783e+02     3.14121e+01
    1.67101e+00     3.38039e+02     3.14548e+01
    1.67510e+00     3.37858e+02     3.14716e+01
    1.67919e+00     3.36005e+02     3.10351e+01
    1.68328e+00     3.35931e+02     3.11221e+01
    1.68737e+00     3.35225e+02     3.10261e+01
    1.69146e+00     3.35268e+02     3.05362e+01
    1.69555e+00     3.34439e+02     3.05254e+01
    1.69964e+00     3.34012e+02     3.03941e+01
    1.70373e+00     3.32490e+02     3.03632e+01
    1.70782e+00     3.32116e+02     3.00766e+01
    1.71191e+00     3.32148e+02     2.99560e+01
    1.71600e+00     3.30962e+02     2.96269e+01
    1.72009e+00     3.30985e+02     2.97050e+01
    1.72418e+00     3.30862e+02     2.95929e+01
    1.72828e+00     3.29923e+02     2.91362e+01
    1.73237e+00     3.29098e+02     2.93502e+01
    1.73646e+00     3.28774e+02     2.91235e+01
    1.74055e+00     3.28607e+02     2.88072e+01
    1.74464e+00     3.28102e+02     2.87494e+01
    1.74874e+00     3.26944e+02     2.83507e+01
    1.75282e+00     3.27069e+02     2.83800e+01
    1.75691e+00     3.25962e+02     2.84554e+01
    1.76100e+00     3.26000e+02     2.83164e+01
    1.76509e+00     3.25042e+02     2.78618e+01
    1.76918e+00     3.24949e+02     2.79403e+01
    1.77327e+00     3.23948e+02     2.79089e+01
    1.77737e+00     3.23271e+02     2.75709e+01
    1.78146e+00     3.22706e+02     2.72201e+01
    1.78554e+00     3.22041e+02     2.73671e+01
    1.78964e+00     3.22058e+02     2.70375e+01
    1.79373e+00     3.21246e+02     2.70646e+01
    1.79782e+00     3.20772e+02     2.70413e+01
    1.80191e+00     3.19925e+02     2.66539e+01
    1.80600e+00     3.19202e+02     2.67912e+01
    1.81009e+00     3.19215e+02     2.66393e+01
    1.81418e+00     3.18755e+02     2.64235e+01
    1.81827e+00     3.18000e+02     2.65322e+01
    1.82236e+00     3.18004e+02     2.60890e+01
    1.82645e+00     3.16772e+02     2.61278e+01
    1.83054e+00     3.15793e+02     2.59715e+01
    1.83463e+00     3.15404e+02     2.60035e+01
    1.83872e+00     3.15247e+02     2.56125e+01
    1.84281e+00     3.14594e+02     2.57179e+01
    1.84691e+00     3.14600e+02     2.52912e+01
    1.85100e+00     3.13771e+02     2.53119e+01
    1.85509e+00     3.13469e+02     2.51231e+01
    1.85918e+00     3.13008e+02     2.50897e+01
    1.86327e+00     3.11879e+02     2.49046e+01
    1.86736e+00     3.11715e+02     2.48487e+01
    1.87145e+00     3.11179e+02     2.48090e+01
    1.87554e+00     3.10641e+02     2.47782e+01
    1.87963e+00     3.09912e+02     2.46686e+01
    1.88372e+00     3.09775e+02     2.46354e+01
    1.88781e+00     3.08989e+02     2.42994e+01
    1.89190e+00     3.08250e+02     2.41971e+01
    1.89599e+00     3.08463e+02     2.41759e+01
    1.90008e+00     3.07499e+02     2.37751e+01
    1.90417e+00     3.07012e+02     2.40394e+01
    1.90827e+00     3.06509e+02     2.37380e+01
    1.91236e+00     3.05885e+02     2.36748e+01
    1.91645e+00     3.05115e+02     2.34589e+01
    1.92054e+00     3.04555e+02     2.34147e+01
    1.92463e+00     3.04261e+02     2.33401e+01
    1.92872e+00     3.03725e+02     2.30687e+01
    1.93281e+00     3.03290e+02     2.32726e+01
    1.93690e+00     3.02857e+02     2.31919e+01
    1.94099e+00     3.02021e+02     2.29422e+01
    1.94508e+00     3.02389e+02     2.27096e+01
    1.94917e+00     3.00991e+02     2.28346e+01
    1.95326e+00     3.00938e+02     2.26182e+01
    1.95735e+00     2.99999e+02     2.26773e+01
    1.96144e+00     2.99447e+02     2.23247e+01
    1.96553e+00     2.98892e+02     2.23907e+01
    1.96962e+00     2.99019e+02     2.22071e+01
    1.97371e+00     2.98054e+02     2.22802e+01
    1.97781e+00     2.97873e+02     2.21375e+01
    1.98190e+00     2.96627e+02     2.18192e+01
    1.98599e+00     2.96645e+02     2.18904e+01
    1.99008e+00     2.95736e+02     2.17777e+01
    1.99417e+00     2.95666e+02     2.16273e+01
    1.99826e+00     2.94858e+02     2.17085e+01
    2.00235e+00     2.94408e+02     2.14992e+01
    2.00644e+00     2.93742e+02     2.14110e+01
    2.01053e+00     2.94003e+02     2.15177e+01
    2.01462e+00     2.92836e+02     2.13848e+01
    2.01871e+00     2.92329e+02     2.12450e+01
    2.02280e+00     2.92266e+02     2.12188e+01
    2.02689e+00     2.91546e+02     2.10101e+01
    2.03098e+00     2.90620e+02     2.09305e+01
    2.03507e+00     2.90518e+02     2.08848e+01
    2.03917e+00     2.89967e+02     2.06933e+01
    2.04325e+00     2.89206e+02     2.08086e+01
    2.04735e+00     2.89135e+02     2.06769e+01
    2.05143e+00     2.87833e+02     2.05438e+01
    2.05552e+00     2.88253e+02     2.05090e+01
    2.05962e+00     2.87241e+02     2.03653e+01
    2.06371e+00     2.86876e+02     2.04172e+01
    2.06780e+00     2.86062e+02     2.02814e+01
    2.07189e+00     2.85544e+02     2.01672e+01
    2.07598e+00     2.85713e+02     1.98944e+01
    2.08007e+00     2.84921e+02     1.99045e+01
    2.08416e+00     2.84640e+02     1.97755e+01
    2.08825e+00     2.83761e+02     1.97202e+01
    2.09234e+00     2.83256e+02     1.98265e+01
    2.09644e+00     2.82670e+02     1.97891e+01
    2.10053e+00     2.81948e+02     1.96358e+01
    2.10461e+00     2.81731e+02     1.95465e+01
    2.10870e+00     2.81333e+02     1.95087e+01
    2.11280e+00     2.80613e+02     1.93978e+01
    2.11688e+00     2.79905e+02     1.92058e+01
    2.12098e+00     2.79710e+02     1.92412e+01
    2.12507e+00     2.78825e+02     1.90269e+01
    2.12916e+00     2.78540e+02     1.90129e+01
    2.13325e+00     2.77846e+02     1.88247e+01
    2.13734e+00     2.77529e+02     1.88931e+01
    2.14143e+00     2.76909e+02     1.88484e+01
    2.14552e+00     2.76492e+02     1.88237e+01
    2.14961e+00     2.76568e+02     1.87138e+01
    2.15370e+00     2.75747e+02     1.85047e+01
    2.15779e+00     2.75612e+02     1.85968e+01
    2.16188e+00     2.74622e+02     1.85614e+01
    2.16597e+00     2.74001e+02     1.83737e+01
    2.17006e+00     2.73931e+02     1.82198e+01
    2.17416e+00     2.73419e+02     1.83614e+01
    2.17825e+00     2.72914e+02     1.82771e+01
    2.18234e+00     2.72028e+02     1.80344e+01
    2.18643e+00     2.72070e+02     1.80300e+01
    2.19052e+00     2.71368e+02     1.78645e+01
    2.19461e+00     2.70692e+02     1.78598e+01
    2.19870e+00     2.69890e+02     1.77568e+01
    2.20279e+00     2.69794e+02     1.77134e+01
    2.20688e+00     2.69140e+02     1.77238e+01
    2.21097e+00     2.68640e+02     1.76414e+01
    2.21506e+00     2.68073e+02     1.75022e+01
    2.21915e+00     2.68153e+02     1.76107e+01
    2.22324e+00     2.67164e+02     1.74284e+01
    2.22733e+00     2.67083e+02     1.74460e+01
    2.23142e+00     2.66228e+02     1.74253e+01
    2.23552e+00     2.66085e+02     1.74302e+01
    2.23961e+00     2.65281e+02     1.72384e+01
    2.24369e+00     2.65031e+02     1.71406e+01
    2.24779e+00     2.64344e+02     1.70588e+01
    2.25188e+00     2.63607e+02     1.70138e+01
    2.25597e+00     2.63415e+02     1.69746e+01
    2.26006e+00     2.63068e+02     1.69779e+01
    2.26415e+00     2.62153e+02     1.69674e+01
    2.26824e+00     2.61801e+02     1.67458e+01
    2.27233e+00     2.61357e+02     1.67663e+01
    2.27642e+00     2.60568e+02     1.66961e+01
    2.28051e+00     2.60543e+02     1.65156e+01
    2.28460e+00     2.59702e+02     1.65051e+01
    2.28869e+00     2.59429e+02     1.64821e+01
    2.29278e+00     2.59379e+02     1.65860e+01
    2.29687e+00     2.58497e+02     1.63332e+01
    2.30096e+00     2.58093e+02     1.62206e+01
    2.30506e+00     2.57844e+02     1.63464e+01
    2.30915e+00     2.56986e+02     1.60804e+01
    2.31324e+00     2.56821e+02     1.61031e+01
    2.31733e+00     2.56168e+02     1.59770e+01
    2.32142e+00     2.55784e+02     1.60605e+01
    2.32551e+00     2.55167e+02     1.59699e+01
    2.32960e+00     2.55030e+02     1.60288e+01
    2.33369e+00     2.54315e+02     1.59483e+01
    2.33778e+00     2.53710e+02     1.57280e+01
    2.34187e+00     2.53126e+02     1.57393e+01
    2.34596e+00     2.52788e+02     1.58744e+01
    2.35005e+00     2.52476e+02     1.56454e+01
    2.35414e+00     2.51595e+02     1.56044e+01
    2.35823e+00     2.51354e+02     1.56188e+01
    2.36232e+00     2.51152e+02     1.55345e+01
    2.36641e+00     2.50427e+02     1.54432e+01
    2.37051e+00     2.50089e+02     1.53946e+01
    2.37460e+00     2.49452e+02     1.53307e+01
    2.37869e+00     2.48532e+02     1.53318e+01
    2.38278e+00     2.48604e+02     1.52750e+01
    2.38687e+00     2.48211e+02     1.51478e+01
    2.39096e+00     2.47674e+02     1.51009e+01
    2.39505e+00     2.47147e+02     1.51267e+01
    2.39914e+00     2.46529e+02     1.49532e+01
    2.40323e+00     2.46111e+02     1.48535e+01
    2.40732e+00     2.45790e+02     1.49069e+01
    2.41141e+00     2.45521e+02     1.49180e+01
    2.41550e+00     2.44719e+02     1.49028e+01
    2.41959e+00     2.44448e+02     1.47789e+01
    2.42368e+00     2.43702e+02     1.47644e+01
    2.42777e+00     2.43330e+02     1.46248e+01
    2.43187e+00     2.42872e+02     1.46190e+01
    2.43596e+00     2.42252e+02     1.46185e+01
    2.44004e+00     2.42030e+02     1.45735e+01
    2.44414e+00     2.41459e+02     1.44713e+01
    2.44823e+00     2.40866e+02     1.44075e+01
    2.45232e+00     2.40414e+02     1.44621e+01
    2.45640e+00     2.40055e+02     1.43610e+01
    2.46050e+00     2.39717e+02     1.44106e+01
    2.46459e+00     2.39294e+02     1.42799e+01
    2.46868e+00     2.38921e+02     1.41613e+01
    2.47277e+00     2.38218e+02     1.41308e+01
    2.47686e+00     2.37629e+02     1.42219e+01
    2.48095e+00     2.37310e+02     1.41394e+01
    2.48504e+00     2.36827e+02     1.40973e+01
    2.48913e+00     2.36138e+02     1.41191e+01
    2.49322e+00     2.35854e+02     1.39443e+01
    2.49731e+00     2.35281e+02     1.39621e+01
    2.50141e+00     2.35063e+02     1.38953e+01
    2.50550e+00     2.34583e+02     1.37707e+01
    2.50959e+00     2.34223e+02     1.37034e+01
    2.51368e+00     2.33526e+02     1.36691e+01
    2.51777e+00     2.33025e+02     1.37068e+01
    2.52186e+00     2.32774e+02     1.36454e+01
    2.52595e+00     2.32241e+02     1.36604e+01
    2.53004e+00     2.31805e+02     1.36468e+01
    2.53413e+00     2.31059e+02     1.35180e+01
    2.53822e+00     2.30988e+02     1.33959e+01
    2.54231e+00     2.30469e+02     1.34181e+01
    2.54640e+00     2.29722e+02     1.34074e+01
    2.55049e+00     2.29514e+02     1.32785e+01
    2.55458e+00     2.28991e+02     1.33192e+01
    2.55867e+00     2.28700e+02     1.32160e+01
    2.56276e+00     2.28331e+02     1.32987e+01
    2.56685e+00     2.27505e+02     1.32042e+01
    2.57095e+00     2.27492e+02     1.32094e+01
    2.57504e+00     2.26806e+02     1.31394e+01
    2.57913e+00     2.26237e+02     1.31049e+01
    2.58322e+00     2.26030e+02     1.30564e+01
    2.58731e+00     2.25370e+02     1.30388e+01
    2.59140e+00     2.24927e+02     1.30122e+01
    2.59549e+00     2.24461e+02     1.29111e+01
    2.59958e+00     2.23921e+02     1.28243e+01
    2.60367e+00     2.23575e+02     1.28386e+01
    2.60776e+00     2.23297e+02     1.27995e+01
    2.61185e+00     2.22625e+02     1.27562e+01
    2.61594e+00     2.22252e+02     1.27890e+01
    2.62003e+00     2.21930e+02     1.26664e+01
    2.62412e+00     2.21356e+02     1.26070e+01
    2.62821e+00     2.21113e+02     1.26557e+01
    2.63230e+00     2.20683e+02     1.26747e+01
    2.63640e+00     2.20005e+02     1.25203e+01
    2.64049e+00     2.19531e+02     1.25451e+01
    2.64457e+00     2.19173e+02     1.24244e+01
    2.64867e+00     2.18661e+02     1.24461e+01
    2.65276e+00     2.18354e+02     1.23543e+01
    2.65685e+00     2.17738e+02     1.23338e+01
    2.66094e+00     2.17440e+02     1.23156e+01
    2.66503e+00     2.16958e+02     1.22604e+01
    2.66912e+00     2.16367e+02     1.22735e+01
    2.67321e+00     2.16240e+02     1.22139e+01
    2.67730e+00     2.15446e+02     1.20929e+01
    2.68139e+00     2.14978e+02     1.21459e+01
    2.68548e+00     2.14779e+02     1.21070e+01
    2.68957e+00     2.14410e+02     1.20302e+01
    2.69366e+00     2.14034e+02     1.20302e+01
    2.69776e+00     2.13532e+02     1.19819e+01
    2.70185e+00     2.13130e+02     1.19915e+01
    2.70594e+00     2.12614e+02     1.20010e+01
    2.71003e+00     2.12092e+02     1.19182e+01
    2.71412e+00     2.11816e+02     1.18211e+01
    2.71821e+00     2.11240e+02     1.17982e+01
    2.72230e+00     2.10831e+02     1.18067e+01
    2.72639e+00     2.10198e+02     1.17014e+01
    2.73048e+00     2.10018e+02     1.17145e+01
    2.73457e+00     2.09547e+02     1.16633e+01
    2.73866e+00     2.09073e+02     1.16784e+01
    2.74275e+00     2.08462e+02     1.15818e+01
    2.74684e+00     2.08293e+02     1.16262e+01
    2.75093e+00     2.07813e+02     1.14873e+01
    2.75502e+00     2.07088e+02     1.14472e+01
    2.75911e+00     2.07029e+02     1.15492e+01
    2.76320e+00     2.06495e+02     1.15012e+01
    2.76730e+00     2.06039e+02     1.13773e+01
    2.77139e+00     2.05671e+02     1.14076e+01
    2.77548e+00     2.05209e+02     1.13470e+01
    2.77957e+00     2.05092e+02     1.13830e+01
    2.78366e+00     2.04332e+02     1.12386e+01
    2.78775e+00     2.03819e+02     1.12312e+01
    2.79184e+00     2.03652e+02     1.12065e+01
    2.79593e+00     2.03126e+02     1.11555e+01
    2.80002e+00     2.02666e+02     1.11549e+01
    2.80411e+00     2.02323e+02     1.11537e+01
    2.80820e+00     2.01827e+02     1.10627e+01
    2.81229e+00     2.01231e+02     1.10350e+01
    2.81638e+00     2.00985e+02     1.10458e+01
    2.82047e+00     2.00478e+02     1.09530e+01
    2.82457e+00     2.00051e+02     1.09486e+01
    2.82866e+00     1.99852e+02     1.09379e+01
    2.83275e+00     1.99163e+02     1.09245e+01
    2.83684e+00     1.99113e+02     1.08579e+01
    2.84093e+00     1.98367e+02     1.07802e+01
    2.84502e+00     1.98079e+02     1.07278e+01
    2.84911e+00     1.97887e+02     1.08056e+01
    2.85320e+00     1.97440e+02     1.07826e+01
    2.85729e+00     1.96705e+02     1.07209e+01
    2.86138e+00     1.96644e+02     1.06127e+01
    2.86547e+00     1.95873e+02     1.05936e+01
    2.86956e+00     1.95608e+02     1.06021e+01
    2.87365e+00     1.95161e+02     1.05464e+01
    2.87774e+00     1.94623e+02     1.05567e+01
    2.88183e+00     1.94369e+02     1.05343e+01
    2.88592e+00     1.94177e+02     1.04964e+01
    2.89001e+00     1.93485e+02     1.04308e+01
    2.89410e+00     1.93223e+02     1.04585e+01
    2.89820e+00     1.92962e+02     1.04044e+01
    2.90229e+00     1.92371e+02     1.03479e+01
    2.90638e+00     1.91961e+02     1.02860e+01
    2.91047e+00     1.91665e+02     1.03931e+01
    2.91456e+00     1.91238e+02     1.03166e+01
    2.91865e+00     1.90855e+02     1.03102e+01
    2.92274e+00     1.90275e+02     1.02677e+01
    2.92683e+00     1.89793e+02     1.01431e+01
    2.93092e+00     1.89448e+02     1.01835e+01
    2.93501e+00     1.89076e+02     1.01792e+01
    2.93910e+00     1.88700e+02     1.00890e+01
    2.94319e+00     1.88359e+02     1.00959e+01
    2.94728e+00     1.87927e+02     1.00835e+01
    2.95137e+00     1.87575e+02     9.95164e+00
    2.95546e+00     1.87263e+02     1.00052e+01
    2.95955e+00     1.86747e+02     9.90309e+00
    2.96364e+00     1.86216e+02     9.87265e+00
    2.96774e+00     1.86061e+02     9.89229e+00
    2.97183e+00     1.85512e+02     9.85858e+00
    2.97592e+00     1.85204e+02     9.85108e+00
    2.98001e+00     1.84645e+02     9.84936e+00
    2.98410e+00     1.84340e+02     9.79596e+00
    2.98819e+00     1.83816e+02     9.77538e+00
    2.99228e+00     1.83407e+02     9.71983e+00
    2.99637e+00     1.83053e+02     9.72032e+00
    3.00046e+00     1.82729e+02     9.68698e+00
    3.00455e+00     1.82245e+02     9.66827e+00
    3.00864e+00     1.81989e+02     9.62048e+00
    3.01273e+00     1.81386e+02     9.54410e+00
    3.01682e+00     1.81067e+02     9.56986e+00
    3.02091e+00     1.80677e+02     9.56531e+00
    3.02500e+00     1.80359e+02     9.52102e+00
    3.02910e+00     1.80001e+02     9.50214e+00
    3.03319e+00     1.79752e+02     9.40707e+00
    3.03728e+00     1.79228e+02     9.36658e+00
    3.04137e+00     1.78702e+02     9.38776e+00
    3.04546e+00     1.78508e+02     9.38324e+00
    3.04955e+00     1.78093e+02     9.35339e+00
    3.05364e+00     1.77837e+02     9.34714e+00
    3.05773e+00     1.77212e+02     9.28272e+00
    3.06182e+00     1.76773e+02     9.25450e+00
    3.06591e+00     1.76434e+02     9.21577e+00
    3.07000e+00     1.76078e+02     9.24206e+00
    3.07409e+00     1.75765e+02     9.22044e+00
    3.07818e+00     1.75385e+02     9.15902e+00
    3.08227e+00     1.74938e+02     9.13852e+00
    3.08636e+00     1.74719e+02     9.14385e+00
    3.09045e+00     1.74406e+02     9.15167e+00
    3.09454e+00     1.73776e+02     9.09006e+00
    3.09863e+00     1.73659e+02     9.01042e+00
    3.10272e+00     1.73111e+02     9.02238e+00
    3.10682e+00     1.72903e+02     9.00104e+00
    3.11091e+00     1.72242e+02     8.99417e+00
    3.11500e+00     1.72003e+02     8.99226e+00
    3.11909e+00     1.71657e+02     8.89489e+00
    3.12318e+00     1.71158e+02     8.87939e+00
    3.12727e+00     1.70949e+02     8.86563e+00
    3.13136e+00     1.70330e+02     8.88697e+00
    3.13545e+00     1.70223e+02     8.82476e+00
    3.13954e+00     1.69770e+02     8.79566e+00
    3.14363e+00     1.69341e+02     8.76454e+00
    3.14772e+00     1.69154e+02     8.75445e+00
    3.15181e+00     1.68653e+02     8.72161e+00
    3.15590e+00     1.68265e+02     8.66621e+00
    3.16000e+00     1.67919e+02     8.64633e+00
    3.16409e+00     1.67548e+02     8.66494e+00
    3.16818e+00     1.67337e+02     8.63381e+00
    3.17227e+00     1.66727e+02     8.59658e+00
    3.17636e+00     1.66550e+02     8.59239e+00
    3.18045e+00     1.65890e+02     8.55202e+00
    3.18454e+00     1.65731e+02     8.51536e+00
    3.18863e+00     1.65336e+02     8.46713e+00
    3.19272e+00     1.64989e+02     8.45728e+00
    3.19681e+00     1.64541e+02     8.47186e+00
    3.20090e+00     1.64237e+02     8.44431e+00
    3.20499e+00     1.63839e+02     8.37540e+00
    3.20908e+00     1.63510e+02     8.37307e+00
    3.21317e+00     1.63077e+02     8.32003e+00
    3.21726e+00     1.62817e+02     8.33302e+00
    3.22135e+00     1.62561e+02     8.29159e+00
    3.22545e+00     1.62209e+02     8.29569e+00
    3.22954e+00     1.61679e+02     8.26648e+00
    3.23363e+00     1.61461e+02     8.24011e+00
    3.23772e+00     1.61049e+02     8.20702e+00
    3.24181e+00     1.60689e+02     8.19084e+00
    3.24590e+00     1.60339e+02     8.15283e+00
    3.24999e+00     1.59972e+02     8.13167e+00
    3.25408e+00     1.59732e+02     8.14387e+00
    3.25817e+00     1.59361e+02     8.07417e+00
    3.26226e+00     1.58950e+02     8.03834e+00
    3.26635e+00     1.58632e+02     8.05871e+00
    3.27044e+00     1.58307e+02     8.03511e+00
    3.27453e+00     1.57810e+02     7.99978e+00
    3.27862e+00     1.57640e+02     7.98030e+00
    3.28271e+00     1.57238e+02     7.95734e+00
    3.28681e+00     1.56726e+02     7.91675e+00
    3.29090e+00     1.56522e+02     7.91171e+00
    3.29499e+00     1.56210e+02     7.90068e+00
    3.29908e+00     1.55838e+02     7.86286e+00
    3.30317e+00     1.55605e+02     7.85167e+00
    3.30725e+00     1.55253e+02     7.83709e+00
    3.31135e+00     1.54777e+02     7.80037e+00
    3.31544e+00     1.54503e+02     7.80124e+00
    3.31953e+00     1.54160e+02     7.73985e+00
    3.32362e+00     1.53845e+02     7.74105e+00
    3.32771e+00     1.53650e+02     7.74638e+00
    3.33180e+00     1.53106e+02     7.68668e+00
    3.33589e+00     1.52798e+02     7.67331e+00
    3.33998e+00     1.52491e+02     7.65916e+00
    3.34407e+00     1.52099e+02     7.63868e+00
    3.34816e+00     1.51846e+02     7.63647e+00
    3.35226e+00     1.51315e+02     7.56304e+00
    3.35634e+00     1.51090e+02     7.56274e+00
    3.36043e+00     1.50902e+02     7.56317e+00
    3.36453e+00     1.50613e+02     7.52165e+00
    3.36862e+00     1.50127e+02     7.52869e+00
    3.37271e+00     1.49835e+02     7.50358e+00
    3.37680e+00     1.49511e+02     7.47477e+00
    3.38089e+00     1.49174e+02     7.42899e+00
    3.38498e+00     1.48868e+02     7.49292e+00
    3.38907e+00     1.48645e+02     7.44741e+00
    3.39316e+00     1.48105e+02     7.40397e+00
    3.39725e+00     1.47831e+02     7.38208e+00
    3.40134e+00     1.47505e+02     7.35190e+00
    3.40543e+00     1.47093e+02     7.30188e+00
    3.40952e+00     1.46931e+02     7.32668e+00
    3.41362e+00     1.46757e+02     7.30552e+00
    3.41770e+00     1.46250e+02     7.28333e+00
    3.42179e+00     1.45963e+02     7.21893e+00
    3.42588e+00     1.45644e+02     7.23152e+00
    3.42997e+00     1.45331e+02     7.18696e+00
    3.43406e+00     1.44916e+02     7.17372e+00
    3.43816e+00     1.44691e+02     7.17009e+00
    3.44225e+00     1.44386e+02     7.14890e+00
    3.44634e+00     1.43962e+02     7.10697e+00
    3.45043e+00     1.43746e+02     7.08124e+00
    3.45452e+00     1.43455e+02     7.08677e+00
    3.45861e+00     1.43083e+02     7.06052e+00
    3.46270e+00     1.42847e+02     7.07035e+00
    3.46679e+00     1.42418e+02     7.04541e+00
    3.47088e+00     1.42036e+02     7.00848e+00
    3.47497e+00     1.41812e+02     6.97392e+00
    3.47906e+00     1.41425e+02     6.94148e+00
    3.48315e+00     1.41232e+02     6.98028e+00
    3.48725e+00     1.40915e+02     6.93999e+00
    3.49134e+00     1.40693e+02     6.92691e+00
    3.49543e+00     1.40286e+02     6.85115e+00
    3.49952e+00     1.39931e+02     6.88604e+00
    3.50361e+00     1.39632e+02     6.87575e+00
    3.50770e+00     1.39427e+02     6.83841e+00
    3.51179e+00     1.39033e+02     6.82248e+00
    3.51588e+00     1.38745e+02     6.82533e+00
    3.51997e+00     1.38498e+02     6.78041e+00
    3.52406e+00     1.38204e+02     6.73791e+00
    3.52815e+00     1.37903e+02     6.75803e+00
    3.53224e+00     1.37470e+02     6.71566e+00
    3.53633e+00     1.37203e+02     6.71450e+00
    3.54042e+00     1.37002e+02     6.66318e+00
    3.54451e+00     1.36684e+02     6.66767e+00
    3.54860e+00     1.36518e+02     6.65225e+00
    3.55270e+00     1.36015e+02     6.63359e+00
    3.55679e+00     1.35905e+02     6.64645e+00
    3.56088e+00     1.35510e+02     6.58027e+00
    3.56497e+00     1.35277e+02     6.56226e+00
    3.56906e+00     1.34966e+02     6.59927e+00
    3.57315e+00     1.34633e+02     6.54921e+00
    3.57724e+00     1.34308e+02     6.51832e+00
    3.58133e+00     1.33972e+02     6.53030e+00
    3.58542e+00     1.33740e+02     6.49774e+00
    3.58951e+00     1.33406e+02     6.47388e+00
    3.59360e+00     1.33203e+02     6.46244e+00
    3.59769e+00     1.32902e+02     6.41171e+00
    3.60178e+00     1.32593e+02     6.40702e+00
    3.60587e+00     1.32413e+02     6.40135e+00
    3.60996e+00     1.32118e+02     6.40751e+00
    3.61405e+00     1.31714e+02     6.34610e+00
    3.61814e+00     1.31565e+02     6.33600e+00
    3.62224e+00     1.31148e+02     6.33787e+00
    3.62633e+00     1.30901e+02     6.30929e+00
    3.63042e+00     1.30619e+02     6.28604e+00
    3.63451e+00     1.30352e+02     6.29284e+00
    3.63860e+00     1.29968e+02     6.26804e+00
    3.64269e+00     1.29818e+02     6.25205e+00
    3.64678e+00     1.29463e+02     6.24286e+00
    3.65087e+00     1.29297e+02     6.21196e+00
    3.65496e+00     1.29007e+02     6.18940e+00
    3.65905e+00     1.28641e+02     6.17365e+00
    3.66314e+00     1.28431e+02     6.15367e+00
    3.66723e+00     1.28131e+02     6.14992e+00
    3.67132e+00     1.27840e+02     6.12340e+00
    3.67541e+00     1.27672e+02     6.09577e+00
    3.67950e+00     1.27356e+02     6.08957e+00
    3.68359e+00     1.27009e+02     6.07299e+00
    3.68769e+00     1.26836e+02     6.07534e+00
    3.69177e+00     1.26512e+02     6.05520e+00
    3.69587e+00     1.26354e+02     6.02081e+00
    3.69996e+00     1.26089e+02     6.02742e+00
    3.70405e+00     1.25689e+02     6.00442e+00
    3.70814e+00     1.25473e+02     5.98097e+00
    3.71223e+00     1.25200e+02     5.96791e+00
    3.71632e+00     1.24867e+02     5.95676e+00
    3.72041e+00     1.24700e+02     5.94641e+00
    3.72450e+00     1.24348e+02     5.91201e+00
    3.72859e+00     1.24095e+02     5.89471e+00
    3.73268e+00     1.23824e+02     5.88790e+00
    3.73677e+00     1.23564e+02     5.86862e+00
    3.74086e+00     1.23309e+02     5.86570e+00
    3.74495e+00     1.23062e+02     5.85245e+00
    3.74905e+00     1.22830e+02     5.81719e+00
    3.75313e+00     1.22559e+02     5.79135e+00
    3.75722e+00     1.22351e+02     5.79533e+00
    3.76131e+00     1.22005e+02     5.77138e+00
    3.76541e+00     1.21846e+02     5.76699e+00
    3.76950e+00     1.21506e+02     5.73278e+00
    3.77359e+00     1.21258e+02     5.74212e+00
    3.77768e+00     1.20978e+02     5.69854e+00
    3.78177e+00     1.20822e+02     5.69849e+00
    3.78586e+00     1.20537e+02     5.68225e+00
    3.78995e+00     1.20329e+02     5.66427e+00
    3.79404e+00     1.20034e+02     5.67722e+00
    3.79813e+00     1.19783e+02     5.63241e+00
    3.80222e+00     1.19495e+02     5.61086e+00
    3.80632e+00     1.19248e+02     5.61021e+00
    3.81040e+00     1.19172e+02     5.61214e+00
    3.81449e+00     1.18826e+02     5.58716e+00
    3.81859e+00     1.18553e+02     5.55421e+00
    3.82268e+00     1.18346e+02     5.57189e+00
    3.82677e+00     1.18096e+02     5.53461e+00
    3.83086e+00     1.17846e+02     5.53751e+00
    3.83495e+00     1.17556e+02     5.52104e+00
    3.83904e+00     1.17396e+02     5.49376e+00
    3.84313e+00     1.17051e+02     5.48771e+00
    3.84722e+00     1.16900e+02     5.45886e+00
    3.85131e+00     1.16677e+02     5.43591e+00
    3.85540e+00     1.16435e+02     5.43054e+00
    3.85949e+00     1.16153e+02     5.42892e+00
    3.86358e+00     1.15948e+02     5.39639e+00
    3.86768e+00     1.15681e+02     5.39009e+00
    3.87177e+00     1.15516e+02     5.39957e+00
    3.87585e+00     1.15183e+02     5.37833e+00
    3.87994e+00     1.15014e+02     5.36847e+00
    3.88403e+00     1.14759e+02     5.33052e+00
    3.88813e+00     1.14589e+02     5.33175e+00
    3.89222e+00     1.14298e+02     5.32967e+00
    3.89631e+00     1.14090e+02     5.28085e+00
    3.90040e+00     1.13810e+02     5.29477e+00
    3.90449e+00     1.13657e+02     5.29134e+00
    3.90858e+00     1.13457e+02     5.27624e+00
    3.91267e+00     1.13215e+02     5.26148e+00
    3.91676e+00     1.12877e+02     5.25357e+00
    3.92085e+00     1.12735e+02     5.22928e+00
    3.92494e+00     1.12484e+02     5.21919e+00
    3.92903e+00     1.12279e+02     5.19878e+00
    3.93312e+00     1.12010e+02     5.18483e+00
    3.93721e+00     1.11780e+02     5.17762e+00
    3.94130e+00     1.11724e+02     5.16244e+00
    3.94539e+00     1.11431e+02     5.13624e+00
    3.94949e+00     1.11151e+02     5.12947e+00
    3.95358e+00     1.10909e+02     5.11486e+00
    3.95767e+00     1.10716e+02     5.09574e+00
    3.96176e+00     1.10536e+02     5.08048e+00
    3.96585e+00     1.10326e+02     5.07992e+00
    3.96994e+00     1.10007e+02     5.05190e+00
    3.97403e+00     1.09852e+02     5.07371e+00
    3.97812e+00     1.09645e+02     5.04407e+00
    3.98221e+00     1.09388e+02     5.02009e+00
    3.98630e+00     1.09238e+02     5.00613e+00
    3.99039e+00     1.08991e+02     5.01062e+00
    3.99448e+00     1.08854e+02     4.99687e+00
    3.99857e+00     1.08679e+02     4.99324e+00
    4.00266e+00     1.08402e+02     4.96855e+00
    4.00675e+00     1.08190e+02     4.97816e+00
    4.01085e+00     1.07959e+02     4.94218e+00
    4.01494e+00     1.07835e+02     4.93035e+00
    4.01902e+00     1.07578e+02     4.92147e+00
    4.02312e+00     1.07408e+02     4.91880e+00
    4.02721e+00     1.07101e+02     4.88478e+00
    4.03130e+00     1.06915e+02     4.88364e+00
    4.03539e+00     1.06767e+02     4.87656e+00
    4.03948e+00     1.06597e+02     4.87591e+00
    4.04357e+00     1.06333e+02     4.85413e+00
    4.04766e+00     1.06228e+02     4.85626e+00
    4.05175e+00     1.05975e+02     4.82085e+00
    4.05584e+00     1.05779e+02     4.82524e+00
    4.05993e+00     1.05555e+02     4.80305e+00
    4.06402e+00     1.05330e+02     4.79903e+00
    4.06811e+00     1.05168e+02     4.79003e+00
    4.07220e+00     1.04880e+02     4.78250e+00
    4.07630e+00     1.04799e+02     4.75867e+00
    4.08038e+00     1.04598e+02     4.75132e+00
    4.08447e+00     1.04349e+02     4.72212e+00
    4.08857e+00     1.04215e+02     4.72183e+00
    4.09266e+00     1.03953e+02     4.71607e+00
    4.09675e+00     1.03763e+02     4.70975e+00
    4.10084e+00     1.03647e+02     4.71860e+00
    4.10493e+00     1.03409e+02     4.68279e+00
    4.10902e+00     1.03309e+02     4.68444e+00
    4.11311e+00     1.03033e+02     4.67068e+00
    4.11720e+00     1.02915e+02     4.65608e+00
    4.12129e+00     1.02718e+02     4.64412e+00
    4.12538e+00     1.02452e+02     4.63320e+00
    4.12947e+00     1.02295e+02     4.60937e+00
    4.13356e+00     1.02164e+02     4.61147e+00
    4.13765e+00     1.01922e+02     4.61107e+00
    4.14175e+00     1.01842e+02     4.58804e+00
    4.14584e+00     1.01633e+02     4.57107e+00
    4.14993e+00     1.01431e+02     4.58964e+00
    4.15402e+00     1.01207e+02     4.55668e+00
    4.15811e+00     1.01044e+02     4.54080e+00
    4.16220e+00     1.00888e+02     4.53629e+00
    4.16629e+00     1.00740e+02     4.52738e+00
    4.17038e+00     1.00506e+02     4.51660e+00
    4.17447e+00     1.00392e+02     4.51691e+00
    4.17856e+00     1.00195e+02     4.49996e+00
    4.18265e+00     1.00040e+02     4.49226e+00
    4.18674e+00     9.98433e+01     4.48098e+00
