# Real space h-h auto- and h-m cross-spectra.
# z=1.500, 13.000<lgM<13.500
#      k[h/Mpc]            P_hh            P_hm
    0.00000e+00     0.00000e+00     0.00000e+00
    5.79404e-03     3.68358e+04     9.56603e+03
    1.04717e-02     5.38620e+04     1.48829e+04
    1.42665e-02     8.43990e+04     2.28443e+04
    1.81228e-02     7.15274e+04     1.96633e+04
    2.24845e-02     6.71132e+04     1.79556e+04
    2.64508e-02     6.75300e+04     1.80749e+04
    3.04474e-02     6.25338e+04     1.61367e+04
    3.47320e-02     5.63825e+04     1.45578e+04
    3.88308e-02     5.09389e+04     1.29462e+04
    4.28140e-02     4.77042e+04     1.17780e+04
    4.68856e-02     4.62191e+04     1.15674e+04
    5.09858e-02     4.49839e+04     1.09418e+04
    5.51458e-02     3.79398e+04     8.99547e+03
    5.92243e-02     4.14273e+04     9.89858e+03
    6.32864e-02     3.83647e+04     9.02001e+03
    6.73674e-02     3.64651e+04     8.49675e+03
    7.14960e-02     3.44405e+04     7.82980e+03
    7.55894e-02     3.43154e+04     7.72870e+03
    7.96660e-02     3.31838e+04     7.26266e+03
    8.38183e-02     2.99284e+04     6.54126e+03
    8.78941e-02     2.78986e+04     5.90693e+03
    9.19238e-02     2.68740e+04     5.67946e+03
    9.60446e-02     2.57243e+04     5.31483e+03
    1.00128e-01     2.41930e+04     4.79986e+03
    1.04209e-01     2.28916e+04     4.43979e+03
    1.08333e-01     2.23323e+04     4.20539e+03
    1.12448e-01     2.21624e+04     4.20411e+03
    1.16521e-01     2.11289e+04     3.94141e+03
    1.20596e-01     2.13747e+04     3.91059e+03
    1.24665e-01     2.07957e+04     3.73231e+03
    1.28771e-01     2.04883e+04     3.66659e+03
    1.32874e-01     2.04732e+04     3.60962e+03
    1.36975e-01     1.95195e+04     3.42365e+03
    1.41075e-01     1.90098e+04     3.21717e+03
    1.45172e-01     1.86189e+04     3.13220e+03
    1.49268e-01     1.82835e+04     2.93860e+03
    1.53330e-01     1.74564e+04     2.77951e+03
    1.57416e-01     1.75007e+04     2.72711e+03
    1.61514e-01     1.67116e+04     2.56482e+03
    1.65592e-01     1.62741e+04     2.42342e+03
    1.69693e-01     1.59764e+04     2.33121e+03
    1.73803e-01     1.56803e+04     2.25473e+03
    1.77905e-01     1.55563e+04     2.24009e+03
    1.82001e-01     1.54452e+04     2.18918e+03
    1.86092e-01     1.55412e+04     2.16812e+03
    1.90161e-01     1.49310e+04     2.04964e+03
    1.94237e-01     1.50300e+04     2.04724e+03
    1.98334e-01     1.46110e+04     1.95438e+03
    2.02427e-01     1.44703e+04     1.91047e+03
    2.06523e-01     1.44268e+04     1.88092e+03
    2.10626e-01     1.40372e+04     1.78632e+03
    2.14724e-01     1.38067e+04     1.72067e+03
    2.18827e-01     1.35699e+04     1.66450e+03
    2.22903e-01     1.34176e+04     1.61198e+03
    2.26990e-01     1.33961e+04     1.60298e+03
    2.31084e-01     1.30515e+04     1.53325e+03
    2.35153e-01     1.29336e+04     1.50836e+03
    2.39244e-01     1.28289e+04     1.46220e+03
    2.43338e-01     1.26812e+04     1.42656e+03
    2.47445e-01     1.25377e+04     1.40456e+03
    2.51539e-01     1.26720e+04     1.38114e+03
    2.55609e-01     1.23843e+04     1.34541e+03
    2.59718e-01     1.23359e+04     1.31508e+03
    2.63814e-01     1.21652e+04     1.28088e+03
    2.67904e-01     1.21124e+04     1.26511e+03
    2.71993e-01     1.20500e+04     1.25101e+03
    2.76068e-01     1.19128e+04     1.20469e+03
    2.80171e-01     1.18552e+04     1.18130e+03
    2.84268e-01     1.16710e+04     1.14458e+03
    2.88346e-01     1.15960e+04     1.13293e+03
    2.92426e-01     1.15380e+04     1.10960e+03
    2.96514e-01     1.13660e+04     1.06990e+03
    3.00627e-01     1.13758e+04     1.05993e+03
    3.04729e-01     1.13100e+04     1.04757e+03
    3.08821e-01     1.11788e+04     1.02928e+03
    3.12919e-01     1.11245e+04     1.01179e+03
    3.16999e-01     1.10450e+04     9.93946e+02
    3.21078e-01     1.09127e+04     9.71316e+02
    3.25167e-01     1.09239e+04     9.51709e+02
    3.29247e-01     1.08993e+04     9.38508e+02
    3.33333e-01     1.08411e+04     9.28766e+02
    3.37443e-01     1.07918e+04     9.14433e+02
    3.41545e-01     1.07028e+04     8.87076e+02
    3.45625e-01     1.06323e+04     8.86075e+02
    3.49715e-01     1.05149e+04     8.57902e+02
    3.53817e-01     1.05264e+04     8.47488e+02
    3.57906e-01     1.05532e+04     8.43579e+02
    3.61975e-01     1.04823e+04     8.37655e+02
    3.66071e-01     1.03975e+04     8.18407e+02
    3.70189e-01     1.03425e+04     8.07794e+02
    3.74277e-01     1.02945e+04     7.94243e+02
    3.78356e-01     1.02078e+04     7.75057e+02
    3.82448e-01     1.02157e+04     7.71287e+02
    3.86535e-01     1.01158e+04     7.57367e+02
    3.90624e-01     1.01617e+04     7.58166e+02
    3.94706e-01     1.00343e+04     7.36237e+02
    3.98794e-01     1.00882e+04     7.34701e+02
    4.02896e-01     9.96074e+03     7.14845e+02
    4.06986e-01     9.94090e+03     7.08875e+02
    4.11069e-01     9.87169e+03     7.01237e+02
    4.15170e-01     9.82631e+03     6.92536e+02
    4.19263e-01     9.83134e+03     6.83014e+02
    4.23353e-01     9.84408e+03     6.79014e+02
    4.27447e-01     9.74182e+03     6.69418e+02
    4.31534e-01     9.74019e+03     6.57719e+02
    4.35624e-01     9.67791e+03     6.49960e+02
    4.39718e-01     9.65725e+03     6.41703e+02
    4.43804e-01     9.57385e+03     6.33815e+02
    4.47892e-01     9.59790e+03     6.25807e+02
    4.51977e-01     9.56062e+03     6.20841e+02
    4.56067e-01     9.46850e+03     6.09637e+02
    4.60165e-01     9.53380e+03     6.10400e+02
    4.64260e-01     9.44877e+03     5.97514e+02
    4.68355e-01     9.39902e+03     5.90720e+02
    4.72450e-01     9.41271e+03     5.84996e+02
    4.76540e-01     9.35949e+03     5.79277e+02
    4.80633e-01     9.31966e+03     5.72805e+02
    4.84718e-01     9.29662e+03     5.68684e+02
    4.88794e-01     9.26718e+03     5.62639e+02
    4.92888e-01     9.22919e+03     5.54637e+02
    4.96984e-01     9.17083e+03     5.49492e+02
    5.01073e-01     9.19102e+03     5.44541e+02
    5.05169e-01     9.20682e+03     5.40330e+02
    5.09268e-01     9.12447e+03     5.31755e+02
    5.13369e-01     9.12615e+03     5.29859e+02
    5.17441e-01     9.08230e+03     5.26000e+02
    5.21516e-01     9.07290e+03     5.22729e+02
    5.25611e-01     9.07636e+03     5.14644e+02
    5.29706e-01     9.01610e+03     5.06376e+02
    5.33801e-01     8.98526e+03     5.03934e+02
    5.37888e-01     8.94270e+03     5.01730e+02
    5.41985e-01     8.95280e+03     4.94212e+02
    5.46091e-01     8.88450e+03     4.88864e+02
    5.50174e-01     8.95673e+03     4.91594e+02
    5.54252e-01     8.95291e+03     4.86146e+02
    5.58346e-01     8.89798e+03     4.80778e+02
    5.62439e-01     8.83262e+03     4.73509e+02
    5.66527e-01     8.83670e+03     4.71967e+02
    5.70616e-01     8.76050e+03     4.65089e+02
    5.74707e-01     8.81645e+03     4.64894e+02
    5.78798e-01     8.77475e+03     4.56227e+02
    5.82883e-01     8.75925e+03     4.56018e+02
    5.86977e-01     8.74959e+03     4.51341e+02
    5.91070e-01     8.67802e+03     4.45896e+02
    5.95166e-01     8.71714e+03     4.43925e+02
    5.99260e-01     8.71956e+03     4.43003e+02
    6.03349e-01     8.59683e+03     4.34590e+02
    6.07445e-01     8.63630e+03     4.32274e+02
    6.11543e-01     8.60541e+03     4.27771e+02
    6.15623e-01     8.61782e+03     4.29132e+02
    6.19704e-01     8.54255e+03     4.22377e+02
    6.23792e-01     8.55085e+03     4.19278e+02
    6.27891e-01     8.51682e+03     4.15631e+02
    6.31991e-01     8.52762e+03     4.15642e+02
    6.36073e-01     8.47898e+03     4.07561e+02
    6.40158e-01     8.50711e+03     4.07523e+02
    6.44244e-01     8.47485e+03     4.04383e+02
    6.48338e-01     8.43365e+03     3.99261e+02
    6.52432e-01     8.41253e+03     3.98101e+02
    6.56514e-01     8.40964e+03     3.95688e+02
    6.60609e-01     8.38924e+03     3.90189e+02
    6.64712e-01     8.37892e+03     3.89205e+02
    6.68801e-01     8.35425e+03     3.86851e+02
    6.72890e-01     8.35436e+03     3.84579e+02
    6.76984e-01     8.33958e+03     3.81009e+02
    6.81074e-01     8.32301e+03     3.81441e+02
    6.85160e-01     8.29667e+03     3.77055e+02
    6.89246e-01     8.32115e+03     3.76402e+02
    6.93336e-01     8.26329e+03     3.71532e+02
    6.97434e-01     8.26461e+03     3.70356e+02
    7.01528e-01     8.24631e+03     3.66586e+02
    7.05618e-01     8.20751e+03     3.63841e+02
    7.09708e-01     8.23680e+03     3.64476e+02
    7.13796e-01     8.21723e+03     3.60488e+02
    7.17892e-01     8.19248e+03     3.59305e+02
    7.21982e-01     8.15179e+03     3.54230e+02
    7.26059e-01     8.18124e+03     3.56305e+02
    7.30145e-01     8.15510e+03     3.52317e+02
    7.34240e-01     8.14949e+03     3.50981e+02
    7.38340e-01     8.11962e+03     3.45749e+02
    7.42427e-01     8.11551e+03     3.46474e+02
    7.46511e-01     8.13235e+03     3.46055e+02
    7.50614e-01     8.09806e+03     3.42253e+02
    7.54706e-01     8.07450e+03     3.39255e+02
    7.58795e-01     8.04083e+03     3.38108e+02
    7.62888e-01     8.06067e+03     3.35202e+02
    7.66986e-01     8.04255e+03     3.34309e+02
    7.71073e-01     8.00260e+03     3.31085e+02
    7.75153e-01     8.02161e+03     3.30383e+02
    7.79241e-01     7.97434e+03     3.25952e+02
    7.83335e-01     7.99218e+03     3.25442e+02
    7.87426e-01     7.97640e+03     3.23889e+02
    7.91513e-01     7.91304e+03     3.19115e+02
    7.95606e-01     7.91989e+03     3.19349e+02
    7.99702e-01     7.93384e+03     3.19349e+02
    8.03798e-01     7.96376e+03     3.20124e+02
    8.07879e-01     7.93376e+03     3.15904e+02
    8.11963e-01     7.92304e+03     3.15047e+02
    8.16059e-01     7.88522e+03     3.12258e+02
    8.20152e-01     7.87716e+03     3.11387e+02
    8.24242e-01     7.85174e+03     3.08903e+02
    8.28331e-01     7.85274e+03     3.07107e+02
    8.32425e-01     7.84901e+03     3.05902e+02
    8.36516e-01     7.82515e+03     3.04383e+02
    8.40610e-01     7.81779e+03     3.02810e+02
    8.44704e-01     7.78703e+03     3.00582e+02
    8.48790e-01     7.80796e+03     2.99026e+02
    8.52876e-01     7.78663e+03     2.96922e+02
    8.56967e-01     7.78456e+03     2.96339e+02
    8.61059e-01     7.76373e+03     2.95408e+02
    8.65147e-01     7.73692e+03     2.92636e+02
    8.69235e-01     7.72387e+03     2.90492e+02
    8.73334e-01     7.70793e+03     2.88936e+02
    8.77429e-01     7.71311e+03     2.89611e+02
    8.81512e-01     7.70732e+03     2.88159e+02
    8.85601e-01     7.68504e+03     2.86349e+02
    8.89691e-01     7.69581e+03     2.85020e+02
    8.93784e-01     7.68376e+03     2.84389e+02
    8.97875e-01     7.66773e+03     2.82045e+02
    9.01960e-01     7.62295e+03     2.79666e+02
    9.06054e-01     7.63184e+03     2.79208e+02
    9.10146e-01     7.63802e+03     2.79762e+02
    9.14237e-01     7.64722e+03     2.77356e+02
    9.18331e-01     7.62187e+03     2.76440e+02
    9.22421e-01     7.60359e+03     2.74788e+02
    9.26509e-01     7.59576e+03     2.73900e+02
    9.30598e-01     7.59956e+03     2.71848e+02
    9.34692e-01     7.58580e+03     2.71515e+02
    9.38787e-01     7.55756e+03     2.69858e+02
    9.42873e-01     7.56126e+03     2.68482e+02
    9.46961e-01     7.52667e+03     2.66253e+02
    9.51054e-01     7.52200e+03     2.66174e+02
    9.55150e-01     7.51746e+03     2.64172e+02
    9.59240e-01     7.52417e+03     2.63365e+02
    9.63327e-01     7.49707e+03     2.62172e+02
    9.67420e-01     7.49420e+03     2.61122e+02
    9.71506e-01     7.47350e+03     2.60459e+02
    9.75588e-01     7.46964e+03     2.59014e+02
    9.79678e-01     7.44998e+03     2.57925e+02
    9.83773e-01     7.44923e+03     2.57394e+02
    9.87866e-01     7.44246e+03     2.56602e+02
    9.91960e-01     7.43068e+03     2.55303e+02
    9.96055e-01     7.43144e+03     2.55094e+02
    1.00015e+00     7.39539e+03     2.51183e+02
    1.00424e+00     7.39495e+03     2.51220e+02
    1.00832e+00     7.42724e+03     2.51336e+02
    1.01242e+00     7.40855e+03     2.51481e+02
    1.01651e+00     7.37914e+03     2.48721e+02
    1.02059e+00     7.37774e+03     2.48204e+02
    1.02468e+00     7.34025e+03     2.45896e+02
    1.02878e+00     7.33897e+03     2.46069e+02
    1.03287e+00     7.31936e+03     2.44000e+02
    1.03695e+00     7.33699e+03     2.43518e+02
    1.04105e+00     7.32569e+03     2.43558e+02
    1.04515e+00     7.31603e+03     2.42304e+02
    1.04923e+00     7.29368e+03     2.39320e+02
    1.05332e+00     7.28945e+03     2.40541e+02
    1.05741e+00     7.27158e+03     2.38174e+02
    1.06150e+00     7.26629e+03     2.38020e+02
    1.06559e+00     7.26434e+03     2.37502e+02
    1.06968e+00     7.25487e+03     2.36706e+02
    1.07377e+00     7.22856e+03     2.34960e+02
    1.07786e+00     7.23012e+03     2.34520e+02
    1.08195e+00     7.24927e+03     2.33780e+02
    1.08605e+00     7.20733e+03     2.32397e+02
    1.09014e+00     7.20112e+03     2.31569e+02
    1.09422e+00     7.22145e+03     2.32065e+02
    1.09832e+00     7.22308e+03     2.31382e+02
    1.10242e+00     7.19004e+03     2.29343e+02
    1.10650e+00     7.17455e+03     2.28531e+02
    1.11059e+00     7.16708e+03     2.26824e+02
    1.11468e+00     7.16835e+03     2.26605e+02
    1.11878e+00     7.14690e+03     2.26450e+02
    1.12287e+00     7.14653e+03     2.24877e+02
    1.12695e+00     7.12600e+03     2.24732e+02
    1.13105e+00     7.11482e+03     2.23587e+02
    1.13514e+00     7.11606e+03     2.23134e+02
    1.13922e+00     7.08004e+03     2.21078e+02
    1.14331e+00     7.09063e+03     2.20450e+02
    1.14741e+00     7.08112e+03     2.19840e+02
    1.15150e+00     7.09139e+03     2.19760e+02
    1.15559e+00     7.05392e+03     2.17521e+02
    1.15968e+00     7.05499e+03     2.17818e+02
    1.16377e+00     7.04994e+03     2.17496e+02
    1.16786e+00     7.04225e+03     2.16358e+02
    1.17195e+00     7.02315e+03     2.15312e+02
    1.17604e+00     7.01595e+03     2.14709e+02
    1.18013e+00     7.02195e+03     2.14276e+02
    1.18422e+00     7.00565e+03     2.13267e+02
    1.18831e+00     6.99821e+03     2.12751e+02
    1.19240e+00     6.97784e+03     2.11786e+02
    1.19649e+00     6.97769e+03     2.10918e+02
    1.20059e+00     6.96592e+03     2.10337e+02
    1.20468e+00     6.95082e+03     2.09576e+02
    1.20877e+00     6.96900e+03     2.09488e+02
    1.21286e+00     6.93401e+03     2.08434e+02
    1.21695e+00     6.92318e+03     2.07190e+02
    1.22104e+00     6.92770e+03     2.06031e+02
    1.22513e+00     6.93220e+03     2.06894e+02
    1.22922e+00     6.90616e+03     2.05757e+02
    1.23330e+00     6.89006e+03     2.04520e+02
    1.23740e+00     6.89911e+03     2.04265e+02
    1.24149e+00     6.89557e+03     2.03669e+02
    1.24558e+00     6.86989e+03     2.02815e+02
    1.24967e+00     6.85417e+03     2.01786e+02
    1.25376e+00     6.85895e+03     2.01971e+02
    1.25785e+00     6.85305e+03     2.00687e+02
    1.26194e+00     6.85358e+03     2.00878e+02
    1.26603e+00     6.82943e+03     2.00049e+02
    1.27012e+00     6.82116e+03     1.99551e+02
    1.27422e+00     6.82063e+03     1.98477e+02
    1.27831e+00     6.81009e+03     1.98446e+02
    1.28240e+00     6.80874e+03     1.97300e+02
    1.28649e+00     6.77926e+03     1.95746e+02
    1.29058e+00     6.78883e+03     1.95911e+02
    1.29467e+00     6.77710e+03     1.94899e+02
    1.29876e+00     6.77011e+03     1.95007e+02
    1.30285e+00     6.75626e+03     1.93400e+02
    1.30694e+00     6.74402e+03     1.92443e+02
    1.31103e+00     6.73706e+03     1.92403e+02
    1.31512e+00     6.73220e+03     1.92154e+02
    1.31921e+00     6.72212e+03     1.91152e+02
    1.32331e+00     6.70404e+03     1.90578e+02
    1.32739e+00     6.69823e+03     1.90020e+02
    1.33148e+00     6.69298e+03     1.89925e+02
    1.33558e+00     6.68481e+03     1.88633e+02
    1.33967e+00     6.67891e+03     1.88624e+02
    1.34376e+00     6.68385e+03     1.88154e+02
    1.34785e+00     6.66124e+03     1.87864e+02
    1.35195e+00     6.66802e+03     1.86497e+02
    1.35603e+00     6.65386e+03     1.86392e+02
    1.36011e+00     6.64803e+03     1.85656e+02
    1.36421e+00     6.62418e+03     1.84864e+02
    1.36830e+00     6.61781e+03     1.84188e+02
    1.37239e+00     6.61800e+03     1.83929e+02
    1.37648e+00     6.61282e+03     1.83027e+02
    1.38057e+00     6.58864e+03     1.82762e+02
    1.38466e+00     6.58386e+03     1.82503e+02
    1.38875e+00     6.58064e+03     1.81403e+02
    1.39285e+00     6.57082e+03     1.81213e+02
    1.39694e+00     6.56333e+03     1.80193e+02
    1.40102e+00     6.56090e+03     1.80118e+02
    1.40512e+00     6.54908e+03     1.79818e+02
    1.40921e+00     6.54201e+03     1.79072e+02
    1.41330e+00     6.54172e+03     1.79201e+02
    1.41739e+00     6.52082e+03     1.77811e+02
    1.42148e+00     6.50697e+03     1.76951e+02
    1.42557e+00     6.51671e+03     1.77308e+02
    1.42966e+00     6.50295e+03     1.76158e+02
    1.43375e+00     6.48780e+03     1.76011e+02
    1.43784e+00     6.48631e+03     1.75084e+02
    1.44193e+00     6.47051e+03     1.74463e+02
    1.44602e+00     6.46673e+03     1.74417e+02
    1.45011e+00     6.46007e+03     1.73391e+02
    1.45420e+00     6.46292e+03     1.73595e+02
    1.45830e+00     6.45443e+03     1.73031e+02
    1.46239e+00     6.43663e+03     1.72565e+02
    1.46648e+00     6.42352e+03     1.71870e+02
    1.47056e+00     6.42108e+03     1.71295e+02
    1.47465e+00     6.40561e+03     1.70214e+02
    1.47874e+00     6.41136e+03     1.70380e+02
    1.48283e+00     6.40762e+03     1.70095e+02
    1.48693e+00     6.38658e+03     1.69362e+02
    1.49102e+00     6.38016e+03     1.68386e+02
    1.49511e+00     6.37188e+03     1.68163e+02
    1.49920e+00     6.36278e+03     1.67885e+02
    1.50329e+00     6.35668e+03     1.67232e+02
    1.50738e+00     6.34761e+03     1.66803e+02
    1.51148e+00     6.33448e+03     1.66508e+02
    1.51557e+00     6.33617e+03     1.66018e+02
    1.51965e+00     6.30929e+03     1.65181e+02
    1.52374e+00     6.30860e+03     1.64799e+02
    1.52784e+00     6.30849e+03     1.64883e+02
    1.53193e+00     6.29704e+03     1.64017e+02
    1.53602e+00     6.28388e+03     1.63015e+02
    1.54011e+00     6.28115e+03     1.62816e+02
    1.54420e+00     6.26939e+03     1.62756e+02
    1.54829e+00     6.26676e+03     1.62281e+02
    1.55238e+00     6.25486e+03     1.61427e+02
    1.55647e+00     6.24751e+03     1.61286e+02
    1.56056e+00     6.24289e+03     1.60898e+02
    1.56465e+00     6.23957e+03     1.60408e+02
    1.56874e+00     6.23319e+03     1.59764e+02
    1.57283e+00     6.22038e+03     1.59537e+02
    1.57693e+00     6.21449e+03     1.58679e+02
    1.58102e+00     6.19230e+03     1.58374e+02
    1.58510e+00     6.18567e+03     1.58067e+02
    1.58919e+00     6.18329e+03     1.57839e+02
    1.59329e+00     6.17013e+03     1.57387e+02
    1.59738e+00     6.16854e+03     1.56440e+02
    1.60147e+00     6.17341e+03     1.56389e+02
    1.60556e+00     6.16054e+03     1.55957e+02
    1.60965e+00     6.14098e+03     1.55460e+02
    1.61374e+00     6.14918e+03     1.55372e+02
    1.61783e+00     6.13109e+03     1.55116e+02
    1.62192e+00     6.11197e+03     1.54275e+02
    1.62601e+00     6.10146e+03     1.53681e+02
    1.63010e+00     6.09678e+03     1.53243e+02
    1.63419e+00     6.09468e+03     1.52673e+02
    1.63828e+00     6.09397e+03     1.52458e+02
    1.64238e+00     6.07390e+03     1.51445e+02
    1.64647e+00     6.07342e+03     1.51561e+02
    1.65055e+00     6.06553e+03     1.51140e+02
    1.65465e+00     6.05976e+03     1.50928e+02
    1.65874e+00     6.04313e+03     1.49918e+02
    1.66283e+00     6.04352e+03     1.49975e+02
    1.66691e+00     6.03749e+03     1.49640e+02
    1.67101e+00     6.02228e+03     1.48887e+02
    1.67510e+00     6.02054e+03     1.49024e+02
    1.67919e+00     6.00598e+03     1.48444e+02
    1.68328e+00     6.00053e+03     1.47854e+02
    1.68737e+00     5.98875e+03     1.46952e+02
    1.69146e+00     5.99066e+03     1.46979e+02
    1.69555e+00     5.97428e+03     1.46580e+02
    1.69964e+00     5.95993e+03     1.45929e+02
    1.70373e+00     5.95622e+03     1.45870e+02
    1.70782e+00     5.95268e+03     1.45490e+02
    1.71191e+00     5.94545e+03     1.44999e+02
    1.71600e+00     5.93874e+03     1.44668e+02
    1.72009e+00     5.92670e+03     1.44248e+02
    1.72418e+00     5.91209e+03     1.43489e+02
    1.72828e+00     5.90864e+03     1.43793e+02
    1.73237e+00     5.89838e+03     1.42964e+02
    1.73646e+00     5.89384e+03     1.42443e+02
    1.74055e+00     5.88527e+03     1.42236e+02
    1.74464e+00     5.88017e+03     1.42003e+02
    1.74874e+00     5.87749e+03     1.41530e+02
    1.75282e+00     5.86602e+03     1.41265e+02
    1.75691e+00     5.85287e+03     1.40755e+02
    1.76100e+00     5.85029e+03     1.40605e+02
    1.76509e+00     5.83371e+03     1.39758e+02
    1.76918e+00     5.83212e+03     1.39501e+02
    1.77327e+00     5.82441e+03     1.39160e+02
    1.77737e+00     5.81769e+03     1.38752e+02
    1.78146e+00     5.79454e+03     1.37871e+02
    1.78554e+00     5.79927e+03     1.37931e+02
    1.78964e+00     5.78113e+03     1.37241e+02
    1.79373e+00     5.79034e+03     1.37750e+02
    1.79782e+00     5.77081e+03     1.36783e+02
    1.80191e+00     5.76841e+03     1.36528e+02
    1.80600e+00     5.75171e+03     1.35962e+02
    1.81009e+00     5.74909e+03     1.35769e+02
    1.81418e+00     5.73701e+03     1.35292e+02
    1.81827e+00     5.73520e+03     1.34895e+02
    1.82236e+00     5.72364e+03     1.34543e+02
    1.82645e+00     5.72237e+03     1.34403e+02
    1.83054e+00     5.71606e+03     1.34317e+02
    1.83463e+00     5.70147e+03     1.33629e+02
    1.83872e+00     5.69025e+03     1.33434e+02
    1.84281e+00     5.68241e+03     1.32747e+02
    1.84691e+00     5.67066e+03     1.32121e+02
    1.85100e+00     5.66438e+03     1.32072e+02
    1.85509e+00     5.66328e+03     1.31975e+02
    1.85918e+00     5.65227e+03     1.31342e+02
    1.86327e+00     5.64475e+03     1.31253e+02
    1.86736e+00     5.63392e+03     1.30618e+02
    1.87145e+00     5.62622e+03     1.30197e+02
    1.87554e+00     5.60770e+03     1.29590e+02
    1.87963e+00     5.61661e+03     1.29578e+02
    1.88372e+00     5.61125e+03     1.29237e+02
    1.88781e+00     5.60479e+03     1.29167e+02
    1.89190e+00     5.59598e+03     1.28822e+02
    1.89599e+00     5.58344e+03     1.28236e+02
    1.90008e+00     5.57841e+03     1.28290e+02
    1.90417e+00     5.56222e+03     1.27542e+02
    1.90827e+00     5.55401e+03     1.27095e+02
    1.91236e+00     5.55336e+03     1.27053e+02
    1.91645e+00     5.54128e+03     1.26560e+02
    1.92054e+00     5.53118e+03     1.25961e+02
    1.92463e+00     5.52334e+03     1.26060e+02
    1.92872e+00     5.52053e+03     1.25721e+02
    1.93281e+00     5.50453e+03     1.24955e+02
    1.93690e+00     5.49059e+03     1.24437e+02
    1.94099e+00     5.49153e+03     1.24620e+02
    1.94508e+00     5.47439e+03     1.23606e+02
    1.94917e+00     5.47817e+03     1.24210e+02
    1.95326e+00     5.47386e+03     1.23560e+02
    1.95735e+00     5.46316e+03     1.23212e+02
    1.96144e+00     5.45541e+03     1.22801e+02
    1.96553e+00     5.44425e+03     1.22433e+02
    1.96962e+00     5.43450e+03     1.22195e+02
    1.97371e+00     5.43118e+03     1.22037e+02
    1.97781e+00     5.41580e+03     1.21348e+02
    1.98190e+00     5.40903e+03     1.20924e+02
    1.98599e+00     5.39778e+03     1.20541e+02
    1.99008e+00     5.40165e+03     1.20785e+02
    1.99417e+00     5.38953e+03     1.19886e+02
    1.99826e+00     5.38037e+03     1.20037e+02
    2.00235e+00     5.37664e+03     1.19617e+02
    2.00644e+00     5.35900e+03     1.19080e+02
    2.01053e+00     5.35733e+03     1.18720e+02
    2.01462e+00     5.34609e+03     1.18206e+02
    2.01871e+00     5.34133e+03     1.18085e+02
    2.02280e+00     5.33474e+03     1.17754e+02
    2.02689e+00     5.32655e+03     1.17710e+02
    2.03098e+00     5.31604e+03     1.17095e+02
    2.03507e+00     5.30596e+03     1.16753e+02
    2.03917e+00     5.29856e+03     1.16419e+02
    2.04325e+00     5.28939e+03     1.16093e+02
    2.04735e+00     5.28285e+03     1.16006e+02
    2.05143e+00     5.27836e+03     1.15532e+02
    2.05552e+00     5.27087e+03     1.15471e+02
    2.05962e+00     5.25870e+03     1.14811e+02
    2.06371e+00     5.24739e+03     1.14598e+02
    2.06780e+00     5.23764e+03     1.14154e+02
    2.07189e+00     5.23938e+03     1.14094e+02
    2.07598e+00     5.22404e+03     1.13509e+02
    2.08007e+00     5.23041e+03     1.13626e+02
    2.08416e+00     5.21054e+03     1.13033e+02
    2.08825e+00     5.20624e+03     1.12614e+02
    2.09234e+00     5.18772e+03     1.12444e+02
    2.09644e+00     5.18938e+03     1.11996e+02
    2.10053e+00     5.18210e+03     1.11806e+02
    2.10461e+00     5.17315e+03     1.11720e+02
    2.10870e+00     5.16628e+03     1.11359e+02
    2.11280e+00     5.15322e+03     1.10877e+02
    2.11688e+00     5.14700e+03     1.10319e+02
    2.12098e+00     5.13703e+03     1.10147e+02
    2.12507e+00     5.13448e+03     1.10095e+02
    2.12916e+00     5.12432e+03     1.09637e+02
    2.13325e+00     5.11715e+03     1.09325e+02
    2.13734e+00     5.11100e+03     1.09173e+02
    2.14143e+00     5.10004e+03     1.08637e+02
    2.14552e+00     5.09165e+03     1.08355e+02
    2.14961e+00     5.08164e+03     1.07988e+02
    2.15370e+00     5.07787e+03     1.07834e+02
    2.15779e+00     5.07098e+03     1.07523e+02
    2.16188e+00     5.05154e+03     1.06925e+02
    2.16597e+00     5.05230e+03     1.06970e+02
    2.17006e+00     5.04654e+03     1.06672e+02
    2.17416e+00     5.03097e+03     1.06135e+02
    2.17825e+00     5.02573e+03     1.06096e+02
    2.18234e+00     5.01426e+03     1.05837e+02
    2.18643e+00     5.00639e+03     1.05402e+02
    2.19052e+00     4.99950e+03     1.05020e+02
    2.19461e+00     4.99117e+03     1.04855e+02
    2.19870e+00     4.98954e+03     1.04515e+02
    2.20279e+00     4.97425e+03     1.03881e+02
    2.20688e+00     4.96495e+03     1.03830e+02
    2.21097e+00     4.96603e+03     1.03764e+02
    2.21506e+00     4.95487e+03     1.03151e+02
    2.21915e+00     4.94756e+03     1.03214e+02
    2.22324e+00     4.94019e+03     1.02755e+02
    2.22733e+00     4.93135e+03     1.02381e+02
    2.23142e+00     4.92389e+03     1.02120e+02
    2.23552e+00     4.91518e+03     1.01801e+02
    2.23961e+00     4.90894e+03     1.01693e+02
    2.24369e+00     4.89986e+03     1.01328e+02
    2.24779e+00     4.88953e+03     1.00978e+02
    2.25188e+00     4.88371e+03     1.00780e+02
    2.25597e+00     4.87632e+03     1.00593e+02
    2.26006e+00     4.87267e+03     1.00465e+02
    2.26415e+00     4.86008e+03     9.99299e+01
    2.26824e+00     4.84462e+03     9.95556e+01
    2.27233e+00     4.83773e+03     9.92819e+01
    2.27642e+00     4.83756e+03     9.89925e+01
    2.28051e+00     4.82770e+03     9.88570e+01
    2.28460e+00     4.81859e+03     9.84424e+01
    2.28869e+00     4.80483e+03     9.81097e+01
    2.29278e+00     4.81007e+03     9.81752e+01
    2.29687e+00     4.79372e+03     9.77160e+01
    2.30096e+00     4.78142e+03     9.73191e+01
    2.30506e+00     4.77742e+03     9.69693e+01
    2.30915e+00     4.77688e+03     9.70537e+01
    2.31324e+00     4.75833e+03     9.65113e+01
    2.31733e+00     4.75323e+03     9.61305e+01
    2.32142e+00     4.74518e+03     9.58596e+01
    2.32551e+00     4.73972e+03     9.56074e+01
    2.32960e+00     4.73239e+03     9.54106e+01
    2.33369e+00     4.71389e+03     9.50550e+01
    2.33778e+00     4.71822e+03     9.49993e+01
    2.34187e+00     4.70868e+03     9.47107e+01
    2.34596e+00     4.70071e+03     9.43631e+01
    2.35005e+00     4.68438e+03     9.39527e+01
    2.35414e+00     4.68159e+03     9.39491e+01
    2.35823e+00     4.67701e+03     9.35718e+01
    2.36232e+00     4.66830e+03     9.32738e+01
    2.36641e+00     4.65844e+03     9.28027e+01
    2.37051e+00     4.64001e+03     9.24398e+01
    2.37460e+00     4.64374e+03     9.25965e+01
    2.37869e+00     4.63951e+03     9.22356e+01
    2.38278e+00     4.62117e+03     9.19245e+01
    2.38687e+00     4.62041e+03     9.17078e+01
    2.39096e+00     4.61195e+03     9.14433e+01
    2.39505e+00     4.59993e+03     9.09609e+01
    2.39914e+00     4.59651e+03     9.08580e+01
    2.40323e+00     4.58941e+03     9.04614e+01
    2.40732e+00     4.58168e+03     9.05695e+01
    2.41141e+00     4.57071e+03     9.00175e+01
    2.41550e+00     4.56289e+03     8.96928e+01
    2.41959e+00     4.55413e+03     8.94485e+01
    2.42368e+00     4.54864e+03     8.91629e+01
    2.42777e+00     4.53915e+03     8.90197e+01
    2.43187e+00     4.52965e+03     8.85784e+01
    2.43596e+00     4.52300e+03     8.84794e+01
    2.44004e+00     4.51753e+03     8.82272e+01
    2.44414e+00     4.50482e+03     8.78736e+01
    2.44823e+00     4.49957e+03     8.77483e+01
    2.45232e+00     4.49623e+03     8.74726e+01
    2.45640e+00     4.49089e+03     8.73134e+01
    2.46050e+00     4.47791e+03     8.68568e+01
    2.46459e+00     4.46928e+03     8.66523e+01
    2.46868e+00     4.45902e+03     8.63239e+01
    2.47277e+00     4.45270e+03     8.60971e+01
    2.47686e+00     4.44558e+03     8.58406e+01
    2.48095e+00     4.43878e+03     8.56678e+01
    2.48504e+00     4.42657e+03     8.53714e+01
    2.48913e+00     4.41740e+03     8.50591e+01
    2.49322e+00     4.41056e+03     8.48796e+01
    2.49731e+00     4.40491e+03     8.46574e+01
    2.50141e+00     4.39481e+03     8.42852e+01
    2.50550e+00     4.38799e+03     8.40412e+01
    2.50959e+00     4.38082e+03     8.38223e+01
    2.51368e+00     4.37004e+03     8.34883e+01
    2.51777e+00     4.36419e+03     8.33146e+01
    2.52186e+00     4.35711e+03     8.31543e+01
    2.52595e+00     4.34986e+03     8.29003e+01
    2.53004e+00     4.34427e+03     8.26952e+01
    2.53413e+00     4.33214e+03     8.22951e+01
    2.53822e+00     4.32703e+03     8.21924e+01
    2.54231e+00     4.31757e+03     8.19367e+01
    2.54640e+00     4.31224e+03     8.16621e+01
    2.55049e+00     4.30411e+03     8.15088e+01
    2.55458e+00     4.29528e+03     8.10955e+01
    2.55867e+00     4.29029e+03     8.09261e+01
    2.56276e+00     4.27799e+03     8.07445e+01
    2.56685e+00     4.27131e+03     8.03680e+01
    2.57095e+00     4.26351e+03     8.02430e+01
    2.57504e+00     4.25415e+03     7.98398e+01
    2.57913e+00     4.24960e+03     7.98234e+01
    2.58322e+00     4.24242e+03     7.94455e+01
    2.58731e+00     4.23445e+03     7.91748e+01
    2.59140e+00     4.22247e+03     7.88128e+01
    2.59549e+00     4.21673e+03     7.87417e+01
    2.59958e+00     4.20980e+03     7.84368e+01
    2.60367e+00     4.20111e+03     7.81467e+01
    2.60776e+00     4.18938e+03     7.79058e+01
    2.61185e+00     4.18957e+03     7.77857e+01
    2.61594e+00     4.17376e+03     7.74460e+01
    2.62003e+00     4.16422e+03     7.70964e+01
    2.62412e+00     4.16192e+03     7.70521e+01
    2.62821e+00     4.15456e+03     7.68631e+01
    2.63230e+00     4.14645e+03     7.65820e+01
    2.63640e+00     4.13387e+03     7.61803e+01
    2.64049e+00     4.13349e+03     7.61216e+01
    2.64457e+00     4.12463e+03     7.58943e+01
    2.64867e+00     4.11556e+03     7.55212e+01
    2.65276e+00     4.10964e+03     7.53999e+01
    2.65685e+00     4.09896e+03     7.51041e+01
    2.66094e+00     4.09233e+03     7.48334e+01
    2.66503e+00     4.08199e+03     7.46269e+01
    2.66912e+00     4.07876e+03     7.44099e+01
    2.67321e+00     4.07300e+03     7.42752e+01
    2.67730e+00     4.05877e+03     7.38653e+01
    2.68139e+00     4.05994e+03     7.39483e+01
    2.68548e+00     4.04569e+03     7.35052e+01
    2.68957e+00     4.04188e+03     7.33144e+01
    2.69366e+00     4.03415e+03     7.31351e+01
    2.69776e+00     4.03329e+03     7.29723e+01
    2.70185e+00     4.01500e+03     7.24995e+01
    2.70594e+00     4.00928e+03     7.23445e+01
    2.71003e+00     3.99887e+03     7.21596e+01
    2.71412e+00     3.99880e+03     7.20381e+01
    2.71821e+00     3.98670e+03     7.17598e+01
    2.72230e+00     3.98433e+03     7.14932e+01
    2.72639e+00     3.97294e+03     7.13565e+01
    2.73048e+00     3.96104e+03     7.09945e+01
    2.73457e+00     3.95522e+03     7.07725e+01
    2.73866e+00     3.95000e+03     7.06755e+01
    2.74275e+00     3.93880e+03     7.02836e+01
    2.74684e+00     3.93202e+03     7.01734e+01
    2.75093e+00     3.91939e+03     6.98527e+01
    2.75502e+00     3.91842e+03     6.95918e+01
    2.75911e+00     3.90717e+03     6.94393e+01
    2.76320e+00     3.90135e+03     6.91906e+01
    2.76730e+00     3.89087e+03     6.88690e+01
    2.77139e+00     3.88777e+03     6.86467e+01
    2.77548e+00     3.87706e+03     6.85464e+01
    2.77957e+00     3.87193e+03     6.83313e+01
    2.78366e+00     3.86321e+03     6.81029e+01
    2.78775e+00     3.85453e+03     6.79020e+01
    2.79184e+00     3.84719e+03     6.76833e+01
    2.79593e+00     3.84302e+03     6.73796e+01
    2.80002e+00     3.83844e+03     6.72964e+01
    2.80411e+00     3.82427e+03     6.69875e+01
    2.80820e+00     3.82011e+03     6.68774e+01
    2.81229e+00     3.80792e+03     6.65104e+01
    2.81638e+00     3.80541e+03     6.63872e+01
    2.82047e+00     3.79701e+03     6.61378e+01
    2.82457e+00     3.78941e+03     6.58727e+01
    2.82866e+00     3.78121e+03     6.56437e+01
    2.83275e+00     3.77318e+03     6.55076e+01
    2.83684e+00     3.76758e+03     6.53097e+01
    2.84093e+00     3.76078e+03     6.51736e+01
    2.84502e+00     3.75740e+03     6.49393e+01
    2.84911e+00     3.74769e+03     6.47310e+01
    2.85320e+00     3.73678e+03     6.44892e+01
    2.85729e+00     3.73020e+03     6.41893e+01
    2.86138e+00     3.72689e+03     6.41086e+01
    2.86547e+00     3.71749e+03     6.38401e+01
    2.86956e+00     3.70769e+03     6.36207e+01
    2.87365e+00     3.70355e+03     6.34792e+01
    2.87774e+00     3.69518e+03     6.32113e+01
    2.88183e+00     3.68921e+03     6.30718e+01
    2.88592e+00     3.68185e+03     6.28315e+01
    2.89001e+00     3.67297e+03     6.27250e+01
    2.89410e+00     3.66263e+03     6.23769e+01
    2.89820e+00     3.65568e+03     6.21609e+01
    2.90229e+00     3.65281e+03     6.20767e+01
    2.90638e+00     3.64288e+03     6.17768e+01
    2.91047e+00     3.63385e+03     6.16149e+01
    2.91456e+00     3.62867e+03     6.14285e+01
    2.91865e+00     3.62078e+03     6.12387e+01
    2.92274e+00     3.61373e+03     6.09972e+01
    2.92683e+00     3.60635e+03     6.07579e+01
    2.93092e+00     3.59783e+03     6.05232e+01
    2.93501e+00     3.59578e+03     6.04556e+01
    2.93910e+00     3.58886e+03     6.02843e+01
    2.94319e+00     3.57824e+03     6.00781e+01
    2.94728e+00     3.57282e+03     5.98106e+01
    2.95137e+00     3.56110e+03     5.95893e+01
    2.95546e+00     3.55622e+03     5.94401e+01
    2.95955e+00     3.55421e+03     5.92669e+01
    2.96364e+00     3.54183e+03     5.90015e+01
    2.96774e+00     3.53277e+03     5.87422e+01
    2.97183e+00     3.52681e+03     5.85881e+01
    2.97592e+00     3.52143e+03     5.84235e+01
    2.98001e+00     3.51333e+03     5.82352e+01
    2.98410e+00     3.50532e+03     5.80892e+01
    2.98819e+00     3.49918e+03     5.79149e+01
    2.99228e+00     3.49031e+03     5.76489e+01
    2.99637e+00     3.48473e+03     5.74190e+01
    3.00046e+00     3.47830e+03     5.73061e+01
    3.00455e+00     3.46350e+03     5.69521e+01
    3.00864e+00     3.46207e+03     5.68376e+01
    3.01273e+00     3.45477e+03     5.66582e+01
    3.01682e+00     3.45166e+03     5.66307e+01
    3.02091e+00     3.44068e+03     5.63128e+01
    3.02500e+00     3.43537e+03     5.61243e+01
    3.02910e+00     3.42694e+03     5.59169e+01
    3.03319e+00     3.41946e+03     5.56656e+01
    3.03728e+00     3.41326e+03     5.55719e+01
    3.04137e+00     3.40856e+03     5.53698e+01
    3.04546e+00     3.40384e+03     5.51897e+01
    3.04955e+00     3.39432e+03     5.50204e+01
    3.05364e+00     3.38391e+03     5.47212e+01
    3.05773e+00     3.38035e+03     5.46136e+01
    3.06182e+00     3.37376e+03     5.44752e+01
    3.06591e+00     3.36582e+03     5.42332e+01
    3.07000e+00     3.36015e+03     5.40572e+01
    3.07409e+00     3.35332e+03     5.39570e+01
    3.07818e+00     3.34264e+03     5.36616e+01
    3.08227e+00     3.33798e+03     5.35615e+01
    3.08636e+00     3.33301e+03     5.34255e+01
    3.09045e+00     3.32563e+03     5.32449e+01
    3.09454e+00     3.31934e+03     5.31116e+01
    3.09863e+00     3.31455e+03     5.28136e+01
    3.10272e+00     3.30454e+03     5.25809e+01
    3.10682e+00     3.29442e+03     5.23945e+01
    3.11091e+00     3.28870e+03     5.22620e+01
    3.11500e+00     3.28586e+03     5.21193e+01
    3.11909e+00     3.27508e+03     5.19548e+01
    3.12318e+00     3.26778e+03     5.16470e+01
    3.12727e+00     3.26213e+03     5.16022e+01
    3.13136e+00     3.25307e+03     5.13407e+01
    3.13545e+00     3.24795e+03     5.11902e+01
    3.13954e+00     3.24459e+03     5.10815e+01
    3.14363e+00     3.23530e+03     5.08615e+01
    3.14772e+00     3.22955e+03     5.07344e+01
    3.15181e+00     3.22429e+03     5.06031e+01
    3.15590e+00     3.21382e+03     5.02380e+01
    3.16000e+00     3.20783e+03     5.01790e+01
    3.16409e+00     3.20162e+03     4.99379e+01
    3.16818e+00     3.19608e+03     4.98722e+01
    3.17227e+00     3.18358e+03     4.95586e+01
    3.17636e+00     3.18093e+03     4.94672e+01
    3.18045e+00     3.17614e+03     4.93116e+01
    3.18454e+00     3.16765e+03     4.91251e+01
    3.18863e+00     3.16050e+03     4.89680e+01
    3.19272e+00     3.15997e+03     4.88670e+01
    3.19681e+00     3.14716e+03     4.86440e+01
    3.20090e+00     3.14207e+03     4.84563e+01
    3.20499e+00     3.13719e+03     4.83102e+01
    3.20908e+00     3.12573e+03     4.80994e+01
    3.21317e+00     3.12068e+03     4.79561e+01
    3.21726e+00     3.11665e+03     4.77319e+01
    3.22135e+00     3.10753e+03     4.76272e+01
    3.22545e+00     3.10123e+03     4.73563e+01
    3.22954e+00     3.09442e+03     4.73377e+01
    3.23363e+00     3.08882e+03     4.71758e+01
    3.23772e+00     3.08290e+03     4.69637e+01
    3.24181e+00     3.07573e+03     4.68195e+01
    3.24590e+00     3.06909e+03     4.65448e+01
    3.24999e+00     3.06071e+03     4.64511e+01
    3.25408e+00     3.05854e+03     4.63626e+01
    3.25817e+00     3.05167e+03     4.61702e+01
    3.26226e+00     3.04431e+03     4.59838e+01
    3.26635e+00     3.03541e+03     4.57952e+01
    3.27044e+00     3.03015e+03     4.56497e+01
    3.27453e+00     3.02496e+03     4.55296e+01
    3.27862e+00     3.01591e+03     4.52737e+01
    3.28271e+00     3.01196e+03     4.51733e+01
    3.28681e+00     3.00274e+03     4.50288e+01
    3.29090e+00     2.99869e+03     4.48571e+01
    3.29499e+00     2.99500e+03     4.47625e+01
    3.29908e+00     2.98564e+03     4.45262e+01
    3.30317e+00     2.98272e+03     4.43830e+01
    3.30725e+00     2.97408e+03     4.42211e+01
    3.31135e+00     2.96590e+03     4.40936e+01
    3.31544e+00     2.96461e+03     4.39961e+01
    3.31953e+00     2.95679e+03     4.38241e+01
    3.32362e+00     2.94824e+03     4.36275e+01
    3.32771e+00     2.94376e+03     4.34636e+01
    3.33180e+00     2.93603e+03     4.33309e+01
    3.33589e+00     2.92765e+03     4.31057e+01
    3.33998e+00     2.92603e+03     4.30101e+01
    3.34407e+00     2.92023e+03     4.29460e+01
    3.34816e+00     2.91100e+03     4.27056e+01
    3.35226e+00     2.90435e+03     4.25492e+01
    3.35634e+00     2.90069e+03     4.24154e+01
    3.36043e+00     2.89490e+03     4.22941e+01
    3.36453e+00     2.88773e+03     4.21012e+01
    3.36862e+00     2.88230e+03     4.19921e+01
    3.37271e+00     2.87342e+03     4.18221e+01
    3.37680e+00     2.86957e+03     4.16872e+01
    3.38089e+00     2.85979e+03     4.14752e+01
    3.38498e+00     2.85648e+03     4.13946e+01
    3.38907e+00     2.84963e+03     4.12302e+01
    3.39316e+00     2.84370e+03     4.10830e+01
    3.39725e+00     2.83514e+03     4.09350e+01
    3.40134e+00     2.83228e+03     4.07952e+01
    3.40543e+00     2.82696e+03     4.06432e+01
    3.40952e+00     2.82032e+03     4.05212e+01
    3.41362e+00     2.81302e+03     4.03240e+01
    3.41770e+00     2.80649e+03     4.01957e+01
    3.42179e+00     2.80182e+03     4.00687e+01
    3.42588e+00     2.79548e+03     3.99031e+01
    3.42997e+00     2.78908e+03     3.97352e+01
    3.43406e+00     2.78475e+03     3.96975e+01
    3.43816e+00     2.77933e+03     3.95162e+01
    3.44225e+00     2.77218e+03     3.93723e+01
    3.44634e+00     2.76576e+03     3.92308e+01
    3.45043e+00     2.75957e+03     3.90815e+01
    3.45452e+00     2.75411e+03     3.89355e+01
    3.45861e+00     2.74920e+03     3.87820e+01
    3.46270e+00     2.74216e+03     3.86813e+01
    3.46679e+00     2.73701e+03     3.85588e+01
    3.47088e+00     2.73388e+03     3.84565e+01
    3.47497e+00     2.72868e+03     3.83363e+01
    3.47906e+00     2.72050e+03     3.81374e+01
    3.48315e+00     2.71383e+03     3.79768e+01
    3.48725e+00     2.70916e+03     3.78580e+01
    3.49134e+00     2.70058e+03     3.76859e+01
    3.49543e+00     2.69640e+03     3.75988e+01
    3.49952e+00     2.69304e+03     3.74864e+01
    3.50361e+00     2.68338e+03     3.72860e+01
    3.50770e+00     2.67868e+03     3.71818e+01
    3.51179e+00     2.67317e+03     3.70752e+01
    3.51588e+00     2.66773e+03     3.69380e+01
    3.51997e+00     2.66450e+03     3.68493e+01
    3.52406e+00     2.65873e+03     3.66814e+01
    3.52815e+00     2.64904e+03     3.65160e+01
    3.53224e+00     2.64399e+03     3.64305e+01
    3.53633e+00     2.64130e+03     3.63097e+01
    3.54042e+00     2.63457e+03     3.61820e+01
    3.54451e+00     2.62816e+03     3.60433e+01
    3.54860e+00     2.62363e+03     3.59176e+01
    3.55270e+00     2.61767e+03     3.57683e+01
    3.55679e+00     2.61150e+03     3.56722e+01
    3.56088e+00     2.60642e+03     3.55091e+01
    3.56497e+00     2.59950e+03     3.53809e+01
    3.56906e+00     2.59616e+03     3.52939e+01
    3.57315e+00     2.59052e+03     3.51375e+01
    3.57724e+00     2.58372e+03     3.50173e+01
    3.58133e+00     2.57946e+03     3.49562e+01
    3.58542e+00     2.57449e+03     3.47675e+01
    3.58951e+00     2.56930e+03     3.46699e+01
    3.59360e+00     2.56186e+03     3.45027e+01
    3.59769e+00     2.55484e+03     3.43857e+01
    3.60178e+00     2.55064e+03     3.42775e+01
    3.60587e+00     2.54760e+03     3.41138e+01
    3.60996e+00     2.53993e+03     3.40454e+01
    3.61405e+00     2.53709e+03     3.39479e+01
    3.61814e+00     2.53055e+03     3.37830e+01
    3.62224e+00     2.52652e+03     3.37078e+01
    3.62633e+00     2.51971e+03     3.35459e+01
    3.63042e+00     2.51516e+03     3.34253e+01
    3.63451e+00     2.50870e+03     3.33290e+01
    3.63860e+00     2.50381e+03     3.31786e+01
    3.64269e+00     2.49736e+03     3.30609e+01
    3.64678e+00     2.49415e+03     3.29681e+01
    3.65087e+00     2.48958e+03     3.28864e+01
    3.65496e+00     2.48140e+03     3.27341e+01
    3.65905e+00     2.47753e+03     3.26146e+01
    3.66314e+00     2.47476e+03     3.25405e+01
    3.66723e+00     2.46696e+03     3.24014e+01
    3.67132e+00     2.46114e+03     3.22371e+01
    3.67541e+00     2.45837e+03     3.21794e+01
    3.67950e+00     2.45261e+03     3.20407e+01
    3.68359e+00     2.44668e+03     3.19511e+01
    3.68769e+00     2.44185e+03     3.18214e+01
    3.69177e+00     2.43639e+03     3.17331e+01
    3.69587e+00     2.43247e+03     3.16089e+01
    3.69996e+00     2.42679e+03     3.14719e+01
    3.70405e+00     2.42220e+03     3.14178e+01
    3.70814e+00     2.41850e+03     3.12843e+01
    3.71223e+00     2.41126e+03     3.11785e+01
    3.71632e+00     2.40767e+03     3.10395e+01
    3.72041e+00     2.40210e+03     3.09533e+01
    3.72450e+00     2.39854e+03     3.08563e+01
    3.72859e+00     2.39183e+03     3.07088e+01
    3.73268e+00     2.38714e+03     3.05999e+01
    3.73677e+00     2.38334e+03     3.05094e+01
    3.74086e+00     2.37714e+03     3.03989e+01
    3.74495e+00     2.37215e+03     3.02939e+01
    3.74905e+00     2.36845e+03     3.01792e+01
    3.75313e+00     2.36323e+03     3.01148e+01
    3.75722e+00     2.35814e+03     3.00013e+01
    3.76131e+00     2.35308e+03     2.98583e+01
    3.76541e+00     2.34817e+03     2.97642e+01
    3.76950e+00     2.34343e+03     2.96693e+01
    3.77359e+00     2.33822e+03     2.95951e+01
    3.77768e+00     2.33408e+03     2.94537e+01
    3.78177e+00     2.32882e+03     2.93743e+01
    3.78586e+00     2.32297e+03     2.92350e+01
    3.78995e+00     2.31957e+03     2.91569e+01
    3.79404e+00     2.31307e+03     2.90527e+01
    3.79813e+00     2.31077e+03     2.89610e+01
    3.80222e+00     2.30558e+03     2.88876e+01
    3.80632e+00     2.30073e+03     2.87994e+01
    3.81040e+00     2.29610e+03     2.86825e+01
    3.81449e+00     2.29283e+03     2.85741e+01
    3.81859e+00     2.28475e+03     2.84118e+01
    3.82268e+00     2.28316e+03     2.83841e+01
    3.82677e+00     2.27781e+03     2.82408e+01
    3.83086e+00     2.27330e+03     2.81841e+01
    3.83495e+00     2.26816e+03     2.80782e+01
    3.83904e+00     2.26446e+03     2.79785e+01
    3.84313e+00     2.25836e+03     2.78833e+01
    3.84722e+00     2.25690e+03     2.78010e+01
    3.85131e+00     2.25194e+03     2.77392e+01
    3.85540e+00     2.24661e+03     2.75842e+01
    3.85949e+00     2.24380e+03     2.75542e+01
    3.86358e+00     2.23764e+03     2.74028e+01
    3.86768e+00     2.23258e+03     2.73255e+01
    3.87177e+00     2.23044e+03     2.72333e+01
    3.87585e+00     2.22358e+03     2.71336e+01
    3.87994e+00     2.21894e+03     2.70259e+01
    3.88403e+00     2.21610e+03     2.69552e+01
    3.88813e+00     2.21258e+03     2.68982e+01
    3.89222e+00     2.20582e+03     2.67487e+01
    3.89631e+00     2.20166e+03     2.66958e+01
    3.90040e+00     2.19815e+03     2.66109e+01
    3.90449e+00     2.19243e+03     2.65098e+01
    3.90858e+00     2.18769e+03     2.64057e+01
    3.91267e+00     2.18372e+03     2.63339e+01
    3.91676e+00     2.18033e+03     2.62422e+01
    3.92085e+00     2.17614e+03     2.61360e+01
    3.92494e+00     2.17342e+03     2.60709e+01
    3.92903e+00     2.16851e+03     2.59870e+01
    3.93312e+00     2.16294e+03     2.58441e+01
    3.93721e+00     2.16070e+03     2.58367e+01
    3.94130e+00     2.15424e+03     2.57204e+01
    3.94539e+00     2.15154e+03     2.56329e+01
    3.94949e+00     2.14706e+03     2.55369e+01
    3.95358e+00     2.14322e+03     2.54722e+01
    3.95767e+00     2.13995e+03     2.53891e+01
    3.96176e+00     2.13418e+03     2.52924e+01
    3.96585e+00     2.12964e+03     2.52013e+01
    3.96994e+00     2.12623e+03     2.51317e+01
    3.97403e+00     2.12222e+03     2.50588e+01
    3.97812e+00     2.11877e+03     2.49791e+01
    3.98221e+00     2.11272e+03     2.48671e+01
    3.98630e+00     2.10921e+03     2.47945e+01
    3.99039e+00     2.10586e+03     2.47302e+01
    3.99448e+00     2.10051e+03     2.46272e+01
    3.99857e+00     2.09694e+03     2.45673e+01
    4.00266e+00     2.09484e+03     2.44864e+01
    4.00675e+00     2.09123e+03     2.44302e+01
    4.01085e+00     2.08578e+03     2.43328e+01
    4.01494e+00     2.08263e+03     2.42410e+01
    4.01902e+00     2.07654e+03     2.41699e+01
    4.02312e+00     2.07384e+03     2.40786e+01
    4.02721e+00     2.07052e+03     2.40323e+01
    4.03130e+00     2.06574e+03     2.39364e+01
    4.03539e+00     2.06243e+03     2.38475e+01
    4.03948e+00     2.05905e+03     2.37902e+01
    4.04357e+00     2.05438e+03     2.36917e+01
    4.04766e+00     2.05124e+03     2.36337e+01
    4.05175e+00     2.04725e+03     2.35442e+01
    4.05584e+00     2.04388e+03     2.35083e+01
    4.05993e+00     2.03969e+03     2.34189e+01
    4.06402e+00     2.03576e+03     2.33288e+01
    4.06811e+00     2.03149e+03     2.32793e+01
    4.07220e+00     2.02855e+03     2.32022e+01
    4.07630e+00     2.02621e+03     2.31501e+01
    4.08038e+00     2.01994e+03     2.30292e+01
    4.08447e+00     2.01876e+03     2.29637e+01
    4.08857e+00     2.01205e+03     2.29065e+01
    4.09266e+00     2.01055e+03     2.28625e+01
    4.09675e+00     2.00700e+03     2.27648e+01
    4.10084e+00     2.00284e+03     2.27243e+01
    4.10493e+00     1.99937e+03     2.26277e+01
    4.10902e+00     1.99439e+03     2.25688e+01
    4.11311e+00     1.99234e+03     2.25091e+01
    4.11720e+00     1.98895e+03     2.24490e+01
    4.12129e+00     1.98409e+03     2.23370e+01
    4.12538e+00     1.98194e+03     2.22869e+01
    4.12947e+00     1.97608e+03     2.22053e+01
    4.13356e+00     1.97386e+03     2.21527e+01
    4.13765e+00     1.97173e+03     2.20894e+01
    4.14175e+00     1.96779e+03     2.20532e+01
    4.14584e+00     1.96414e+03     2.19809e+01
    4.14993e+00     1.96146e+03     2.19272e+01
    4.15402e+00     1.95620e+03     2.18083e+01
    4.15811e+00     1.95432e+03     2.17768e+01
    4.16220e+00     1.94887e+03     2.16666e+01
    4.16629e+00     1.94659e+03     2.16325e+01
    4.17038e+00     1.94343e+03     2.15833e+01
    4.17447e+00     1.93910e+03     2.14975e+01
    4.17856e+00     1.93587e+03     2.14436e+01
    4.18265e+00     1.93310e+03     2.13901e+01
    4.18674e+00     1.93063e+03     2.13174e+01
