# Real space auto- and cross-spectra.
# z=3.000, 13.000<lgM<13.500
#      k[h/Mpc]            P_hh            P_hm            P_mm
    0.00000e+00     0.00000e+00     0.00000e+00     0.00000e+00
    5.79404e-03     3.09128e+05     1.61196e+04     1.84227e+03
    1.04717e-02     3.07558e+05     1.68094e+04     2.05511e+03
    1.42665e-02     3.37538e+05     1.96889e+04     2.51000e+03
    1.81228e-02     3.03768e+05     1.69690e+04     2.15987e+03
    2.24845e-02     3.15996e+05     1.84254e+04     2.25910e+03
    2.64508e-02     2.81743e+05     1.59261e+04     2.01838e+03
    3.04474e-02     3.02182e+05     1.49160e+04     2.00936e+03
    3.47320e-02     3.04131e+05     1.41920e+04     1.73212e+03
    3.88308e-02     2.62838e+05     1.20392e+04     1.60194e+03
    4.28140e-02     2.82657e+05     1.24264e+04     1.49398e+03
    4.68856e-02     2.51073e+05     1.00280e+04     1.25642e+03
    5.09858e-02     2.41620e+05     9.33685e+03     1.19234e+03
    5.51458e-02     2.55495e+05     9.67228e+03     1.22204e+03
    5.92243e-02     2.47968e+05     9.65731e+03     1.14811e+03
    6.32864e-02     2.42218e+05     8.45206e+03     1.06979e+03
    6.73674e-02     2.50942e+05     8.82648e+03     1.04005e+03
    7.14960e-02     2.35185e+05     7.61211e+03     9.67043e+02
    7.55894e-02     2.30914e+05     6.81098e+03     8.82602e+02
    7.96660e-02     2.28913e+05     6.96834e+03     8.59203e+02
    8.38183e-02     2.21556e+05     6.31487e+03     7.50662e+02
    8.78941e-02     2.17998e+05     5.61704e+03     7.10959e+02
    9.19238e-02     2.16424e+05     5.27924e+03     6.49908e+02
    9.60446e-02     2.13495e+05     5.01252e+03     6.11235e+02
    1.00128e-01     2.09379e+05     4.65649e+03     5.59931e+02
    1.04209e-01     2.10989e+05     4.33423e+03     5.06101e+02
    1.08333e-01     2.00067e+05     3.99756e+03     4.95122e+02
    1.12448e-01     2.03815e+05     3.92431e+03     4.85823e+02
    1.16521e-01     1.99700e+05     3.85326e+03     4.62397e+02
    1.20596e-01     1.97504e+05     3.65277e+03     4.45172e+02
    1.24665e-01     1.96152e+05     3.59681e+03     4.31484e+02
    1.28771e-01     1.97747e+05     3.66998e+03     4.30039e+02
    1.32874e-01     1.95649e+05     3.26309e+03     4.05003e+02
    1.36975e-01     1.98953e+05     3.25888e+03     3.93212e+02
    1.41075e-01     1.97099e+05     3.22711e+03     3.74820e+02
    1.45172e-01     1.92746e+05     2.94649e+03     3.43398e+02
    1.49268e-01     1.90783e+05     2.81865e+03     3.22555e+02
    1.53330e-01     1.86459e+05     2.58129e+03     3.09052e+02
    1.57416e-01     1.91920e+05     2.48420e+03     2.88233e+02
    1.61514e-01     1.86722e+05     2.40237e+03     2.72172e+02
    1.65592e-01     1.87856e+05     2.31370e+03     2.65092e+02
    1.69693e-01     1.85160e+05     2.22970e+03     2.48639e+02
    1.73803e-01     1.84918e+05     2.16098e+03     2.45883e+02
    1.77905e-01     1.85370e+05     2.09298e+03     2.36436e+02
    1.82001e-01     1.82942e+05     2.06798e+03     2.28150e+02
    1.86092e-01     1.81478e+05     2.06711e+03     2.27177e+02
    1.90161e-01     1.84100e+05     1.97452e+03     2.17515e+02
    1.94237e-01     1.80393e+05     1.90659e+03     2.13783e+02
    1.98334e-01     1.80749e+05     1.86796e+03     2.05610e+02
    2.02427e-01     1.78133e+05     1.79108e+03     1.97280e+02
    2.06523e-01     1.80542e+05     1.78612e+03     1.91497e+02
    2.10626e-01     1.76553e+05     1.72007e+03     1.83196e+02
    2.14724e-01     1.76356e+05     1.61257e+03     1.75112e+02
    2.18827e-01     1.76366e+05     1.57514e+03     1.67742e+02
    2.22903e-01     1.77127e+05     1.54008e+03     1.62443e+02
    2.26990e-01     1.74277e+05     1.50895e+03     1.56865e+02
    2.31084e-01     1.76066e+05     1.50028e+03     1.53046e+02
    2.35153e-01     1.75728e+05     1.45461e+03     1.47013e+02
    2.39244e-01     1.76165e+05     1.36172e+03     1.41880e+02
    2.43338e-01     1.73929e+05     1.35532e+03     1.40051e+02
    2.47445e-01     1.73724e+05     1.30926e+03     1.37425e+02
    2.51539e-01     1.74638e+05     1.32326e+03     1.33307e+02
    2.55609e-01     1.75963e+05     1.29856e+03     1.28789e+02
    2.59718e-01     1.73161e+05     1.28058e+03     1.27985e+02
    2.63814e-01     1.71977e+05     1.25646e+03     1.24066e+02
    2.67904e-01     1.70242e+05     1.20482e+03     1.20766e+02
    2.71993e-01     1.71185e+05     1.17037e+03     1.16414e+02
    2.76068e-01     1.70105e+05     1.16165e+03     1.12754e+02
    2.80171e-01     1.72208e+05     1.11564e+03     1.09534e+02
    2.84268e-01     1.69450e+05     1.05583e+03     1.06506e+02
    2.88346e-01     1.70848e+05     1.08296e+03     1.04085e+02
    2.92426e-01     1.68988e+05     1.04799e+03     1.00788e+02
    2.96514e-01     1.70690e+05     1.05339e+03     9.83821e+01
    3.00627e-01     1.69365e+05     1.02858e+03     9.68403e+01
    3.04729e-01     1.67647e+05     1.00108e+03     9.30287e+01
    3.08821e-01     1.68903e+05     9.56135e+02     9.14614e+01
    3.12919e-01     1.66702e+05     9.84032e+02     8.96696e+01
    3.16999e-01     1.68044e+05     9.45999e+02     8.80172e+01
    3.21078e-01     1.67127e+05     9.44904e+02     8.54235e+01
    3.25167e-01     1.67672e+05     9.30888e+02     8.34285e+01
    3.29247e-01     1.66662e+05     8.97675e+02     8.25508e+01
    3.33333e-01     1.65051e+05     8.88284e+02     8.04386e+01
    3.37443e-01     1.68135e+05     8.77938e+02     7.80065e+01
    3.41545e-01     1.65618e+05     8.74827e+02     7.69544e+01
    3.45625e-01     1.66912e+05     8.63254e+02     7.50769e+01
    3.49715e-01     1.66396e+05     8.39530e+02     7.35764e+01
    3.53817e-01     1.64033e+05     8.17666e+02     7.14176e+01
    3.57906e-01     1.64571e+05     7.71688e+02     6.93993e+01
    3.61975e-01     1.65207e+05     8.08843e+02     6.81659e+01
    3.66071e-01     1.63955e+05     7.61276e+02     6.68722e+01
    3.70189e-01     1.63202e+05     7.61006e+02     6.54153e+01
    3.74277e-01     1.63629e+05     7.52311e+02     6.43021e+01
    3.78356e-01     1.62921e+05     7.19678e+02     6.32041e+01
    3.82448e-01     1.62391e+05     7.26231e+02     6.16745e+01
    3.86535e-01     1.61819e+05     7.29505e+02     6.07689e+01
    3.90624e-01     1.62411e+05     7.21135e+02     6.01069e+01
    3.94706e-01     1.62159e+05     7.08172e+02     5.88561e+01
    3.98794e-01     1.61609e+05     6.95959e+02     5.75306e+01
    4.02896e-01     1.62688e+05     6.88316e+02     5.62363e+01
    4.06986e-01     1.61463e+05     6.84808e+02     5.50020e+01
    4.11069e-01     1.60364e+05     6.62848e+02     5.41690e+01
    4.15170e-01     1.61567e+05     6.62702e+02     5.32619e+01
    4.19263e-01     1.60563e+05     6.48253e+02     5.23759e+01
    4.23353e-01     1.59938e+05     6.34568e+02     5.13260e+01
    4.27447e-01     1.60250e+05     6.28208e+02     5.04716e+01
    4.31534e-01     1.60895e+05     6.28212e+02     4.95701e+01
    4.35624e-01     1.60245e+05     6.17981e+02     4.90217e+01
    4.39718e-01     1.59603e+05     6.02029e+02     4.76061e+01
    4.43804e-01     1.58658e+05     5.99540e+02     4.71465e+01
    4.47892e-01     1.58955e+05     5.87120e+02     4.59720e+01
    4.51977e-01     1.58953e+05     5.91781e+02     4.52996e+01
    4.56067e-01     1.59030e+05     5.78647e+02     4.46733e+01
    4.60165e-01     1.59502e+05     5.72338e+02     4.37751e+01
    4.64260e-01     1.58221e+05     5.80940e+02     4.34195e+01
    4.68355e-01     1.57928e+05     5.55563e+02     4.25038e+01
    4.72450e-01     1.58162e+05     5.48988e+02     4.17048e+01
    4.76540e-01     1.57440e+05     5.47402e+02     4.08862e+01
    4.80633e-01     1.58047e+05     5.38074e+02     4.05537e+01
    4.84718e-01     1.56084e+05     5.44330e+02     3.97563e+01
    4.88794e-01     1.57652e+05     5.29987e+02     3.91328e+01
    4.92888e-01     1.57735e+05     5.36759e+02     3.87597e+01
    4.96984e-01     1.57923e+05     5.20638e+02     3.80020e+01
    5.01073e-01     1.56217e+05     5.15386e+02     3.74311e+01
    5.05169e-01     1.57250e+05     5.10365e+02     3.68820e+01
    5.09268e-01     1.56818e+05     4.99848e+02     3.62434e+01
    5.13369e-01     1.57004e+05     5.04938e+02     3.59626e+01
    5.17441e-01     1.55666e+05     4.98213e+02     3.52646e+01
    5.21516e-01     1.55733e+05     4.90482e+02     3.48527e+01
    5.25611e-01     1.56094e+05     4.90697e+02     3.40718e+01
    5.29706e-01     1.55061e+05     4.81949e+02     3.37457e+01
    5.33801e-01     1.55032e+05     4.81307e+02     3.33074e+01
    5.37888e-01     1.55250e+05     4.71686e+02     3.28287e+01
    5.41985e-01     1.55071e+05     4.72148e+02     3.24029e+01
    5.46091e-01     1.53952e+05     4.68572e+02     3.16959e+01
    5.50174e-01     1.55464e+05     4.57983e+02     3.13600e+01
    5.54252e-01     1.53832e+05     4.58977e+02     3.09640e+01
    5.58346e-01     1.53484e+05     4.48400e+02     3.05902e+01
    5.62439e-01     1.53617e+05     4.48227e+02     3.02504e+01
    5.66527e-01     1.54198e+05     4.48445e+02     2.98659e+01
    5.70616e-01     1.53643e+05     4.35277e+02     2.93814e+01
    5.74707e-01     1.53420e+05     4.43367e+02     2.89098e+01
    5.78798e-01     1.53206e+05     4.27367e+02     2.85265e+01
    5.82883e-01     1.52898e+05     4.27445e+02     2.81161e+01
    5.86977e-01     1.53043e+05     4.25550e+02     2.78151e+01
    5.91070e-01     1.52512e+05     4.23680e+02     2.75402e+01
    5.95166e-01     1.52555e+05     4.21698e+02     2.70705e+01
    5.99260e-01     1.52816e+05     4.17035e+02     2.67489e+01
    6.03349e-01     1.52345e+05     4.16825e+02     2.65189e+01
    6.07445e-01     1.51685e+05     4.07328e+02     2.60971e+01
    6.11543e-01     1.51692e+05     4.06388e+02     2.56889e+01
    6.15623e-01     1.52076e+05     4.07714e+02     2.55596e+01
    6.19704e-01     1.51988e+05     4.00095e+02     2.50711e+01
    6.23792e-01     1.50868e+05     3.93112e+02     2.48335e+01
    6.27891e-01     1.50824e+05     3.95788e+02     2.45930e+01
    6.31991e-01     1.51864e+05     3.88691e+02     2.42317e+01
    6.36073e-01     1.51097e+05     3.94454e+02     2.39104e+01
    6.40158e-01     1.50951e+05     3.86872e+02     2.35769e+01
    6.44244e-01     1.50169e+05     3.79932e+02     2.34470e+01
    6.48338e-01     1.50828e+05     3.80508e+02     2.30604e+01
    6.52432e-01     1.51236e+05     3.78764e+02     2.28144e+01
    6.56514e-01     1.50260e+05     3.71800e+02     2.25047e+01
    6.60609e-01     1.49569e+05     3.69490e+02     2.23300e+01
    6.64712e-01     1.50116e+05     3.73706e+02     2.21045e+01
    6.68801e-01     1.48994e+05     3.64964e+02     2.17198e+01
    6.72890e-01     1.49934e+05     3.62463e+02     2.15248e+01
    6.76984e-01     1.48973e+05     3.61327e+02     2.12532e+01
    6.81074e-01     1.49133e+05     3.60015e+02     2.10479e+01
    6.85160e-01     1.49161e+05     3.52608e+02     2.07177e+01
    6.89246e-01     1.49034e+05     3.53931e+02     2.05645e+01
    6.93336e-01     1.48889e+05     3.47868e+02     2.02792e+01
    6.97434e-01     1.48607e+05     3.50069e+02     2.01269e+01
    7.01528e-01     1.48999e+05     3.45044e+02     2.00221e+01
    7.05618e-01     1.48647e+05     3.42727e+02     1.96779e+01
    7.09708e-01     1.47846e+05     3.42585e+02     1.94862e+01
    7.13796e-01     1.48091e+05     3.35151e+02     1.92625e+01
    7.17892e-01     1.47727e+05     3.33686e+02     1.90743e+01
    7.21982e-01     1.47715e+05     3.36845e+02     1.88403e+01
    7.26059e-01     1.48014e+05     3.40768e+02     1.87047e+01
    7.30145e-01     1.47143e+05     3.31627e+02     1.84467e+01
    7.34240e-01     1.47024e+05     3.30701e+02     1.83192e+01
    7.38340e-01     1.47042e+05     3.27098e+02     1.80976e+01
    7.42427e-01     1.46850e+05     3.22015e+02     1.79838e+01
    7.46511e-01     1.46678e+05     3.22067e+02     1.76571e+01
    7.50614e-01     1.46840e+05     3.20035e+02     1.75075e+01
    7.54706e-01     1.46956e+05     3.20293e+02     1.74209e+01
    7.58795e-01     1.46451e+05     3.16140e+02     1.71922e+01
    7.62888e-01     1.46423e+05     3.14477e+02     1.70117e+01
    7.66986e-01     1.46255e+05     3.11823e+02     1.67856e+01
    7.71073e-01     1.45779e+05     3.10902e+02     1.66666e+01
    7.75153e-01     1.45722e+05     3.09409e+02     1.64966e+01
    7.79241e-01     1.45715e+05     3.10849e+02     1.63843e+01
    7.83335e-01     1.45445e+05     3.01611e+02     1.61600e+01
    7.87426e-01     1.46019e+05     3.06184e+02     1.60103e+01
    7.91513e-01     1.45147e+05     3.03143e+02     1.58984e+01
    7.95606e-01     1.45706e+05     2.97627e+02     1.57214e+01
    7.99702e-01     1.45317e+05     2.99432e+02     1.55750e+01
    8.03798e-01     1.44871e+05     2.98194e+02     1.54654e+01
    8.07879e-01     1.44547e+05     2.99958e+02     1.52689e+01
    8.11963e-01     1.44176e+05     2.94781e+02     1.51291e+01
    8.16059e-01     1.44460e+05     2.93112e+02     1.49080e+01
    8.20152e-01     1.44088e+05     2.92292e+02     1.48991e+01
    8.24242e-01     1.43998e+05     2.90336e+02     1.47222e+01
    8.28331e-01     1.43604e+05     2.86275e+02     1.45190e+01
    8.32425e-01     1.44390e+05     2.86402e+02     1.44605e+01
    8.36516e-01     1.43698e+05     2.83256e+02     1.42931e+01
    8.40610e-01     1.43790e+05     2.82075e+02     1.41690e+01
    8.44704e-01     1.43269e+05     2.78939e+02     1.40539e+01
    8.48790e-01     1.42767e+05     2.78673e+02     1.39037e+01
    8.52876e-01     1.43640e+05     2.76613e+02     1.37397e+01
    8.56967e-01     1.42981e+05     2.75957e+02     1.36460e+01
    8.61059e-01     1.43272e+05     2.74767e+02     1.35426e+01
    8.65147e-01     1.42520e+05     2.76482e+02     1.34002e+01
    8.69235e-01     1.42835e+05     2.73838e+02     1.33677e+01
    8.73334e-01     1.43053e+05     2.72462e+02     1.31737e+01
    8.77429e-01     1.42603e+05     2.69885e+02     1.30812e+01
    8.81512e-01     1.42433e+05     2.66019e+02     1.29616e+01
    8.85601e-01     1.42329e+05     2.70333e+02     1.29087e+01
    8.89691e-01     1.41771e+05     2.60700e+02     1.27415e+01
    8.93784e-01     1.41838e+05     2.65307e+02     1.26738e+01
    8.97875e-01     1.41848e+05     2.63671e+02     1.25130e+01
    9.01960e-01     1.41493e+05     2.59735e+02     1.23857e+01
    9.06054e-01     1.41588e+05     2.60377e+02     1.23351e+01
    9.10146e-01     1.41561e+05     2.59331e+02     1.22078e+01
    9.14237e-01     1.41292e+05     2.58170e+02     1.20959e+01
    9.18331e-01     1.40712e+05     2.59331e+02     1.19966e+01
    9.22421e-01     1.40789e+05     2.58785e+02     1.19257e+01
    9.26509e-01     1.40656e+05     2.55775e+02     1.17662e+01
    9.30598e-01     1.40691e+05     2.55094e+02     1.17010e+01
    9.34692e-01     1.40961e+05     2.56270e+02     1.15946e+01
    9.38787e-01     1.40331e+05     2.49811e+02     1.15252e+01
    9.42873e-01     1.40595e+05     2.51362e+02     1.14385e+01
    9.46961e-01     1.39674e+05     2.47995e+02     1.13028e+01
    9.51054e-01     1.40565e+05     2.47133e+02     1.12257e+01
    9.55150e-01     1.40056e+05     2.46581e+02     1.11465e+01
    9.59240e-01     1.40104e+05     2.46295e+02     1.10510e+01
    9.63327e-01     1.39567e+05     2.46088e+02     1.09800e+01
    9.67420e-01     1.39619e+05     2.43984e+02     1.08672e+01
    9.71506e-01     1.39179e+05     2.41046e+02     1.07610e+01
    9.75588e-01     1.39244e+05     2.40973e+02     1.06866e+01
    9.79678e-01     1.38788e+05     2.39765e+02     1.06424e+01
    9.83773e-01     1.39027e+05     2.40363e+02     1.04895e+01
    9.87866e-01     1.38861e+05     2.37285e+02     1.04848e+01
    9.91960e-01     1.38656e+05     2.38696e+02     1.03615e+01
    9.96055e-01     1.38539e+05     2.34468e+02     1.02921e+01
    1.00015e+00     1.38108e+05     2.35859e+02     1.02215e+01
    1.00424e+00     1.37740e+05     2.32831e+02     1.01106e+01
    1.00832e+00     1.37806e+05     2.31697e+02     1.00414e+01
    1.01242e+00     1.37992e+05     2.34594e+02     1.00001e+01
    1.01651e+00     1.38313e+05     2.32127e+02     9.91359e+00
    1.02059e+00     1.37792e+05     2.31635e+02     9.82607e+00
    1.02468e+00     1.37615e+05     2.27379e+02     9.74119e+00
    1.02878e+00     1.37630e+05     2.27070e+02     9.68537e+00
    1.03287e+00     1.37212e+05     2.25073e+02     9.58066e+00
    1.03695e+00     1.37445e+05     2.26446e+02     9.56096e+00
    1.04105e+00     1.37308e+05     2.24701e+02     9.45383e+00
    1.04515e+00     1.36814e+05     2.24804e+02     9.38983e+00
    1.04923e+00     1.37104e+05     2.24190e+02     9.32090e+00
    1.05332e+00     1.36725e+05     2.24237e+02     9.24575e+00
    1.05741e+00     1.36437e+05     2.20873e+02     9.17523e+00
    1.06150e+00     1.36011e+05     2.20329e+02     9.12502e+00
    1.06559e+00     1.36030e+05     2.18313e+02     9.06352e+00
    1.06968e+00     1.35979e+05     2.19951e+02     9.00581e+00
    1.07377e+00     1.35681e+05     2.16421e+02     8.91303e+00
    1.07786e+00     1.36031e+05     2.18539e+02     8.86513e+00
    1.08195e+00     1.35490e+05     2.15402e+02     8.78598e+00
    1.08605e+00     1.35454e+05     2.15834e+02     8.74465e+00
    1.09014e+00     1.35650e+05     2.14773e+02     8.68901e+00
    1.09422e+00     1.34918e+05     2.13712e+02     8.61674e+00
    1.09832e+00     1.34966e+05     2.12887e+02     8.55328e+00
    1.10242e+00     1.35039e+05     2.11044e+02     8.47725e+00
    1.10650e+00     1.35268e+05     2.12405e+02     8.42038e+00
    1.11059e+00     1.34481e+05     2.07952e+02     8.37528e+00
    1.11468e+00     1.34625e+05     2.07948e+02     8.31070e+00
    1.11878e+00     1.34212e+05     2.07875e+02     8.24548e+00
    1.12287e+00     1.34198e+05     2.06568e+02     8.19404e+00
    1.12695e+00     1.33969e+05     2.05847e+02     8.16011e+00
    1.13105e+00     1.34075e+05     2.05325e+02     8.10844e+00
    1.13514e+00     1.33528e+05     2.06657e+02     8.01879e+00
    1.13922e+00     1.33441e+05     2.02758e+02     7.97860e+00
    1.14331e+00     1.33459e+05     2.02572e+02     7.91958e+00
    1.14741e+00     1.33285e+05     2.03090e+02     7.86284e+00
    1.15150e+00     1.33254e+05     2.02534e+02     7.81515e+00
    1.15559e+00     1.33206e+05     2.01600e+02     7.76107e+00
    1.15968e+00     1.32875e+05     1.99713e+02     7.69113e+00
    1.16377e+00     1.32760e+05     1.99181e+02     7.63764e+00
    1.16786e+00     1.32844e+05     1.99094e+02     7.59277e+00
    1.17195e+00     1.32636e+05     1.98515e+02     7.56621e+00
    1.17604e+00     1.32322e+05     1.97335e+02     7.49118e+00
    1.18013e+00     1.32425e+05     1.97464e+02     7.44201e+00
    1.18422e+00     1.32346e+05     1.97852e+02     7.42066e+00
    1.18831e+00     1.32156e+05     1.95692e+02     7.36229e+00
    1.19240e+00     1.31578e+05     1.95119e+02     7.31322e+00
    1.19649e+00     1.31713e+05     1.94003e+02     7.27144e+00
    1.20059e+00     1.31523e+05     1.93988e+02     7.21243e+00
    1.20468e+00     1.31403e+05     1.92273e+02     7.15629e+00
    1.20877e+00     1.31204e+05     1.91060e+02     7.12253e+00
    1.21286e+00     1.31185e+05     1.93461e+02     7.09700e+00
    1.21695e+00     1.30966e+05     1.91178e+02     7.03790e+00
    1.22104e+00     1.30948e+05     1.90635e+02     6.98900e+00
    1.22513e+00     1.30977e+05     1.89219e+02     6.94054e+00
    1.22922e+00     1.30599e+05     1.88511e+02     6.90272e+00
    1.23330e+00     1.30233e+05     1.89044e+02     6.85324e+00
    1.23740e+00     1.30409e+05     1.86846e+02     6.80207e+00
    1.24149e+00     1.30390e+05     1.88287e+02     6.78098e+00
    1.24558e+00     1.29981e+05     1.85252e+02     6.70881e+00
    1.24967e+00     1.29589e+05     1.85435e+02     6.67696e+00
    1.25376e+00     1.29776e+05     1.84947e+02     6.64916e+00
    1.25785e+00     1.29426e+05     1.83942e+02     6.59389e+00
    1.26194e+00     1.29250e+05     1.84271e+02     6.57082e+00
    1.26603e+00     1.29218e+05     1.83573e+02     6.52422e+00
    1.27012e+00     1.29186e+05     1.84388e+02     6.48235e+00
    1.27422e+00     1.29292e+05     1.81214e+02     6.44241e+00
    1.27831e+00     1.29210e+05     1.81932e+02     6.40822e+00
    1.28240e+00     1.28725e+05     1.80139e+02     6.33654e+00
    1.28649e+00     1.28616e+05     1.79511e+02     6.31635e+00
    1.29058e+00     1.28297e+05     1.78360e+02     6.27498e+00
    1.29467e+00     1.28302e+05     1.77603e+02     6.23733e+00
    1.29876e+00     1.27954e+05     1.77216e+02     6.19702e+00
    1.30285e+00     1.27998e+05     1.77265e+02     6.15493e+00
    1.30694e+00     1.27899e+05     1.76518e+02     6.13150e+00
    1.31103e+00     1.27790e+05     1.76046e+02     6.07537e+00
    1.31512e+00     1.27315e+05     1.75570e+02     6.05657e+00
    1.31921e+00     1.27346e+05     1.73603e+02     6.01387e+00
    1.32331e+00     1.26919e+05     1.73517e+02     5.96519e+00
    1.32739e+00     1.27044e+05     1.73516e+02     5.93926e+00
    1.33148e+00     1.26725e+05     1.72742e+02     5.90863e+00
    1.33558e+00     1.26751e+05     1.72495e+02     5.87091e+00
    1.33967e+00     1.26681e+05     1.71348e+02     5.83398e+00
    1.34376e+00     1.26519e+05     1.70267e+02     5.80861e+00
    1.34785e+00     1.26370e+05     1.71323e+02     5.77504e+00
    1.35195e+00     1.25893e+05     1.70913e+02     5.73531e+00
    1.35603e+00     1.26232e+05     1.70350e+02     5.69352e+00
    1.36011e+00     1.25994e+05     1.69138e+02     5.65748e+00
    1.36421e+00     1.25671e+05     1.68782e+02     5.62627e+00
    1.36830e+00     1.25844e+05     1.67660e+02     5.59723e+00
    1.37239e+00     1.25229e+05     1.67186e+02     5.57667e+00
    1.37648e+00     1.25572e+05     1.67016e+02     5.53422e+00
    1.38057e+00     1.25058e+05     1.66882e+02     5.50568e+00
    1.38466e+00     1.25110e+05     1.66188e+02     5.47513e+00
    1.38875e+00     1.24989e+05     1.65065e+02     5.42908e+00
    1.39285e+00     1.24771e+05     1.64851e+02     5.40920e+00
    1.39694e+00     1.24644e+05     1.63803e+02     5.37692e+00
    1.40102e+00     1.24504e+05     1.63885e+02     5.35032e+00
    1.40512e+00     1.24834e+05     1.63613e+02     5.31969e+00
    1.40921e+00     1.24233e+05     1.62865e+02     5.29431e+00
    1.41330e+00     1.24226e+05     1.60996e+02     5.25704e+00
    1.41739e+00     1.23919e+05     1.62616e+02     5.22888e+00
    1.42148e+00     1.23876e+05     1.60341e+02     5.19632e+00
    1.42557e+00     1.23586e+05     1.61328e+02     5.16792e+00
    1.42966e+00     1.23529e+05     1.59641e+02     5.14496e+00
    1.43375e+00     1.23277e+05     1.59938e+02     5.10820e+00
    1.43784e+00     1.23179e+05     1.57802e+02     5.08074e+00
    1.44193e+00     1.23047e+05     1.58814e+02     5.04669e+00
    1.44602e+00     1.23083e+05     1.57503e+02     5.02779e+00
    1.45011e+00     1.22854e+05     1.57401e+02     5.00151e+00
    1.45420e+00     1.22646e+05     1.56993e+02     4.97152e+00
    1.45830e+00     1.22395e+05     1.56718e+02     4.94168e+00
    1.46239e+00     1.22344e+05     1.55499e+02     4.91636e+00
    1.46648e+00     1.22430e+05     1.56282e+02     4.88352e+00
    1.47056e+00     1.21995e+05     1.54718e+02     4.85241e+00
    1.47465e+00     1.21836e+05     1.54449e+02     4.83938e+00
    1.47874e+00     1.21439e+05     1.52974e+02     4.79383e+00
    1.48283e+00     1.21441e+05     1.53068e+02     4.78464e+00
    1.48693e+00     1.21311e+05     1.53461e+02     4.75011e+00
    1.49102e+00     1.21258e+05     1.51868e+02     4.72487e+00
    1.49511e+00     1.21160e+05     1.51831e+02     4.70815e+00
    1.49920e+00     1.20881e+05     1.50743e+02     4.67516e+00
    1.50329e+00     1.20872e+05     1.51310e+02     4.64141e+00
    1.50738e+00     1.20542e+05     1.50044e+02     4.62932e+00
    1.51148e+00     1.20469e+05     1.50138e+02     4.59743e+00
    1.51557e+00     1.20283e+05     1.49736e+02     4.57075e+00
    1.51965e+00     1.20378e+05     1.49675e+02     4.55124e+00
    1.52374e+00     1.19939e+05     1.49962e+02     4.52294e+00
    1.52784e+00     1.19805e+05     1.47989e+02     4.50071e+00
    1.53193e+00     1.19761e+05     1.47902e+02     4.48270e+00
    1.53602e+00     1.19871e+05     1.48379e+02     4.45413e+00
    1.54011e+00     1.19655e+05     1.46464e+02     4.43750e+00
    1.54420e+00     1.19290e+05     1.46910e+02     4.40686e+00
    1.54829e+00     1.19022e+05     1.46147e+02     4.38269e+00
    1.55238e+00     1.18972e+05     1.44989e+02     4.35152e+00
    1.55647e+00     1.18858e+05     1.44715e+02     4.33616e+00
    1.56056e+00     1.18996e+05     1.44109e+02     4.30484e+00
    1.56465e+00     1.18495e+05     1.42511e+02     4.28923e+00
    1.56874e+00     1.18702e+05     1.43938e+02     4.27017e+00
    1.57283e+00     1.18246e+05     1.44209e+02     4.24646e+00
    1.57693e+00     1.18260e+05     1.42908e+02     4.22400e+00
    1.58102e+00     1.18223e+05     1.42715e+02     4.19320e+00
    1.58510e+00     1.17932e+05     1.42816e+02     4.17678e+00
    1.58919e+00     1.17730e+05     1.41444e+02     4.15019e+00
    1.59329e+00     1.17590e+05     1.41067e+02     4.13205e+00
    1.59738e+00     1.17314e+05     1.40404e+02     4.11127e+00
    1.60147e+00     1.17322e+05     1.40648e+02     4.09297e+00
    1.60556e+00     1.16885e+05     1.39771e+02     4.06014e+00
    1.60965e+00     1.17020e+05     1.39667e+02     4.04818e+00
    1.61374e+00     1.16898e+05     1.39793e+02     4.03205e+00
    1.61783e+00     1.16616e+05     1.38709e+02     4.00945e+00
    1.62192e+00     1.16539e+05     1.38239e+02     3.98874e+00
    1.62601e+00     1.16493e+05     1.38162e+02     3.95956e+00
    1.63010e+00     1.16204e+05     1.37891e+02     3.94305e+00
    1.63419e+00     1.15998e+05     1.36857e+02     3.92162e+00
    1.63828e+00     1.15836e+05     1.35506e+02     3.89909e+00
    1.64238e+00     1.15671e+05     1.35629e+02     3.88157e+00
    1.64647e+00     1.15707e+05     1.36046e+02     3.86607e+00
    1.65055e+00     1.15557e+05     1.35680e+02     3.85572e+00
    1.65465e+00     1.15340e+05     1.35096e+02     3.82852e+00
    1.65874e+00     1.14960e+05     1.34571e+02     3.80111e+00
    1.66283e+00     1.15028e+05     1.34082e+02     3.78769e+00
    1.66691e+00     1.14932e+05     1.33945e+02     3.77004e+00
    1.67101e+00     1.14628e+05     1.33828e+02     3.74694e+00
    1.67510e+00     1.14513e+05     1.33107e+02     3.72314e+00
    1.67919e+00     1.14367e+05     1.31813e+02     3.70082e+00
    1.68328e+00     1.14062e+05     1.32669e+02     3.69922e+00
    1.68737e+00     1.14107e+05     1.31998e+02     3.67413e+00
    1.69146e+00     1.13674e+05     1.31749e+02     3.65386e+00
    1.69555e+00     1.13759e+05     1.31604e+02     3.63696e+00
    1.69964e+00     1.13435e+05     1.30196e+02     3.61783e+00
    1.70373e+00     1.13506e+05     1.30801e+02     3.59808e+00
    1.70782e+00     1.13354e+05     1.29843e+02     3.57950e+00
    1.71191e+00     1.13261e+05     1.29144e+02     3.56254e+00
    1.71600e+00     1.12892e+05     1.28982e+02     3.54253e+00
    1.72009e+00     1.12775e+05     1.28750e+02     3.53172e+00
    1.72418e+00     1.12592e+05     1.27497e+02     3.50807e+00
    1.72828e+00     1.12581e+05     1.28338e+02     3.49049e+00
    1.73237e+00     1.12297e+05     1.27461e+02     3.47132e+00
    1.73646e+00     1.12050e+05     1.26559e+02     3.45714e+00
    1.74055e+00     1.12290e+05     1.27738e+02     3.44261e+00
    1.74464e+00     1.12043e+05     1.26711e+02     3.42011e+00
    1.74874e+00     1.11805e+05     1.26372e+02     3.41064e+00
    1.75282e+00     1.11627e+05     1.26127e+02     3.39463e+00
    1.75691e+00     1.11605e+05     1.25355e+02     3.36917e+00
    1.76100e+00     1.11582e+05     1.24877e+02     3.35738e+00
    1.76509e+00     1.11145e+05     1.24228e+02     3.34056e+00
    1.76918e+00     1.10941e+05     1.24436e+02     3.32711e+00
    1.77327e+00     1.10694e+05     1.24044e+02     3.30950e+00
    1.77737e+00     1.10703e+05     1.23555e+02     3.29198e+00
    1.78146e+00     1.10522e+05     1.23438e+02     3.27607e+00
    1.78554e+00     1.10420e+05     1.22837e+02     3.26355e+00
    1.78964e+00     1.10149e+05     1.22237e+02     3.24557e+00
    1.79373e+00     1.10090e+05     1.22100e+02     3.23052e+00
    1.79782e+00     1.10033e+05     1.21660e+02     3.20981e+00
    1.80191e+00     1.09656e+05     1.20874e+02     3.19675e+00
    1.80600e+00     1.09584e+05     1.21521e+02     3.18235e+00
    1.81009e+00     1.09635e+05     1.20635e+02     3.16722e+00
    1.81418e+00     1.09336e+05     1.20309e+02     3.14967e+00
    1.81827e+00     1.09277e+05     1.20510e+02     3.13898e+00
    1.82236e+00     1.09019e+05     1.19565e+02     3.12315e+00
    1.82645e+00     1.08786e+05     1.19125e+02     3.10508e+00
    1.83054e+00     1.08704e+05     1.19144e+02     3.09537e+00
    1.83463e+00     1.08571e+05     1.18438e+02     3.07596e+00
    1.83872e+00     1.08303e+05     1.18046e+02     3.05410e+00
    1.84281e+00     1.08275e+05     1.18154e+02     3.05171e+00
    1.84691e+00     1.08099e+05     1.17877e+02     3.03196e+00
    1.85100e+00     1.07912e+05     1.17799e+02     3.01689e+00
    1.85509e+00     1.07715e+05     1.17181e+02     3.00644e+00
    1.85918e+00     1.07561e+05     1.16097e+02     2.98417e+00
    1.86327e+00     1.07377e+05     1.15939e+02     2.97859e+00
    1.86736e+00     1.07237e+05     1.15711e+02     2.96300e+00
    1.87145e+00     1.07058e+05     1.15316e+02     2.94325e+00
    1.87554e+00     1.06903e+05     1.15627e+02     2.93587e+00
    1.87963e+00     1.06973e+05     1.14492e+02     2.91819e+00
    1.88372e+00     1.06673e+05     1.14722e+02     2.90746e+00
    1.88781e+00     1.06605e+05     1.13753e+02     2.88609e+00
    1.89190e+00     1.06260e+05     1.13113e+02     2.87129e+00
    1.89599e+00     1.06329e+05     1.13544e+02     2.86021e+00
    1.90008e+00     1.05788e+05     1.12900e+02     2.85153e+00
    1.90417e+00     1.05680e+05     1.12272e+02     2.83498e+00
    1.90827e+00     1.05621e+05     1.11819e+02     2.82099e+00
    1.91236e+00     1.05525e+05     1.11869e+02     2.80844e+00
    1.91645e+00     1.05495e+05     1.11528e+02     2.79059e+00
    1.92054e+00     1.05266e+05     1.10729e+02     2.78287e+00
    1.92463e+00     1.05011e+05     1.11156e+02     2.77341e+00
    1.92872e+00     1.04721e+05     1.10943e+02     2.76123e+00
    1.93281e+00     1.04771e+05     1.10115e+02     2.74429e+00
    1.93690e+00     1.04689e+05     1.10100e+02     2.72985e+00
    1.94099e+00     1.04412e+05     1.09560e+02     2.71783e+00
    1.94508e+00     1.04231e+05     1.09261e+02     2.70143e+00
    1.94917e+00     1.04268e+05     1.08661e+02     2.69420e+00
    1.95326e+00     1.03902e+05     1.08393e+02     2.67923e+00
    1.95735e+00     1.03768e+05     1.08638e+02     2.66577e+00
    1.96144e+00     1.03551e+05     1.08478e+02     2.65498e+00
    1.96553e+00     1.03592e+05     1.07737e+02     2.64308e+00
    1.96962e+00     1.03342e+05     1.07504e+02     2.63018e+00
    1.97371e+00     1.03296e+05     1.07158e+02     2.61913e+00
    1.97781e+00     1.03110e+05     1.06992e+02     2.60882e+00
    1.98190e+00     1.02862e+05     1.06357e+02     2.59413e+00
    1.98599e+00     1.02835e+05     1.06083e+02     2.57947e+00
    1.99008e+00     1.02332e+05     1.05530e+02     2.56790e+00
    1.99417e+00     1.02454e+05     1.05528e+02     2.55539e+00
    1.99826e+00     1.02137e+05     1.04923e+02     2.54424e+00
    2.00235e+00     1.02009e+05     1.05298e+02     2.53657e+00
    2.00644e+00     1.02090e+05     1.05274e+02     2.52565e+00
    2.01053e+00     1.01639e+05     1.04129e+02     2.51229e+00
    2.01462e+00     1.01643e+05     1.03889e+02     2.49998e+00
    2.01871e+00     1.01461e+05     1.03844e+02     2.48531e+00
    2.02280e+00     1.01328e+05     1.03435e+02     2.47767e+00
    2.02689e+00     1.01435e+05     1.03634e+02     2.46823e+00
    2.03098e+00     1.00977e+05     1.02705e+02     2.45371e+00
    2.03507e+00     1.00954e+05     1.02687e+02     2.43943e+00
    2.03917e+00     1.00750e+05     1.02898e+02     2.43175e+00
    2.04325e+00     1.00601e+05     1.02399e+02     2.42419e+00
    2.04735e+00     1.00422e+05     1.01211e+02     2.40947e+00
    2.05143e+00     1.00325e+05     1.01831e+02     2.39781e+00
    2.05552e+00     1.00176e+05     1.01226e+02     2.38755e+00
    2.05962e+00     9.99967e+04     1.01107e+02     2.37517e+00
    2.06371e+00     9.98904e+04     1.00690e+02     2.36616e+00
    2.06780e+00     9.96530e+04     1.00490e+02     2.35226e+00
    2.07189e+00     9.93394e+04     9.96437e+01     2.34068e+00
    2.07598e+00     9.92975e+04     9.93996e+01     2.33591e+00
    2.08007e+00     9.92649e+04     9.93731e+01     2.32077e+00
    2.08416e+00     9.90693e+04     9.92067e+01     2.31519e+00
    2.08825e+00     9.89440e+04     9.84654e+01     2.29946e+00
    2.09234e+00     9.87188e+04     9.85160e+01     2.29335e+00
    2.09644e+00     9.85406e+04     9.78262e+01     2.28138e+00
    2.10053e+00     9.85243e+04     9.83019e+01     2.27134e+00
    2.10461e+00     9.82983e+04     9.74816e+01     2.26314e+00
    2.10870e+00     9.80581e+04     9.78621e+01     2.25000e+00
    2.11280e+00     9.80276e+04     9.70124e+01     2.23858e+00
    2.11688e+00     9.79319e+04     9.67646e+01     2.22838e+00
    2.12098e+00     9.77392e+04     9.67692e+01     2.21981e+00
    2.12507e+00     9.74429e+04     9.59382e+01     2.20780e+00
    2.12916e+00     9.72328e+04     9.56578e+01     2.19596e+00
    2.13325e+00     9.71938e+04     9.55551e+01     2.19047e+00
    2.13734e+00     9.69735e+04     9.54575e+01     2.17813e+00
    2.14143e+00     9.68116e+04     9.49114e+01     2.17162e+00
    2.14552e+00     9.67412e+04     9.46598e+01     2.16160e+00
    2.14961e+00     9.64134e+04     9.47360e+01     2.15093e+00
    2.15370e+00     9.62147e+04     9.41203e+01     2.14181e+00
    2.15779e+00     9.60967e+04     9.38169e+01     2.13099e+00
    2.16188e+00     9.59515e+04     9.34209e+01     2.12033e+00
    2.16597e+00     9.59046e+04     9.28870e+01     2.11125e+00
    2.17006e+00     9.57227e+04     9.36923e+01     2.10394e+00
    2.17416e+00     9.56191e+04     9.26140e+01     2.09288e+00
    2.17825e+00     9.54644e+04     9.22968e+01     2.08359e+00
    2.18234e+00     9.51608e+04     9.20529e+01     2.07300e+00
    2.18643e+00     9.50534e+04     9.17613e+01     2.06496e+00
    2.19052e+00     9.49592e+04     9.19473e+01     2.05986e+00
    2.19461e+00     9.48523e+04     9.13026e+01     2.04600e+00
    2.19870e+00     9.46196e+04     9.08602e+01     2.03775e+00
    2.20279e+00     9.44892e+04     9.04048e+01     2.02678e+00
    2.20688e+00     9.43400e+04     9.07190e+01     2.02027e+00
    2.21097e+00     9.41816e+04     9.05377e+01     2.01035e+00
    2.21506e+00     9.40862e+04     9.04130e+01     2.00217e+00
    2.21915e+00     9.38502e+04     8.96154e+01     1.99187e+00
    2.22324e+00     9.37055e+04     8.93073e+01     1.98409e+00
    2.22733e+00     9.35270e+04     8.93293e+01     1.97524e+00
    2.23142e+00     9.33766e+04     8.89592e+01     1.96667e+00
    2.23552e+00     9.32334e+04     8.86104e+01     1.95915e+00
    2.23961e+00     9.30050e+04     8.85962e+01     1.95010e+00
    2.24369e+00     9.29732e+04     8.81479e+01     1.94027e+00
    2.24779e+00     9.27063e+04     8.78530e+01     1.93139e+00
    2.25188e+00     9.26129e+04     8.74025e+01     1.92434e+00
    2.25597e+00     9.25839e+04     8.76446e+01     1.91381e+00
    2.26006e+00     9.23176e+04     8.70604e+01     1.90454e+00
    2.26415e+00     9.22734e+04     8.71080e+01     1.89607e+00
    2.26824e+00     9.20092e+04     8.66323e+01     1.88704e+00
    2.27233e+00     9.19368e+04     8.65722e+01     1.87924e+00
    2.27642e+00     9.16845e+04     8.61777e+01     1.87207e+00
    2.28051e+00     9.16450e+04     8.57075e+01     1.86332e+00
    2.28460e+00     9.13592e+04     8.59436e+01     1.85382e+00
    2.28869e+00     9.11578e+04     8.50129e+01     1.84720e+00
    2.29278e+00     9.11156e+04     8.50139e+01     1.84033e+00
    2.29687e+00     9.08877e+04     8.48120e+01     1.82949e+00
    2.30096e+00     9.08528e+04     8.49538e+01     1.82192e+00
    2.30506e+00     9.06041e+04     8.42897e+01     1.81580e+00
    2.30915e+00     9.04361e+04     8.40823e+01     1.80736e+00
    2.31324e+00     9.03819e+04     8.38877e+01     1.79795e+00
    2.31733e+00     9.01163e+04     8.37959e+01     1.79010e+00
    2.32142e+00     9.00637e+04     8.30625e+01     1.78203e+00
    2.32551e+00     8.97919e+04     8.32430e+01     1.77484e+00
    2.32960e+00     8.97298e+04     8.29960e+01     1.76889e+00
    2.33369e+00     8.94885e+04     8.26564e+01     1.76053e+00
    2.33778e+00     8.93231e+04     8.23502e+01     1.75241e+00
    2.34187e+00     8.92210e+04     8.23980e+01     1.74446e+00
    2.34596e+00     8.90232e+04     8.20136e+01     1.73794e+00
    2.35005e+00     8.90350e+04     8.18409e+01     1.73170e+00
    2.35414e+00     8.87932e+04     8.16392e+01     1.72379e+00
    2.35823e+00     8.86359e+04     8.11068e+01     1.71243e+00
    2.36232e+00     8.83532e+04     8.06633e+01     1.70547e+00
    2.36641e+00     8.81649e+04     8.03129e+01     1.69890e+00
    2.37051e+00     8.81088e+04     8.05367e+01     1.69161e+00
    2.37460e+00     8.81189e+04     8.02528e+01     1.68448e+00
    2.37869e+00     8.79583e+04     8.01005e+01     1.67683e+00
    2.38278e+00     8.77825e+04     7.98341e+01     1.66795e+00
    2.38687e+00     8.75885e+04     7.97075e+01     1.66077e+00
    2.39096e+00     8.73917e+04     7.92189e+01     1.65585e+00
    2.39505e+00     8.71682e+04     7.89487e+01     1.64747e+00
    2.39914e+00     8.70516e+04     7.85032e+01     1.64028e+00
    2.40323e+00     8.69840e+04     7.87438e+01     1.63259e+00
    2.40732e+00     8.67606e+04     7.82783e+01     1.62484e+00
    2.41141e+00     8.66512e+04     7.82601e+01     1.62146e+00
    2.41550e+00     8.65504e+04     7.78251e+01     1.61117e+00
    2.41959e+00     8.62825e+04     7.76159e+01     1.60308e+00
    2.42368e+00     8.60989e+04     7.71392e+01     1.59706e+00
    2.42777e+00     8.59691e+04     7.69044e+01     1.58945e+00
    2.43187e+00     8.58059e+04     7.64430e+01     1.58380e+00
    2.43596e+00     8.56368e+04     7.65323e+01     1.57544e+00
    2.44004e+00     8.55701e+04     7.62338e+01     1.57034e+00
    2.44414e+00     8.54654e+04     7.63818e+01     1.56640e+00
    2.44823e+00     8.52482e+04     7.58928e+01     1.55645e+00
    2.45232e+00     8.50928e+04     7.60051e+01     1.55169e+00
    2.45640e+00     8.50264e+04     7.56814e+01     1.54446e+00
    2.46050e+00     8.47794e+04     7.52546e+01     1.53535e+00
    2.46459e+00     8.46478e+04     7.50462e+01     1.53003e+00
    2.46868e+00     8.44921e+04     7.48738e+01     1.52278e+00
    2.47277e+00     8.43922e+04     7.43377e+01     1.51661e+00
    2.47686e+00     8.41718e+04     7.42831e+01     1.50940e+00
    2.48095e+00     8.40473e+04     7.39388e+01     1.50438e+00
    2.48504e+00     8.38521e+04     7.39892e+01     1.49558e+00
    2.48913e+00     8.36174e+04     7.36549e+01     1.48870e+00
    2.49322e+00     8.36142e+04     7.36340e+01     1.48586e+00
    2.49731e+00     8.35141e+04     7.34864e+01     1.47984e+00
    2.50141e+00     8.31922e+04     7.30459e+01     1.47185e+00
    2.50550e+00     8.30831e+04     7.28385e+01     1.46597e+00
    2.50959e+00     8.29747e+04     7.26903e+01     1.45900e+00
    2.51368e+00     8.28312e+04     7.23526e+01     1.45045e+00
    2.51777e+00     8.26119e+04     7.22933e+01     1.44646e+00
    2.52186e+00     8.25019e+04     7.21354e+01     1.43994e+00
    2.52595e+00     8.24459e+04     7.20147e+01     1.43329e+00
    2.53004e+00     8.20909e+04     7.12068e+01     1.42687e+00
    2.53413e+00     8.20108e+04     7.12713e+01     1.42214e+00
    2.53822e+00     8.18066e+04     7.11221e+01     1.41588e+00
    2.54231e+00     8.16337e+04     7.08128e+01     1.40808e+00
    2.54640e+00     8.16422e+04     7.05638e+01     1.40133e+00
    2.55049e+00     8.14487e+04     7.03198e+01     1.39579e+00
    2.55458e+00     8.11768e+04     7.02898e+01     1.39013e+00
    2.55867e+00     8.10447e+04     6.96081e+01     1.38264e+00
    2.56276e+00     8.09998e+04     6.97813e+01     1.37912e+00
    2.56685e+00     8.07641e+04     6.95940e+01     1.37359e+00
    2.57095e+00     8.06495e+04     6.93787e+01     1.36694e+00
    2.57504e+00     8.05762e+04     6.89593e+01     1.36069e+00
    2.57913e+00     8.03678e+04     6.86907e+01     1.35426e+00
    2.58322e+00     8.01376e+04     6.85986e+01     1.34834e+00
    2.58731e+00     8.00254e+04     6.80919e+01     1.34291e+00
    2.59140e+00     7.99739e+04     6.83092e+01     1.33677e+00
    2.59549e+00     7.96783e+04     6.78477e+01     1.32951e+00
    2.59958e+00     7.95422e+04     6.78298e+01     1.32725e+00
    2.60367e+00     7.93306e+04     6.76939e+01     1.32108e+00
    2.60776e+00     7.93436e+04     6.74471e+01     1.31386e+00
    2.61185e+00     7.91971e+04     6.70936e+01     1.30928e+00
    2.61594e+00     7.90069e+04     6.64747e+01     1.30208e+00
    2.62003e+00     7.88835e+04     6.64292e+01     1.29822e+00
    2.62412e+00     7.87360e+04     6.64937e+01     1.29257e+00
    2.62821e+00     7.84882e+04     6.63037e+01     1.28664e+00
    2.63230e+00     7.84009e+04     6.62636e+01     1.28206e+00
    2.63640e+00     7.82905e+04     6.57516e+01     1.27576e+00
    2.64049e+00     7.81992e+04     6.57718e+01     1.27063e+00
    2.64457e+00     7.79141e+04     6.54179e+01     1.26448e+00
    2.64867e+00     7.77658e+04     6.54842e+01     1.25959e+00
    2.65276e+00     7.77211e+04     6.49551e+01     1.25350e+00
    2.65685e+00     7.74984e+04     6.48114e+01     1.24846e+00
    2.66094e+00     7.73755e+04     6.45727e+01     1.24250e+00
    2.66503e+00     7.71038e+04     6.43481e+01     1.23845e+00
    2.66912e+00     7.70711e+04     6.42096e+01     1.23254e+00
    2.67321e+00     7.69257e+04     6.39856e+01     1.22754e+00
    2.67730e+00     7.68380e+04     6.38925e+01     1.22255e+00
    2.68139e+00     7.65846e+04     6.36519e+01     1.21731e+00
    2.68548e+00     7.64193e+04     6.36677e+01     1.21157e+00
    2.68957e+00     7.63825e+04     6.33617e+01     1.20729e+00
    2.69366e+00     7.62655e+04     6.32521e+01     1.20081e+00
    2.69776e+00     7.60896e+04     6.29047e+01     1.19676e+00
    2.70185e+00     7.57770e+04     6.25677e+01     1.19106e+00
    2.70594e+00     7.57135e+04     6.25669e+01     1.18576e+00
    2.71003e+00     7.56016e+04     6.23510e+01     1.18068e+00
    2.71412e+00     7.54162e+04     6.21777e+01     1.17682e+00
    2.71821e+00     7.53044e+04     6.17867e+01     1.17169e+00
    2.72230e+00     7.51476e+04     6.17062e+01     1.16675e+00
    2.72639e+00     7.50079e+04     6.17665e+01     1.16075e+00
    2.73048e+00     7.48653e+04     6.15063e+01     1.15702e+00
    2.73457e+00     7.47624e+04     6.11344e+01     1.15099e+00
    2.73866e+00     7.45743e+04     6.09782e+01     1.14669e+00
    2.74275e+00     7.44446e+04     6.06943e+01     1.14121e+00
    2.74684e+00     7.43087e+04     6.04843e+01     1.13521e+00
    2.75093e+00     7.42178e+04     6.04189e+01     1.13100e+00
    2.75502e+00     7.40805e+04     6.02077e+01     1.12728e+00
    2.75911e+00     7.39922e+04     6.02465e+01     1.12227e+00
    2.76320e+00     7.36605e+04     5.97789e+01     1.11689e+00
    2.76730e+00     7.35947e+04     5.94496e+01     1.11246e+00
    2.77139e+00     7.34139e+04     5.91750e+01     1.10791e+00
    2.77548e+00     7.33614e+04     5.92956e+01     1.10339e+00
    2.77957e+00     7.32162e+04     5.89758e+01     1.09777e+00
    2.78366e+00     7.30651e+04     5.89288e+01     1.09421e+00
    2.78775e+00     7.29157e+04     5.88139e+01     1.09001e+00
    2.79184e+00     7.27522e+04     5.84321e+01     1.08505e+00
    2.79593e+00     7.25843e+04     5.83080e+01     1.07978e+00
    2.80002e+00     7.24131e+04     5.81078e+01     1.07524e+00
    2.80411e+00     7.22979e+04     5.79161e+01     1.07047e+00
    2.80820e+00     7.20983e+04     5.75660e+01     1.06663e+00
    2.81229e+00     7.19904e+04     5.75835e+01     1.06148e+00
    2.81638e+00     7.18223e+04     5.72913e+01     1.05672e+00
    2.82047e+00     7.17375e+04     5.70757e+01     1.05205e+00
    2.82457e+00     7.15657e+04     5.67613e+01     1.04842e+00
    2.82866e+00     7.14876e+04     5.68424e+01     1.04368e+00
    2.83275e+00     7.13032e+04     5.66425e+01     1.03899e+00
    2.83684e+00     7.11189e+04     5.63311e+01     1.03482e+00
    2.84093e+00     7.10380e+04     5.62207e+01     1.03010e+00
    2.84502e+00     7.09472e+04     5.61278e+01     1.02537e+00
    2.84911e+00     7.07362e+04     5.58123e+01     1.02068e+00
    2.85320e+00     7.05837e+04     5.56917e+01     1.01649e+00
    2.85729e+00     7.04120e+04     5.55402e+01     1.01274e+00
    2.86138e+00     7.02912e+04     5.53083e+01     1.00928e+00
    2.86547e+00     7.01985e+04     5.51880e+01     1.00490e+00
    2.86956e+00     6.99992e+04     5.48352e+01     9.99912e-01
    2.87365e+00     6.98617e+04     5.47017e+01     9.96839e-01
    2.87774e+00     6.97459e+04     5.46322e+01     9.92179e-01
    2.88183e+00     6.95490e+04     5.44782e+01     9.86947e-01
    2.88592e+00     6.94220e+04     5.43849e+01     9.83540e-01
    2.89001e+00     6.93689e+04     5.42683e+01     9.79016e-01
    2.89410e+00     6.91885e+04     5.37549e+01     9.74702e-01
    2.89820e+00     6.90635e+04     5.37429e+01     9.70803e-01
    2.90229e+00     6.88933e+04     5.33588e+01     9.66038e-01
    2.90638e+00     6.87848e+04     5.33435e+01     9.62545e-01
    2.91047e+00     6.86481e+04     5.30998e+01     9.58267e-01
    2.91456e+00     6.85050e+04     5.31862e+01     9.54320e-01
    2.91865e+00     6.83416e+04     5.28672e+01     9.50961e-01
    2.92274e+00     6.81620e+04     5.28479e+01     9.46191e-01
    2.92683e+00     6.80869e+04     5.25995e+01     9.40897e-01
    2.93092e+00     6.80007e+04     5.25188e+01     9.39600e-01
    2.93501e+00     6.78662e+04     5.22999e+01     9.34387e-01
    2.93910e+00     6.76114e+04     5.21096e+01     9.31103e-01
    2.94319e+00     6.75351e+04     5.19164e+01     9.26845e-01
    2.94728e+00     6.74096e+04     5.17866e+01     9.23878e-01
    2.95137e+00     6.73103e+04     5.15631e+01     9.18068e-01
    2.95546e+00     6.71987e+04     5.14809e+01     9.15352e-01
    2.95955e+00     6.69273e+04     5.12533e+01     9.11834e-01
    2.96364e+00     6.68726e+04     5.11078e+01     9.06500e-01
    2.96774e+00     6.67641e+04     5.09786e+01     9.04069e-01
    2.97183e+00     6.66381e+04     5.06174e+01     9.00105e-01
    2.97592e+00     6.64528e+04     5.07933e+01     8.96687e-01
    2.98001e+00     6.63582e+04     5.04232e+01     8.91851e-01
    2.98410e+00     6.62671e+04     5.04705e+01     8.89080e-01
    2.98819e+00     6.59992e+04     5.01246e+01     8.84268e-01
    2.99228e+00     6.58986e+04     4.99205e+01     8.80913e-01
    2.99637e+00     6.57856e+04     4.97808e+01     8.77464e-01
    3.00046e+00     6.56245e+04     4.94596e+01     8.73414e-01
    3.00455e+00     6.55015e+04     4.93445e+01     8.70469e-01
    3.00864e+00     6.53444e+04     4.93139e+01     8.66726e-01
    3.01273e+00     6.52204e+04     4.90962e+01     8.62568e-01
    3.01682e+00     6.50877e+04     4.89393e+01     8.59444e-01
    3.02091e+00     6.49573e+04     4.88403e+01     8.55625e-01
    3.02500e+00     6.48301e+04     4.84755e+01     8.51939e-01
    3.02910e+00     6.46331e+04     4.84454e+01     8.48029e-01
    3.03319e+00     6.45212e+04     4.81934e+01     8.45247e-01
    3.03728e+00     6.43761e+04     4.79082e+01     8.40607e-01
    3.04137e+00     6.42939e+04     4.81118e+01     8.38115e-01
    3.04546e+00     6.41931e+04     4.78950e+01     8.34770e-01
    3.04955e+00     6.39794e+04     4.76055e+01     8.29933e-01
    3.05364e+00     6.39018e+04     4.73897e+01     8.26973e-01
    3.05773e+00     6.37728e+04     4.72363e+01     8.24133e-01
    3.06182e+00     6.35968e+04     4.70158e+01     8.18962e-01
    3.06591e+00     6.34426e+04     4.68901e+01     8.17974e-01
    3.07000e+00     6.33651e+04     4.68336e+01     8.12728e-01
    3.07409e+00     6.32414e+04     4.66977e+01     8.10069e-01
    3.07818e+00     6.30604e+04     4.64385e+01     8.06361e-01
    3.08227e+00     6.29558e+04     4.63200e+01     8.03184e-01
    3.08636e+00     6.28089e+04     4.62415e+01     7.99458e-01
    3.09045e+00     6.26948e+04     4.60516e+01     7.96117e-01
    3.09454e+00     6.25987e+04     4.60078e+01     7.93696e-01
    3.09863e+00     6.24275e+04     4.56902e+01     7.90345e-01
    3.10272e+00     6.23034e+04     4.56638e+01     7.86692e-01
    3.10682e+00     6.21998e+04     4.54594e+01     7.82992e-01
    3.11091e+00     6.20825e+04     4.52727e+01     7.80626e-01
    3.11500e+00     6.18871e+04     4.50586e+01     7.76821e-01
    3.11909e+00     6.17845e+04     4.50444e+01     7.73228e-01
    3.12318e+00     6.17065e+04     4.49181e+01     7.70733e-01
    3.12727e+00     6.15014e+04     4.47636e+01     7.67252e-01
    3.13136e+00     6.13760e+04     4.45824e+01     7.63944e-01
    3.13545e+00     6.12501e+04     4.43288e+01     7.60235e-01
    3.13954e+00     6.11405e+04     4.43383e+01     7.56849e-01
    3.14363e+00     6.09807e+04     4.42024e+01     7.54342e-01
    3.14772e+00     6.08785e+04     4.40044e+01     7.52191e-01
    3.15181e+00     6.07432e+04     4.37881e+01     7.49135e-01
    3.15590e+00     6.05560e+04     4.36272e+01     7.45219e-01
    3.16000e+00     6.05369e+04     4.36307e+01     7.42343e-01
    3.16409e+00     6.02841e+04     4.33231e+01     7.38665e-01
    3.16818e+00     6.02477e+04     4.32897e+01     7.36458e-01
    3.17227e+00     6.00951e+04     4.30542e+01     7.32128e-01
    3.17636e+00     5.99720e+04     4.30231e+01     7.29646e-01
    3.18045e+00     5.98692e+04     4.27633e+01     7.26308e-01
    3.18454e+00     5.97792e+04     4.26796e+01     7.23702e-01
    3.18863e+00     5.96635e+04     4.25669e+01     7.20283e-01
    3.19272e+00     5.95202e+04     4.22319e+01     7.17203e-01
    3.19681e+00     5.93750e+04     4.22203e+01     7.14105e-01
    3.20090e+00     5.92400e+04     4.20372e+01     7.11607e-01
    3.20499e+00     5.90860e+04     4.19419e+01     7.09084e-01
    3.20908e+00     5.90263e+04     4.18495e+01     7.05844e-01
    3.21317e+00     5.88008e+04     4.15854e+01     7.02221e-01
    3.21726e+00     5.87694e+04     4.14647e+01     7.00005e-01
    3.22135e+00     5.86553e+04     4.14882e+01     6.97546e-01
    3.22545e+00     5.84953e+04     4.12730e+01     6.93939e-01
    3.22954e+00     5.83349e+04     4.12248e+01     6.91745e-01
    3.23363e+00     5.82238e+04     4.10251e+01     6.88503e-01
    3.23772e+00     5.81269e+04     4.08189e+01     6.85859e-01
    3.24181e+00     5.79723e+04     4.06394e+01     6.82629e-01
    3.24590e+00     5.79125e+04     4.06834e+01     6.80188e-01
    3.24999e+00     5.77494e+04     4.04022e+01     6.77375e-01
    3.25408e+00     5.76319e+04     4.01481e+01     6.74496e-01
    3.25817e+00     5.75609e+04     4.01349e+01     6.71793e-01
    3.26226e+00     5.74495e+04     4.00124e+01     6.68667e-01
    3.26635e+00     5.72730e+04     3.98955e+01     6.65597e-01
    3.27044e+00     5.71371e+04     3.96995e+01     6.62935e-01
    3.27453e+00     5.70543e+04     3.97455e+01     6.60415e-01
    3.27862e+00     5.68959e+04     3.95110e+01     6.58066e-01
    3.28271e+00     5.67640e+04     3.93602e+01     6.55365e-01
    3.28681e+00     5.66765e+04     3.93729e+01     6.52440e-01
    3.29090e+00     5.65431e+04     3.91502e+01     6.50040e-01
    3.29499e+00     5.64156e+04     3.88670e+01     6.47047e-01
    3.29908e+00     5.62964e+04     3.88185e+01     6.44331e-01
    3.30317e+00     5.62256e+04     3.87060e+01     6.41613e-01
    3.30725e+00     5.60378e+04     3.84573e+01     6.39194e-01
    3.31135e+00     5.60044e+04     3.84839e+01     6.37114e-01
    3.31544e+00     5.58039e+04     3.82301e+01     6.33868e-01
    3.31953e+00     5.57553e+04     3.81395e+01     6.30718e-01
    3.32362e+00     5.55956e+04     3.80588e+01     6.28438e-01
    3.32771e+00     5.55301e+04     3.81189e+01     6.26166e-01
    3.33180e+00     5.53585e+04     3.78229e+01     6.23462e-01
    3.33589e+00     5.52437e+04     3.76271e+01     6.20363e-01
    3.33998e+00     5.51462e+04     3.75660e+01     6.17922e-01
    3.34407e+00     5.49854e+04     3.74399e+01     6.15968e-01
    3.34816e+00     5.48889e+04     3.72256e+01     6.13431e-01
    3.35226e+00     5.47850e+04     3.70469e+01     6.11088e-01
    3.35634e+00     5.46931e+04     3.70586e+01     6.08018e-01
    3.36043e+00     5.45358e+04     3.69789e+01     6.05807e-01
    3.36453e+00     5.44180e+04     3.67449e+01     6.03289e-01
    3.36862e+00     5.42655e+04     3.65555e+01     6.00725e-01
    3.37271e+00     5.42156e+04     3.64710e+01     5.98348e-01
    3.37680e+00     5.41138e+04     3.63373e+01     5.96061e-01
    3.38089e+00     5.39701e+04     3.62621e+01     5.94404e-01
    3.38498e+00     5.38397e+04     3.62163e+01     5.91625e-01
    3.38907e+00     5.36793e+04     3.60437e+01     5.88673e-01
    3.39316e+00     5.36221e+04     3.59357e+01     5.86715e-01
    3.39725e+00     5.34784e+04     3.57842e+01     5.84133e-01
    3.40134e+00     5.33396e+04     3.55922e+01     5.81823e-01
    3.40543e+00     5.32594e+04     3.55227e+01     5.79681e-01
    3.40952e+00     5.31985e+04     3.55323e+01     5.76744e-01
    3.41362e+00     5.30338e+04     3.53144e+01     5.74698e-01
    3.41770e+00     5.29242e+04     3.51926e+01     5.72530e-01
    3.42179e+00     5.28212e+04     3.51579e+01     5.69855e-01
    3.42588e+00     5.27444e+04     3.51127e+01     5.67592e-01
    3.42997e+00     5.25696e+04     3.48954e+01     5.65852e-01
    3.43406e+00     5.24586e+04     3.46191e+01     5.63368e-01
    3.43816e+00     5.23370e+04     3.46586e+01     5.61143e-01
    3.44225e+00     5.22920e+04     3.45903e+01     5.58928e-01
    3.44634e+00     5.21576e+04     3.44472e+01     5.56308e-01
    3.45043e+00     5.20259e+04     3.41756e+01     5.53733e-01
    3.45452e+00     5.19127e+04     3.41117e+01     5.51609e-01
    3.45861e+00     5.17818e+04     3.40640e+01     5.49529e-01
    3.46270e+00     5.16847e+04     3.38996e+01     5.47204e-01
    3.46679e+00     5.15961e+04     3.38908e+01     5.45310e-01
    3.47088e+00     5.14664e+04     3.36547e+01     5.43202e-01
    3.47497e+00     5.13951e+04     3.35396e+01     5.40630e-01
    3.47906e+00     5.12524e+04     3.33352e+01     5.38223e-01
    3.48315e+00     5.12208e+04     3.33977e+01     5.36697e-01
    3.48725e+00     5.10761e+04     3.31439e+01     5.34274e-01
    3.49134e+00     5.09288e+04     3.32529e+01     5.32613e-01
    3.49543e+00     5.07965e+04     3.29260e+01     5.29969e-01
    3.49952e+00     5.07216e+04     3.28514e+01     5.28012e-01
    3.50361e+00     5.05684e+04     3.26871e+01     5.25907e-01
    3.50770e+00     5.05145e+04     3.26031e+01     5.23585e-01
    3.51179e+00     5.03826e+04     3.25654e+01     5.21798e-01
    3.51588e+00     5.02362e+04     3.25048e+01     5.19843e-01
    3.51997e+00     5.01916e+04     3.23841e+01     5.17391e-01
    3.52406e+00     5.00364e+04     3.21071e+01     5.15510e-01
    3.52815e+00     5.00032e+04     3.21026e+01     5.13220e-01
    3.53224e+00     4.98682e+04     3.19509e+01     5.11097e-01
    3.53633e+00     4.97648e+04     3.18423e+01     5.09584e-01
    3.54042e+00     4.96747e+04     3.18489e+01     5.07426e-01
    3.54451e+00     4.95617e+04     3.16794e+01     5.05526e-01
    3.54860e+00     4.94899e+04     3.15473e+01     5.02884e-01
    3.55270e+00     4.93305e+04     3.14765e+01     5.01515e-01
    3.55679e+00     4.92566e+04     3.14196e+01     4.99442e-01
    3.56088e+00     4.91181e+04     3.11421e+01     4.97582e-01
    3.56497e+00     4.90078e+04     3.10864e+01     4.95046e-01
    3.56906e+00     4.89158e+04     3.11045e+01     4.93131e-01
    3.57315e+00     4.87853e+04     3.07927e+01     4.91419e-01
    3.57724e+00     4.86999e+04     3.07761e+01     4.89849e-01
    3.58133e+00     4.86380e+04     3.07076e+01     4.87724e-01
    3.58542e+00     4.85262e+04     3.05821e+01     4.85898e-01
    3.58951e+00     4.84046e+04     3.05233e+01     4.83651e-01
    3.59360e+00     4.82758e+04     3.03914e+01     4.81688e-01
    3.59769e+00     4.82070e+04     3.02332e+01     4.80002e-01
    3.60178e+00     4.81052e+04     3.01367e+01     4.77903e-01
    3.60587e+00     4.79700e+04     3.00283e+01     4.75953e-01
    3.60996e+00     4.79306e+04     2.99418e+01     4.74141e-01
    3.61405e+00     4.77718e+04     2.98622e+01     4.72447e-01
    3.61814e+00     4.77223e+04     2.98154e+01     4.70435e-01
    3.62224e+00     4.75948e+04     2.97232e+01     4.68988e-01
    3.62633e+00     4.75026e+04     2.95864e+01     4.67168e-01
    3.63042e+00     4.73594e+04     2.94840e+01     4.64888e-01
    3.63451e+00     4.73104e+04     2.93400e+01     4.62878e-01
    3.63860e+00     4.71832e+04     2.93171e+01     4.61341e-01
    3.64269e+00     4.71219e+04     2.92290e+01     4.59920e-01
    3.64678e+00     4.70109e+04     2.90639e+01     4.57564e-01
    3.65087e+00     4.68835e+04     2.89715e+01     4.55858e-01
    3.65496e+00     4.68032e+04     2.88941e+01     4.54172e-01
    3.65905e+00     4.67121e+04     2.88295e+01     4.52537e-01
    3.66314e+00     4.66168e+04     2.87375e+01     4.50768e-01
    3.66723e+00     4.65018e+04     2.85188e+01     4.48769e-01
    3.67132e+00     4.64233e+04     2.85318e+01     4.47693e-01
    3.67541e+00     4.63402e+04     2.84299e+01     4.45775e-01
    3.67950e+00     4.61956e+04     2.82092e+01     4.43912e-01
    3.68359e+00     4.61396e+04     2.82654e+01     4.42456e-01
    3.68769e+00     4.60359e+04     2.81613e+01     4.40639e-01
    3.69177e+00     4.59720e+04     2.80702e+01     4.38896e-01
    3.69587e+00     4.58222e+04     2.79787e+01     4.37517e-01
    3.69996e+00     4.57473e+04     2.78017e+01     4.35127e-01
    3.70405e+00     4.56493e+04     2.77030e+01     4.33833e-01
    3.70814e+00     4.55375e+04     2.76996e+01     4.32029e-01
    3.71223e+00     4.54388e+04     2.75281e+01     4.30571e-01
    3.71632e+00     4.53858e+04     2.74558e+01     4.28631e-01
    3.72041e+00     4.52489e+04     2.73720e+01     4.27078e-01
    3.72450e+00     4.51674e+04     2.72463e+01     4.25686e-01
    3.72859e+00     4.50652e+04     2.71822e+01     4.23919e-01
    3.73268e+00     4.50165e+04     2.71595e+01     4.22755e-01
    3.73677e+00     4.49222e+04     2.69705e+01     4.20639e-01
    3.74086e+00     4.48213e+04     2.69551e+01     4.19366e-01
    3.74495e+00     4.47276e+04     2.68525e+01     4.17530e-01
    3.74905e+00     4.46325e+04     2.67398e+01     4.16199e-01
    3.75313e+00     4.45122e+04     2.66486e+01     4.14292e-01
    3.75722e+00     4.44103e+04     2.65325e+01     4.12815e-01
    3.76131e+00     4.43231e+04     2.65194e+01     4.11522e-01
    3.76541e+00     4.42901e+04     2.64291e+01     4.09724e-01
    3.76950e+00     4.41545e+04     2.63326e+01     4.08334e-01
    3.77359e+00     4.40877e+04     2.62916e+01     4.06520e-01
    3.77768e+00     4.39815e+04     2.61188e+01     4.05228e-01
    3.78177e+00     4.39263e+04     2.61180e+01     4.03755e-01
    3.78586e+00     4.38050e+04     2.59983e+01     4.02284e-01
    3.78995e+00     4.37128e+04     2.59214e+01     4.01120e-01
    3.79404e+00     4.36168e+04     2.57738e+01     3.99051e-01
    3.79813e+00     4.35362e+04     2.57329e+01     3.97831e-01
    3.80222e+00     4.34357e+04     2.55902e+01     3.96235e-01
    3.80632e+00     4.33457e+04     2.54283e+01     3.94828e-01
    3.81040e+00     4.33121e+04     2.55136e+01     3.93331e-01
    3.81449e+00     4.31855e+04     2.54557e+01     3.91944e-01
    3.81859e+00     4.30979e+04     2.52991e+01     3.90760e-01
    3.82268e+00     4.30150e+04     2.52597e+01     3.88929e-01
    3.82677e+00     4.29382e+04     2.51549e+01     3.87538e-01
    3.83086e+00     4.28824e+04     2.51333e+01     3.86458e-01
    3.83495e+00     4.27185e+04     2.50186e+01     3.84928e-01
    3.83904e+00     4.26922e+04     2.49206e+01     3.83463e-01
    3.84313e+00     4.25709e+04     2.49003e+01     3.82116e-01
    3.84722e+00     4.24838e+04     2.47311e+01     3.80244e-01
    3.85131e+00     4.23942e+04     2.47151e+01     3.79127e-01
    3.85540e+00     4.23370e+04     2.45140e+01     3.77991e-01
    3.85949e+00     4.22672e+04     2.45623e+01     3.76472e-01
    3.86358e+00     4.21514e+04     2.43852e+01     3.75088e-01
    3.86768e+00     4.20874e+04     2.43880e+01     3.73818e-01
    3.87177e+00     4.19902e+04     2.42627e+01     3.72402e-01
    3.87585e+00     4.19214e+04     2.42238e+01     3.71352e-01
    3.87994e+00     4.18215e+04     2.41258e+01     3.69879e-01
    3.88403e+00     4.17609e+04     2.40205e+01     3.68497e-01
    3.88813e+00     4.16741e+04     2.39659e+01     3.67377e-01
    3.89222e+00     4.15857e+04     2.38646e+01     3.65801e-01
    3.89631e+00     4.15094e+04     2.38740e+01     3.64547e-01
    3.90040e+00     4.13907e+04     2.37499e+01     3.63172e-01
    3.90449e+00     4.13193e+04     2.36598e+01     3.61815e-01
    3.90858e+00     4.12302e+04     2.35682e+01     3.60999e-01
    3.91267e+00     4.11453e+04     2.35479e+01     3.59546e-01
    3.91676e+00     4.10767e+04     2.34770e+01     3.57908e-01
    3.92085e+00     4.10020e+04     2.33310e+01     3.56803e-01
    3.92494e+00     4.09217e+04     2.32707e+01     3.55752e-01
    3.92903e+00     4.08308e+04     2.31872e+01     3.54564e-01
    3.93312e+00     4.07466e+04     2.31197e+01     3.53271e-01
    3.93721e+00     4.06862e+04     2.30568e+01     3.52087e-01
    3.94130e+00     4.05833e+04     2.30050e+01     3.50782e-01
    3.94539e+00     4.05182e+04     2.28563e+01     3.49525e-01
    3.94949e+00     4.04455e+04     2.28598e+01     3.48174e-01
    3.95358e+00     4.03366e+04     2.28183e+01     3.47169e-01
    3.95767e+00     4.03091e+04     2.27258e+01     3.45860e-01
    3.96176e+00     4.02212e+04     2.26306e+01     3.44861e-01
    3.96585e+00     4.01572e+04     2.26080e+01     3.43449e-01
    3.96994e+00     4.00731e+04     2.25167e+01     3.42242e-01
    3.97403e+00     3.99754e+04     2.24554e+01     3.41255e-01
    3.97812e+00     3.99075e+04     2.23802e+01     3.39802e-01
    3.98221e+00     3.98330e+04     2.22512e+01     3.38815e-01
    3.98630e+00     3.97227e+04     2.22234e+01     3.37772e-01
    3.99039e+00     3.96624e+04     2.21468e+01     3.36582e-01
    3.99448e+00     3.96135e+04     2.21456e+01     3.35612e-01
    3.99857e+00     3.95435e+04     2.20179e+01     3.34256e-01
    4.00266e+00     3.94301e+04     2.19430e+01     3.33320e-01
    4.00675e+00     3.93777e+04     2.19000e+01     3.32070e-01
    4.01085e+00     3.93130e+04     2.18641e+01     3.30790e-01
    4.01494e+00     3.91991e+04     2.17568e+01     3.29914e-01
    4.01902e+00     3.91413e+04     2.16769e+01     3.28579e-01
    4.02312e+00     3.90876e+04     2.16336e+01     3.27691e-01
    4.02721e+00     3.90131e+04     2.15422e+01     3.26571e-01
    4.03130e+00     3.89319e+04     2.14941e+01     3.25544e-01
    4.03539e+00     3.88810e+04     2.14852e+01     3.24434e-01
    4.03948e+00     3.88134e+04     2.13542e+01     3.23116e-01
    4.04357e+00     3.87165e+04     2.13195e+01     3.22309e-01
    4.04766e+00     3.86506e+04     2.12677e+01     3.21172e-01
    4.05175e+00     3.85907e+04     2.12321e+01     3.20268e-01
    4.05584e+00     3.85066e+04     2.11536e+01     3.19178e-01
    4.05993e+00     3.84302e+04     2.10241e+01     3.18041e-01
    4.06402e+00     3.83760e+04     2.09814e+01     3.17101e-01
    4.06811e+00     3.83148e+04     2.10232e+01     3.16094e-01
    4.07220e+00     3.82233e+04     2.08934e+01     3.14896e-01
    4.07630e+00     3.81825e+04     2.09036e+01     3.14161e-01
    4.08038e+00     3.80964e+04     2.07880e+01     3.12824e-01
    4.08447e+00     3.80394e+04     2.06885e+01     3.12211e-01
    4.08857e+00     3.79343e+04     2.06123e+01     3.11019e-01
    4.09266e+00     3.78935e+04     2.05702e+01     3.10020e-01
    4.09675e+00     3.78297e+04     2.05031e+01     3.09100e-01
    4.10084e+00     3.77623e+04     2.04829e+01     3.08192e-01
    4.10493e+00     3.76843e+04     2.04281e+01     3.07195e-01
    4.10902e+00     3.76002e+04     2.03656e+01     3.06292e-01
    4.11311e+00     3.75444e+04     2.03158e+01     3.05337e-01
    4.11720e+00     3.74818e+04     2.02835e+01     3.04341e-01
    4.12129e+00     3.74311e+04     2.02123e+01     3.03299e-01
    4.12538e+00     3.73158e+04     2.00921e+01     3.02446e-01
    4.12947e+00     3.72725e+04     2.01219e+01     3.01521e-01
    4.13356e+00     3.71989e+04     2.00281e+01     3.00715e-01
    4.13765e+00     3.71244e+04     1.99470e+01     2.99836e-01
    4.14175e+00     3.70689e+04     1.99224e+01     2.98724e-01
    4.14584e+00     3.70273e+04     1.97935e+01     2.97680e-01
    4.14993e+00     3.69448e+04     1.98156e+01     2.96802e-01
    4.15402e+00     3.68714e+04     1.97301e+01     2.96079e-01
    4.15811e+00     3.68380e+04     1.96978e+01     2.95373e-01
    4.16220e+00     3.67561e+04     1.95988e+01     2.94375e-01
    4.16629e+00     3.66811e+04     1.95747e+01     2.93482e-01
    4.17038e+00     3.66395e+04     1.95581e+01     2.92596e-01
    4.17447e+00     3.65603e+04     1.95146e+01     2.91812e-01
    4.17856e+00     3.65132e+04     1.94088e+01     2.90740e-01
    4.18265e+00     3.64111e+04     1.94103e+01     2.89848e-01
    4.18674e+00     3.64063e+04     1.93172e+01     2.89032e-01
