# Real space h-h auto- and h-m cross-spectra.
# z=1.000, 12.000<lgM<12.500
#      k[h/Mpc]            P_hh            P_hm
    0.00000e+00     0.00000e+00     0.00000e+00
    5.79404e-03     1.61209e+04     1.14512e+04
    1.04717e-02     1.27645e+04     9.65332e+03
    1.42665e-02     1.64824e+04     1.16123e+04
    1.81228e-02     1.59962e+04     1.17588e+04
    2.24845e-02     1.59510e+04     1.17320e+04
    2.64508e-02     1.39885e+04     1.03790e+04
    3.04474e-02     1.51935e+04     1.11015e+04
    3.47320e-02     1.18269e+04     8.57174e+03
    3.88308e-02     1.00313e+04     7.25442e+03
    4.28140e-02     9.59694e+03     6.80918e+03
    4.68856e-02     8.59962e+03     6.09093e+03
    5.09858e-02     8.45893e+03     5.91485e+03
    5.51458e-02     8.07950e+03     5.69655e+03
    5.92243e-02     7.92088e+03     5.54693e+03
    6.32864e-02     7.45128e+03     5.20667e+03
    6.73674e-02     7.05469e+03     4.92438e+03
    7.14960e-02     6.35901e+03     4.42190e+03
    7.55894e-02     6.39535e+03     4.40023e+03
    7.96660e-02     5.68189e+03     3.90619e+03
    8.38183e-02     5.57314e+03     3.79967e+03
    8.78941e-02     4.93344e+03     3.30018e+03
    9.19238e-02     4.68820e+03     3.15663e+03
    9.60446e-02     4.30214e+03     2.84721e+03
    1.00128e-01     4.12015e+03     2.68379e+03
    1.04209e-01     3.91679e+03     2.57260e+03
    1.08333e-01     3.73604e+03     2.42804e+03
    1.12448e-01     3.53471e+03     2.28636e+03
    1.16521e-01     3.44095e+03     2.19399e+03
    1.20596e-01     3.37740e+03     2.16292e+03
    1.24665e-01     3.34503e+03     2.13110e+03
    1.28771e-01     3.16799e+03     2.00320e+03
    1.32874e-01     3.19912e+03     2.00816e+03
    1.36975e-01     3.00259e+03     1.89422e+03
    1.41075e-01     2.84666e+03     1.76636e+03
    1.45172e-01     2.75411e+03     1.69868e+03
    1.49268e-01     2.67944e+03     1.63300e+03
    1.53330e-01     2.50722e+03     1.51594e+03
    1.57416e-01     2.39713e+03     1.43109e+03
    1.61514e-01     2.32901e+03     1.36997e+03
    1.65592e-01     2.24517e+03     1.31996e+03
    1.69693e-01     2.15116e+03     1.25432e+03
    1.73803e-01     2.13623e+03     1.22841e+03
    1.77905e-01     2.03268e+03     1.16711e+03
    1.82001e-01     2.01933e+03     1.14604e+03
    1.86092e-01     1.96622e+03     1.11377e+03
    1.90161e-01     1.93856e+03     1.09864e+03
    1.94237e-01     1.88743e+03     1.04997e+03
    1.98334e-01     1.84175e+03     1.02126e+03
    2.02427e-01     1.78794e+03     9.76522e+02
    2.06523e-01     1.75658e+03     9.58723e+02
    2.10626e-01     1.70221e+03     9.16847e+02
    2.14724e-01     1.64353e+03     8.84634e+02
    2.18827e-01     1.61503e+03     8.62311e+02
    2.22903e-01     1.58060e+03     8.31957e+02
    2.26990e-01     1.55202e+03     8.09025e+02
    2.31084e-01     1.49788e+03     7.74030e+02
    2.35153e-01     1.46894e+03     7.50629e+02
    2.39244e-01     1.44703e+03     7.37925e+02
    2.43338e-01     1.42804e+03     7.22336e+02
    2.47445e-01     1.40296e+03     7.03705e+02
    2.51539e-01     1.37969e+03     6.84817e+02
    2.55609e-01     1.34999e+03     6.69619e+02
    2.59718e-01     1.34485e+03     6.62301e+02
    2.63814e-01     1.30062e+03     6.32886e+02
    2.67904e-01     1.26699e+03     6.09750e+02
    2.71993e-01     1.26822e+03     6.05989e+02
    2.76068e-01     1.23895e+03     5.87268e+02
    2.80171e-01     1.21509e+03     5.70790e+02
    2.84268e-01     1.19282e+03     5.54076e+02
    2.88346e-01     1.18431e+03     5.47267e+02
    2.92426e-01     1.15117e+03     5.26996e+02
    2.96514e-01     1.14265e+03     5.18117e+02
    3.00627e-01     1.12129e+03     5.06801e+02
    3.04729e-01     1.09940e+03     4.93396e+02
    3.08821e-01     1.10229e+03     4.90640e+02
    3.12919e-01     1.08616e+03     4.76967e+02
    3.16999e-01     1.06919e+03     4.67721e+02
    3.21078e-01     1.05004e+03     4.56930e+02
    3.25167e-01     1.03840e+03     4.45733e+02
    3.29247e-01     1.02159e+03     4.36956e+02
    3.33333e-01     1.00961e+03     4.27982e+02
    3.37443e-01     1.00644e+03     4.23688e+02
    3.41545e-01     9.94860e+02     4.13601e+02
    3.45625e-01     9.90439e+02     4.09407e+02
    3.49715e-01     9.67442e+02     3.96233e+02
    3.53817e-01     9.54979e+02     3.87538e+02
    3.57906e-01     9.49068e+02     3.81593e+02
    3.61975e-01     9.39662e+02     3.74381e+02
    3.66071e-01     9.27725e+02     3.67095e+02
    3.70189e-01     9.14528e+02     3.59205e+02
    3.74277e-01     9.08857e+02     3.54507e+02
    3.78356e-01     8.92858e+02     3.45408e+02
    3.82448e-01     8.97625e+02     3.43713e+02
    3.86535e-01     8.77468e+02     3.32611e+02
    3.90624e-01     8.73933e+02     3.28964e+02
    3.94706e-01     8.64432e+02     3.24421e+02
    3.98794e-01     8.61250e+02     3.20358e+02
    4.02896e-01     8.52457e+02     3.14423e+02
    4.06986e-01     8.42928e+02     3.07556e+02
    4.11069e-01     8.32718e+02     3.03548e+02
    4.15170e-01     8.27881e+02     2.99017e+02
    4.19263e-01     8.16887e+02     2.91868e+02
    4.23353e-01     8.16206e+02     2.89879e+02
    4.27447e-01     8.10720e+02     2.83843e+02
    4.31534e-01     7.99989e+02     2.79913e+02
    4.35624e-01     7.93719e+02     2.73798e+02
    4.39718e-01     7.91509e+02     2.70835e+02
    4.43804e-01     7.78549e+02     2.66324e+02
    4.47892e-01     7.76586e+02     2.62306e+02
    4.51977e-01     7.70999e+02     2.60191e+02
    4.56067e-01     7.61846e+02     2.54604e+02
    4.60165e-01     7.56844e+02     2.51112e+02
    4.64260e-01     7.50390e+02     2.46794e+02
    4.68355e-01     7.52845e+02     2.44966e+02
    4.72450e-01     7.46294e+02     2.41811e+02
    4.76540e-01     7.35592e+02     2.36496e+02
    4.80633e-01     7.32851e+02     2.33477e+02
    4.84718e-01     7.26825e+02     2.29909e+02
    4.88794e-01     7.23962e+02     2.27997e+02
    4.92888e-01     7.15389e+02     2.23246e+02
    4.96984e-01     7.16716e+02     2.22260e+02
    5.01073e-01     7.12922e+02     2.20027e+02
    5.05169e-01     7.02185e+02     2.15481e+02
    5.09268e-01     7.01059e+02     2.14676e+02
    5.13369e-01     6.97011e+02     2.09367e+02
    5.17441e-01     6.96576e+02     2.09414e+02
    5.21516e-01     6.87494e+02     2.04899e+02
    5.25611e-01     6.85732e+02     2.01096e+02
    5.29706e-01     6.78831e+02     1.99820e+02
    5.33801e-01     6.77312e+02     1.97207e+02
    5.37888e-01     6.73408e+02     1.94520e+02
    5.41985e-01     6.72038e+02     1.92664e+02
    5.46091e-01     6.66714e+02     1.89469e+02
    5.50174e-01     6.65392e+02     1.88758e+02
    5.54252e-01     6.62121e+02     1.85117e+02
    5.58346e-01     6.57100e+02     1.83136e+02
    5.62439e-01     6.55019e+02     1.80656e+02
    5.66527e-01     6.53162e+02     1.80388e+02
    5.70616e-01     6.48227e+02     1.77218e+02
    5.74707e-01     6.42552e+02     1.74328e+02
    5.78798e-01     6.43904e+02     1.72896e+02
    5.82883e-01     6.35811e+02     1.70186e+02
    5.86977e-01     6.34557e+02     1.69129e+02
    5.91070e-01     6.32465e+02     1.67267e+02
    5.95166e-01     6.28128e+02     1.64474e+02
    5.99260e-01     6.28950e+02     1.64367e+02
    6.03349e-01     6.23765e+02     1.61016e+02
    6.07445e-01     6.19555e+02     1.59411e+02
    6.11543e-01     6.16583e+02     1.58001e+02
    6.15623e-01     6.14709e+02     1.57055e+02
    6.19704e-01     6.08974e+02     1.54015e+02
    6.23792e-01     6.09367e+02     1.53379e+02
    6.27891e-01     6.04690e+02     1.51240e+02
    6.31991e-01     6.01749e+02     1.49493e+02
    6.36073e-01     6.03401e+02     1.48526e+02
    6.40158e-01     5.96384e+02     1.46475e+02
    6.44244e-01     5.97802e+02     1.46531e+02
    6.48338e-01     5.92949e+02     1.43571e+02
    6.52432e-01     5.92398e+02     1.42944e+02
    6.56514e-01     5.91564e+02     1.41403e+02
    6.60609e-01     5.89017e+02     1.40055e+02
    6.64712e-01     5.85357e+02     1.38561e+02
    6.68801e-01     5.82866e+02     1.36622e+02
    6.72890e-01     5.80797e+02     1.35509e+02
    6.76984e-01     5.77329e+02     1.34386e+02
    6.81074e-01     5.75491e+02     1.32399e+02
    6.85160e-01     5.75734e+02     1.32001e+02
    6.89246e-01     5.74207e+02     1.30384e+02
    6.93336e-01     5.70900e+02     1.29823e+02
    6.97434e-01     5.69369e+02     1.28078e+02
    7.01528e-01     5.64055e+02     1.26501e+02
    7.05618e-01     5.62483e+02     1.25837e+02
    7.09708e-01     5.64645e+02     1.25032e+02
    7.13796e-01     5.58916e+02     1.23330e+02
    7.17892e-01     5.58382e+02     1.21694e+02
    7.21982e-01     5.55661e+02     1.21039e+02
    7.26059e-01     5.56941e+02     1.20058e+02
    7.30145e-01     5.55130e+02     1.19195e+02
    7.34240e-01     5.51261e+02     1.18260e+02
    7.38340e-01     5.50496e+02     1.16901e+02
    7.42427e-01     5.47396e+02     1.15527e+02
    7.46511e-01     5.44439e+02     1.13968e+02
    7.50614e-01     5.44816e+02     1.13447e+02
    7.54706e-01     5.42370e+02     1.13297e+02
    7.58795e-01     5.38894e+02     1.11090e+02
    7.62888e-01     5.37629e+02     1.10676e+02
    7.66986e-01     5.39410e+02     1.09653e+02
    7.71073e-01     5.35255e+02     1.08718e+02
    7.75153e-01     5.32872e+02     1.07932e+02
    7.79241e-01     5.33494e+02     1.07173e+02
    7.83335e-01     5.30604e+02     1.05493e+02
    7.87426e-01     5.29821e+02     1.04896e+02
    7.91513e-01     5.29361e+02     1.04476e+02
    7.95606e-01     5.27141e+02     1.04054e+02
    7.99702e-01     5.26216e+02     1.03147e+02
    8.03798e-01     5.24583e+02     1.01785e+02
    8.07879e-01     5.23484e+02     1.01339e+02
    8.11963e-01     5.18799e+02     1.00053e+02
    8.16059e-01     5.20904e+02     9.96803e+01
    8.20152e-01     5.18298e+02     9.86844e+01
    8.24242e-01     5.18082e+02     9.81601e+01
    8.28331e-01     5.16792e+02     9.74103e+01
    8.32425e-01     5.14504e+02     9.61656e+01
    8.36516e-01     5.11024e+02     9.51117e+01
    8.40610e-01     5.10842e+02     9.47739e+01
    8.44704e-01     5.09699e+02     9.44412e+01
    8.48790e-01     5.09412e+02     9.37281e+01
    8.52876e-01     5.06965e+02     9.28903e+01
    8.56967e-01     5.06125e+02     9.24433e+01
    8.61059e-01     5.03973e+02     9.13169e+01
    8.65147e-01     5.02487e+02     9.05522e+01
    8.69235e-01     5.01684e+02     8.96812e+01
    8.73334e-01     5.00531e+02     8.89678e+01
    8.77429e-01     4.99055e+02     8.81189e+01
    8.81512e-01     4.98688e+02     8.77202e+01
    8.85601e-01     4.96633e+02     8.69897e+01
    8.89691e-01     4.95978e+02     8.66368e+01
    8.93784e-01     4.95175e+02     8.62929e+01
    8.97875e-01     4.94626e+02     8.55929e+01
    9.01960e-01     4.93834e+02     8.51270e+01
    9.06054e-01     4.91214e+02     8.45765e+01
    9.10146e-01     4.91040e+02     8.36726e+01
    9.14237e-01     4.90461e+02     8.31654e+01
    9.18331e-01     4.90075e+02     8.28124e+01
    9.22421e-01     4.85485e+02     8.14228e+01
    9.26509e-01     4.86305e+02     8.17707e+01
    9.30598e-01     4.84451e+02     8.08719e+01
    9.34692e-01     4.82558e+02     7.99875e+01
    9.38787e-01     4.82149e+02     7.99062e+01
    9.42873e-01     4.81546e+02     7.94738e+01
    9.46961e-01     4.79377e+02     7.84991e+01
    9.51054e-01     4.79518e+02     7.79072e+01
    9.55150e-01     4.79580e+02     7.76522e+01
    9.59240e-01     4.76284e+02     7.70063e+01
    9.63327e-01     4.76198e+02     7.65115e+01
    9.67420e-01     4.74555e+02     7.58086e+01
    9.71506e-01     4.73110e+02     7.53508e+01
    9.75588e-01     4.71756e+02     7.48783e+01
    9.79678e-01     4.69960e+02     7.46138e+01
    9.83773e-01     4.69720e+02     7.35392e+01
    9.87866e-01     4.68659e+02     7.29100e+01
    9.91960e-01     4.69932e+02     7.32467e+01
    9.96055e-01     4.67109e+02     7.23950e+01
    1.00015e+00     4.65571e+02     7.17760e+01
    1.00424e+00     4.63264e+02     7.13112e+01
    1.00832e+00     4.64608e+02     7.11955e+01
    1.01242e+00     4.64690e+02     7.08896e+01
    1.01651e+00     4.61640e+02     7.00324e+01
    1.02059e+00     4.61459e+02     6.94057e+01
    1.02468e+00     4.60733e+02     6.93539e+01
    1.02878e+00     4.59029e+02     6.86187e+01
    1.03287e+00     4.59164e+02     6.86179e+01
    1.03695e+00     4.57557e+02     6.79005e+01
    1.04105e+00     4.57221e+02     6.74700e+01
    1.04515e+00     4.55660e+02     6.69417e+01
    1.04923e+00     4.53696e+02     6.64336e+01
    1.05332e+00     4.53709e+02     6.64971e+01
    1.05741e+00     4.52689e+02     6.57990e+01
    1.06150e+00     4.51445e+02     6.53870e+01
    1.06559e+00     4.51540e+02     6.51917e+01
    1.06968e+00     4.50058e+02     6.48919e+01
    1.07377e+00     4.49110e+02     6.42705e+01
    1.07786e+00     4.48602e+02     6.42242e+01
    1.08195e+00     4.46851e+02     6.36333e+01
    1.08605e+00     4.46388e+02     6.29641e+01
    1.09014e+00     4.45449e+02     6.26115e+01
    1.09422e+00     4.44605e+02     6.20592e+01
    1.09832e+00     4.43739e+02     6.19498e+01
    1.10242e+00     4.42746e+02     6.17425e+01
    1.10650e+00     4.42310e+02     6.12426e+01
    1.11059e+00     4.41198e+02     6.11166e+01
    1.11468e+00     4.41022e+02     6.04965e+01
    1.11878e+00     4.39293e+02     6.01198e+01
    1.12287e+00     4.38155e+02     5.99989e+01
    1.12695e+00     4.38118e+02     5.94724e+01
    1.13105e+00     4.37879e+02     5.90239e+01
    1.13514e+00     4.37689e+02     5.88955e+01
    1.13922e+00     4.35252e+02     5.84941e+01
    1.14331e+00     4.36359e+02     5.81812e+01
    1.14741e+00     4.33720e+02     5.77722e+01
    1.15150e+00     4.33549e+02     5.76761e+01
    1.15559e+00     4.33321e+02     5.74795e+01
    1.15968e+00     4.30343e+02     5.67350e+01
    1.16377e+00     4.31324e+02     5.69755e+01
    1.16786e+00     4.28997e+02     5.58911e+01
    1.17195e+00     4.29866e+02     5.59407e+01
    1.17604e+00     4.28005e+02     5.56068e+01
    1.18013e+00     4.26580e+02     5.49056e+01
    1.18422e+00     4.26832e+02     5.48762e+01
    1.18831e+00     4.25112e+02     5.45330e+01
    1.19240e+00     4.24997e+02     5.42443e+01
    1.19649e+00     4.23715e+02     5.39788e+01
    1.20059e+00     4.23855e+02     5.37235e+01
    1.20468e+00     4.23616e+02     5.35958e+01
    1.20877e+00     4.21487e+02     5.31382e+01
    1.21286e+00     4.21353e+02     5.27894e+01
    1.21695e+00     4.21859e+02     5.26297e+01
    1.22104e+00     4.19469e+02     5.24130e+01
    1.22513e+00     4.19328e+02     5.21015e+01
    1.22922e+00     4.19365e+02     5.20221e+01
    1.23330e+00     4.17794e+02     5.15876e+01
    1.23740e+00     4.17356e+02     5.12903e+01
    1.24149e+00     4.16148e+02     5.10765e+01
    1.24558e+00     4.15008e+02     5.07755e+01
    1.24967e+00     4.14404e+02     5.07268e+01
    1.25376e+00     4.14149e+02     5.02410e+01
    1.25785e+00     4.12637e+02     4.98115e+01
    1.26194e+00     4.12179e+02     4.95045e+01
    1.26603e+00     4.11422e+02     4.93287e+01
    1.27012e+00     4.10704e+02     4.89966e+01
    1.27422e+00     4.10366e+02     4.89808e+01
    1.27831e+00     4.09785e+02     4.86943e+01
    1.28240e+00     4.09063e+02     4.85494e+01
    1.28649e+00     4.07836e+02     4.79489e+01
    1.29058e+00     4.06948e+02     4.78021e+01
    1.29467e+00     4.06309e+02     4.77837e+01
    1.29876e+00     4.05750e+02     4.74408e+01
    1.30285e+00     4.04105e+02     4.69190e+01
    1.30694e+00     4.05594e+02     4.69980e+01
    1.31103e+00     4.03932e+02     4.65364e+01
    1.31512e+00     4.03147e+02     4.65631e+01
    1.31921e+00     4.02779e+02     4.63398e+01
    1.32331e+00     4.02467e+02     4.61927e+01
    1.32739e+00     4.01168e+02     4.58278e+01
    1.33148e+00     4.01454e+02     4.55156e+01
    1.33558e+00     3.99822e+02     4.56294e+01
    1.33967e+00     3.99751e+02     4.54630e+01
    1.34376e+00     3.98179e+02     4.49385e+01
    1.34785e+00     3.97349e+02     4.48418e+01
    1.35195e+00     3.96908e+02     4.44164e+01
    1.35603e+00     3.96618e+02     4.43370e+01
    1.36011e+00     3.95732e+02     4.40590e+01
    1.36421e+00     3.95124e+02     4.39197e+01
    1.36830e+00     3.92859e+02     4.35066e+01
    1.37239e+00     3.93405e+02     4.31989e+01
    1.37648e+00     3.93608e+02     4.34314e+01
    1.38057e+00     3.92677e+02     4.32676e+01
    1.38466e+00     3.92205e+02     4.29933e+01
    1.38875e+00     3.90991e+02     4.28119e+01
    1.39285e+00     3.91456e+02     4.25394e+01
    1.39694e+00     3.89280e+02     4.20705e+01
    1.40102e+00     3.88297e+02     4.20852e+01
    1.40512e+00     3.88501e+02     4.18772e+01
    1.40921e+00     3.87541e+02     4.16982e+01
    1.41330e+00     3.86673e+02     4.13975e+01
    1.41739e+00     3.85333e+02     4.11309e+01
    1.42148e+00     3.85014e+02     4.12737e+01
    1.42557e+00     3.84804e+02     4.09140e+01
    1.42966e+00     3.84868e+02     4.08479e+01
    1.43375e+00     3.84025e+02     4.05091e+01
    1.43784e+00     3.83344e+02     4.04239e+01
    1.44193e+00     3.81900e+02     4.01171e+01
    1.44602e+00     3.81942e+02     4.00803e+01
    1.45011e+00     3.81645e+02     3.98706e+01
    1.45420e+00     3.80112e+02     3.96684e+01
    1.45830e+00     3.79823e+02     3.94825e+01
    1.46239e+00     3.79216e+02     3.92556e+01
    1.46648e+00     3.78678e+02     3.91208e+01
    1.47056e+00     3.78049e+02     3.88562e+01
    1.47465e+00     3.77044e+02     3.87775e+01
    1.47874e+00     3.76731e+02     3.85933e+01
    1.48283e+00     3.75647e+02     3.84699e+01
    1.48693e+00     3.75475e+02     3.82497e+01
    1.49102e+00     3.74404e+02     3.81557e+01
    1.49511e+00     3.74180e+02     3.78586e+01
    1.49920e+00     3.73734e+02     3.78583e+01
    1.50329e+00     3.72315e+02     3.76534e+01
    1.50738e+00     3.71617e+02     3.75070e+01
    1.51148e+00     3.71609e+02     3.72726e+01
    1.51557e+00     3.70773e+02     3.72033e+01
    1.51965e+00     3.69630e+02     3.68535e+01
    1.52374e+00     3.70139e+02     3.67194e+01
    1.52784e+00     3.69220e+02     3.66591e+01
    1.53193e+00     3.68883e+02     3.63429e+01
    1.53602e+00     3.66853e+02     3.60970e+01
    1.54011e+00     3.67967e+02     3.61452e+01
    1.54420e+00     3.65798e+02     3.56747e+01
    1.54829e+00     3.66161e+02     3.57574e+01
    1.55238e+00     3.65626e+02     3.56685e+01
    1.55647e+00     3.64250e+02     3.53994e+01
    1.56056e+00     3.64080e+02     3.53031e+01
    1.56465e+00     3.62873e+02     3.50550e+01
    1.56874e+00     3.63187e+02     3.50635e+01
    1.57283e+00     3.62575e+02     3.49794e+01
    1.57693e+00     3.62327e+02     3.48653e+01
    1.58102e+00     3.60835e+02     3.45240e+01
    1.58510e+00     3.60420e+02     3.45483e+01
    1.58919e+00     3.60033e+02     3.42780e+01
    1.59329e+00     3.59765e+02     3.42536e+01
    1.59738e+00     3.58291e+02     3.39505e+01
    1.60147e+00     3.58402e+02     3.38858e+01
    1.60556e+00     3.57694e+02     3.37152e+01
    1.60965e+00     3.56508e+02     3.34969e+01
    1.61374e+00     3.56228e+02     3.35461e+01
    1.61783e+00     3.55487e+02     3.33781e+01
    1.62192e+00     3.55661e+02     3.32264e+01
    1.62601e+00     3.54576e+02     3.31494e+01
    1.63010e+00     3.53462e+02     3.28605e+01
    1.63419e+00     3.53520e+02     3.27254e+01
    1.63828e+00     3.53108e+02     3.26384e+01
    1.64238e+00     3.52177e+02     3.25586e+01
    1.64647e+00     3.52005e+02     3.22638e+01
    1.65055e+00     3.50842e+02     3.22092e+01
    1.65465e+00     3.50263e+02     3.19449e+01
    1.65874e+00     3.49510e+02     3.20027e+01
    1.66283e+00     3.49679e+02     3.19233e+01
    1.66691e+00     3.48612e+02     3.17405e+01
    1.67101e+00     3.48022e+02     3.15528e+01
    1.67510e+00     3.46865e+02     3.15079e+01
    1.67919e+00     3.46546e+02     3.12740e+01
    1.68328e+00     3.46716e+02     3.13508e+01
    1.68737e+00     3.46001e+02     3.12028e+01
    1.69146e+00     3.44781e+02     3.08981e+01
    1.69555e+00     3.44527e+02     3.09226e+01
    1.69964e+00     3.43876e+02     3.08496e+01
    1.70373e+00     3.42881e+02     3.05965e+01
    1.70782e+00     3.42691e+02     3.03910e+01
    1.71191e+00     3.42032e+02     3.03606e+01
    1.71600e+00     3.41454e+02     3.01068e+01
    1.72009e+00     3.40673e+02     3.01082e+01
    1.72418e+00     3.40158e+02     2.99516e+01
    1.72828e+00     3.40564e+02     3.00155e+01
    1.73237e+00     3.39165e+02     2.97451e+01
    1.73646e+00     3.38669e+02     2.97554e+01
    1.74055e+00     3.38034e+02     2.96675e+01
    1.74464e+00     3.37300e+02     2.94678e+01
    1.74874e+00     3.36536e+02     2.92550e+01
    1.75282e+00     3.36414e+02     2.92013e+01
    1.75691e+00     3.35610e+02     2.90902e+01
    1.76100e+00     3.35439e+02     2.90327e+01
    1.76509e+00     3.34650e+02     2.88848e+01
    1.76918e+00     3.34567e+02     2.88329e+01
    1.77327e+00     3.33374e+02     2.87156e+01
    1.77737e+00     3.33359e+02     2.85355e+01
    1.78146e+00     3.32364e+02     2.84028e+01
    1.78554e+00     3.32001e+02     2.83422e+01
    1.78964e+00     3.30987e+02     2.82816e+01
    1.79373e+00     3.30773e+02     2.80939e+01
    1.79782e+00     3.29933e+02     2.80339e+01
    1.80191e+00     3.29140e+02     2.78403e+01
    1.80600e+00     3.28827e+02     2.77575e+01
    1.81009e+00     3.27813e+02     2.76180e+01
    1.81418e+00     3.27163e+02     2.75490e+01
    1.81827e+00     3.26885e+02     2.73974e+01
    1.82236e+00     3.26968e+02     2.74060e+01
    1.82645e+00     3.25801e+02     2.71736e+01
    1.83054e+00     3.25311e+02     2.70784e+01
    1.83463e+00     3.24614e+02     2.69191e+01
    1.83872e+00     3.24492e+02     2.69270e+01
    1.84281e+00     3.23806e+02     2.68380e+01
    1.84691e+00     3.22982e+02     2.66827e+01
    1.85100e+00     3.22675e+02     2.66784e+01
    1.85509e+00     3.21848e+02     2.65634e+01
    1.85918e+00     3.21971e+02     2.64142e+01
    1.86327e+00     3.20924e+02     2.63500e+01
    1.86736e+00     3.20352e+02     2.61508e+01
    1.87145e+00     3.20184e+02     2.62624e+01
    1.87554e+00     3.19386e+02     2.60678e+01
    1.87963e+00     3.18934e+02     2.59602e+01
    1.88372e+00     3.18006e+02     2.57613e+01
    1.88781e+00     3.17764e+02     2.56527e+01
    1.89190e+00     3.17100e+02     2.56374e+01
    1.89599e+00     3.15933e+02     2.55179e+01
    1.90008e+00     3.15920e+02     2.55469e+01
    1.90417e+00     3.15866e+02     2.54130e+01
    1.90827e+00     3.15122e+02     2.52104e+01
    1.91236e+00     3.14528e+02     2.51848e+01
    1.91645e+00     3.14028e+02     2.51215e+01
    1.92054e+00     3.13100e+02     2.50727e+01
    1.92463e+00     3.12709e+02     2.48390e+01
    1.92872e+00     3.12322e+02     2.48526e+01
    1.93281e+00     3.11468e+02     2.47641e+01
    1.93690e+00     3.11396e+02     2.47398e+01
    1.94099e+00     3.10394e+02     2.45258e+01
    1.94508e+00     3.10094e+02     2.44787e+01
    1.94917e+00     3.09330e+02     2.44170e+01
    1.95326e+00     3.08876e+02     2.43249e+01
    1.95735e+00     3.08294e+02     2.41918e+01
    1.96144e+00     3.07426e+02     2.41359e+01
    1.96553e+00     3.07307e+02     2.40416e+01
    1.96962e+00     3.06861e+02     2.38842e+01
    1.97371e+00     3.06093e+02     2.38596e+01
    1.97781e+00     3.05466e+02     2.37328e+01
    1.98190e+00     3.05101e+02     2.36446e+01
    1.98599e+00     3.04546e+02     2.36304e+01
    1.99008e+00     3.04091e+02     2.35291e+01
    1.99417e+00     3.03537e+02     2.34455e+01
    1.99826e+00     3.03175e+02     2.33879e+01
    2.00235e+00     3.02429e+02     2.32696e+01
    2.00644e+00     3.02145e+02     2.31721e+01
    2.01053e+00     3.01227e+02     2.31838e+01
    2.01462e+00     3.00695e+02     2.30072e+01
    2.01871e+00     3.00190e+02     2.29081e+01
    2.02280e+00     3.00106e+02     2.30044e+01
    2.02689e+00     2.98943e+02     2.27504e+01
    2.03098e+00     2.98570e+02     2.27305e+01
    2.03507e+00     2.97899e+02     2.25797e+01
    2.03917e+00     2.97417e+02     2.26013e+01
    2.04325e+00     2.97012e+02     2.24102e+01
    2.04735e+00     2.96883e+02     2.24007e+01
    2.05143e+00     2.95409e+02     2.22757e+01
    2.05552e+00     2.95513e+02     2.22288e+01
    2.05962e+00     2.95073e+02     2.21197e+01
    2.06371e+00     2.94479e+02     2.20796e+01
    2.06780e+00     2.93601e+02     2.20268e+01
    2.07189e+00     2.93506e+02     2.19221e+01
    2.07598e+00     2.92684e+02     2.17738e+01
    2.08007e+00     2.92302e+02     2.18021e+01
    2.08416e+00     2.91629e+02     2.16672e+01
    2.08825e+00     2.91212e+02     2.15930e+01
    2.09234e+00     2.91054e+02     2.16087e+01
    2.09644e+00     2.89907e+02     2.14092e+01
    2.10053e+00     2.89597e+02     2.14208e+01
    2.10461e+00     2.89046e+02     2.13024e+01
    2.10870e+00     2.88536e+02     2.12452e+01
    2.11280e+00     2.88290e+02     2.11661e+01
    2.11688e+00     2.86917e+02     2.10289e+01
    2.12098e+00     2.86789e+02     2.09947e+01
    2.12507e+00     2.86179e+02     2.09705e+01
    2.12916e+00     2.85955e+02     2.09092e+01
    2.13325e+00     2.85438e+02     2.07613e+01
    2.13734e+00     2.84622e+02     2.06931e+01
    2.14143e+00     2.84216e+02     2.06564e+01
    2.14552e+00     2.84000e+02     2.06119e+01
    2.14961e+00     2.83703e+02     2.06126e+01
    2.15370e+00     2.82667e+02     2.03334e+01
    2.15779e+00     2.82438e+02     2.04245e+01
    2.16188e+00     2.81626e+02     2.02911e+01
    2.16597e+00     2.81646e+02     2.02735e+01
    2.17006e+00     2.80553e+02     2.01174e+01
    2.17416e+00     2.80076e+02     2.00862e+01
    2.17825e+00     2.80010e+02     2.01264e+01
    2.18234e+00     2.79029e+02     1.98477e+01
    2.18643e+00     2.78429e+02     1.98756e+01
    2.19052e+00     2.78900e+02     1.98245e+01
    2.19461e+00     2.77590e+02     1.97578e+01
    2.19870e+00     2.76974e+02     1.96620e+01
    2.20279e+00     2.76706e+02     1.96557e+01
    2.20688e+00     2.76163e+02     1.95886e+01
    2.21097e+00     2.75175e+02     1.94763e+01
    2.21506e+00     2.75347e+02     1.94168e+01
    2.21915e+00     2.74357e+02     1.93064e+01
    2.22324e+00     2.73793e+02     1.92719e+01
    2.22733e+00     2.73601e+02     1.92881e+01
    2.23142e+00     2.72836e+02     1.91957e+01
    2.23552e+00     2.72759e+02     1.91513e+01
    2.23961e+00     2.72378e+02     1.90022e+01
    2.24369e+00     2.71379e+02     1.89336e+01
    2.24779e+00     2.70958e+02     1.89279e+01
    2.25188e+00     2.70460e+02     1.88338e+01
    2.25597e+00     2.69821e+02     1.87350e+01
    2.26006e+00     2.69075e+02     1.87146e+01
    2.26415e+00     2.69286e+02     1.86881e+01
    2.26824e+00     2.68310e+02     1.85915e+01
    2.27233e+00     2.67728e+02     1.85322e+01
    2.27642e+00     2.67245e+02     1.84785e+01
    2.28051e+00     2.66833e+02     1.83270e+01
    2.28460e+00     2.66057e+02     1.83260e+01
    2.28869e+00     2.65743e+02     1.82697e+01
    2.29278e+00     2.65334e+02     1.82606e+01
    2.29687e+00     2.64684e+02     1.81945e+01
    2.30096e+00     2.64010e+02     1.80686e+01
    2.30506e+00     2.63952e+02     1.80029e+01
    2.30915e+00     2.63237e+02     1.79631e+01
    2.31324e+00     2.62950e+02     1.79639e+01
    2.31733e+00     2.62275e+02     1.78175e+01
    2.32142e+00     2.62001e+02     1.78040e+01
    2.32551e+00     2.61279e+02     1.77398e+01
    2.32960e+00     2.60880e+02     1.76638e+01
    2.33369e+00     2.60534e+02     1.76356e+01
    2.33778e+00     2.60161e+02     1.76227e+01
    2.34187e+00     2.59578e+02     1.75161e+01
    2.34596e+00     2.58895e+02     1.73531e+01
    2.35005e+00     2.58355e+02     1.74305e+01
    2.35414e+00     2.57802e+02     1.73338e+01
    2.35823e+00     2.57330e+02     1.72368e+01
    2.36232e+00     2.57056e+02     1.72080e+01
    2.36641e+00     2.56511e+02     1.71921e+01
    2.37051e+00     2.55626e+02     1.70432e+01
    2.37460e+00     2.55735e+02     1.70518e+01
    2.37869e+00     2.54832e+02     1.70057e+01
    2.38278e+00     2.54276e+02     1.69039e+01
    2.38687e+00     2.54102e+02     1.68746e+01
    2.39096e+00     2.53329e+02     1.68562e+01
    2.39505e+00     2.53202e+02     1.68212e+01
    2.39914e+00     2.52518e+02     1.67346e+01
    2.40323e+00     2.51624e+02     1.66370e+01
    2.40732e+00     2.51526e+02     1.65973e+01
    2.41141e+00     2.51066e+02     1.65054e+01
    2.41550e+00     2.50174e+02     1.64687e+01
    2.41959e+00     2.49785e+02     1.64256e+01
    2.42368e+00     2.49525e+02     1.63921e+01
    2.42777e+00     2.49187e+02     1.63913e+01
    2.43187e+00     2.48460e+02     1.62526e+01
    2.43596e+00     2.48178e+02     1.62609e+01
    2.44004e+00     2.47555e+02     1.61691e+01
    2.44414e+00     2.46988e+02     1.61404e+01
    2.44823e+00     2.46523e+02     1.60517e+01
    2.45232e+00     2.46262e+02     1.60649e+01
    2.45640e+00     2.45930e+02     1.59999e+01
    2.46050e+00     2.45073e+02     1.58884e+01
    2.46459e+00     2.44782e+02     1.58673e+01
    2.46868e+00     2.44238e+02     1.58125e+01
    2.47277e+00     2.44061e+02     1.57823e+01
    2.47686e+00     2.43249e+02     1.57434e+01
    2.48095e+00     2.42929e+02     1.56664e+01
    2.48504e+00     2.42046e+02     1.55417e+01
    2.48913e+00     2.41792e+02     1.55884e+01
    2.49322e+00     2.41375e+02     1.55127e+01
    2.49731e+00     2.40787e+02     1.54822e+01
    2.50141e+00     2.40494e+02     1.53890e+01
    2.50550e+00     2.39630e+02     1.52889e+01
    2.50959e+00     2.39315e+02     1.52929e+01
    2.51368e+00     2.38935e+02     1.52080e+01
    2.51777e+00     2.38161e+02     1.52054e+01
    2.52186e+00     2.38054e+02     1.51513e+01
    2.52595e+00     2.37371e+02     1.51437e+01
    2.53004e+00     2.36941e+02     1.50408e+01
    2.53413e+00     2.36596e+02     1.49866e+01
    2.53822e+00     2.35840e+02     1.49293e+01
    2.54231e+00     2.35664e+02     1.49229e+01
    2.54640e+00     2.35077e+02     1.48881e+01
    2.55049e+00     2.34417e+02     1.47840e+01
    2.55458e+00     2.33924e+02     1.47656e+01
    2.55867e+00     2.33962e+02     1.47441e+01
    2.56276e+00     2.33088e+02     1.46163e+01
    2.56685e+00     2.33030e+02     1.46289e+01
    2.57095e+00     2.32262e+02     1.46048e+01
    2.57504e+00     2.31768e+02     1.45354e+01
    2.57913e+00     2.31559e+02     1.45311e+01
    2.58322e+00     2.30712e+02     1.44464e+01
    2.58731e+00     2.30461e+02     1.44129e+01
    2.59140e+00     2.30027e+02     1.43305e+01
    2.59549e+00     2.29429e+02     1.42980e+01
    2.59958e+00     2.28725e+02     1.42564e+01
    2.60367e+00     2.28715e+02     1.42049e+01
    2.60776e+00     2.28166e+02     1.41436e+01
    2.61185e+00     2.27520e+02     1.41173e+01
    2.61594e+00     2.27117e+02     1.40422e+01
    2.62003e+00     2.26555e+02     1.40136e+01
    2.62412e+00     2.26496e+02     1.39887e+01
    2.62821e+00     2.25639e+02     1.38601e+01
    2.63230e+00     2.25379e+02     1.38654e+01
    2.63640e+00     2.24876e+02     1.38154e+01
    2.64049e+00     2.24429e+02     1.37862e+01
    2.64457e+00     2.23924e+02     1.37851e+01
    2.64867e+00     2.23796e+02     1.37195e+01
    2.65276e+00     2.23039e+02     1.36579e+01
    2.65685e+00     2.22539e+02     1.36005e+01
    2.66094e+00     2.22205e+02     1.35736e+01
    2.66503e+00     2.21710e+02     1.35282e+01
    2.66912e+00     2.21283e+02     1.34957e+01
    2.67321e+00     2.21047e+02     1.35002e+01
    2.67730e+00     2.20310e+02     1.34159e+01
    2.68139e+00     2.20035e+02     1.33621e+01
    2.68548e+00     2.19466e+02     1.33379e+01
    2.68957e+00     2.18906e+02     1.32894e+01
    2.69366e+00     2.18620e+02     1.32733e+01
    2.69776e+00     2.18047e+02     1.31989e+01
    2.70185e+00     2.17598e+02     1.31467e+01
    2.70594e+00     2.17446e+02     1.31371e+01
    2.71003e+00     2.16728e+02     1.30700e+01
    2.71412e+00     2.16389e+02     1.30599e+01
    2.71821e+00     2.15982e+02     1.30123e+01
    2.72230e+00     2.15395e+02     1.29477e+01
    2.72639e+00     2.15051e+02     1.29426e+01
    2.73048e+00     2.14700e+02     1.28795e+01
    2.73457e+00     2.13942e+02     1.28091e+01
    2.73866e+00     2.13921e+02     1.28014e+01
    2.74275e+00     2.13119e+02     1.27665e+01
    2.74684e+00     2.12909e+02     1.27330e+01
    2.75093e+00     2.12177e+02     1.26742e+01
    2.75502e+00     2.11915e+02     1.26593e+01
    2.75911e+00     2.11280e+02     1.25945e+01
    2.76320e+00     2.11282e+02     1.25781e+01
    2.76730e+00     2.10331e+02     1.24812e+01
    2.77139e+00     2.10243e+02     1.24976e+01
    2.77548e+00     2.09496e+02     1.24433e+01
    2.77957e+00     2.09178e+02     1.23817e+01
    2.78366e+00     2.08706e+02     1.23893e+01
    2.78775e+00     2.08252e+02     1.23046e+01
    2.79184e+00     2.07872e+02     1.23095e+01
    2.79593e+00     2.07323e+02     1.22128e+01
    2.80002e+00     2.07100e+02     1.22321e+01
    2.80411e+00     2.06566e+02     1.21375e+01
    2.80820e+00     2.06261e+02     1.21149e+01
    2.81229e+00     2.05718e+02     1.20721e+01
    2.81638e+00     2.05269e+02     1.20672e+01
    2.82047e+00     2.05029e+02     1.20001e+01
    2.82457e+00     2.04252e+02     1.19409e+01
    2.82866e+00     2.03775e+02     1.18812e+01
    2.83275e+00     2.03599e+02     1.18831e+01
    2.83684e+00     2.03123e+02     1.18430e+01
    2.84093e+00     2.02851e+02     1.18027e+01
    2.84502e+00     2.02322e+02     1.18013e+01
    2.84911e+00     2.01911e+02     1.17666e+01
    2.85320e+00     2.01495e+02     1.17185e+01
    2.85729e+00     2.00794e+02     1.16419e+01
    2.86138e+00     2.00558e+02     1.16461e+01
    2.86547e+00     2.00256e+02     1.15995e+01
    2.86956e+00     1.99481e+02     1.15668e+01
    2.87365e+00     1.99379e+02     1.15239e+01
    2.87774e+00     1.98754e+02     1.14913e+01
    2.88183e+00     1.98306e+02     1.14062e+01
    2.88592e+00     1.98147e+02     1.14054e+01
    2.89001e+00     1.97594e+02     1.13966e+01
    2.89410e+00     1.97470e+02     1.13536e+01
    2.89820e+00     1.97034e+02     1.13178e+01
    2.90229e+00     1.96304e+02     1.12782e+01
    2.90638e+00     1.95878e+02     1.12267e+01
    2.91047e+00     1.95573e+02     1.11896e+01
    2.91456e+00     1.95052e+02     1.11718e+01
    2.91865e+00     1.94573e+02     1.11226e+01
    2.92274e+00     1.94392e+02     1.11080e+01
    2.92683e+00     1.93871e+02     1.10433e+01
    2.93092e+00     1.93541e+02     1.10207e+01
    2.93501e+00     1.92846e+02     1.09581e+01
    2.93910e+00     1.92697e+02     1.09420e+01
    2.94319e+00     1.92233e+02     1.09486e+01
    2.94728e+00     1.91809e+02     1.08708e+01
    2.95137e+00     1.91148e+02     1.08370e+01
    2.95546e+00     1.91099e+02     1.08249e+01
    2.95955e+00     1.90627e+02     1.07795e+01
    2.96364e+00     1.90139e+02     1.07522e+01
    2.96774e+00     1.89754e+02     1.06975e+01
    2.97183e+00     1.89357e+02     1.06777e+01
    2.97592e+00     1.89039e+02     1.06738e+01
    2.98001e+00     1.88549e+02     1.05893e+01
    2.98410e+00     1.88298e+02     1.05904e+01
    2.98819e+00     1.87667e+02     1.05379e+01
    2.99228e+00     1.87421e+02     1.05049e+01
    2.99637e+00     1.87076e+02     1.04769e+01
    3.00046e+00     1.86811e+02     1.04623e+01
    3.00455e+00     1.85909e+02     1.04112e+01
    3.00864e+00     1.85715e+02     1.03691e+01
    3.01273e+00     1.85422e+02     1.03325e+01
    3.01682e+00     1.84863e+02     1.02884e+01
    3.02091e+00     1.84535e+02     1.03265e+01
    3.02500e+00     1.84158e+02     1.02471e+01
    3.02910e+00     1.83697e+02     1.02066e+01
    3.03319e+00     1.83291e+02     1.02058e+01
    3.03728e+00     1.82979e+02     1.01521e+01
    3.04137e+00     1.82493e+02     1.01007e+01
    3.04546e+00     1.82198e+02     1.00974e+01
    3.04955e+00     1.81721e+02     1.00514e+01
    3.05364e+00     1.81324e+02     1.00403e+01
    3.05773e+00     1.80963e+02     9.97080e+00
    3.06182e+00     1.80569e+02     9.98216e+00
    3.06591e+00     1.80022e+02     9.91919e+00
    3.07000e+00     1.79898e+02     9.90437e+00
    3.07409e+00     1.79377e+02     9.87867e+00
    3.07818e+00     1.79036e+02     9.85906e+00
    3.08227e+00     1.78738e+02     9.81363e+00
    3.08636e+00     1.78248e+02     9.78578e+00
    3.09045e+00     1.77770e+02     9.74331e+00
    3.09454e+00     1.77241e+02     9.70654e+00
    3.09863e+00     1.76732e+02     9.65900e+00
    3.10272e+00     1.76777e+02     9.64722e+00
    3.10682e+00     1.76355e+02     9.62925e+00
    3.11091e+00     1.75884e+02     9.59816e+00
    3.11500e+00     1.75470e+02     9.54329e+00
    3.11909e+00     1.75265e+02     9.54800e+00
    3.12318e+00     1.74653e+02     9.53519e+00
    3.12727e+00     1.74297e+02     9.47133e+00
    3.13136e+00     1.74001e+02     9.45251e+00
    3.13545e+00     1.73663e+02     9.41403e+00
    3.13954e+00     1.73171e+02     9.38976e+00
    3.14363e+00     1.72795e+02     9.34278e+00
    3.14772e+00     1.72438e+02     9.32922e+00
    3.15181e+00     1.71982e+02     9.29593e+00
    3.15590e+00     1.71602e+02     9.27083e+00
    3.16000e+00     1.71295e+02     9.23674e+00
    3.16409e+00     1.71014e+02     9.23206e+00
    3.16818e+00     1.70620e+02     9.18757e+00
    3.17227e+00     1.70102e+02     9.16277e+00
    3.17636e+00     1.69675e+02     9.10830e+00
    3.18045e+00     1.69449e+02     9.09580e+00
    3.18454e+00     1.69105e+02     9.05465e+00
    3.18863e+00     1.68836e+02     9.05691e+00
    3.19272e+00     1.68272e+02     9.02642e+00
    3.19681e+00     1.68063e+02     8.99186e+00
    3.20090e+00     1.67570e+02     8.94610e+00
    3.20499e+00     1.67233e+02     8.92863e+00
    3.20908e+00     1.66796e+02     8.88081e+00
    3.21317e+00     1.66399e+02     8.85257e+00
    3.21726e+00     1.65982e+02     8.83564e+00
    3.22135e+00     1.65844e+02     8.82970e+00
    3.22545e+00     1.65498e+02     8.77782e+00
    3.22954e+00     1.64991e+02     8.76091e+00
    3.23363e+00     1.64612e+02     8.72989e+00
    3.23772e+00     1.64212e+02     8.70830e+00
    3.24181e+00     1.63979e+02     8.65497e+00
    3.24590e+00     1.63493e+02     8.64768e+00
    3.24999e+00     1.63162e+02     8.61235e+00
    3.25408e+00     1.62937e+02     8.61120e+00
    3.25817e+00     1.62411e+02     8.57366e+00
    3.26226e+00     1.62083e+02     8.55044e+00
    3.26635e+00     1.61703e+02     8.51060e+00
    3.27044e+00     1.61467e+02     8.48140e+00
    3.27453e+00     1.61202e+02     8.48582e+00
    3.27862e+00     1.60751e+02     8.44154e+00
    3.28271e+00     1.60321e+02     8.40482e+00
    3.28681e+00     1.59898e+02     8.38034e+00
    3.29090e+00     1.59552e+02     8.36511e+00
    3.29499e+00     1.59234e+02     8.32623e+00
    3.29908e+00     1.58976e+02     8.31515e+00
    3.30317e+00     1.58684e+02     8.30002e+00
    3.30725e+00     1.58307e+02     8.26042e+00
    3.31135e+00     1.57930e+02     8.23316e+00
    3.31544e+00     1.57520e+02     8.21290e+00
    3.31953e+00     1.57266e+02     8.18136e+00
    3.32362e+00     1.56908e+02     8.15613e+00
    3.32771e+00     1.56605e+02     8.13206e+00
    3.33180e+00     1.56101e+02     8.09755e+00
    3.33589e+00     1.55817e+02     8.07749e+00
    3.33998e+00     1.55487e+02     8.04056e+00
    3.34407e+00     1.55181e+02     8.03405e+00
    3.34816e+00     1.54810e+02     8.01310e+00
    3.35226e+00     1.54477e+02     7.98522e+00
    3.35634e+00     1.54186e+02     7.93382e+00
    3.36043e+00     1.53952e+02     7.94086e+00
    3.36453e+00     1.53414e+02     7.90746e+00
    3.36862e+00     1.53127e+02     7.87768e+00
    3.37271e+00     1.52831e+02     7.85529e+00
    3.37680e+00     1.52691e+02     7.84289e+00
    3.38089e+00     1.52047e+02     7.80592e+00
    3.38498e+00     1.51717e+02     7.78609e+00
    3.38907e+00     1.51439e+02     7.76401e+00
    3.39316e+00     1.51149e+02     7.74731e+00
    3.39725e+00     1.50756e+02     7.72608e+00
    3.40134e+00     1.50370e+02     7.69499e+00
    3.40543e+00     1.50131e+02     7.67634e+00
    3.40952e+00     1.49850e+02     7.63330e+00
    3.41362e+00     1.49442e+02     7.62234e+00
    3.41770e+00     1.49344e+02     7.62996e+00
    3.42179e+00     1.48886e+02     7.57209e+00
    3.42588e+00     1.48547e+02     7.55183e+00
    3.42997e+00     1.48153e+02     7.52406e+00
    3.43406e+00     1.47771e+02     7.48511e+00
    3.43816e+00     1.47580e+02     7.49587e+00
    3.44225e+00     1.47251e+02     7.44955e+00
    3.44634e+00     1.46970e+02     7.43188e+00
    3.45043e+00     1.46555e+02     7.41043e+00
    3.45452e+00     1.46382e+02     7.41211e+00
    3.45861e+00     1.45916e+02     7.35078e+00
    3.46270e+00     1.45674e+02     7.35127e+00
    3.46679e+00     1.45178e+02     7.32443e+00
    3.47088e+00     1.44963e+02     7.30951e+00
    3.47497e+00     1.44570e+02     7.28568e+00
    3.47906e+00     1.44364e+02     7.25933e+00
    3.48315e+00     1.43996e+02     7.24124e+00
    3.48725e+00     1.43708e+02     7.21636e+00
    3.49134e+00     1.43406e+02     7.20313e+00
    3.49543e+00     1.43014e+02     7.16387e+00
    3.49952e+00     1.42742e+02     7.14860e+00
    3.50361e+00     1.42500e+02     7.11853e+00
    3.50770e+00     1.42150e+02     7.09481e+00
    3.51179e+00     1.41807e+02     7.06838e+00
    3.51588e+00     1.41601e+02     7.06637e+00
    3.51997e+00     1.41276e+02     7.04575e+00
    3.52406e+00     1.40933e+02     7.02666e+00
    3.52815e+00     1.40636e+02     6.99920e+00
    3.53224e+00     1.40336e+02     6.98463e+00
    3.53633e+00     1.39907e+02     6.94757e+00
    3.54042e+00     1.39642e+02     6.92974e+00
    3.54451e+00     1.39461e+02     6.91443e+00
    3.54860e+00     1.39111e+02     6.88998e+00
    3.55270e+00     1.38835e+02     6.86878e+00
    3.55679e+00     1.38512e+02     6.85688e+00
    3.56088e+00     1.38107e+02     6.82856e+00
    3.56497e+00     1.38023e+02     6.80644e+00
    3.56906e+00     1.37739e+02     6.79651e+00
    3.57315e+00     1.37184e+02     6.76650e+00
    3.57724e+00     1.36984e+02     6.73963e+00
    3.58133e+00     1.36728e+02     6.71787e+00
    3.58542e+00     1.36387e+02     6.70277e+00
    3.58951e+00     1.36135e+02     6.69150e+00
    3.59360e+00     1.35833e+02     6.67232e+00
    3.59769e+00     1.35470e+02     6.64091e+00
    3.60178e+00     1.35159e+02     6.60797e+00
    3.60587e+00     1.34893e+02     6.60875e+00
    3.60996e+00     1.34683e+02     6.59410e+00
    3.61405e+00     1.34367e+02     6.55626e+00
    3.61814e+00     1.34035e+02     6.53679e+00
    3.62224e+00     1.33898e+02     6.53277e+00
    3.62633e+00     1.33380e+02     6.48670e+00
    3.63042e+00     1.33275e+02     6.48681e+00
    3.63451e+00     1.32763e+02     6.46580e+00
    3.63860e+00     1.32615e+02     6.45314e+00
    3.64269e+00     1.32245e+02     6.41348e+00
    3.64678e+00     1.32144e+02     6.41400e+00
    3.65087e+00     1.31789e+02     6.40013e+00
    3.65496e+00     1.31512e+02     6.36486e+00
    3.65905e+00     1.31148e+02     6.34451e+00
    3.66314e+00     1.30965e+02     6.33462e+00
    3.66723e+00     1.30664e+02     6.32482e+00
    3.67132e+00     1.30275e+02     6.29281e+00
    3.67541e+00     1.30057e+02     6.29049e+00
    3.67950e+00     1.29825e+02     6.27406e+00
    3.68359e+00     1.29593e+02     6.25064e+00
    3.68769e+00     1.29259e+02     6.21189e+00
    3.69177e+00     1.29040e+02     6.21705e+00
    3.69587e+00     1.28755e+02     6.18285e+00
    3.69996e+00     1.28427e+02     6.16922e+00
    3.70405e+00     1.28267e+02     6.16247e+00
    3.70814e+00     1.27955e+02     6.14142e+00
    3.71223e+00     1.27502e+02     6.11372e+00
    3.71632e+00     1.27407e+02     6.11085e+00
    3.72041e+00     1.27117e+02     6.08902e+00
    3.72450e+00     1.26773e+02     6.05794e+00
    3.72859e+00     1.26426e+02     6.04327e+00
    3.73268e+00     1.26345e+02     6.03854e+00
    3.73677e+00     1.26007e+02     6.01369e+00
    3.74086e+00     1.25779e+02     5.98779e+00
    3.74495e+00     1.25476e+02     5.96982e+00
    3.74905e+00     1.25327e+02     5.96093e+00
    3.75313e+00     1.24912e+02     5.94086e+00
    3.75722e+00     1.24783e+02     5.92841e+00
    3.76131e+00     1.24551e+02     5.91550e+00
    3.76541e+00     1.24075e+02     5.87879e+00
    3.76950e+00     1.24016e+02     5.88226e+00
    3.77359e+00     1.23633e+02     5.86658e+00
    3.77768e+00     1.23415e+02     5.84208e+00
    3.78177e+00     1.23159e+02     5.82449e+00
    3.78586e+00     1.22978e+02     5.80608e+00
    3.78995e+00     1.22678e+02     5.79437e+00
    3.79404e+00     1.22484e+02     5.77310e+00
    3.79813e+00     1.22101e+02     5.75005e+00
    3.80222e+00     1.21942e+02     5.73521e+00
    3.80632e+00     1.21697e+02     5.73031e+00
    3.81040e+00     1.21385e+02     5.71716e+00
    3.81449e+00     1.21195e+02     5.70384e+00
    3.81859e+00     1.20894e+02     5.68323e+00
    3.82268e+00     1.20693e+02     5.66637e+00
    3.82677e+00     1.20424e+02     5.64533e+00
    3.83086e+00     1.20211e+02     5.63478e+00
    3.83495e+00     1.19919e+02     5.61394e+00
    3.83904e+00     1.19686e+02     5.60117e+00
    3.84313e+00     1.19453e+02     5.58165e+00
    3.84722e+00     1.19177e+02     5.56373e+00
    3.85131e+00     1.18817e+02     5.54460e+00
    3.85540e+00     1.18634e+02     5.53323e+00
    3.85949e+00     1.18410e+02     5.50803e+00
    3.86358e+00     1.18167e+02     5.50869e+00
    3.86768e+00     1.17992e+02     5.48921e+00
    3.87177e+00     1.17751e+02     5.47369e+00
    3.87585e+00     1.17490e+02     5.46178e+00
    3.87994e+00     1.17343e+02     5.44783e+00
    3.88403e+00     1.16990e+02     5.42316e+00
    3.88813e+00     1.16810e+02     5.41988e+00
    3.89222e+00     1.16560e+02     5.40639e+00
    3.89631e+00     1.16292e+02     5.38139e+00
    3.90040e+00     1.16123e+02     5.36934e+00
    3.90449e+00     1.15930e+02     5.36319e+00
    3.90858e+00     1.15657e+02     5.34285e+00
    3.91267e+00     1.15342e+02     5.32927e+00
    3.91676e+00     1.15246e+02     5.32029e+00
    3.92085e+00     1.14987e+02     5.31421e+00
    3.92494e+00     1.14678e+02     5.27978e+00
    3.92903e+00     1.14610e+02     5.27983e+00
    3.93312e+00     1.14275e+02     5.25503e+00
    3.93721e+00     1.14076e+02     5.24664e+00
    3.94130e+00     1.13760e+02     5.21674e+00
    3.94539e+00     1.13666e+02     5.21259e+00
    3.94949e+00     1.13387e+02     5.20384e+00
    3.95358e+00     1.13123e+02     5.18293e+00
    3.95767e+00     1.12911e+02     5.17746e+00
    3.96176e+00     1.12683e+02     5.15156e+00
    3.96585e+00     1.12527e+02     5.13960e+00
    3.96994e+00     1.12275e+02     5.12830e+00
    3.97403e+00     1.11929e+02     5.11251e+00
    3.97812e+00     1.11872e+02     5.10423e+00
    3.98221e+00     1.11678e+02     5.09227e+00
    3.98630e+00     1.11433e+02     5.08111e+00
    3.99039e+00     1.11107e+02     5.05727e+00
    3.99448e+00     1.10956e+02     5.04449e+00
    3.99857e+00     1.10702e+02     5.04228e+00
    4.00266e+00     1.10616e+02     5.02473e+00
    4.00675e+00     1.10401e+02     5.01398e+00
    4.01085e+00     1.10185e+02     4.99944e+00
    4.01494e+00     1.09915e+02     4.97522e+00
    4.01902e+00     1.09783e+02     4.96422e+00
    4.02312e+00     1.09511e+02     4.96375e+00
    4.02721e+00     1.09282e+02     4.94768e+00
    4.03130e+00     1.09053e+02     4.93413e+00
    4.03539e+00     1.08916e+02     4.91893e+00
    4.03948e+00     1.08675e+02     4.90926e+00
    4.04357e+00     1.08366e+02     4.89556e+00
    4.04766e+00     1.08246e+02     4.88225e+00
    4.05175e+00     1.08139e+02     4.87094e+00
    4.05584e+00     1.07861e+02     4.85175e+00
    4.05993e+00     1.07721e+02     4.84674e+00
    4.06402e+00     1.07468e+02     4.83759e+00
    4.06811e+00     1.07283e+02     4.82181e+00
    4.07220e+00     1.06969e+02     4.80572e+00
    4.07630e+00     1.06831e+02     4.78747e+00
    4.08038e+00     1.06723e+02     4.78858e+00
    4.08447e+00     1.06572e+02     4.78373e+00
    4.08857e+00     1.06262e+02     4.75626e+00
    4.09266e+00     1.06125e+02     4.74771e+00
    4.09675e+00     1.05950e+02     4.74080e+00
    4.10084e+00     1.05701e+02     4.72795e+00
    4.10493e+00     1.05589e+02     4.71561e+00
    4.10902e+00     1.05270e+02     4.69528e+00
    4.11311e+00     1.05085e+02     4.68617e+00
    4.11720e+00     1.04897e+02     4.67574e+00
    4.12129e+00     1.04796e+02     4.67143e+00
    4.12538e+00     1.04642e+02     4.66355e+00
    4.12947e+00     1.04389e+02     4.64148e+00
    4.13356e+00     1.04152e+02     4.63362e+00
    4.13765e+00     1.03929e+02     4.61990e+00
    4.14175e+00     1.03881e+02     4.62022e+00
    4.14584e+00     1.03648e+02     4.60350e+00
    4.14993e+00     1.03421e+02     4.59317e+00
    4.15402e+00     1.03270e+02     4.58318e+00
    4.15811e+00     1.03148e+02     4.57195e+00
    4.16220e+00     1.02923e+02     4.55894e+00
    4.16629e+00     1.02778e+02     4.55043e+00
    4.17038e+00     1.02554e+02     4.53397e+00
    4.17447e+00     1.02405e+02     4.53018e+00
    4.17856e+00     1.02186e+02     4.51716e+00
    4.18265e+00     1.01944e+02     4.50125e+00
    4.18674e+00     1.01969e+02     4.49885e+00
