# Real space h-h auto- and h-m cross-spectra.
# z=2.000, 12.500<lgM<13.000
#      k[h/Mpc]            P_hh            P_hm
    0.00000e+00     0.00000e+00     0.00000e+00
    5.79404e-03     4.79336e+04     1.34232e+04
    1.04717e-02     3.47375e+04     1.08492e+04
    1.42665e-02     4.12403e+04     1.26085e+04
    1.81228e-02     4.66205e+04     1.36688e+04
    2.24845e-02     4.52572e+04     1.35563e+04
    2.64508e-02     4.26453e+04     1.23604e+04
    3.04474e-02     4.44666e+04     1.29869e+04
    3.47320e-02     3.45880e+04     9.98885e+03
    3.88308e-02     2.98966e+04     8.49248e+03
    4.28140e-02     2.79885e+04     7.94449e+03
    4.68856e-02     2.55444e+04     7.16981e+03
    5.09858e-02     2.41644e+04     6.77476e+03
    5.51458e-02     2.44871e+04     6.72152e+03
    5.92243e-02     2.35425e+04     6.48535e+03
    6.32864e-02     2.19679e+04     6.03564e+03
    6.73674e-02     2.14647e+04     5.84103e+03
    7.14960e-02     1.92337e+04     5.19311e+03
    7.55894e-02     1.92941e+04     5.15969e+03
    7.96660e-02     1.77341e+04     4.64170e+03
    8.38183e-02     1.69974e+04     4.45873e+03
    8.78941e-02     1.52263e+04     3.88693e+03
    9.19238e-02     1.48332e+04     3.76733e+03
    9.60446e-02     1.35217e+04     3.35661e+03
    1.00128e-01     1.28461e+04     3.14290e+03
    1.04209e-01     1.25701e+04     3.05341e+03
    1.08333e-01     1.20311e+04     2.87269e+03
    1.12448e-01     1.17519e+04     2.76536e+03
    1.16521e-01     1.10975e+04     2.59780e+03
    1.20596e-01     1.10528e+04     2.58001e+03
    1.24665e-01     1.09414e+04     2.54670e+03
    1.28771e-01     1.07536e+04     2.43094e+03
    1.32874e-01     1.04722e+04     2.38862e+03
    1.36975e-01     1.02521e+04     2.30793e+03
    1.41075e-01     9.74347e+03     2.14292e+03
    1.45172e-01     9.52742e+03     2.06738e+03
    1.49268e-01     9.13988e+03     1.96750e+03
    1.53330e-01     8.70736e+03     1.83605e+03
    1.57416e-01     8.33387e+03     1.72040e+03
    1.61514e-01     8.11629e+03     1.65142e+03
    1.65592e-01     7.91381e+03     1.59311e+03
    1.69693e-01     7.66376e+03     1.51513e+03
    1.73803e-01     7.67230e+03     1.49180e+03
    1.77905e-01     7.48220e+03     1.43442e+03
    1.82001e-01     7.32641e+03     1.40631e+03
    1.86092e-01     7.16876e+03     1.35751e+03
    1.90161e-01     7.12665e+03     1.35273e+03
    1.94237e-01     6.89174e+03     1.27961e+03
    1.98334e-01     6.89237e+03     1.26298e+03
    2.02427e-01     6.70947e+03     1.21438e+03
    2.06523e-01     6.63429e+03     1.18381e+03
    2.10626e-01     6.41695e+03     1.13261e+03
    2.14724e-01     6.38104e+03     1.10998e+03
    2.18827e-01     6.23148e+03     1.07092e+03
    2.22903e-01     6.05517e+03     1.02499e+03
    2.26990e-01     5.98768e+03     1.00209e+03
    2.31084e-01     5.88785e+03     9.64085e+02
    2.35153e-01     5.73979e+03     9.30182e+02
    2.39244e-01     5.72455e+03     9.20685e+02
    2.43338e-01     5.63937e+03     8.99422e+02
    2.47445e-01     5.54057e+03     8.73009e+02
    2.51539e-01     5.51337e+03     8.59348e+02
    2.55609e-01     5.44593e+03     8.45238e+02
    2.59718e-01     5.44554e+03     8.32838e+02
    2.63814e-01     5.33397e+03     8.06241e+02
    2.67904e-01     5.24545e+03     7.78398e+02
    2.71993e-01     5.15497e+03     7.60398e+02
    2.76068e-01     5.11713e+03     7.45461e+02
    2.80171e-01     5.02414e+03     7.20074e+02
    2.84268e-01     4.96549e+03     7.03759e+02
    2.88346e-01     4.97821e+03     6.96939e+02
    2.92426e-01     4.89351e+03     6.77570e+02
    2.96514e-01     4.84360e+03     6.63417e+02
    3.00627e-01     4.79706e+03     6.50174e+02
    3.04729e-01     4.74053e+03     6.32691e+02
    3.08821e-01     4.73138e+03     6.29776e+02
    3.12919e-01     4.68477e+03     6.16352e+02
    3.16999e-01     4.61976e+03     6.03103e+02
    3.21078e-01     4.60984e+03     5.96352e+02
    3.25167e-01     4.54590e+03     5.79924e+02
    3.29247e-01     4.50562e+03     5.68856e+02
    3.33333e-01     4.47148e+03     5.60276e+02
    3.37443e-01     4.38050e+03     5.44349e+02
    3.41545e-01     4.39137e+03     5.39133e+02
    3.45625e-01     4.38467e+03     5.31050e+02
    3.49715e-01     4.32041e+03     5.19311e+02
    3.53817e-01     4.22166e+03     5.00597e+02
    3.57906e-01     4.25104e+03     4.97986e+02
    3.61975e-01     4.22611e+03     4.90665e+02
    3.66071e-01     4.19630e+03     4.81689e+02
    3.70189e-01     4.19252e+03     4.77342e+02
    3.74277e-01     4.13406e+03     4.64731e+02
    3.78356e-01     4.12932e+03     4.61764e+02
    3.82448e-01     4.06253e+03     4.50491e+02
    3.86535e-01     4.02331e+03     4.42422e+02
    3.90624e-01     4.04589e+03     4.38133e+02
    3.94706e-01     4.00265e+03     4.30228e+02
    3.98794e-01     3.97017e+03     4.24562e+02
    4.02896e-01     3.97298e+03     4.21933e+02
    4.06986e-01     3.93835e+03     4.09763e+02
    4.11069e-01     3.91057e+03     4.08101e+02
    4.15170e-01     3.88823e+03     4.00954e+02
    4.19263e-01     3.84810e+03     3.91942e+02
    4.23353e-01     3.85876e+03     3.88798e+02
    4.27447e-01     3.84116e+03     3.83131e+02
    4.31534e-01     3.80315e+03     3.78626e+02
    4.35624e-01     3.79157e+03     3.72282e+02
    4.39718e-01     3.76576e+03     3.66982e+02
    4.43804e-01     3.73665e+03     3.62958e+02
    4.47892e-01     3.71022e+03     3.54871e+02
    4.51977e-01     3.70412e+03     3.53125e+02
    4.56067e-01     3.69576e+03     3.47884e+02
    4.60165e-01     3.69412e+03     3.47822e+02
    4.64260e-01     3.65715e+03     3.38828e+02
    4.68355e-01     3.64755e+03     3.35797e+02
    4.72450e-01     3.64494e+03     3.33533e+02
    4.76540e-01     3.60379e+03     3.26481e+02
    4.80633e-01     3.59195e+03     3.22593e+02
    4.84718e-01     3.56616e+03     3.19183e+02
    4.88794e-01     3.55493e+03     3.15617e+02
    4.92888e-01     3.53298e+03     3.10877e+02
    4.96984e-01     3.52471e+03     3.08376e+02
    5.01073e-01     3.51867e+03     3.05444e+02
    5.05169e-01     3.49762e+03     3.00975e+02
    5.09268e-01     3.46996e+03     2.98565e+02
    5.13369e-01     3.46700e+03     2.91882e+02
    5.17441e-01     3.45397e+03     2.91363e+02
    5.21516e-01     3.45119e+03     2.88944e+02
    5.25611e-01     3.42068e+03     2.82212e+02
    5.29706e-01     3.41585e+03     2.80353e+02
    5.33801e-01     3.39388e+03     2.77245e+02
    5.37888e-01     3.37953e+03     2.76440e+02
    5.41985e-01     3.37917e+03     2.72048e+02
    5.46091e-01     3.35504e+03     2.67400e+02
    5.50174e-01     3.35228e+03     2.66536e+02
    5.54252e-01     3.34959e+03     2.65955e+02
    5.58346e-01     3.30570e+03     2.58003e+02
    5.62439e-01     3.31279e+03     2.58746e+02
    5.66527e-01     3.29968e+03     2.55762e+02
    5.70616e-01     3.29831e+03     2.54755e+02
    5.74707e-01     3.27423e+03     2.49471e+02
    5.78798e-01     3.28338e+03     2.47967e+02
    5.82883e-01     3.27056e+03     2.46159e+02
    5.86977e-01     3.24554e+03     2.41840e+02
    5.91070e-01     3.22492e+03     2.38405e+02
    5.95166e-01     3.20996e+03     2.37787e+02
    5.99260e-01     3.22549e+03     2.36805e+02
    6.03349e-01     3.20576e+03     2.33005e+02
    6.07445e-01     3.20087e+03     2.32081e+02
    6.11543e-01     3.20800e+03     2.30198e+02
    6.15623e-01     3.18637e+03     2.27876e+02
    6.19704e-01     3.17316e+03     2.24395e+02
    6.23792e-01     3.15947e+03     2.23748e+02
    6.27891e-01     3.14306e+03     2.21735e+02
    6.31991e-01     3.13271e+03     2.18500e+02
    6.36073e-01     3.14250e+03     2.17212e+02
    6.40158e-01     3.12832e+03     2.16484e+02
    6.44244e-01     3.11322e+03     2.13149e+02
    6.48338e-01     3.10039e+03     2.13040e+02
    6.52432e-01     3.11193e+03     2.09429e+02
    6.56514e-01     3.09132e+03     2.09527e+02
    6.60609e-01     3.06672e+03     2.05545e+02
    6.64712e-01     3.08333e+03     2.06181e+02
    6.68801e-01     3.06170e+03     2.02224e+02
    6.72890e-01     3.05156e+03     2.00623e+02
    6.76984e-01     3.05376e+03     2.00673e+02
    6.81074e-01     3.04163e+03     1.97892e+02
    6.85160e-01     3.04463e+03     1.97014e+02
    6.89246e-01     3.02300e+03     1.95248e+02
    6.93336e-01     3.01239e+03     1.92738e+02
    6.97434e-01     3.01818e+03     1.92181e+02
    7.01528e-01     3.00867e+03     1.91744e+02
    7.05618e-01     2.99976e+03     1.89364e+02
    7.09708e-01     2.98719e+03     1.86373e+02
    7.13796e-01     2.99631e+03     1.86838e+02
    7.17892e-01     2.97746e+03     1.85205e+02
    7.21982e-01     2.96541e+03     1.83123e+02
    7.26059e-01     2.97139e+03     1.82846e+02
    7.30145e-01     2.94773e+03     1.80413e+02
    7.34240e-01     2.95346e+03     1.80534e+02
    7.38340e-01     2.93696e+03     1.77466e+02
    7.42427e-01     2.94368e+03     1.77882e+02
    7.46511e-01     2.91551e+03     1.74865e+02
    7.50614e-01     2.92144e+03     1.74107e+02
    7.54706e-01     2.92367e+03     1.74240e+02
    7.58795e-01     2.90969e+03     1.71677e+02
    7.62888e-01     2.90121e+03     1.70394e+02
    7.66986e-01     2.89920e+03     1.69658e+02
    7.71073e-01     2.89494e+03     1.68669e+02
    7.75153e-01     2.88039e+03     1.66768e+02
    7.79241e-01     2.88164e+03     1.65427e+02
    7.83335e-01     2.86578e+03     1.63996e+02
    7.87426e-01     2.86009e+03     1.63889e+02
    7.91513e-01     2.84738e+03     1.62001e+02
    7.95606e-01     2.84452e+03     1.61068e+02
    7.99702e-01     2.83794e+03     1.60725e+02
    8.03798e-01     2.83611e+03     1.59133e+02
    8.07879e-01     2.83537e+03     1.57817e+02
    8.11963e-01     2.82737e+03     1.57086e+02
    8.16059e-01     2.81510e+03     1.55933e+02
    8.20152e-01     2.81103e+03     1.54660e+02
    8.24242e-01     2.80566e+03     1.53799e+02
    8.28331e-01     2.80424e+03     1.53019e+02
    8.32425e-01     2.79356e+03     1.51483e+02
    8.36516e-01     2.77896e+03     1.50113e+02
    8.40610e-01     2.78816e+03     1.50290e+02
    8.44704e-01     2.78467e+03     1.49068e+02
    8.48790e-01     2.78183e+03     1.48905e+02
    8.52876e-01     2.76588e+03     1.47441e+02
    8.56967e-01     2.77011e+03     1.46368e+02
    8.61059e-01     2.76321e+03     1.45932e+02
    8.65147e-01     2.75180e+03     1.44428e+02
    8.69235e-01     2.74647e+03     1.43827e+02
    8.73334e-01     2.74497e+03     1.43236e+02
    8.77429e-01     2.74033e+03     1.42041e+02
    8.81512e-01     2.73367e+03     1.41679e+02
    8.85601e-01     2.72187e+03     1.40031e+02
    8.89691e-01     2.71841e+03     1.39118e+02
    8.93784e-01     2.72202e+03     1.39127e+02
    8.97875e-01     2.70813e+03     1.37560e+02
    9.01960e-01     2.70854e+03     1.36995e+02
    9.06054e-01     2.70040e+03     1.35902e+02
    9.10146e-01     2.69440e+03     1.35554e+02
    9.14237e-01     2.68992e+03     1.34174e+02
    9.18331e-01     2.68148e+03     1.34074e+02
    9.22421e-01     2.68315e+03     1.32795e+02
    9.26509e-01     2.68246e+03     1.32758e+02
    9.30598e-01     2.67686e+03     1.31333e+02
    9.34692e-01     2.67618e+03     1.31442e+02
    9.38787e-01     2.66735e+03     1.30327e+02
    9.42873e-01     2.65322e+03     1.29214e+02
    9.46961e-01     2.65096e+03     1.28631e+02
    9.51054e-01     2.65037e+03     1.27729e+02
    9.55150e-01     2.64747e+03     1.27623e+02
    9.59240e-01     2.64081e+03     1.26230e+02
    9.63327e-01     2.62996e+03     1.25819e+02
    9.67420e-01     2.63245e+03     1.25184e+02
    9.71506e-01     2.62576e+03     1.24124e+02
    9.75588e-01     2.61936e+03     1.23569e+02
    9.79678e-01     2.61584e+03     1.22864e+02
    9.83773e-01     2.61299e+03     1.22377e+02
    9.87866e-01     2.61101e+03     1.21726e+02
    9.91960e-01     2.60944e+03     1.21841e+02
    9.96055e-01     2.60315e+03     1.21005e+02
    1.00015e+00     2.59606e+03     1.19769e+02
    1.00424e+00     2.58970e+03     1.19880e+02
    1.00832e+00     2.58245e+03     1.18626e+02
    1.01242e+00     2.57923e+03     1.18082e+02
    1.01651e+00     2.57554e+03     1.16872e+02
    1.02059e+00     2.56949e+03     1.16871e+02
    1.02468e+00     2.57144e+03     1.16181e+02
    1.02878e+00     2.56908e+03     1.16087e+02
    1.03287e+00     2.56509e+03     1.15089e+02
    1.03695e+00     2.55058e+03     1.14354e+02
    1.04105e+00     2.55339e+03     1.14411e+02
    1.04515e+00     2.54303e+03     1.13412e+02
    1.04923e+00     2.53664e+03     1.12894e+02
    1.05332e+00     2.54116e+03     1.12661e+02
    1.05741e+00     2.53290e+03     1.11628e+02
    1.06150e+00     2.53062e+03     1.11856e+02
    1.06559e+00     2.52974e+03     1.10934e+02
    1.06968e+00     2.52245e+03     1.10276e+02
    1.07377e+00     2.51788e+03     1.09697e+02
    1.07786e+00     2.51030e+03     1.09201e+02
    1.08195e+00     2.51475e+03     1.08968e+02
    1.08605e+00     2.50177e+03     1.08483e+02
    1.09014e+00     2.50659e+03     1.07618e+02
    1.09422e+00     2.49654e+03     1.07550e+02
    1.09832e+00     2.49103e+03     1.06585e+02
    1.10242e+00     2.49262e+03     1.06038e+02
    1.10650e+00     2.48313e+03     1.05541e+02
    1.11059e+00     2.47875e+03     1.04893e+02
    1.11468e+00     2.47846e+03     1.04515e+02
    1.11878e+00     2.47921e+03     1.04557e+02
    1.12287e+00     2.46984e+03     1.04002e+02
    1.12695e+00     2.46892e+03     1.03279e+02
    1.13105e+00     2.46588e+03     1.03252e+02
    1.13514e+00     2.45968e+03     1.02327e+02
    1.13922e+00     2.45614e+03     1.01835e+02
    1.14331e+00     2.44743e+03     1.01221e+02
    1.14741e+00     2.44729e+03     1.00946e+02
    1.15150e+00     2.43973e+03     1.00341e+02
    1.15559e+00     2.43508e+03     9.96024e+01
    1.15968e+00     2.43686e+03     9.97203e+01
    1.16377e+00     2.43382e+03     9.93222e+01
    1.16786e+00     2.42663e+03     9.90908e+01
    1.17195e+00     2.42476e+03     9.84177e+01
    1.17604e+00     2.42506e+03     9.83240e+01
    1.18013e+00     2.41628e+03     9.78285e+01
    1.18422e+00     2.41545e+03     9.70949e+01
    1.18831e+00     2.40749e+03     9.66355e+01
    1.19240e+00     2.40814e+03     9.61769e+01
    1.19649e+00     2.40308e+03     9.60788e+01
    1.20059e+00     2.39898e+03     9.57254e+01
    1.20468e+00     2.39235e+03     9.51866e+01
    1.20877e+00     2.39066e+03     9.45234e+01
    1.21286e+00     2.38493e+03     9.40449e+01
    1.21695e+00     2.38997e+03     9.42791e+01
    1.22104e+00     2.38274e+03     9.34824e+01
    1.22513e+00     2.38240e+03     9.33838e+01
    1.22922e+00     2.36892e+03     9.30114e+01
    1.23330e+00     2.36962e+03     9.22942e+01
    1.23740e+00     2.36674e+03     9.22390e+01
    1.24149e+00     2.36293e+03     9.15440e+01
    1.24558e+00     2.35794e+03     9.10739e+01
    1.24967e+00     2.35214e+03     9.08557e+01
    1.25376e+00     2.34494e+03     8.99419e+01
    1.25785e+00     2.35061e+03     8.99564e+01
    1.26194e+00     2.33884e+03     8.96293e+01
    1.26603e+00     2.34543e+03     8.92248e+01
    1.27012e+00     2.33878e+03     8.90299e+01
    1.27422e+00     2.33528e+03     8.90054e+01
    1.27831e+00     2.33016e+03     8.81939e+01
    1.28240e+00     2.32802e+03     8.82389e+01
    1.28649e+00     2.32601e+03     8.75880e+01
    1.29058e+00     2.32424e+03     8.72880e+01
    1.29467e+00     2.31872e+03     8.69498e+01
    1.29876e+00     2.31414e+03     8.64379e+01
    1.30285e+00     2.30567e+03     8.60359e+01
    1.30694e+00     2.30772e+03     8.61103e+01
    1.31103e+00     2.30065e+03     8.53969e+01
    1.31512e+00     2.29797e+03     8.49418e+01
    1.31921e+00     2.29225e+03     8.46154e+01
    1.32331e+00     2.29109e+03     8.44207e+01
    1.32739e+00     2.29011e+03     8.43478e+01
    1.33148e+00     2.28069e+03     8.40855e+01
    1.33558e+00     2.27848e+03     8.36703e+01
    1.33967e+00     2.27953e+03     8.32402e+01
    1.34376e+00     2.27429e+03     8.29070e+01
    1.34785e+00     2.27391e+03     8.25754e+01
    1.35195e+00     2.26670e+03     8.26080e+01
    1.35603e+00     2.26287e+03     8.19426e+01
    1.36011e+00     2.26156e+03     8.16700e+01
    1.36421e+00     2.25762e+03     8.13782e+01
    1.36830e+00     2.25554e+03     8.11373e+01
    1.37239e+00     2.24992e+03     8.08282e+01
    1.37648e+00     2.24598e+03     8.05849e+01
    1.38057e+00     2.24470e+03     8.02248e+01
    1.38466e+00     2.23767e+03     7.95630e+01
    1.38875e+00     2.23620e+03     7.96766e+01
    1.39285e+00     2.23025e+03     7.93865e+01
    1.39694e+00     2.22751e+03     7.88151e+01
    1.40102e+00     2.22415e+03     7.85124e+01
    1.40512e+00     2.22439e+03     7.83360e+01
    1.40921e+00     2.21984e+03     7.82182e+01
    1.41330e+00     2.21666e+03     7.80077e+01
    1.41739e+00     2.21442e+03     7.74560e+01
    1.42148e+00     2.21207e+03     7.72741e+01
    1.42557e+00     2.20762e+03     7.71945e+01
    1.42966e+00     2.20384e+03     7.65999e+01
    1.43375e+00     2.20232e+03     7.66858e+01
    1.43784e+00     2.19416e+03     7.59651e+01
    1.44193e+00     2.19341e+03     7.57126e+01
    1.44602e+00     2.18771e+03     7.54563e+01
    1.45011e+00     2.18894e+03     7.53443e+01
    1.45420e+00     2.18335e+03     7.49626e+01
    1.45830e+00     2.17758e+03     7.48303e+01
    1.46239e+00     2.17354e+03     7.42855e+01
    1.46648e+00     2.17671e+03     7.41923e+01
    1.47056e+00     2.16897e+03     7.39854e+01
    1.47465e+00     2.16956e+03     7.37415e+01
    1.47874e+00     2.16432e+03     7.34126e+01
    1.48283e+00     2.15766e+03     7.30754e+01
    1.48693e+00     2.15516e+03     7.29085e+01
    1.49102e+00     2.15542e+03     7.25729e+01
    1.49511e+00     2.15243e+03     7.24271e+01
    1.49920e+00     2.14886e+03     7.21975e+01
    1.50329e+00     2.14593e+03     7.19214e+01
    1.50738e+00     2.14156e+03     7.14571e+01
    1.51148e+00     2.13989e+03     7.15692e+01
    1.51557e+00     2.13588e+03     7.12986e+01
    1.51965e+00     2.13347e+03     7.08202e+01
    1.52374e+00     2.12688e+03     7.06432e+01
    1.52784e+00     2.12565e+03     7.04674e+01
    1.53193e+00     2.12286e+03     7.01191e+01
    1.53602e+00     2.11840e+03     7.00016e+01
    1.54011e+00     2.12055e+03     7.00307e+01
    1.54420e+00     2.11351e+03     6.94768e+01
    1.54829e+00     2.11011e+03     6.90983e+01
    1.55238e+00     2.10669e+03     6.92298e+01
    1.55647e+00     2.10281e+03     6.87439e+01
    1.56056e+00     2.09907e+03     6.85924e+01
    1.56465e+00     2.09793e+03     6.84282e+01
    1.56874e+00     2.09543e+03     6.81983e+01
    1.57283e+00     2.09253e+03     6.81246e+01
    1.57693e+00     2.08811e+03     6.77570e+01
    1.58102e+00     2.08594e+03     6.73622e+01
    1.58510e+00     2.07950e+03     6.73556e+01
    1.58919e+00     2.07860e+03     6.69308e+01
    1.59329e+00     2.07612e+03     6.67264e+01
    1.59738e+00     2.07589e+03     6.66306e+01
    1.60147e+00     2.07308e+03     6.63472e+01
    1.60556e+00     2.06242e+03     6.59465e+01
    1.60965e+00     2.06189e+03     6.60416e+01
    1.61374e+00     2.06359e+03     6.58101e+01
    1.61783e+00     2.05673e+03     6.52944e+01
    1.62192e+00     2.05398e+03     6.52399e+01
    1.62601e+00     2.05434e+03     6.51884e+01
    1.63010e+00     2.04837e+03     6.47340e+01
    1.63419e+00     2.04642e+03     6.47144e+01
    1.63828e+00     2.04035e+03     6.43244e+01
    1.64238e+00     2.03596e+03     6.40391e+01
    1.64647e+00     2.03670e+03     6.39664e+01
    1.65055e+00     2.03468e+03     6.36968e+01
    1.65465e+00     2.02876e+03     6.33503e+01
    1.65874e+00     2.02219e+03     6.32359e+01
    1.66283e+00     2.02142e+03     6.31898e+01
    1.66691e+00     2.01892e+03     6.28305e+01
    1.67101e+00     2.01329e+03     6.25510e+01
    1.67510e+00     2.01462e+03     6.25908e+01
    1.67919e+00     2.00974e+03     6.22232e+01
    1.68328e+00     2.00626e+03     6.20000e+01
    1.68737e+00     2.00483e+03     6.19679e+01
    1.69146e+00     2.00017e+03     6.16484e+01
    1.69555e+00     1.99840e+03     6.13585e+01
    1.69964e+00     1.99541e+03     6.14394e+01
    1.70373e+00     1.99125e+03     6.10597e+01
    1.70782e+00     1.98636e+03     6.08647e+01
    1.71191e+00     1.98375e+03     6.08722e+01
    1.71600e+00     1.98062e+03     6.03896e+01
    1.72009e+00     1.97742e+03     6.02870e+01
    1.72418e+00     1.97403e+03     5.99876e+01
    1.72828e+00     1.97615e+03     6.00830e+01
    1.73237e+00     1.96804e+03     5.97442e+01
    1.73646e+00     1.96982e+03     5.97909e+01
    1.74055e+00     1.96388e+03     5.93659e+01
    1.74464e+00     1.96020e+03     5.90747e+01
    1.74874e+00     1.95555e+03     5.88893e+01
    1.75282e+00     1.95306e+03     5.88345e+01
    1.75691e+00     1.95249e+03     5.86415e+01
    1.76100e+00     1.94980e+03     5.85943e+01
    1.76509e+00     1.94626e+03     5.83856e+01
    1.76918e+00     1.94239e+03     5.81662e+01
    1.77327e+00     1.93942e+03     5.79273e+01
    1.77737e+00     1.93466e+03     5.77583e+01
    1.78146e+00     1.93255e+03     5.74499e+01
    1.78554e+00     1.92843e+03     5.72664e+01
    1.78964e+00     1.92809e+03     5.72755e+01
    1.79373e+00     1.92419e+03     5.69417e+01
    1.79782e+00     1.92057e+03     5.68196e+01
    1.80191e+00     1.91455e+03     5.66148e+01
    1.80600e+00     1.91588e+03     5.65310e+01
    1.81009e+00     1.91207e+03     5.63190e+01
    1.81418e+00     1.90739e+03     5.61320e+01
    1.81827e+00     1.90494e+03     5.60409e+01
    1.82236e+00     1.90456e+03     5.58168e+01
    1.82645e+00     1.89855e+03     5.54957e+01
    1.83054e+00     1.89355e+03     5.53817e+01
    1.83463e+00     1.89493e+03     5.52361e+01
    1.83872e+00     1.88871e+03     5.50658e+01
    1.84281e+00     1.88854e+03     5.48950e+01
    1.84691e+00     1.88161e+03     5.46436e+01
    1.85100e+00     1.88104e+03     5.46305e+01
    1.85509e+00     1.88010e+03     5.45034e+01
    1.85918e+00     1.87585e+03     5.41421e+01
    1.86327e+00     1.87424e+03     5.40899e+01
    1.86736e+00     1.86984e+03     5.40177e+01
    1.87145e+00     1.86381e+03     5.36527e+01
    1.87554e+00     1.86181e+03     5.35393e+01
    1.87963e+00     1.86140e+03     5.34550e+01
    1.88372e+00     1.85704e+03     5.32655e+01
    1.88781e+00     1.85502e+03     5.31409e+01
    1.89190e+00     1.85187e+03     5.28305e+01
    1.89599e+00     1.84734e+03     5.27560e+01
    1.90008e+00     1.84704e+03     5.26680e+01
    1.90417e+00     1.84241e+03     5.23854e+01
    1.90827e+00     1.83903e+03     5.21994e+01
    1.91236e+00     1.83557e+03     5.20874e+01
    1.91645e+00     1.83433e+03     5.20456e+01
    1.92054e+00     1.82904e+03     5.16818e+01
    1.92463e+00     1.82674e+03     5.15669e+01
    1.92872e+00     1.82613e+03     5.14895e+01
    1.93281e+00     1.82250e+03     5.14743e+01
    1.93690e+00     1.81602e+03     5.10106e+01
    1.94099e+00     1.81686e+03     5.10527e+01
    1.94508e+00     1.81363e+03     5.08233e+01
    1.94917e+00     1.80975e+03     5.07989e+01
    1.95326e+00     1.80731e+03     5.04727e+01
    1.95735e+00     1.80637e+03     5.04943e+01
    1.96144e+00     1.80032e+03     5.02844e+01
    1.96553e+00     1.79624e+03     5.01811e+01
    1.96962e+00     1.79787e+03     4.99400e+01
    1.97371e+00     1.79278e+03     4.98090e+01
    1.97781e+00     1.79055e+03     4.98008e+01
    1.98190e+00     1.78778e+03     4.95456e+01
    1.98599e+00     1.78259e+03     4.92428e+01
    1.99008e+00     1.78027e+03     4.91131e+01
    1.99417e+00     1.77654e+03     4.90048e+01
    1.99826e+00     1.77252e+03     4.88817e+01
    2.00235e+00     1.77173e+03     4.87741e+01
    2.00644e+00     1.76975e+03     4.86068e+01
    2.01053e+00     1.76535e+03     4.84104e+01
    2.01462e+00     1.76492e+03     4.84051e+01
    2.01871e+00     1.75888e+03     4.81735e+01
    2.02280e+00     1.75623e+03     4.80981e+01
    2.02689e+00     1.75239e+03     4.78804e+01
    2.03098e+00     1.75314e+03     4.78330e+01
    2.03507e+00     1.75008e+03     4.76165e+01
    2.03917e+00     1.74735e+03     4.75433e+01
    2.04325e+00     1.74168e+03     4.73872e+01
    2.04735e+00     1.73978e+03     4.71045e+01
    2.05143e+00     1.73563e+03     4.70630e+01
    2.05552e+00     1.73439e+03     4.69282e+01
    2.05962e+00     1.73114e+03     4.68086e+01
    2.06371e+00     1.72729e+03     4.66459e+01
    2.06780e+00     1.72434e+03     4.64845e+01
    2.07189e+00     1.72137e+03     4.63402e+01
    2.07598e+00     1.71890e+03     4.61721e+01
    2.08007e+00     1.71570e+03     4.59467e+01
    2.08416e+00     1.71300e+03     4.59489e+01
    2.08825e+00     1.71149e+03     4.58200e+01
    2.09234e+00     1.70863e+03     4.56640e+01
    2.09644e+00     1.70460e+03     4.54571e+01
    2.10053e+00     1.70385e+03     4.54014e+01
    2.10461e+00     1.69811e+03     4.52884e+01
    2.10870e+00     1.69727e+03     4.51938e+01
    2.11280e+00     1.69173e+03     4.49524e+01
    2.11688e+00     1.68907e+03     4.48950e+01
    2.12098e+00     1.68635e+03     4.47353e+01
    2.12507e+00     1.68572e+03     4.45457e+01
    2.12916e+00     1.67869e+03     4.44496e+01
    2.13325e+00     1.67888e+03     4.43385e+01
    2.13734e+00     1.67357e+03     4.41726e+01
    2.14143e+00     1.67169e+03     4.39436e+01
    2.14552e+00     1.67000e+03     4.39526e+01
    2.14961e+00     1.66549e+03     4.37382e+01
    2.15370e+00     1.66486e+03     4.36576e+01
    2.15779e+00     1.66187e+03     4.36132e+01
    2.16188e+00     1.66005e+03     4.34568e+01
    2.16597e+00     1.65490e+03     4.32449e+01
    2.17006e+00     1.65177e+03     4.31420e+01
    2.17416e+00     1.64983e+03     4.30842e+01
    2.17825e+00     1.64612e+03     4.28865e+01
    2.18234e+00     1.64276e+03     4.27362e+01
    2.18643e+00     1.64107e+03     4.26214e+01
    2.19052e+00     1.63876e+03     4.25048e+01
    2.19461e+00     1.63567e+03     4.24423e+01
    2.19870e+00     1.63231e+03     4.22077e+01
    2.20279e+00     1.62957e+03     4.20607e+01
    2.20688e+00     1.62612e+03     4.19512e+01
    2.21097e+00     1.62284e+03     4.19035e+01
    2.21506e+00     1.62058e+03     4.16700e+01
    2.21915e+00     1.61938e+03     4.16835e+01
    2.22324e+00     1.61593e+03     4.15370e+01
    2.22733e+00     1.61515e+03     4.14473e+01
    2.23142e+00     1.60882e+03     4.12829e+01
    2.23552e+00     1.60477e+03     4.11559e+01
    2.23961e+00     1.60450e+03     4.10152e+01
    2.24369e+00     1.60096e+03     4.08800e+01
    2.24779e+00     1.59810e+03     4.08351e+01
    2.25188e+00     1.59346e+03     4.06819e+01
    2.25597e+00     1.59289e+03     4.05308e+01
    2.26006e+00     1.59136e+03     4.04338e+01
    2.26415e+00     1.58809e+03     4.03681e+01
    2.26824e+00     1.58519e+03     4.02309e+01
    2.27233e+00     1.58115e+03     4.00704e+01
    2.27642e+00     1.57820e+03     3.99159e+01
    2.28051e+00     1.57563e+03     3.98198e+01
    2.28460e+00     1.57289e+03     3.97065e+01
    2.28869e+00     1.56878e+03     3.95149e+01
    2.29278e+00     1.56764e+03     3.94223e+01
    2.29687e+00     1.56574e+03     3.95057e+01
    2.30096e+00     1.56156e+03     3.93027e+01
    2.30506e+00     1.55973e+03     3.91916e+01
    2.30915e+00     1.55518e+03     3.89907e+01
    2.31324e+00     1.55608e+03     3.89370e+01
    2.31733e+00     1.55240e+03     3.87968e+01
    2.32142e+00     1.54661e+03     3.86178e+01
    2.32551e+00     1.54394e+03     3.84605e+01
    2.32960e+00     1.54299e+03     3.85109e+01
    2.33369e+00     1.54093e+03     3.84044e+01
    2.33778e+00     1.53831e+03     3.82423e+01
    2.34187e+00     1.53217e+03     3.80667e+01
    2.34596e+00     1.53184e+03     3.79450e+01
    2.35005e+00     1.52955e+03     3.79211e+01
    2.35414e+00     1.52658e+03     3.77500e+01
    2.35823e+00     1.52387e+03     3.76768e+01
    2.36232e+00     1.52204e+03     3.76010e+01
    2.36641e+00     1.51861e+03     3.75076e+01
    2.37051e+00     1.51667e+03     3.73782e+01
    2.37460e+00     1.50992e+03     3.72013e+01
    2.37869e+00     1.50905e+03     3.71122e+01
    2.38278e+00     1.50593e+03     3.69715e+01
    2.38687e+00     1.50384e+03     3.68509e+01
    2.39096e+00     1.50099e+03     3.67399e+01
    2.39505e+00     1.49855e+03     3.66922e+01
    2.39914e+00     1.49334e+03     3.65535e+01
    2.40323e+00     1.49236e+03     3.64580e+01
    2.40732e+00     1.48831e+03     3.62862e+01
    2.41141e+00     1.48673e+03     3.61581e+01
    2.41550e+00     1.48340e+03     3.61515e+01
    2.41959e+00     1.48189e+03     3.60418e+01
    2.42368e+00     1.47868e+03     3.58869e+01
    2.42777e+00     1.47406e+03     3.57763e+01
    2.43187e+00     1.47420e+03     3.57406e+01
    2.43596e+00     1.47124e+03     3.56616e+01
    2.44004e+00     1.46598e+03     3.55076e+01
    2.44414e+00     1.46721e+03     3.54158e+01
    2.44823e+00     1.46287e+03     3.53628e+01
    2.45232e+00     1.45970e+03     3.51967e+01
    2.45640e+00     1.45780e+03     3.50721e+01
    2.46050e+00     1.45455e+03     3.49667e+01
    2.46459e+00     1.45281e+03     3.49131e+01
    2.46868e+00     1.44754e+03     3.47812e+01
    2.47277e+00     1.44581e+03     3.46647e+01
    2.47686e+00     1.44308e+03     3.45632e+01
    2.48095e+00     1.44080e+03     3.44484e+01
    2.48504e+00     1.43774e+03     3.43749e+01
    2.48913e+00     1.43690e+03     3.43114e+01
    2.49322e+00     1.43280e+03     3.41948e+01
    2.49731e+00     1.42940e+03     3.40606e+01
    2.50141e+00     1.42602e+03     3.39229e+01
    2.50550e+00     1.42346e+03     3.38160e+01
    2.50959e+00     1.42346e+03     3.37667e+01
    2.51368e+00     1.41938e+03     3.36571e+01
    2.51777e+00     1.41749e+03     3.35961e+01
    2.52186e+00     1.41458e+03     3.34770e+01
    2.52595e+00     1.40995e+03     3.33287e+01
    2.53004e+00     1.40969e+03     3.32840e+01
    2.53413e+00     1.40760e+03     3.32303e+01
    2.53822e+00     1.40474e+03     3.30768e+01
    2.54231e+00     1.40122e+03     3.29287e+01
    2.54640e+00     1.39870e+03     3.28981e+01
    2.55049e+00     1.39559e+03     3.27536e+01
    2.55458e+00     1.39408e+03     3.26993e+01
    2.55867e+00     1.39069e+03     3.25991e+01
    2.56276e+00     1.38606e+03     3.24323e+01
    2.56685e+00     1.38391e+03     3.23499e+01
    2.57095e+00     1.38110e+03     3.22338e+01
    2.57504e+00     1.37765e+03     3.21543e+01
    2.57913e+00     1.37761e+03     3.21031e+01
    2.58322e+00     1.37453e+03     3.19878e+01
    2.58731e+00     1.37026e+03     3.19127e+01
    2.59140e+00     1.36844e+03     3.18191e+01
    2.59549e+00     1.36661e+03     3.17488e+01
    2.59958e+00     1.36403e+03     3.16271e+01
    2.60367e+00     1.35894e+03     3.14647e+01
    2.60776e+00     1.35834e+03     3.14724e+01
    2.61185e+00     1.35469e+03     3.12913e+01
    2.61594e+00     1.35313e+03     3.12208e+01
    2.62003e+00     1.35019e+03     3.11750e+01
    2.62412e+00     1.34720e+03     3.11066e+01
    2.62821e+00     1.34377e+03     3.09948e+01
    2.63230e+00     1.34311e+03     3.08577e+01
    2.63640e+00     1.34116e+03     3.08094e+01
    2.64049e+00     1.33723e+03     3.06851e+01
    2.64457e+00     1.33411e+03     3.05997e+01
    2.64867e+00     1.33222e+03     3.05389e+01
    2.65276e+00     1.32965e+03     3.04603e+01
    2.65685e+00     1.32750e+03     3.03956e+01
    2.66094e+00     1.32396e+03     3.02032e+01
    2.66503e+00     1.32145e+03     3.01428e+01
    2.66912e+00     1.31924e+03     3.00394e+01
    2.67321e+00     1.31723e+03     3.00079e+01
    2.67730e+00     1.31373e+03     2.98354e+01
    2.68139e+00     1.31162e+03     2.97942e+01
    2.68548e+00     1.30961e+03     2.96790e+01
    2.68957e+00     1.30710e+03     2.96146e+01
    2.69366e+00     1.30255e+03     2.95012e+01
    2.69776e+00     1.30044e+03     2.94292e+01
    2.70185e+00     1.29687e+03     2.93021e+01
    2.70594e+00     1.29478e+03     2.92269e+01
    2.71003e+00     1.29408e+03     2.91911e+01
    2.71412e+00     1.29096e+03     2.91005e+01
    2.71821e+00     1.28799e+03     2.89901e+01
    2.72230e+00     1.28544e+03     2.89197e+01
    2.72639e+00     1.28397e+03     2.88961e+01
    2.73048e+00     1.28082e+03     2.87399e+01
    2.73457e+00     1.27699e+03     2.85822e+01
    2.73866e+00     1.27500e+03     2.85063e+01
    2.74275e+00     1.27170e+03     2.84216e+01
    2.74684e+00     1.26915e+03     2.83724e+01
    2.75093e+00     1.26837e+03     2.83305e+01
    2.75502e+00     1.26473e+03     2.81619e+01
    2.75911e+00     1.26308e+03     2.81611e+01
    2.76320e+00     1.25827e+03     2.79982e+01
    2.76730e+00     1.25744e+03     2.79800e+01
    2.77139e+00     1.25652e+03     2.78940e+01
    2.77548e+00     1.25402e+03     2.78396e+01
    2.77957e+00     1.25149e+03     2.77291e+01
    2.78366e+00     1.24729e+03     2.76019e+01
    2.78775e+00     1.24533e+03     2.75380e+01
    2.79184e+00     1.24337e+03     2.74376e+01
    2.79593e+00     1.24025e+03     2.73429e+01
    2.80002e+00     1.23652e+03     2.72593e+01
    2.80411e+00     1.23426e+03     2.71770e+01
    2.80820e+00     1.23311e+03     2.71560e+01
    2.81229e+00     1.23083e+03     2.70657e+01
    2.81638e+00     1.22653e+03     2.69374e+01
    2.82047e+00     1.22556e+03     2.68851e+01
    2.82457e+00     1.22189e+03     2.68078e+01
    2.82866e+00     1.21978e+03     2.66815e+01
    2.83275e+00     1.21705e+03     2.66630e+01
    2.83684e+00     1.21724e+03     2.65728e+01
    2.84093e+00     1.21347e+03     2.65123e+01
    2.84502e+00     1.20985e+03     2.63956e+01
    2.84911e+00     1.20837e+03     2.63189e+01
    2.85320e+00     1.20499e+03     2.62008e+01
    2.85729e+00     1.20303e+03     2.61625e+01
    2.86138e+00     1.19942e+03     2.60342e+01
    2.86547e+00     1.19837e+03     2.60217e+01
    2.86956e+00     1.19574e+03     2.59127e+01
    2.87365e+00     1.19393e+03     2.58292e+01
    2.87774e+00     1.19022e+03     2.57211e+01
    2.88183e+00     1.18759e+03     2.56562e+01
    2.88592e+00     1.18616e+03     2.56125e+01
    2.89001e+00     1.18316e+03     2.55094e+01
    2.89410e+00     1.18120e+03     2.54082e+01
    2.89820e+00     1.17872e+03     2.53666e+01
    2.90229e+00     1.17542e+03     2.52711e+01
    2.90638e+00     1.17278e+03     2.52093e+01
    2.91047e+00     1.17155e+03     2.51123e+01
    2.91456e+00     1.17001e+03     2.50550e+01
    2.91865e+00     1.16574e+03     2.49450e+01
    2.92274e+00     1.16465e+03     2.49024e+01
    2.92683e+00     1.16131e+03     2.48172e+01
    2.93092e+00     1.16041e+03     2.47598e+01
    2.93501e+00     1.15669e+03     2.46723e+01
    2.93910e+00     1.15467e+03     2.45864e+01
    2.94319e+00     1.15196e+03     2.45454e+01
    2.94728e+00     1.14972e+03     2.44268e+01
    2.95137e+00     1.14803e+03     2.43409e+01
    2.95546e+00     1.14520e+03     2.43006e+01
    2.95955e+00     1.14269e+03     2.42177e+01
    2.96364e+00     1.14008e+03     2.41576e+01
    2.96774e+00     1.13847e+03     2.40751e+01
    2.97183e+00     1.13594e+03     2.39964e+01
    2.97592e+00     1.13407e+03     2.39462e+01
    2.98001e+00     1.12994e+03     2.38226e+01
    2.98410e+00     1.12798e+03     2.37545e+01
    2.98819e+00     1.12828e+03     2.37653e+01
    2.99228e+00     1.12400e+03     2.36580e+01
    2.99637e+00     1.12295e+03     2.35654e+01
    3.00046e+00     1.11916e+03     2.34865e+01
    3.00455e+00     1.11631e+03     2.34048e+01
    3.00864e+00     1.11511e+03     2.33415e+01
    3.01273e+00     1.11231e+03     2.32641e+01
    3.01682e+00     1.11077e+03     2.32125e+01
    3.02091e+00     1.10916e+03     2.31592e+01
    3.02500e+00     1.10578e+03     2.30916e+01
    3.02910e+00     1.10158e+03     2.29719e+01
    3.03319e+00     1.10076e+03     2.29484e+01
    3.03728e+00     1.09874e+03     2.28253e+01
    3.04137e+00     1.09626e+03     2.27799e+01
    3.04546e+00     1.09336e+03     2.26855e+01
    3.04955e+00     1.09101e+03     2.26163e+01
    3.05364e+00     1.08970e+03     2.25655e+01
    3.05773e+00     1.08844e+03     2.25273e+01
    3.06182e+00     1.08488e+03     2.24357e+01
    3.06591e+00     1.08265e+03     2.23591e+01
    3.07000e+00     1.08034e+03     2.23109e+01
    3.07409e+00     1.07808e+03     2.22210e+01
    3.07818e+00     1.07721e+03     2.21935e+01
    3.08227e+00     1.07362e+03     2.20648e+01
    3.08636e+00     1.07249e+03     2.20565e+01
    3.09045e+00     1.06906e+03     2.19659e+01
    3.09454e+00     1.06692e+03     2.19000e+01
    3.09863e+00     1.06446e+03     2.17920e+01
    3.10272e+00     1.06295e+03     2.17496e+01
    3.10682e+00     1.06044e+03     2.16701e+01
    3.11091e+00     1.05797e+03     2.16137e+01
    3.11500e+00     1.05577e+03     2.15489e+01
    3.11909e+00     1.05382e+03     2.14920e+01
    3.12318e+00     1.05205e+03     2.14364e+01
    3.12727e+00     1.04930e+03     2.13439e+01
    3.13136e+00     1.04741e+03     2.13014e+01
    3.13545e+00     1.04416e+03     2.11995e+01
    3.13954e+00     1.04221e+03     2.11546e+01
    3.14363e+00     1.04049e+03     2.10746e+01
    3.14772e+00     1.03929e+03     2.10336e+01
    3.15181e+00     1.03617e+03     2.09664e+01
    3.15590e+00     1.03453e+03     2.09175e+01
    3.16000e+00     1.03064e+03     2.08209e+01
    3.16409e+00     1.02924e+03     2.07460e+01
    3.16818e+00     1.02716e+03     2.07010e+01
    3.17227e+00     1.02660e+03     2.06495e+01
    3.17636e+00     1.02277e+03     2.05752e+01
    3.18045e+00     1.02001e+03     2.04826e+01
    3.18454e+00     1.01973e+03     2.04643e+01
    3.18863e+00     1.01657e+03     2.04053e+01
    3.19272e+00     1.01459e+03     2.03365e+01
    3.19681e+00     1.01319e+03     2.02596e+01
    3.20090e+00     1.00993e+03     2.01787e+01
    3.20499e+00     1.00798e+03     2.01379e+01
    3.20908e+00     1.00599e+03     2.00732e+01
    3.21317e+00     1.00358e+03     1.99987e+01
    3.21726e+00     1.00117e+03     1.99271e+01
    3.22135e+00     9.98882e+02     1.98717e+01
    3.22545e+00     9.97026e+02     1.98011e+01
    3.22954e+00     9.94723e+02     1.97442e+01
    3.23363e+00     9.93178e+02     1.96901e+01
    3.23772e+00     9.90399e+02     1.96250e+01
    3.24181e+00     9.88402e+02     1.95666e+01
    3.24590e+00     9.86113e+02     1.95066e+01
    3.24999e+00     9.84787e+02     1.94365e+01
    3.25408e+00     9.81935e+02     1.93771e+01
    3.25817e+00     9.81156e+02     1.93238e+01
    3.26226e+00     9.78690e+02     1.92700e+01
    3.26635e+00     9.76335e+02     1.92107e+01
    3.27044e+00     9.73668e+02     1.91381e+01
    3.27453e+00     9.72252e+02     1.90994e+01
    3.27862e+00     9.69525e+02     1.90039e+01
    3.28271e+00     9.68282e+02     1.89872e+01
    3.28681e+00     9.66168e+02     1.89085e+01
    3.29090e+00     9.63847e+02     1.88470e+01
    3.29499e+00     9.62074e+02     1.88088e+01
    3.29908e+00     9.59945e+02     1.87197e+01
    3.30317e+00     9.57570e+02     1.86922e+01
    3.30725e+00     9.55340e+02     1.86154e+01
    3.31135e+00     9.53378e+02     1.85595e+01
    3.31544e+00     9.51880e+02     1.85116e+01
    3.31953e+00     9.49155e+02     1.84530e+01
    3.32362e+00     9.47647e+02     1.83928e+01
    3.32771e+00     9.44913e+02     1.83102e+01
    3.33180e+00     9.44150e+02     1.82577e+01
    3.33589e+00     9.41465e+02     1.82249e+01
    3.33998e+00     9.39579e+02     1.81603e+01
    3.34407e+00     9.37679e+02     1.81004e+01
    3.34816e+00     9.35210e+02     1.80373e+01
    3.35226e+00     9.33558e+02     1.80059e+01
    3.35634e+00     9.32056e+02     1.79376e+01
    3.36043e+00     9.29242e+02     1.78845e+01
    3.36453e+00     9.27949e+02     1.78288e+01
    3.36862e+00     9.25803e+02     1.77760e+01
    3.37271e+00     9.24071e+02     1.77214e+01
    3.37680e+00     9.22295e+02     1.76798e+01
    3.38089e+00     9.19874e+02     1.76070e+01
    3.38498e+00     9.17530e+02     1.75561e+01
    3.38907e+00     9.15986e+02     1.74801e+01
    3.39316e+00     9.13662e+02     1.74463e+01
    3.39725e+00     9.12386e+02     1.74145e+01
    3.40134e+00     9.10760e+02     1.73522e+01
    3.40543e+00     9.07977e+02     1.72876e+01
    3.40952e+00     9.05493e+02     1.72130e+01
    3.41362e+00     9.03756e+02     1.71788e+01
    3.41770e+00     9.02548e+02     1.71115e+01
    3.42179e+00     9.00159e+02     1.70567e+01
    3.42588e+00     8.99177e+02     1.70283e+01
    3.42997e+00     8.96657e+02     1.69802e+01
    3.43406e+00     8.94583e+02     1.69192e+01
    3.43816e+00     8.92743e+02     1.68532e+01
    3.44225e+00     8.91492e+02     1.68166e+01
    3.44634e+00     8.89370e+02     1.67661e+01
    3.45043e+00     8.86774e+02     1.67107e+01
    3.45452e+00     8.86072e+02     1.66479e+01
    3.45861e+00     8.82953e+02     1.66099e+01
    3.46270e+00     8.81417e+02     1.65497e+01
    3.46679e+00     8.79301e+02     1.65010e+01
    3.47088e+00     8.77417e+02     1.64421e+01
    3.47497e+00     8.76314e+02     1.64184e+01
    3.47906e+00     8.73542e+02     1.63252e+01
    3.48315e+00     8.72717e+02     1.63040e+01
    3.48725e+00     8.70037e+02     1.62281e+01
    3.49134e+00     8.67718e+02     1.61853e+01
    3.49543e+00     8.65834e+02     1.61195e+01
    3.49952e+00     8.64730e+02     1.60848e+01
    3.50361e+00     8.63621e+02     1.60699e+01
    3.50770e+00     8.61111e+02     1.59894e+01
    3.51179e+00     8.59634e+02     1.59562e+01
    3.51588e+00     8.57816e+02     1.59170e+01
    3.51997e+00     8.55641e+02     1.58533e+01
    3.52406e+00     8.53938e+02     1.58222e+01
    3.52815e+00     8.51691e+02     1.57451e+01
    3.53224e+00     8.50870e+02     1.57266e+01
    3.53633e+00     8.48258e+02     1.56422e+01
    3.54042e+00     8.46483e+02     1.56071e+01
    3.54451e+00     8.45105e+02     1.55597e+01
    3.54860e+00     8.42902e+02     1.55081e+01
    3.55270e+00     8.40106e+02     1.54449e+01
    3.55679e+00     8.40148e+02     1.54266e+01
    3.56088e+00     8.38215e+02     1.53591e+01
    3.56497e+00     8.35005e+02     1.52944e+01
    3.56906e+00     8.34377e+02     1.52746e+01
    3.57315e+00     8.32052e+02     1.52158e+01
    3.57724e+00     8.31058e+02     1.51789e+01
    3.58133e+00     8.28880e+02     1.51273e+01
    3.58542e+00     8.27671e+02     1.50966e+01
    3.58951e+00     8.25198e+02     1.50227e+01
    3.59360e+00     8.24137e+02     1.49768e+01
    3.59769e+00     8.21676e+02     1.49339e+01
    3.60178e+00     8.20388e+02     1.48925e+01
    3.60587e+00     8.18746e+02     1.48625e+01
    3.60996e+00     8.16906e+02     1.48152e+01
    3.61405e+00     8.14895e+02     1.47279e+01
    3.61814e+00     8.14114e+02     1.47243e+01
    3.62224e+00     8.11911e+02     1.46791e+01
    3.62633e+00     8.10348e+02     1.46294e+01
    3.63042e+00     8.08372e+02     1.45964e+01
    3.63451e+00     8.06601e+02     1.45556e+01
    3.63860e+00     8.05331e+02     1.45180e+01
    3.64269e+00     8.03905e+02     1.44526e+01
    3.64678e+00     8.01768e+02     1.44110e+01
    3.65087e+00     8.00084e+02     1.43706e+01
    3.65496e+00     7.98168e+02     1.43180e+01
    3.65905e+00     7.96715e+02     1.42886e+01
    3.66314e+00     7.95906e+02     1.42503e+01
    3.66723e+00     7.93197e+02     1.42018e+01
    3.67132e+00     7.91368e+02     1.41391e+01
    3.67541e+00     7.89983e+02     1.41019e+01
    3.67950e+00     7.88237e+02     1.40581e+01
    3.68359e+00     7.86987e+02     1.40016e+01
    3.68769e+00     7.84811e+02     1.39603e+01
    3.69177e+00     7.83166e+02     1.39314e+01
    3.69587e+00     7.82359e+02     1.39142e+01
    3.69996e+00     7.80424e+02     1.38559e+01
    3.70405e+00     7.79075e+02     1.38292e+01
    3.70814e+00     7.77672e+02     1.37668e+01
    3.71223e+00     7.75699e+02     1.37258e+01
    3.71632e+00     7.74395e+02     1.36754e+01
    3.72041e+00     7.72968e+02     1.36562e+01
    3.72450e+00     7.70817e+02     1.35901e+01
    3.72859e+00     7.68798e+02     1.35471e+01
    3.73268e+00     7.67398e+02     1.35187e+01
    3.73677e+00     7.66241e+02     1.34834e+01
    3.74086e+00     7.64282e+02     1.34407e+01
    3.74495e+00     7.63704e+02     1.34078e+01
    3.74905e+00     7.61693e+02     1.33695e+01
    3.75313e+00     7.60204e+02     1.33265e+01
    3.75722e+00     7.58270e+02     1.32877e+01
    3.76131e+00     7.56706e+02     1.32389e+01
    3.76541e+00     7.55489e+02     1.32061e+01
    3.76950e+00     7.53952e+02     1.31534e+01
    3.77359e+00     7.51693e+02     1.31196e+01
    3.77768e+00     7.50050e+02     1.30827e+01
    3.78177e+00     7.49750e+02     1.30683e+01
    3.78586e+00     7.48399e+02     1.30221e+01
    3.78995e+00     7.46476e+02     1.29852e+01
    3.79404e+00     7.44844e+02     1.29279e+01
    3.79813e+00     7.43438e+02     1.29009e+01
    3.80222e+00     7.41724e+02     1.28639e+01
    3.80632e+00     7.39772e+02     1.28077e+01
    3.81040e+00     7.39302e+02     1.27951e+01
    3.81449e+00     7.37009e+02     1.27499e+01
    3.81859e+00     7.35573e+02     1.27073e+01
    3.82268e+00     7.34379e+02     1.26790e+01
    3.82677e+00     7.33140e+02     1.26312e+01
    3.83086e+00     7.31673e+02     1.25924e+01
    3.83495e+00     7.30361e+02     1.25697e+01
    3.83904e+00     7.28834e+02     1.25369e+01
    3.84313e+00     7.27188e+02     1.24891e+01
    3.84722e+00     7.25640e+02     1.24609e+01
    3.85131e+00     7.24557e+02     1.24215e+01
    3.85540e+00     7.22964e+02     1.23844e+01
    3.85949e+00     7.21314e+02     1.23521e+01
    3.86358e+00     7.19835e+02     1.23035e+01
    3.86768e+00     7.18601e+02     1.22826e+01
    3.87177e+00     7.17418e+02     1.22444e+01
    3.87585e+00     7.15675e+02     1.21972e+01
    3.87994e+00     7.14416e+02     1.21788e+01
    3.88403e+00     7.12967e+02     1.21373e+01
    3.88813e+00     7.11437e+02     1.21000e+01
    3.89222e+00     7.09295e+02     1.20636e+01
    3.89631e+00     7.08586e+02     1.20416e+01
    3.90040e+00     7.06839e+02     1.19905e+01
    3.90449e+00     7.05866e+02     1.19607e+01
    3.90858e+00     7.04665e+02     1.19427e+01
    3.91267e+00     7.02285e+02     1.18688e+01
    3.91676e+00     7.01783e+02     1.18710e+01
    3.92085e+00     6.99910e+02     1.18285e+01
    3.92494e+00     6.98799e+02     1.17994e+01
    3.92903e+00     6.98120e+02     1.17626e+01
    3.93312e+00     6.96155e+02     1.17282e+01
    3.93721e+00     6.95159e+02     1.17048e+01
    3.94130e+00     6.93835e+02     1.16688e+01
    3.94539e+00     6.92211e+02     1.16313e+01
    3.94949e+00     6.91265e+02     1.15966e+01
    3.95358e+00     6.88587e+02     1.15475e+01
    3.95767e+00     6.87956e+02     1.15370e+01
    3.96176e+00     6.86969e+02     1.15007e+01
    3.96585e+00     6.85934e+02     1.14811e+01
    3.96994e+00     6.84252e+02     1.14249e+01
    3.97403e+00     6.83055e+02     1.14107e+01
    3.97812e+00     6.81691e+02     1.13738e+01
    3.98221e+00     6.80429e+02     1.13394e+01
    3.98630e+00     6.79569e+02     1.13181e+01
    3.99039e+00     6.78099e+02     1.12827e+01
    3.99448e+00     6.76380e+02     1.12535e+01
    3.99857e+00     6.75665e+02     1.12222e+01
    4.00266e+00     6.74277e+02     1.12011e+01
    4.00675e+00     6.73115e+02     1.11686e+01
    4.01085e+00     6.71662e+02     1.11300e+01
    4.01494e+00     6.70155e+02     1.11059e+01
    4.01902e+00     6.69254e+02     1.10627e+01
    4.02312e+00     6.67962e+02     1.10550e+01
    4.02721e+00     6.66843e+02     1.09994e+01
    4.03130e+00     6.66052e+02     1.09896e+01
    4.03539e+00     6.63563e+02     1.09385e+01
    4.03948e+00     6.62442e+02     1.09219e+01
    4.04357e+00     6.61644e+02     1.09004e+01
    4.04766e+00     6.60761e+02     1.08664e+01
    4.05175e+00     6.59061e+02     1.08362e+01
    4.05584e+00     6.57929e+02     1.07965e+01
    4.05993e+00     6.57079e+02     1.07867e+01
    4.06402e+00     6.55867e+02     1.07573e+01
    4.06811e+00     6.54300e+02     1.07119e+01
    4.07220e+00     6.53247e+02     1.06876e+01
    4.07630e+00     6.51987e+02     1.06648e+01
    4.08038e+00     6.50957e+02     1.06400e+01
    4.08447e+00     6.50140e+02     1.06189e+01
    4.08857e+00     6.48845e+02     1.05890e+01
    4.09266e+00     6.47443e+02     1.05535e+01
    4.09675e+00     6.46325e+02     1.05252e+01
    4.10084e+00     6.44735e+02     1.04820e+01
    4.10493e+00     6.43963e+02     1.04715e+01
    4.10902e+00     6.42742e+02     1.04479e+01
    4.11311e+00     6.41422e+02     1.04193e+01
    4.11720e+00     6.41271e+02     1.04009e+01
    4.12129e+00     6.39145e+02     1.03619e+01
    4.12538e+00     6.38368e+02     1.03404e+01
    4.12947e+00     6.37426e+02     1.03220e+01
    4.13356e+00     6.36274e+02     1.02909e+01
    4.13765e+00     6.35462e+02     1.02754e+01
    4.14175e+00     6.33812e+02     1.02291e+01
    4.14584e+00     6.33119e+02     1.02156e+01
    4.14993e+00     6.31905e+02     1.01894e+01
    4.15402e+00     6.30664e+02     1.01664e+01
    4.15811e+00     6.29885e+02     1.01411e+01
    4.16220e+00     6.28661e+02     1.01229e+01
    4.16629e+00     6.27451e+02     1.00921e+01
    4.17038e+00     6.26303e+02     1.00640e+01
    4.17447e+00     6.25340e+02     1.00358e+01
    4.17856e+00     6.23923e+02     9.99699e+00
    4.18265e+00     6.23264e+02     9.98855e+00
    4.18674e+00     6.21973e+02     9.95515e+00
