# Real space auto- and cross-spectra.
# z=1.500, 12.500<lgM<13.000
#      k[h/Mpc]            P_hh            P_hm            P_mm
    0.00000e+00     0.00000e+00     0.00000e+00     0.00000e+00
    5.79404e-03     1.65399e+04     6.32102e+03     2.71381e+03
    1.04717e-02     3.87567e+04     1.50899e+04     6.19623e+03
    1.42665e-02     3.66274e+04     1.45343e+04     6.01125e+03
    1.81228e-02     4.17947e+04     1.70213e+04     7.21901e+03
    2.24845e-02     3.50017e+04     1.41587e+04     5.97966e+03
    2.64508e-02     3.10559e+04     1.23657e+04     5.17251e+03
    3.04474e-02     2.78404e+04     1.10750e+04     4.66506e+03
    3.47320e-02     2.83933e+04     1.13121e+04     4.77123e+03
    3.88308e-02     2.26386e+04     8.95430e+03     3.82714e+03
    4.28140e-02     2.26396e+04     8.84829e+03     3.72462e+03
    4.68856e-02     2.01920e+04     7.92629e+03     3.35683e+03
    5.09858e-02     1.73577e+04     6.65575e+03     2.81145e+03
    5.51458e-02     1.74567e+04     6.65327e+03     2.77105e+03
    5.92243e-02     1.72333e+04     6.52692e+03     2.73038e+03
    6.32864e-02     1.66900e+04     6.35931e+03     2.68193e+03
    6.73674e-02     1.50403e+04     5.65575e+03     2.37607e+03
    7.14960e-02     1.53662e+04     5.66713e+03     2.34232e+03
    7.55894e-02     1.40594e+04     5.25677e+03     2.21806e+03
    7.96660e-02     1.30561e+04     4.82296e+03     2.02903e+03
    8.38183e-02     1.25248e+04     4.61893e+03     1.94135e+03
    8.78941e-02     1.16500e+04     4.22511e+03     1.77388e+03
    9.19238e-02     1.07273e+04     3.83283e+03     1.60220e+03
    9.60446e-02     1.02670e+04     3.62678e+03     1.50726e+03
    1.00128e-01     9.53736e+03     3.33167e+03     1.39934e+03
    1.04209e-01     9.34566e+03     3.21253e+03     1.33354e+03
    1.08333e-01     8.87872e+03     3.02587e+03     1.25054e+03
    1.12448e-01     8.21680e+03     2.78097e+03     1.16887e+03
    1.16521e-01     8.32288e+03     2.77426e+03     1.14073e+03
    1.20596e-01     8.00548e+03     2.67259e+03     1.10796e+03
    1.24665e-01     7.76215e+03     2.56354e+03     1.06154e+03
    1.28771e-01     7.80398e+03     2.54619e+03     1.04249e+03
    1.32874e-01     7.53630e+03     2.45539e+03     1.00803e+03
    1.36975e-01     7.29981e+03     2.32279e+03     9.46205e+02
    1.41075e-01     6.89812e+03     2.19826e+03     9.00293e+02
    1.45172e-01     6.67611e+03     2.09014e+03     8.54796e+02
    1.49268e-01     6.48194e+03     1.99894e+03     8.13445e+02
    1.53330e-01     6.17593e+03     1.88395e+03     7.68028e+02
    1.57416e-01     5.99543e+03     1.81040e+03     7.37018e+02
    1.61514e-01     5.69395e+03     1.68483e+03     6.83165e+02
    1.65592e-01     5.51530e+03     1.61178e+03     6.55881e+02
    1.69693e-01     5.40822e+03     1.57103e+03     6.39291e+02
    1.73803e-01     5.35276e+03     1.52818e+03     6.16786e+02
    1.77905e-01     5.29664e+03     1.50892e+03     6.10028e+02
    1.82001e-01     5.08440e+03     1.43700e+03     5.82528e+02
    1.86092e-01     5.06391e+03     1.41672e+03     5.71519e+02
    1.90161e-01     5.01290e+03     1.39306e+03     5.59657e+02
    1.94237e-01     4.90592e+03     1.35267e+03     5.44693e+02
    1.98334e-01     4.83307e+03     1.31559e+03     5.28178e+02
    2.02427e-01     4.66379e+03     1.25634e+03     5.03980e+02
    2.06523e-01     4.51881e+03     1.19641e+03     4.79480e+02
    2.10626e-01     4.51976e+03     1.18849e+03     4.74572e+02
    2.14724e-01     4.34981e+03     1.11973e+03     4.49300e+02
    2.18827e-01     4.29562e+03     1.08769e+03     4.29328e+02
    2.22903e-01     4.20310e+03     1.05529e+03     4.19508e+02
    2.26990e-01     4.12989e+03     1.02460e+03     4.04625e+02
    2.31084e-01     3.99501e+03     9.80994e+02     3.87669e+02
    2.35153e-01     3.99656e+03     9.66607e+02     3.82287e+02
    2.39244e-01     3.95634e+03     9.51908e+02     3.74273e+02
    2.43338e-01     3.89883e+03     9.23233e+02     3.62106e+02
    2.47445e-01     3.80938e+03     8.97191e+02     3.55346e+02
    2.51539e-01     3.81060e+03     8.93996e+02     3.49879e+02
    2.55609e-01     3.71657e+03     8.59233e+02     3.37941e+02
    2.59718e-01     3.68641e+03     8.49980e+02     3.32864e+02
    2.63814e-01     3.63674e+03     8.32215e+02     3.24829e+02
    2.67904e-01     3.60172e+03     8.08407e+02     3.16000e+02
    2.71993e-01     3.53254e+03     7.87777e+02     3.06589e+02
    2.76068e-01     3.47449e+03     7.67594e+02     2.99005e+02
    2.80171e-01     3.42555e+03     7.39811e+02     2.87995e+02
    2.84268e-01     3.41040e+03     7.32413e+02     2.82766e+02
    2.88346e-01     3.35421e+03     7.11947e+02     2.76365e+02
    2.92426e-01     3.28723e+03     6.88510e+02     2.66093e+02
    2.96514e-01     3.28073e+03     6.79702e+02     2.63080e+02
    3.00627e-01     3.23301e+03     6.68574e+02     2.57653e+02
    3.04729e-01     3.18971e+03     6.53086e+02     2.52807e+02
    3.08821e-01     3.20947e+03     6.48206e+02     2.48735e+02
    3.12919e-01     3.14678e+03     6.28887e+02     2.40667e+02
    3.16999e-01     3.10216e+03     6.15739e+02     2.36822e+02
    3.21078e-01     3.09499e+03     6.05442e+02     2.31433e+02
    3.25167e-01     3.06118e+03     5.98190e+02     2.27747e+02
    3.29247e-01     3.02135e+03     5.82379e+02     2.21770e+02
    3.33333e-01     3.02313e+03     5.74346e+02     2.18156e+02
    3.37443e-01     2.95954e+03     5.59694e+02     2.13876e+02
    3.41545e-01     2.92980e+03     5.48930e+02     2.08680e+02
    3.45625e-01     2.95012e+03     5.46222e+02     2.04672e+02
    3.49715e-01     2.92953e+03     5.37390e+02     2.02171e+02
    3.53817e-01     2.87289e+03     5.19826e+02     1.95982e+02
    3.57906e-01     2.84473e+03     5.09817e+02     1.92969e+02
    3.61975e-01     2.83239e+03     5.03013e+02     1.89338e+02
    3.66071e-01     2.83928e+03     5.01458e+02     1.87567e+02
    3.70189e-01     2.78994e+03     4.88795e+02     1.83739e+02
    3.74277e-01     2.78081e+03     4.81014e+02     1.80312e+02
    3.78356e-01     2.77926e+03     4.74636e+02     1.76534e+02
    3.82448e-01     2.74100e+03     4.63670e+02     1.72320e+02
    3.86535e-01     2.70950e+03     4.56634e+02     1.70209e+02
    3.90624e-01     2.70060e+03     4.51988e+02     1.68450e+02
    3.94706e-01     2.66671e+03     4.44060e+02     1.65398e+02
    3.98794e-01     2.66285e+03     4.37156e+02     1.62133e+02
    4.02896e-01     2.64094e+03     4.30424e+02     1.59255e+02
    4.06986e-01     2.63231e+03     4.26293e+02     1.57590e+02
    4.11069e-01     2.59321e+03     4.13919e+02     1.53668e+02
    4.15170e-01     2.59845e+03     4.11034e+02     1.51613e+02
    4.19263e-01     2.56821e+03     4.03254e+02     1.49256e+02
    4.23353e-01     2.55896e+03     3.99373e+02     1.47177e+02
    4.27447e-01     2.54309e+03     3.92814e+02     1.44944e+02
    4.31534e-01     2.51984e+03     3.85673e+02     1.41956e+02
    4.35624e-01     2.50763e+03     3.79475e+02     1.39133e+02
    4.39718e-01     2.50492e+03     3.77829e+02     1.37926e+02
    4.43804e-01     2.49180e+03     3.73653e+02     1.36614e+02
    4.47892e-01     2.47416e+03     3.65042e+02     1.33509e+02
    4.51977e-01     2.47650e+03     3.64415e+02     1.32187e+02
    4.56067e-01     2.44126e+03     3.57571e+02     1.29901e+02
    4.60165e-01     2.42399e+03     3.52231e+02     1.28899e+02
    4.64260e-01     2.41252e+03     3.46523e+02     1.25841e+02
    4.68355e-01     2.41951e+03     3.43378e+02     1.24155e+02
    4.72450e-01     2.41240e+03     3.41556e+02     1.22725e+02
    4.76540e-01     2.39259e+03     3.35789e+02     1.21036e+02
    4.80633e-01     2.37706e+03     3.31226e+02     1.19839e+02
    4.84718e-01     2.36871e+03     3.27952e+02     1.17747e+02
    4.88794e-01     2.34645e+03     3.19577e+02     1.15543e+02
    4.92888e-01     2.33289e+03     3.18116e+02     1.14918e+02
    4.96984e-01     2.33636e+03     3.16240e+02     1.13201e+02
    5.01073e-01     2.31415e+03     3.09624e+02     1.11687e+02
    5.05169e-01     2.30897e+03     3.08434e+02     1.10523e+02
    5.09268e-01     2.30140e+03     3.05127e+02     1.09165e+02
    5.13369e-01     2.29826e+03     3.03680e+02     1.08319e+02
    5.17441e-01     2.29401e+03     2.99452e+02     1.06682e+02
    5.21516e-01     2.26697e+03     2.94529e+02     1.05329e+02
    5.25611e-01     2.25071e+03     2.89099e+02     1.03316e+02
    5.29706e-01     2.25788e+03     2.89011e+02     1.02756e+02
    5.33801e-01     2.23883e+03     2.84913e+02     1.01356e+02
    5.37888e-01     2.23603e+03     2.81878e+02     9.98784e+01
    5.41985e-01     2.20971e+03     2.75069e+02     9.83583e+01
    5.46091e-01     2.21590e+03     2.75209e+02     9.77421e+01
    5.50174e-01     2.21013e+03     2.70672e+02     9.54516e+01
    5.54252e-01     2.20173e+03     2.69428e+02     9.51374e+01
    5.58346e-01     2.19298e+03     2.65799e+02     9.38483e+01
    5.62439e-01     2.19150e+03     2.64378e+02     9.32038e+01
    5.66527e-01     2.17590e+03     2.61326e+02     9.22173e+01
    5.70616e-01     2.17090e+03     2.59644e+02     9.08327e+01
    5.74707e-01     2.17260e+03     2.56985e+02     8.97409e+01
    5.78798e-01     2.15535e+03     2.53405e+02     8.85385e+01
    5.82883e-01     2.14452e+03     2.50460e+02     8.74757e+01
    5.86977e-01     2.13676e+03     2.48928e+02     8.69225e+01
    5.91070e-01     2.12788e+03     2.46201e+02     8.58316e+01
    5.95166e-01     2.11839e+03     2.43225e+02     8.47330e+01
    5.99260e-01     2.10997e+03     2.40113e+02     8.37742e+01
    6.03349e-01     2.10968e+03     2.38366e+02     8.31872e+01
    6.07445e-01     2.10677e+03     2.37286e+02     8.24145e+01
    6.11543e-01     2.10556e+03     2.36151e+02     8.16352e+01
    6.15623e-01     2.08298e+03     2.31499e+02     8.06141e+01
    6.19704e-01     2.08814e+03     2.31549e+02     7.99909e+01
    6.23792e-01     2.06590e+03     2.27875e+02     7.89140e+01
    6.27891e-01     2.06154e+03     2.25438e+02     7.81362e+01
    6.31991e-01     2.07129e+03     2.25049e+02     7.76291e+01
    6.36073e-01     2.05378e+03     2.21561e+02     7.64685e+01
    6.40158e-01     2.05612e+03     2.21380e+02     7.60499e+01
    6.44244e-01     2.05075e+03     2.18937e+02     7.50602e+01
    6.48338e-01     2.02909e+03     2.15441e+02     7.42706e+01
    6.52432e-01     2.03800e+03     2.14262e+02     7.34215e+01
    6.56514e-01     2.02272e+03     2.11455e+02     7.26416e+01
    6.60609e-01     2.01682e+03     2.10417e+02     7.21216e+01
    6.64712e-01     2.03085e+03     2.10427e+02     7.15564e+01
    6.68801e-01     2.00962e+03     2.06550e+02     7.06973e+01
    6.72890e-01     2.00025e+03     2.05437e+02     7.00569e+01
    6.76984e-01     1.99386e+03     2.02475e+02     6.92733e+01
    6.81074e-01     1.99238e+03     2.02384e+02     6.89410e+01
    6.85160e-01     1.98263e+03     1.99787e+02     6.79697e+01
    6.89246e-01     1.98398e+03     1.99409e+02     6.75049e+01
    6.93336e-01     1.98126e+03     1.98016e+02     6.69785e+01
    6.97434e-01     1.96729e+03     1.95357e+02     6.63917e+01
    7.01528e-01     1.96390e+03     1.93950e+02     6.54854e+01
    7.05618e-01     1.96633e+03     1.93300e+02     6.52091e+01
    7.09708e-01     1.95893e+03     1.92152e+02     6.49471e+01
    7.13796e-01     1.95667e+03     1.89451e+02     6.38875e+01
    7.17892e-01     1.94830e+03     1.88470e+02     6.35010e+01
    7.21982e-01     1.93420e+03     1.85931e+02     6.26185e+01
    7.26059e-01     1.93836e+03     1.85437e+02     6.22415e+01
    7.30145e-01     1.93516e+03     1.84055e+02     6.17256e+01
    7.34240e-01     1.93625e+03     1.83186e+02     6.13619e+01
    7.38340e-01     1.92032e+03     1.81533e+02     6.09146e+01
    7.42427e-01     1.91757e+03     1.79418e+02     6.02068e+01
    7.46511e-01     1.92253e+03     1.78911e+02     5.97386e+01
    7.50614e-01     1.91413e+03     1.76818e+02     5.92356e+01
    7.54706e-01     1.90523e+03     1.75060e+02     5.85543e+01
    7.58795e-01     1.90254e+03     1.74808e+02     5.83923e+01
    7.62888e-01     1.89830e+03     1.73516e+02     5.77713e+01
    7.66986e-01     1.89267e+03     1.72315e+02     5.72642e+01
    7.71073e-01     1.88295e+03     1.70243e+02     5.67385e+01
    7.75153e-01     1.88763e+03     1.69801e+02     5.63788e+01
    7.79241e-01     1.87420e+03     1.67434e+02     5.58429e+01
    7.83335e-01     1.87890e+03     1.68365e+02     5.57281e+01
    7.87426e-01     1.87491e+03     1.66466e+02     5.50193e+01
    7.91513e-01     1.86212e+03     1.64214e+02     5.44023e+01
    7.95606e-01     1.86295e+03     1.64400e+02     5.42212e+01
    7.99702e-01     1.85374e+03     1.62556e+02     5.38437e+01
    8.03798e-01     1.85512e+03     1.61636e+02     5.32563e+01
    8.07879e-01     1.84962e+03     1.60672e+02     5.29605e+01
    8.11963e-01     1.85227e+03     1.60209e+02     5.24185e+01
    8.16059e-01     1.84346e+03     1.58717e+02     5.21561e+01
    8.20152e-01     1.83241e+03     1.56489e+02     5.15813e+01
    8.24242e-01     1.83648e+03     1.56256e+02     5.13407e+01
    8.28331e-01     1.83234e+03     1.55728e+02     5.10505e+01
    8.32425e-01     1.83390e+03     1.55081e+02     5.04873e+01
    8.36516e-01     1.82087e+03     1.53513e+02     5.02623e+01
    8.40610e-01     1.81641e+03     1.51990e+02     4.98490e+01
    8.44704e-01     1.80979e+03     1.51177e+02     4.93689e+01
    8.48790e-01     1.80678e+03     1.50110e+02     4.90538e+01
    8.52876e-01     1.80972e+03     1.50203e+02     4.87993e+01
    8.56967e-01     1.80012e+03     1.47962e+02     4.81744e+01
    8.61059e-01     1.80124e+03     1.47808e+02     4.80805e+01
    8.65147e-01     1.80022e+03     1.46747e+02     4.77386e+01
    8.69235e-01     1.79301e+03     1.45585e+02     4.72560e+01
    8.73334e-01     1.79019e+03     1.44437e+02     4.69325e+01
    8.77429e-01     1.78867e+03     1.43922e+02     4.66791e+01
    8.81512e-01     1.78446e+03     1.43449e+02     4.64421e+01
    8.85601e-01     1.77790e+03     1.41440e+02     4.59236e+01
    8.89691e-01     1.77391e+03     1.41179e+02     4.56712e+01
    8.93784e-01     1.77277e+03     1.41147e+02     4.54091e+01
    8.97875e-01     1.77353e+03     1.39944e+02     4.51199e+01
    9.01960e-01     1.76416e+03     1.38774e+02     4.46578e+01
    9.06054e-01     1.76163e+03     1.38036e+02     4.44330e+01
    9.10146e-01     1.76100e+03     1.37187e+02     4.41402e+01
    9.14237e-01     1.75504e+03     1.36569e+02     4.37719e+01
    9.18331e-01     1.75994e+03     1.36410e+02     4.35476e+01
    9.22421e-01     1.75460e+03     1.35367e+02     4.32808e+01
    9.26509e-01     1.74802e+03     1.34365e+02     4.28924e+01
    9.30598e-01     1.74346e+03     1.33162e+02     4.25042e+01
    9.34692e-01     1.73652e+03     1.32397e+02     4.22955e+01
    9.38787e-01     1.73986e+03     1.32399e+02     4.21588e+01
    9.42873e-01     1.73198e+03     1.31118e+02     4.17916e+01
    9.46961e-01     1.73380e+03     1.31065e+02     4.15916e+01
    9.51054e-01     1.72619e+03     1.29502e+02     4.13133e+01
    9.55150e-01     1.72684e+03     1.29231e+02     4.10103e+01
    9.59240e-01     1.72246e+03     1.28423e+02     4.07796e+01
    9.63327e-01     1.71797e+03     1.27485e+02     4.04546e+01
    9.67420e-01     1.71565e+03     1.26621e+02     4.01443e+01
    9.71506e-01     1.70964e+03     1.26346e+02     3.99683e+01
    9.75588e-01     1.70707e+03     1.25615e+02     3.97290e+01
    9.79678e-01     1.71149e+03     1.25412e+02     3.94877e+01
    9.83773e-01     1.70482e+03     1.24366e+02     3.91429e+01
    9.87866e-01     1.69687e+03     1.23328e+02     3.89241e+01
    9.91960e-01     1.69582e+03     1.22747e+02     3.87373e+01
    9.96055e-01     1.69938e+03     1.22930e+02     3.85806e+01
    1.00015e+00     1.69230e+03     1.21093e+02     3.81177e+01
    1.00424e+00     1.69080e+03     1.21127e+02     3.79199e+01
    1.00832e+00     1.68852e+03     1.20390e+02     3.77206e+01
    1.01242e+00     1.68454e+03     1.20084e+02     3.75225e+01
    1.01651e+00     1.67979e+03     1.19213e+02     3.72557e+01
    1.02059e+00     1.67231e+03     1.18012e+02     3.69938e+01
    1.02468e+00     1.67147e+03     1.17945e+02     3.68762e+01
    1.02878e+00     1.67342e+03     1.17994e+02     3.67047e+01
    1.03287e+00     1.66218e+03     1.16412e+02     3.63991e+01
    1.03695e+00     1.66731e+03     1.16228e+02     3.61480e+01
    1.04105e+00     1.66216e+03     1.15627e+02     3.59974e+01
    1.04515e+00     1.66051e+03     1.14837e+02     3.57296e+01
    1.04923e+00     1.65919e+03     1.14617e+02     3.55480e+01
    1.05332e+00     1.65367e+03     1.13791e+02     3.53587e+01
    1.05741e+00     1.65399e+03     1.13559e+02     3.51659e+01
    1.06150e+00     1.64915e+03     1.12763e+02     3.49356e+01
    1.06559e+00     1.64483e+03     1.12354e+02     3.47233e+01
    1.06968e+00     1.64703e+03     1.12098e+02     3.45573e+01
    1.07377e+00     1.64125e+03     1.11417e+02     3.44278e+01
    1.07786e+00     1.64201e+03     1.10673e+02     3.40107e+01
    1.08195e+00     1.63543e+03     1.10748e+02     3.40844e+01
    1.08605e+00     1.63064e+03     1.09216e+02     3.37002e+01
    1.09014e+00     1.62858e+03     1.09219e+02     3.35802e+01
    1.09422e+00     1.62945e+03     1.08940e+02     3.33886e+01
    1.09832e+00     1.62883e+03     1.07985e+02     3.30906e+01
    1.10242e+00     1.62481e+03     1.07918e+02     3.29620e+01
    1.10650e+00     1.61705e+03     1.07021e+02     3.27866e+01
    1.11059e+00     1.61894e+03     1.06544e+02     3.25918e+01
    1.11468e+00     1.61777e+03     1.06052e+02     3.23798e+01
    1.11878e+00     1.61827e+03     1.05825e+02     3.22188e+01
    1.12287e+00     1.61004e+03     1.05387e+02     3.20556e+01
    1.12695e+00     1.60424e+03     1.04520e+02     3.18758e+01
    1.13105e+00     1.60775e+03     1.04628e+02     3.16887e+01
    1.13514e+00     1.60274e+03     1.04012e+02     3.15331e+01
    1.13922e+00     1.60172e+03     1.03320e+02     3.13231e+01
    1.14331e+00     1.59899e+03     1.02856e+02     3.12093e+01
    1.14741e+00     1.59446e+03     1.02555e+02     3.10213e+01
    1.15150e+00     1.59573e+03     1.02146e+02     3.07916e+01
    1.15559e+00     1.58822e+03     1.01629e+02     3.06944e+01
    1.15968e+00     1.59162e+03     1.01650e+02     3.05430e+01
    1.16377e+00     1.58388e+03     1.00652e+02     3.03090e+01
    1.16786e+00     1.58252e+03     1.00233e+02     3.01749e+01
    1.17195e+00     1.58050e+03     9.96415e+01     2.99753e+01
    1.17604e+00     1.57728e+03     9.90373e+01     2.98158e+01
    1.18013e+00     1.57417e+03     9.86233e+01     2.96878e+01
    1.18422e+00     1.57252e+03     9.81721e+01     2.94337e+01
    1.18831e+00     1.56569e+03     9.75822e+01     2.93833e+01
    1.19240e+00     1.56447e+03     9.75680e+01     2.91700e+01
    1.19649e+00     1.56782e+03     9.75130e+01     2.91123e+01
    1.20059e+00     1.56402e+03     9.69722e+01     2.89157e+01
    1.20468e+00     1.56381e+03     9.65454e+01     2.87949e+01
    1.20877e+00     1.55771e+03     9.57989e+01     2.85523e+01
    1.21286e+00     1.55220e+03     9.53144e+01     2.84926e+01
    1.21695e+00     1.55623e+03     9.54735e+01     2.83262e+01
    1.22104e+00     1.55150e+03     9.48624e+01     2.82035e+01
    1.22513e+00     1.55164e+03     9.46791e+01     2.80110e+01
    1.22922e+00     1.54980e+03     9.42438e+01     2.78488e+01
    1.23330e+00     1.54023e+03     9.34485e+01     2.77175e+01
    1.23740e+00     1.54338e+03     9.31982e+01     2.75540e+01
    1.24149e+00     1.54016e+03     9.27554e+01     2.74222e+01
    1.24558e+00     1.53765e+03     9.29236e+01     2.73821e+01
    1.24967e+00     1.53269e+03     9.15703e+01     2.71990e+01
    1.25376e+00     1.53177e+03     9.16541e+01     2.70198e+01
    1.25785e+00     1.53008e+03     9.13931e+01     2.68721e+01
    1.26194e+00     1.52600e+03     9.10740e+01     2.67833e+01
    1.26603e+00     1.52526e+03     9.03172e+01     2.65863e+01
    1.27012e+00     1.52033e+03     9.02849e+01     2.65283e+01
    1.27422e+00     1.52248e+03     9.00307e+01     2.63492e+01
    1.27831e+00     1.51566e+03     8.95322e+01     2.61741e+01
    1.28240e+00     1.51434e+03     8.89624e+01     2.60836e+01
    1.28649e+00     1.51499e+03     8.89052e+01     2.59496e+01
    1.29058e+00     1.51057e+03     8.80981e+01     2.58137e+01
    1.29467e+00     1.51090e+03     8.80300e+01     2.57027e+01
    1.29876e+00     1.50490e+03     8.78156e+01     2.55578e+01
    1.30285e+00     1.50465e+03     8.70698e+01     2.53930e+01
    1.30694e+00     1.50510e+03     8.74022e+01     2.53697e+01
    1.31103e+00     1.49872e+03     8.63619e+01     2.51402e+01
    1.31512e+00     1.49559e+03     8.61488e+01     2.50639e+01
    1.31921e+00     1.49747e+03     8.61276e+01     2.49708e+01
    1.32331e+00     1.49524e+03     8.55061e+01     2.48016e+01
    1.32739e+00     1.48892e+03     8.56619e+01     2.47312e+01
    1.33148e+00     1.48877e+03     8.51413e+01     2.46100e+01
    1.33558e+00     1.48616e+03     8.48089e+01     2.44757e+01
    1.33967e+00     1.48407e+03     8.45330e+01     2.43228e+01
    1.34376e+00     1.47878e+03     8.39753e+01     2.42288e+01
    1.34785e+00     1.47903e+03     8.36703e+01     2.40946e+01
    1.35195e+00     1.47586e+03     8.35796e+01     2.40097e+01
    1.35603e+00     1.47699e+03     8.32953e+01     2.38912e+01
    1.36011e+00     1.47187e+03     8.29905e+01     2.37765e+01
    1.36421e+00     1.47023e+03     8.24316e+01     2.36788e+01
    1.36830e+00     1.46767e+03     8.20529e+01     2.35157e+01
    1.37239e+00     1.46391e+03     8.18438e+01     2.34333e+01
    1.37648e+00     1.46159e+03     8.14194e+01     2.32819e+01
    1.38057e+00     1.46201e+03     8.13795e+01     2.32082e+01
    1.38466e+00     1.45793e+03     8.08281e+01     2.30919e+01
    1.38875e+00     1.45707e+03     8.04044e+01     2.29827e+01
    1.39285e+00     1.45442e+03     8.02932e+01     2.28478e+01
    1.39694e+00     1.45426e+03     8.02190e+01     2.27881e+01
    1.40102e+00     1.45056e+03     7.96716e+01     2.26360e+01
    1.40512e+00     1.44857e+03     7.94671e+01     2.25121e+01
    1.40921e+00     1.44502e+03     7.90496e+01     2.24220e+01
    1.41330e+00     1.44523e+03     7.89710e+01     2.23497e+01
    1.41739e+00     1.44404e+03     7.88071e+01     2.22059e+01
    1.42148e+00     1.43852e+03     7.82522e+01     2.20790e+01
    1.42557e+00     1.43461e+03     7.76522e+01     2.19678e+01
    1.42966e+00     1.43633e+03     7.76782e+01     2.18978e+01
    1.43375e+00     1.43418e+03     7.77833e+01     2.18524e+01
    1.43784e+00     1.43048e+03     7.71903e+01     2.17208e+01
    1.44193e+00     1.43237e+03     7.70886e+01     2.16149e+01
    1.44602e+00     1.42735e+03     7.68071e+01     2.15279e+01
    1.45011e+00     1.42056e+03     7.60621e+01     2.13887e+01
    1.45420e+00     1.42187e+03     7.60063e+01     2.13050e+01
    1.45830e+00     1.41789e+03     7.57966e+01     2.12134e+01
    1.46239e+00     1.41890e+03     7.55817e+01     2.11201e+01
    1.46648e+00     1.41708e+03     7.54032e+01     2.10078e+01
    1.47056e+00     1.41317e+03     7.49325e+01     2.08731e+01
    1.47465e+00     1.41147e+03     7.48123e+01     2.08446e+01
    1.47874e+00     1.41236e+03     7.47193e+01     2.07388e+01
    1.48283e+00     1.40964e+03     7.42832e+01     2.06133e+01
    1.48693e+00     1.40566e+03     7.41407e+01     2.05487e+01
    1.49102e+00     1.40043e+03     7.37016e+01     2.04264e+01
    1.49511e+00     1.40180e+03     7.34418e+01     2.03517e+01
    1.49920e+00     1.40078e+03     7.34655e+01     2.02816e+01
    1.50329e+00     1.39828e+03     7.30214e+01     2.01556e+01
    1.50738e+00     1.39755e+03     7.28720e+01     2.00764e+01
    1.51148e+00     1.39269e+03     7.23380e+01     1.99629e+01
    1.51557e+00     1.39153e+03     7.22709e+01     1.99035e+01
    1.51965e+00     1.38623e+03     7.19865e+01     1.98096e+01
    1.52374e+00     1.38661e+03     7.17925e+01     1.97075e+01
    1.52784e+00     1.38649e+03     7.15210e+01     1.96313e+01
    1.53193e+00     1.38381e+03     7.13976e+01     1.95343e+01
    1.53602e+00     1.38050e+03     7.09886e+01     1.94736e+01
    1.54011e+00     1.37800e+03     7.09205e+01     1.93838e+01
    1.54420e+00     1.37676e+03     7.04256e+01     1.92621e+01
    1.54829e+00     1.37519e+03     7.00976e+01     1.91644e+01
    1.55238e+00     1.36954e+03     6.99364e+01     1.90981e+01
    1.55647e+00     1.36827e+03     6.98632e+01     1.90405e+01
    1.56056e+00     1.36680e+03     6.96824e+01     1.89636e+01
    1.56465e+00     1.36473e+03     6.92916e+01     1.88390e+01
    1.56874e+00     1.36566e+03     6.92714e+01     1.87689e+01
    1.57283e+00     1.36029e+03     6.87870e+01     1.87106e+01
    1.57693e+00     1.36139e+03     6.87245e+01     1.85909e+01
    1.58102e+00     1.35708e+03     6.84805e+01     1.85410e+01
    1.58510e+00     1.35825e+03     6.84247e+01     1.84710e+01
    1.58919e+00     1.35604e+03     6.78780e+01     1.83407e+01
    1.59329e+00     1.35184e+03     6.79180e+01     1.82968e+01
    1.59738e+00     1.34909e+03     6.76034e+01     1.82171e+01
    1.60147e+00     1.34729e+03     6.72358e+01     1.81102e+01
    1.60556e+00     1.34721e+03     6.71293e+01     1.80102e+01
    1.60965e+00     1.34188e+03     6.69460e+01     1.79522e+01
    1.61374e+00     1.34114e+03     6.67434e+01     1.78712e+01
    1.61783e+00     1.34042e+03     6.64628e+01     1.78083e+01
    1.62192e+00     1.33687e+03     6.61333e+01     1.77209e+01
    1.62601e+00     1.33426e+03     6.59163e+01     1.76527e+01
    1.63010e+00     1.33490e+03     6.58311e+01     1.75631e+01
    1.63419e+00     1.33110e+03     6.54921e+01     1.74739e+01
    1.63828e+00     1.32979e+03     6.53087e+01     1.73759e+01
    1.64238e+00     1.32685e+03     6.50980e+01     1.73242e+01
    1.64647e+00     1.32548e+03     6.49673e+01     1.72520e+01
    1.65055e+00     1.32452e+03     6.48332e+01     1.71808e+01
    1.65465e+00     1.32138e+03     6.46624e+01     1.71191e+01
    1.65874e+00     1.31945e+03     6.42951e+01     1.70232e+01
    1.66283e+00     1.31620e+03     6.41284e+01     1.69602e+01
    1.66691e+00     1.31555e+03     6.40767e+01     1.69078e+01
    1.67101e+00     1.31355e+03     6.37442e+01     1.67921e+01
    1.67510e+00     1.31111e+03     6.35823e+01     1.67674e+01
    1.67919e+00     1.30864e+03     6.33337e+01     1.66417e+01
    1.68328e+00     1.30675e+03     6.30210e+01     1.65939e+01
    1.68737e+00     1.30654e+03     6.29107e+01     1.65097e+01
    1.69146e+00     1.30481e+03     6.27211e+01     1.64403e+01
    1.69555e+00     1.30416e+03     6.27683e+01     1.63798e+01
    1.69964e+00     1.29997e+03     6.24881e+01     1.63236e+01
    1.70373e+00     1.29617e+03     6.20861e+01     1.62337e+01
    1.70782e+00     1.29689e+03     6.20490e+01     1.61597e+01
    1.71191e+00     1.29303e+03     6.18714e+01     1.61086e+01
    1.71600e+00     1.29073e+03     6.13748e+01     1.60161e+01
    1.72009e+00     1.28978e+03     6.14018e+01     1.59603e+01
    1.72418e+00     1.28865e+03     6.12272e+01     1.58960e+01
    1.72828e+00     1.28418e+03     6.09234e+01     1.58383e+01
    1.73237e+00     1.28238e+03     6.10015e+01     1.57776e+01
    1.73646e+00     1.28053e+03     6.07417e+01     1.57006e+01
    1.74055e+00     1.27972e+03     6.02947e+01     1.55988e+01
    1.74464e+00     1.27892e+03     6.02336e+01     1.55532e+01
    1.74874e+00     1.27505e+03     6.01112e+01     1.55191e+01
    1.75282e+00     1.27410e+03     5.99057e+01     1.54312e+01
    1.75691e+00     1.26994e+03     5.95465e+01     1.53421e+01
    1.76100e+00     1.27013e+03     5.95948e+01     1.52851e+01
    1.76509e+00     1.26645e+03     5.93931e+01     1.52381e+01
    1.76918e+00     1.26724e+03     5.90590e+01     1.51764e+01
    1.77327e+00     1.26527e+03     5.91125e+01     1.51248e+01
    1.77737e+00     1.26170e+03     5.88522e+01     1.50435e+01
    1.78146e+00     1.25949e+03     5.86440e+01     1.49558e+01
    1.78554e+00     1.25705e+03     5.85151e+01     1.49250e+01
    1.78964e+00     1.25552e+03     5.81611e+01     1.48468e+01
    1.79373e+00     1.25361e+03     5.80714e+01     1.47767e+01
    1.79782e+00     1.25163e+03     5.78440e+01     1.47197e+01
    1.80191e+00     1.25150e+03     5.77560e+01     1.46608e+01
    1.80600e+00     1.24687e+03     5.74521e+01     1.45829e+01
    1.81009e+00     1.24453e+03     5.72940e+01     1.45323e+01
    1.81418e+00     1.24335e+03     5.70621e+01     1.44636e+01
    1.81827e+00     1.24061e+03     5.69525e+01     1.44078e+01
    1.82236e+00     1.23827e+03     5.66763e+01     1.43426e+01
    1.82645e+00     1.23828e+03     5.66482e+01     1.43105e+01
    1.83054e+00     1.23509e+03     5.63360e+01     1.42149e+01
    1.83463e+00     1.23499e+03     5.62235e+01     1.41540e+01
    1.83872e+00     1.23236e+03     5.60798e+01     1.40899e+01
    1.84281e+00     1.22918e+03     5.57613e+01     1.40259e+01
    1.84691e+00     1.22963e+03     5.58353e+01     1.39758e+01
    1.85100e+00     1.22592e+03     5.56296e+01     1.39345e+01
    1.85509e+00     1.22466e+03     5.54785e+01     1.38727e+01
    1.85918e+00     1.22246e+03     5.53078e+01     1.38117e+01
    1.86327e+00     1.21983e+03     5.50911e+01     1.37494e+01
    1.86736e+00     1.21819e+03     5.49697e+01     1.36976e+01
    1.87145e+00     1.21501e+03     5.46498e+01     1.36213e+01
    1.87554e+00     1.21416e+03     5.44850e+01     1.35792e+01
    1.87963e+00     1.21262e+03     5.43464e+01     1.35014e+01
    1.88372e+00     1.21114e+03     5.42122e+01     1.34402e+01
    1.88781e+00     1.20865e+03     5.41192e+01     1.34116e+01
    1.89190e+00     1.20740e+03     5.40029e+01     1.33390e+01
    1.89599e+00     1.20472e+03     5.37520e+01     1.32897e+01
    1.90008e+00     1.20239e+03     5.37122e+01     1.32537e+01
    1.90417e+00     1.20052e+03     5.35002e+01     1.31717e+01
    1.90827e+00     1.19872e+03     5.30973e+01     1.31035e+01
    1.91236e+00     1.19774e+03     5.32396e+01     1.30616e+01
    1.91645e+00     1.19645e+03     5.31015e+01     1.30433e+01
    1.92054e+00     1.19457e+03     5.28634e+01     1.29632e+01
    1.92463e+00     1.19179e+03     5.27530e+01     1.29073e+01
    1.92872e+00     1.18739e+03     5.24220e+01     1.28456e+01
    1.93281e+00     1.18950e+03     5.24110e+01     1.27956e+01
    1.93690e+00     1.18428e+03     5.20463e+01     1.27353e+01
    1.94099e+00     1.18285e+03     5.20920e+01     1.26897e+01
    1.94508e+00     1.18117e+03     5.16922e+01     1.26089e+01
    1.94917e+00     1.17951e+03     5.16831e+01     1.25884e+01
    1.95326e+00     1.17959e+03     5.15050e+01     1.25087e+01
    1.95735e+00     1.17575e+03     5.13948e+01     1.24756e+01
    1.96144e+00     1.17405e+03     5.11890e+01     1.24187e+01
    1.96553e+00     1.17255e+03     5.11940e+01     1.23910e+01
    1.96962e+00     1.17165e+03     5.10981e+01     1.23400e+01
    1.97371e+00     1.16724e+03     5.07293e+01     1.22895e+01
    1.97781e+00     1.16598e+03     5.07331e+01     1.22289e+01
    1.98190e+00     1.16452e+03     5.04252e+01     1.21607e+01
    1.98599e+00     1.16381e+03     5.05903e+01     1.21407e+01
    1.99008e+00     1.15959e+03     5.00901e+01     1.20535e+01
    1.99417e+00     1.15859e+03     5.00750e+01     1.20157e+01
    1.99826e+00     1.15746e+03     4.99043e+01     1.19555e+01
    2.00235e+00     1.15442e+03     4.98189e+01     1.19328e+01
    2.00644e+00     1.15124e+03     4.95710e+01     1.18578e+01
    2.01053e+00     1.15208e+03     4.95328e+01     1.18141e+01
    2.01462e+00     1.14990e+03     4.94266e+01     1.17753e+01
    2.01871e+00     1.14725e+03     4.91049e+01     1.17136e+01
    2.02280e+00     1.14458e+03     4.91880e+01     1.16850e+01
    2.02689e+00     1.14388e+03     4.89601e+01     1.16267e+01
    2.03098e+00     1.14162e+03     4.87091e+01     1.15582e+01
    2.03507e+00     1.13881e+03     4.87928e+01     1.15404e+01
    2.03917e+00     1.13673e+03     4.84086e+01     1.14710e+01
    2.04325e+00     1.13425e+03     4.82817e+01     1.14309e+01
    2.04735e+00     1.13557e+03     4.82652e+01     1.13893e+01
    2.05143e+00     1.13231e+03     4.80765e+01     1.13389e+01
    2.05552e+00     1.13052e+03     4.79118e+01     1.12818e+01
    2.05962e+00     1.12831e+03     4.77583e+01     1.12464e+01
    2.06371e+00     1.12603e+03     4.76510e+01     1.11916e+01
    2.06780e+00     1.12604e+03     4.75611e+01     1.11585e+01
    2.07189e+00     1.12366e+03     4.74179e+01     1.10990e+01
    2.07598e+00     1.12069e+03     4.71831e+01     1.10460e+01
    2.08007e+00     1.11886e+03     4.70777e+01     1.10047e+01
    2.08416e+00     1.11705e+03     4.69257e+01     1.09634e+01
    2.08825e+00     1.11480e+03     4.67152e+01     1.09188e+01
    2.09234e+00     1.11272e+03     4.68363e+01     1.08915e+01
    2.09644e+00     1.11102e+03     4.65580e+01     1.08409e+01
    2.10053e+00     1.10797e+03     4.64938e+01     1.07944e+01
    2.10461e+00     1.10730e+03     4.62671e+01     1.07464e+01
    2.10870e+00     1.10681e+03     4.61216e+01     1.06859e+01
    2.11280e+00     1.10409e+03     4.59973e+01     1.06520e+01
    2.11688e+00     1.10191e+03     4.58774e+01     1.06141e+01
    2.12098e+00     1.09929e+03     4.57044e+01     1.05613e+01
    2.12507e+00     1.09739e+03     4.55364e+01     1.05125e+01
    2.12916e+00     1.09675e+03     4.54786e+01     1.04751e+01
    2.13325e+00     1.09396e+03     4.53465e+01     1.04290e+01
    2.13734e+00     1.09310e+03     4.53058e+01     1.03953e+01
    2.14143e+00     1.09108e+03     4.51393e+01     1.03429e+01
    2.14552e+00     1.08769e+03     4.48388e+01     1.02952e+01
    2.14961e+00     1.08544e+03     4.47713e+01     1.02498e+01
    2.15370e+00     1.08539e+03     4.47114e+01     1.02182e+01
    2.15779e+00     1.08202e+03     4.45508e+01     1.01764e+01
    2.16188e+00     1.08124e+03     4.44183e+01     1.01245e+01
    2.16597e+00     1.08000e+03     4.42854e+01     1.00921e+01
    2.17006e+00     1.07695e+03     4.41693e+01     1.00483e+01
    2.17416e+00     1.07647e+03     4.40782e+01     1.00068e+01
    2.17825e+00     1.07454e+03     4.40363e+01     9.97817e+00
    2.18234e+00     1.07336e+03     4.38047e+01     9.91445e+00
    2.18643e+00     1.07040e+03     4.37738e+01     9.88599e+00
    2.19052e+00     1.06849e+03     4.35136e+01     9.82618e+00
    2.19461e+00     1.06591e+03     4.33299e+01     9.79920e+00
    2.19870e+00     1.06521e+03     4.32972e+01     9.75718e+00
    2.20279e+00     1.06162e+03     4.31705e+01     9.73588e+00
    2.20688e+00     1.06107e+03     4.29717e+01     9.67346e+00
    2.21097e+00     1.05983e+03     4.29748e+01     9.63410e+00
    2.21506e+00     1.05939e+03     4.29722e+01     9.60421e+00
    2.21915e+00     1.05475e+03     4.26347e+01     9.55527e+00
    2.22324e+00     1.05368e+03     4.25534e+01     9.52649e+00
    2.22733e+00     1.05281e+03     4.24979e+01     9.48951e+00
    2.23142e+00     1.05018e+03     4.23471e+01     9.44037e+00
    2.23552e+00     1.04767e+03     4.21753e+01     9.39933e+00
    2.23961e+00     1.04599e+03     4.20270e+01     9.35481e+00
    2.24369e+00     1.04364e+03     4.19088e+01     9.33446e+00
    2.24779e+00     1.04346e+03     4.18896e+01     9.28306e+00
    2.25188e+00     1.04079e+03     4.17277e+01     9.24502e+00
    2.25597e+00     1.03941e+03     4.15958e+01     9.20675e+00
    2.26006e+00     1.03635e+03     4.14259e+01     9.16291e+00
    2.26415e+00     1.03412e+03     4.12687e+01     9.11958e+00
    2.26824e+00     1.03291e+03     4.11278e+01     9.08889e+00
    2.27233e+00     1.03252e+03     4.11555e+01     9.04908e+00
    2.27642e+00     1.02978e+03     4.09553e+01     9.01284e+00
    2.28051e+00     1.02873e+03     4.09465e+01     8.98391e+00
    2.28460e+00     1.02664e+03     4.07111e+01     8.94533e+00
    2.28869e+00     1.02377e+03     4.06199e+01     8.90335e+00
    2.29278e+00     1.02362e+03     4.06225e+01     8.87097e+00
    2.29687e+00     1.02230e+03     4.04470e+01     8.82487e+00
    2.30096e+00     1.01870e+03     4.03070e+01     8.80413e+00
    2.30506e+00     1.01726e+03     4.01430e+01     8.75440e+00
    2.30915e+00     1.01475e+03     4.01097e+01     8.72384e+00
    2.31324e+00     1.01418e+03     3.99319e+01     8.67604e+00
    2.31733e+00     1.01148e+03     3.99058e+01     8.65460e+00
    2.32142e+00     1.00877e+03     3.95901e+01     8.60076e+00
    2.32551e+00     1.00800e+03     3.96030e+01     8.57743e+00
    2.32960e+00     1.00655e+03     3.94832e+01     8.53709e+00
    2.33369e+00     1.00549e+03     3.94390e+01     8.51051e+00
    2.33778e+00     1.00180e+03     3.92618e+01     8.46675e+00
    2.34187e+00     1.00009e+03     3.90836e+01     8.42260e+00
    2.34596e+00     9.98800e+02     3.89759e+01     8.39899e+00
    2.35005e+00     9.96902e+02     3.89101e+01     8.36496e+00
    2.35414e+00     9.95531e+02     3.87406e+01     8.32185e+00
    2.35823e+00     9.93455e+02     3.86667e+01     8.29136e+00
    2.36232e+00     9.91182e+02     3.85119e+01     8.25611e+00
    2.36641e+00     9.88299e+02     3.83536e+01     8.22142e+00
    2.37051e+00     9.87425e+02     3.82999e+01     8.18817e+00
    2.37460e+00     9.87104e+02     3.82675e+01     8.15926e+00
    2.37869e+00     9.85027e+02     3.80872e+01     8.11290e+00
    2.38278e+00     9.82792e+02     3.81074e+01     8.09440e+00
    2.38687e+00     9.81487e+02     3.79239e+01     8.04708e+00
    2.39096e+00     9.78892e+02     3.77719e+01     8.01779e+00
    2.39505e+00     9.77582e+02     3.77138e+01     7.98639e+00
    2.39914e+00     9.74427e+02     3.75624e+01     7.95334e+00
    2.40323e+00     9.74147e+02     3.74534e+01     7.91440e+00
    2.40732e+00     9.72097e+02     3.73728e+01     7.88631e+00
    2.41141e+00     9.70132e+02     3.72272e+01     7.84902e+00
    2.41550e+00     9.68718e+02     3.71742e+01     7.81883e+00
    2.41959e+00     9.66484e+02     3.70127e+01     7.78262e+00
    2.42368e+00     9.64816e+02     3.69077e+01     7.75253e+00
    2.42777e+00     9.63817e+02     3.68399e+01     7.71703e+00
    2.43187e+00     9.60926e+02     3.66881e+01     7.68418e+00
    2.43596e+00     9.60626e+02     3.66618e+01     7.65784e+00
    2.44004e+00     9.57183e+02     3.65147e+01     7.62738e+00
    2.44414e+00     9.54915e+02     3.63226e+01     7.59332e+00
    2.44823e+00     9.53803e+02     3.62238e+01     7.55541e+00
    2.45232e+00     9.54309e+02     3.62449e+01     7.53712e+00
    2.45640e+00     9.50578e+02     3.60630e+01     7.49283e+00
    2.46050e+00     9.47778e+02     3.59047e+01     7.46362e+00
    2.46459e+00     9.46766e+02     3.58367e+01     7.42662e+00
    2.46868e+00     9.45438e+02     3.57651e+01     7.40190e+00
    2.47277e+00     9.43659e+02     3.56591e+01     7.37797e+00
    2.47686e+00     9.42045e+02     3.55658e+01     7.34286e+00
    2.48095e+00     9.40521e+02     3.54669e+01     7.30631e+00
    2.48504e+00     9.39053e+02     3.53085e+01     7.26823e+00
    2.48913e+00     9.36366e+02     3.52235e+01     7.24811e+00
    2.49322e+00     9.33772e+02     3.50762e+01     7.21676e+00
    2.49731e+00     9.31790e+02     3.49953e+01     7.18597e+00
    2.50141e+00     9.31318e+02     3.49968e+01     7.16216e+00
    2.50550e+00     9.28335e+02     3.47424e+01     7.12312e+00
    2.50959e+00     9.26136e+02     3.46151e+01     7.09030e+00
    2.51368e+00     9.25921e+02     3.46445e+01     7.06208e+00
    2.51777e+00     9.23486e+02     3.44497e+01     7.03029e+00
    2.52186e+00     9.22282e+02     3.44251e+01     7.00788e+00
    2.52595e+00     9.20941e+02     3.43186e+01     6.97900e+00
    2.53004e+00     9.19411e+02     3.42356e+01     6.94514e+00
    2.53413e+00     9.17922e+02     3.41127e+01     6.91523e+00
    2.53822e+00     9.15543e+02     3.40347e+01     6.89104e+00
    2.54231e+00     9.14822e+02     3.40264e+01     6.86321e+00
    2.54640e+00     9.12013e+02     3.38135e+01     6.82877e+00
    2.55049e+00     9.10454e+02     3.37250e+01     6.80164e+00
    2.55458e+00     9.07845e+02     3.35858e+01     6.76628e+00
    2.55867e+00     9.05656e+02     3.35151e+01     6.74554e+00
    2.56276e+00     9.06541e+02     3.35068e+01     6.71979e+00
    2.56685e+00     9.03683e+02     3.33333e+01     6.69009e+00
    2.57095e+00     9.01231e+02     3.32507e+01     6.66091e+00
    2.57504e+00     8.99322e+02     3.31331e+01     6.63111e+00
    2.57913e+00     8.98576e+02     3.30275e+01     6.59706e+00
    2.58322e+00     8.96438e+02     3.29357e+01     6.57053e+00
    2.58731e+00     8.94431e+02     3.28816e+01     6.54867e+00
    2.59140e+00     8.92287e+02     3.27408e+01     6.51530e+00
    2.59549e+00     8.91701e+02     3.26795e+01     6.49491e+00
    2.59958e+00     8.89428e+02     3.25162e+01     6.46721e+00
    2.60367e+00     8.87182e+02     3.24128e+01     6.43372e+00
    2.60776e+00     8.84662e+02     3.23660e+01     6.41213e+00
    2.61185e+00     8.85152e+02     3.23177e+01     6.38167e+00
    2.61594e+00     8.81608e+02     3.21398e+01     6.35565e+00
    2.62003e+00     8.81029e+02     3.20945e+01     6.32696e+00
    2.62412e+00     8.79017e+02     3.19942e+01     6.30386e+00
    2.62821e+00     8.77475e+02     3.18427e+01     6.27229e+00
    2.63230e+00     8.76320e+02     3.17524e+01     6.23769e+00
    2.63640e+00     8.73890e+02     3.16699e+01     6.21314e+00
    2.64049e+00     8.71764e+02     3.15587e+01     6.19263e+00
    2.64457e+00     8.70472e+02     3.15217e+01     6.16676e+00
    2.64867e+00     8.68283e+02     3.13943e+01     6.14195e+00
    2.65276e+00     8.68221e+02     3.13430e+01     6.11704e+00
    2.65685e+00     8.66090e+02     3.12142e+01     6.08391e+00
    2.66094e+00     8.64288e+02     3.11953e+01     6.06791e+00
    2.66503e+00     8.61703e+02     3.10238e+01     6.03728e+00
    2.66912e+00     8.60287e+02     3.09531e+01     6.00921e+00
    2.67321e+00     8.58303e+02     3.08047e+01     5.98189e+00
    2.67730e+00     8.56863e+02     3.07328e+01     5.96143e+00
    2.68139e+00     8.55540e+02     3.06244e+01     5.92686e+00
    2.68548e+00     8.53062e+02     3.06117e+01     5.90959e+00
    2.68957e+00     8.52270e+02     3.05049e+01     5.88334e+00
    2.69366e+00     8.51000e+02     3.03871e+01     5.85350e+00
    2.69776e+00     8.49390e+02     3.03557e+01     5.83735e+00
    2.70185e+00     8.48045e+02     3.02967e+01     5.81270e+00
    2.70594e+00     8.45627e+02     3.01655e+01     5.78714e+00
    2.71003e+00     8.44500e+02     3.01236e+01     5.76703e+00
    2.71412e+00     8.42235e+02     2.99847e+01     5.73875e+00
    2.71821e+00     8.41662e+02     2.99353e+01     5.71034e+00
    2.72230e+00     8.39497e+02     2.98127e+01     5.68681e+00
    2.72639e+00     8.36546e+02     2.96928e+01     5.66077e+00
    2.73048e+00     8.35409e+02     2.96123e+01     5.63512e+00
    2.73457e+00     8.34384e+02     2.95393e+01     5.61690e+00
    2.73866e+00     8.33142e+02     2.94413e+01     5.58756e+00
    2.74275e+00     8.31390e+02     2.93751e+01     5.56528e+00
    2.74684e+00     8.29291e+02     2.92708e+01     5.53858e+00
    2.75093e+00     8.27342e+02     2.91612e+01     5.52023e+00
    2.75502e+00     8.24959e+02     2.90572e+01     5.48974e+00
    2.75911e+00     8.23544e+02     2.90079e+01     5.47010e+00
    2.76320e+00     8.22417e+02     2.89055e+01     5.44713e+00
    2.76730e+00     8.20934e+02     2.88065e+01     5.41801e+00
    2.77139e+00     8.19717e+02     2.87745e+01     5.39932e+00
    2.77548e+00     8.18038e+02     2.87054e+01     5.38161e+00
    2.77957e+00     8.14869e+02     2.85334e+01     5.35547e+00
    2.78366e+00     8.13737e+02     2.84991e+01     5.32925e+00
    2.78775e+00     8.12240e+02     2.83726e+01     5.30582e+00
    2.79184e+00     8.10993e+02     2.83405e+01     5.29129e+00
    2.79593e+00     8.09794e+02     2.82302e+01     5.26027e+00
    2.80002e+00     8.07589e+02     2.81373e+01     5.23666e+00
    2.80411e+00     8.06324e+02     2.80584e+01     5.21726e+00
    2.80820e+00     8.04757e+02     2.79503e+01     5.19418e+00
    2.81229e+00     8.02669e+02     2.79208e+01     5.17292e+00
    2.81638e+00     8.00761e+02     2.77771e+01     5.14278e+00
    2.82047e+00     7.99965e+02     2.77137e+01     5.12687e+00
    2.82457e+00     7.98003e+02     2.76629e+01     5.10505e+00
    2.82866e+00     7.96057e+02     2.75537e+01     5.08647e+00
    2.83275e+00     7.94850e+02     2.74755e+01     5.06207e+00
    2.83684e+00     7.92722e+02     2.74053e+01     5.03982e+00
    2.84093e+00     7.91594e+02     2.73203e+01     5.02282e+00
    2.84502e+00     7.90524e+02     2.72377e+01     4.99901e+00
    2.84911e+00     7.88028e+02     2.71529e+01     4.97588e+00
    2.85320e+00     7.86717e+02     2.70641e+01     4.95315e+00
    2.85729e+00     7.85210e+02     2.69854e+01     4.93213e+00
    2.86138e+00     7.83980e+02     2.69173e+01     4.90966e+00
    2.86547e+00     7.82880e+02     2.68103e+01     4.88724e+00
    2.86956e+00     7.80739e+02     2.67435e+01     4.86926e+00
    2.87365e+00     7.78224e+02     2.66344e+01     4.84503e+00
    2.87774e+00     7.77347e+02     2.65907e+01     4.82598e+00
    2.88183e+00     7.76144e+02     2.65172e+01     4.80962e+00
    2.88592e+00     7.74308e+02     2.64558e+01     4.78665e+00
    2.89001e+00     7.72593e+02     2.63312e+01     4.76047e+00
    2.89410e+00     7.70849e+02     2.62505e+01     4.74437e+00
    2.89820e+00     7.70102e+02     2.61817e+01     4.71829e+00
    2.90229e+00     7.67086e+02     2.60435e+01     4.69643e+00
    2.90638e+00     7.66332e+02     2.60134e+01     4.68207e+00
    2.91047e+00     7.64644e+02     2.59498e+01     4.66251e+00
    2.91456e+00     7.62323e+02     2.58770e+01     4.64343e+00
    2.91865e+00     7.61801e+02     2.57766e+01     4.62066e+00
    2.92274e+00     7.60477e+02     2.57521e+01     4.60237e+00
    2.92683e+00     7.58397e+02     2.56054e+01     4.57931e+00
    2.93092e+00     7.56731e+02     2.55496e+01     4.55844e+00
    2.93501e+00     7.55702e+02     2.55162e+01     4.54646e+00
    2.93910e+00     7.54127e+02     2.53895e+01     4.51648e+00
    2.94319e+00     7.52785e+02     2.53375e+01     4.50261e+00
    2.94728e+00     7.50296e+02     2.52393e+01     4.48062e+00
    2.95137e+00     7.49534e+02     2.51669e+01     4.46210e+00
    2.95546e+00     7.47797e+02     2.50882e+01     4.44180e+00
    2.95955e+00     7.46796e+02     2.50370e+01     4.42589e+00
    2.96364e+00     7.45518e+02     2.49565e+01     4.40478e+00
    2.96774e+00     7.42746e+02     2.48338e+01     4.38329e+00
    2.97183e+00     7.41477e+02     2.48159e+01     4.36999e+00
    2.97592e+00     7.39735e+02     2.47045e+01     4.34923e+00
    2.98001e+00     7.38277e+02     2.46869e+01     4.33317e+00
    2.98410e+00     7.37305e+02     2.45607e+01     4.31146e+00
    2.98819e+00     7.35852e+02     2.45027e+01     4.29212e+00
    2.99228e+00     7.34032e+02     2.44408e+01     4.27379e+00
    2.99637e+00     7.32692e+02     2.43724e+01     4.25576e+00
    3.00046e+00     7.31211e+02     2.42859e+01     4.23553e+00
    3.00455e+00     7.29917e+02     2.41901e+01     4.21843e+00
    3.00864e+00     7.27761e+02     2.41025e+01     4.19764e+00
    3.01273e+00     7.26269e+02     2.40517e+01     4.18163e+00
    3.01682e+00     7.24792e+02     2.39588e+01     4.16195e+00
    3.02091e+00     7.24289e+02     2.39370e+01     4.14536e+00
    3.02500e+00     7.22138e+02     2.38060e+01     4.12603e+00
    3.02910e+00     7.20825e+02     2.37445e+01     4.10725e+00
    3.03319e+00     7.19156e+02     2.36995e+01     4.09110e+00
    3.03728e+00     7.18047e+02     2.36352e+01     4.07015e+00
    3.04137e+00     7.16112e+02     2.35322e+01     4.05786e+00
    3.04546e+00     7.13864e+02     2.34255e+01     4.03352e+00
    3.04955e+00     7.12488e+02     2.33654e+01     4.01821e+00
    3.05364e+00     7.12393e+02     2.33413e+01     4.00002e+00
    3.05773e+00     7.10086e+02     2.32481e+01     3.98291e+00
    3.06182e+00     7.08066e+02     2.31587e+01     3.96522e+00
    3.06591e+00     7.07074e+02     2.30921e+01     3.94894e+00
    3.07000e+00     7.06156e+02     2.30722e+01     3.92946e+00
    3.07409e+00     7.04399e+02     2.29605e+01     3.91268e+00
    3.07818e+00     7.02393e+02     2.29035e+01     3.90089e+00
    3.08227e+00     7.01538e+02     2.28618e+01     3.88199e+00
    3.08636e+00     7.00027e+02     2.27535e+01     3.86220e+00
    3.09045e+00     6.98399e+02     2.27288e+01     3.84520e+00
    3.09454e+00     6.96548e+02     2.26016e+01     3.82881e+00
    3.09863e+00     6.95816e+02     2.25777e+01     3.81174e+00
    3.10272e+00     6.93825e+02     2.24527e+01     3.79492e+00
    3.10682e+00     6.92619e+02     2.23972e+01     3.77568e+00
    3.11091e+00     6.91500e+02     2.23453e+01     3.76358e+00
    3.11500e+00     6.90003e+02     2.22645e+01     3.74605e+00
    3.11909e+00     6.88011e+02     2.22051e+01     3.73095e+00
    3.12318e+00     6.86757e+02     2.21059e+01     3.71612e+00
    3.12727e+00     6.84966e+02     2.20578e+01     3.69678e+00
    3.13136e+00     6.84142e+02     2.19934e+01     3.67992e+00
    3.13545e+00     6.82930e+02     2.19328e+01     3.66452e+00
    3.13954e+00     6.81096e+02     2.19030e+01     3.64970e+00
    3.14363e+00     6.79410e+02     2.17778e+01     3.63121e+00
    3.14772e+00     6.77994e+02     2.16994e+01     3.61696e+00
    3.15181e+00     6.77082e+02     2.16484e+01     3.60105e+00
    3.15590e+00     6.75558e+02     2.15944e+01     3.58499e+00
    3.16000e+00     6.73797e+02     2.15218e+01     3.56782e+00
    3.16409e+00     6.72392e+02     2.14914e+01     3.55620e+00
    3.16818e+00     6.71059e+02     2.14038e+01     3.53978e+00
    3.17227e+00     6.69700e+02     2.13298e+01     3.52286e+00
    3.17636e+00     6.68357e+02     2.12760e+01     3.50591e+00
    3.18045e+00     6.66599e+02     2.11670e+01     3.48919e+00
    3.18454e+00     6.65217e+02     2.11283e+01     3.47787e+00
    3.18863e+00     6.64134e+02     2.10563e+01     3.45949e+00
    3.19272e+00     6.63254e+02     2.10219e+01     3.44851e+00
    3.19681e+00     6.61473e+02     2.09602e+01     3.43374e+00
    3.20090e+00     6.59734e+02     2.08986e+01     3.41719e+00
    3.20499e+00     6.58919e+02     2.08214e+01     3.40181e+00
    3.20908e+00     6.57171e+02     2.07576e+01     3.38661e+00
    3.21317e+00     6.55478e+02     2.06623e+01     3.36927e+00
    3.21726e+00     6.54347e+02     2.06222e+01     3.35615e+00
    3.22135e+00     6.53764e+02     2.05541e+01     3.34048e+00
    3.22545e+00     6.52120e+02     2.05271e+01     3.32584e+00
    3.22954e+00     6.50076e+02     2.04303e+01     3.31207e+00
    3.23363e+00     6.49194e+02     2.04024e+01     3.29973e+00
    3.23772e+00     6.47249e+02     2.02918e+01     3.28349e+00
    3.24181e+00     6.46352e+02     2.02462e+01     3.26826e+00
    3.24590e+00     6.45170e+02     2.01962e+01     3.25453e+00
    3.24999e+00     6.43362e+02     2.01130e+01     3.23967e+00
    3.25408e+00     6.41764e+02     2.00289e+01     3.22260e+00
    3.25817e+00     6.40448e+02     1.99742e+01     3.20862e+00
    3.26226e+00     6.39062e+02     1.98993e+01     3.19531e+00
    3.26635e+00     6.38007e+02     1.98743e+01     3.18374e+00
    3.27044e+00     6.36682e+02     1.97872e+01     3.16744e+00
    3.27453e+00     6.35357e+02     1.97593e+01     3.15789e+00
    3.27862e+00     6.34313e+02     1.96882e+01     3.13996e+00
    3.28271e+00     6.32754e+02     1.96377e+01     3.12908e+00
    3.28681e+00     6.31651e+02     1.95572e+01     3.11367e+00
    3.29090e+00     6.29421e+02     1.94731e+01     3.09785e+00
    3.29499e+00     6.28536e+02     1.94300e+01     3.08922e+00
    3.29908e+00     6.27810e+02     1.94112e+01     3.07580e+00
    3.30317e+00     6.26025e+02     1.93121e+01     3.06017e+00
    3.30725e+00     6.24509e+02     1.92519e+01     3.04706e+00
    3.31135e+00     6.23368e+02     1.92112e+01     3.03522e+00
    3.31544e+00     6.21885e+02     1.91311e+01     3.01781e+00
    3.31953e+00     6.20422e+02     1.90757e+01     3.00754e+00
    3.32362e+00     6.19120e+02     1.90170e+01     2.99377e+00
    3.32771e+00     6.17966e+02     1.89632e+01     2.97988e+00
    3.33180e+00     6.16817e+02     1.88952e+01     2.96433e+00
    3.33589e+00     6.14965e+02     1.88157e+01     2.95399e+00
    3.33998e+00     6.14104e+02     1.87838e+01     2.94217e+00
    3.34407e+00     6.12866e+02     1.87555e+01     2.92767e+00
    3.34816e+00     6.11165e+02     1.86569e+01     2.91476e+00
    3.35226e+00     6.09991e+02     1.86115e+01     2.90305e+00
    3.35634e+00     6.08853e+02     1.85612e+01     2.88968e+00
    3.36043e+00     6.07578e+02     1.84928e+01     2.87598e+00
    3.36453e+00     6.05634e+02     1.84124e+01     2.86296e+00
    3.36862e+00     6.04794e+02     1.83631e+01     2.85148e+00
    3.37271e+00     6.03480e+02     1.83020e+01     2.83685e+00
    3.37680e+00     6.02100e+02     1.82477e+01     2.82647e+00
    3.38089e+00     6.01059e+02     1.81969e+01     2.81406e+00
    3.38498e+00     5.99779e+02     1.81750e+01     2.80276e+00
    3.38907e+00     5.99149e+02     1.81028e+01     2.79011e+00
    3.39316e+00     5.97135e+02     1.80331e+01     2.77771e+00
    3.39725e+00     5.96165e+02     1.80007e+01     2.76845e+00
    3.40134e+00     5.94945e+02     1.79274e+01     2.75222e+00
    3.40543e+00     5.93212e+02     1.78535e+01     2.74191e+00
    3.40952e+00     5.92481e+02     1.78235e+01     2.73098e+00
    3.41362e+00     5.91681e+02     1.77531e+01     2.71586e+00
    3.41770e+00     5.90552e+02     1.77092e+01     2.70403e+00
    3.42179e+00     5.88581e+02     1.76427e+01     2.69225e+00
    3.42588e+00     5.87287e+02     1.75901e+01     2.68088e+00
    3.42997e+00     5.86547e+02     1.75560e+01     2.67065e+00
    3.43406e+00     5.84601e+02     1.74840e+01     2.65891e+00
    3.43816e+00     5.83759e+02     1.74324e+01     2.64668e+00
    3.44225e+00     5.82533e+02     1.73520e+01     2.63281e+00
    3.44634e+00     5.81214e+02     1.73369e+01     2.62426e+00
    3.45043e+00     5.80168e+02     1.72585e+01     2.61163e+00
    3.45452e+00     5.78402e+02     1.71991e+01     2.59852e+00
    3.45861e+00     5.77631e+02     1.71750e+01     2.59139e+00
    3.46270e+00     5.76196e+02     1.70999e+01     2.57794e+00
    3.46679e+00     5.74806e+02     1.70267e+01     2.56389e+00
    3.47088e+00     5.73491e+02     1.69919e+01     2.55483e+00
    3.47497e+00     5.73058e+02     1.69668e+01     2.54458e+00
    3.47906e+00     5.71399e+02     1.68946e+01     2.53438e+00
    3.48315e+00     5.70241e+02     1.68677e+01     2.52401e+00
    3.48725e+00     5.69061e+02     1.67948e+01     2.51188e+00
    3.49134e+00     5.68193e+02     1.67337e+01     2.49817e+00
    3.49543e+00     5.66864e+02     1.66847e+01     2.48970e+00
    3.49952e+00     5.65602e+02     1.66431e+01     2.47886e+00
    3.50361e+00     5.64225e+02     1.65855e+01     2.46793e+00
    3.50770e+00     5.63312e+02     1.65263e+01     2.45661e+00
    3.51179e+00     5.62065e+02     1.64964e+01     2.44877e+00
    3.51588e+00     5.60935e+02     1.64332e+01     2.43572e+00
    3.51997e+00     5.59492e+02     1.63723e+01     2.42607e+00
    3.52406e+00     5.58572e+02     1.63641e+01     2.41599e+00
    3.52815e+00     5.57315e+02     1.62912e+01     2.40509e+00
    3.53224e+00     5.55889e+02     1.62162e+01     2.39166e+00
    3.53633e+00     5.54603e+02     1.61733e+01     2.38387e+00
    3.54042e+00     5.54150e+02     1.61411e+01     2.37473e+00
    3.54451e+00     5.52691e+02     1.60753e+01     2.36261e+00
    3.54860e+00     5.51288e+02     1.60252e+01     2.35366e+00
    3.55270e+00     5.49960e+02     1.59524e+01     2.34119e+00
    3.55679e+00     5.49161e+02     1.59319e+01     2.33268e+00
    3.56088e+00     5.47768e+02     1.58698e+01     2.32120e+00
    3.56497e+00     5.46630e+02     1.58254e+01     2.31221e+00
    3.56906e+00     5.45419e+02     1.57777e+01     2.30220e+00
    3.57315e+00     5.44672e+02     1.57587e+01     2.29400e+00
    3.57724e+00     5.42750e+02     1.56579e+01     2.27924e+00
    3.58133e+00     5.42158e+02     1.56322e+01     2.27157e+00
    3.58542e+00     5.41182e+02     1.56016e+01     2.26356e+00
    3.58951e+00     5.39751e+02     1.55365e+01     2.25163e+00
    3.59360e+00     5.38767e+02     1.55108e+01     2.24366e+00
    3.59769e+00     5.37907e+02     1.54574e+01     2.23501e+00
    3.60178e+00     5.36989e+02     1.54193e+01     2.22450e+00
    3.60587e+00     5.35489e+02     1.53566e+01     2.21347e+00
    3.60996e+00     5.34124e+02     1.52970e+01     2.20495e+00
    3.61405e+00     5.33496e+02     1.52781e+01     2.19697e+00
    3.61814e+00     5.31852e+02     1.52012e+01     2.18571e+00
    3.62224e+00     5.30856e+02     1.51617e+01     2.17708e+00
    3.62633e+00     5.30024e+02     1.51169e+01     2.16662e+00
    3.63042e+00     5.29167e+02     1.51048e+01     2.16000e+00
    3.63451e+00     5.27636e+02     1.50298e+01     2.14974e+00
    3.63860e+00     5.25833e+02     1.49444e+01     2.13776e+00
    3.64269e+00     5.25471e+02     1.49229e+01     2.12906e+00
    3.64678e+00     5.24227e+02     1.48822e+01     2.12097e+00
    3.65087e+00     5.22756e+02     1.48110e+01     2.11325e+00
    3.65496e+00     5.22395e+02     1.48000e+01     2.10306e+00
    3.65905e+00     5.21295e+02     1.47544e+01     2.09466e+00
    3.66314e+00     5.19904e+02     1.46994e+01     2.08463e+00
    3.66723e+00     5.18879e+02     1.46533e+01     2.07611e+00
    3.67132e+00     5.18004e+02     1.46142e+01     2.06877e+00
    3.67541e+00     5.17301e+02     1.45907e+01     2.05996e+00
    3.67950e+00     5.15827e+02     1.45152e+01     2.04979e+00
    3.68359e+00     5.14400e+02     1.44890e+01     2.04225e+00
    3.68769e+00     5.13968e+02     1.44672e+01     2.03544e+00
    3.69177e+00     5.12759e+02     1.43966e+01     2.02408e+00
    3.69587e+00     5.11547e+02     1.43563e+01     2.01574e+00
    3.69996e+00     5.10651e+02     1.43137e+01     2.00751e+00
    3.70405e+00     5.09298e+02     1.42725e+01     2.00009e+00
    3.70814e+00     5.08467e+02     1.42132e+01     1.99109e+00
    3.71223e+00     5.07335e+02     1.41778e+01     1.98350e+00
    3.71632e+00     5.06001e+02     1.41156e+01     1.97359e+00
    3.72041e+00     5.05757e+02     1.41054e+01     1.96720e+00
    3.72450e+00     5.04017e+02     1.40323e+01     1.95620e+00
    3.72859e+00     5.03347e+02     1.40213e+01     1.95046e+00
    3.73268e+00     5.01873e+02     1.39618e+01     1.94145e+00
    3.73677e+00     5.01131e+02     1.39179e+01     1.93267e+00
    3.74086e+00     5.00663e+02     1.39096e+01     1.92597e+00
    3.74495e+00     4.99010e+02     1.38356e+01     1.91733e+00
    3.74905e+00     4.98473e+02     1.38137e+01     1.91054e+00
    3.75313e+00     4.97103e+02     1.37654e+01     1.90190e+00
    3.75722e+00     4.96269e+02     1.37126e+01     1.89269e+00
    3.76131e+00     4.95208e+02     1.36901e+01     1.88598e+00
    3.76541e+00     4.93962e+02     1.36421e+01     1.87817e+00
    3.76950e+00     4.92968e+02     1.35944e+01     1.86954e+00
    3.77359e+00     4.92078e+02     1.35584e+01     1.86274e+00
    3.77768e+00     4.91679e+02     1.35177e+01     1.85355e+00
    3.78177e+00     4.90049e+02     1.34724e+01     1.84615e+00
    3.78586e+00     4.89114e+02     1.34164e+01     1.83993e+00
    3.78995e+00     4.88120e+02     1.33807e+01     1.83114e+00
    3.79404e+00     4.87259e+02     1.33340e+01     1.82224e+00
    3.79813e+00     4.86384e+02     1.33101e+01     1.81635e+00
    3.80222e+00     4.85185e+02     1.32602e+01     1.80912e+00
    3.80632e+00     4.84163e+02     1.32302e+01     1.80162e+00
    3.81040e+00     4.83296e+02     1.31858e+01     1.79413e+00
    3.81449e+00     4.82472e+02     1.31696e+01     1.78734e+00
    3.81859e+00     4.80977e+02     1.31072e+01     1.77853e+00
    3.82268e+00     4.80349e+02     1.30675e+01     1.77154e+00
    3.82677e+00     4.79502e+02     1.30368e+01     1.76401e+00
    3.83086e+00     4.78522e+02     1.30085e+01     1.75823e+00
    3.83495e+00     4.77479e+02     1.29425e+01     1.74973e+00
    3.83904e+00     4.76893e+02     1.29335e+01     1.74424e+00
    3.84313e+00     4.75421e+02     1.28812e+01     1.73726e+00
    3.84722e+00     4.74858e+02     1.28644e+01     1.73145e+00
    3.85131e+00     4.73951e+02     1.28210e+01     1.72191e+00
    3.85540e+00     4.72864e+02     1.27676e+01     1.71551e+00
    3.85949e+00     4.71497e+02     1.27272e+01     1.70948e+00
    3.86358e+00     4.71068e+02     1.26939e+01     1.70164e+00
    3.86768e+00     4.70151e+02     1.26581e+01     1.69478e+00
    3.87177e+00     4.69027e+02     1.26146e+01     1.68785e+00
    3.87585e+00     4.68113e+02     1.25782e+01     1.68133e+00
    3.87994e+00     4.67243e+02     1.25419e+01     1.67481e+00
    3.88403e+00     4.66477e+02     1.25123e+01     1.66896e+00
    3.88813e+00     4.65522e+02     1.24694e+01     1.66080e+00
    3.89222e+00     4.64620e+02     1.24476e+01     1.65539e+00
    3.89631e+00     4.63995e+02     1.24130e+01     1.64807e+00
    3.90040e+00     4.62763e+02     1.23606e+01     1.64211e+00
    3.90449e+00     4.61481e+02     1.23228e+01     1.63382e+00
    3.90858e+00     4.61027e+02     1.23028e+01     1.62966e+00
    3.91267e+00     4.60100e+02     1.22604e+01     1.62227e+00
    3.91676e+00     4.59130e+02     1.22342e+01     1.61633e+00
    3.92085e+00     4.58310e+02     1.21954e+01     1.61020e+00
    3.92494e+00     4.57235e+02     1.21546e+01     1.60325e+00
    3.92903e+00     4.56363e+02     1.21267e+01     1.59741e+00
    3.93312e+00     4.55740e+02     1.20875e+01     1.59024e+00
    3.93721e+00     4.54610e+02     1.20457e+01     1.58389e+00
    3.94130e+00     4.53989e+02     1.20200e+01     1.57864e+00
    3.94539e+00     4.52859e+02     1.19750e+01     1.57189e+00
    3.94949e+00     4.52185e+02     1.19513e+01     1.56707e+00
    3.95358e+00     4.50754e+02     1.19009e+01     1.55964e+00
    3.95767e+00     4.50199e+02     1.18903e+01     1.55427e+00
    3.96176e+00     4.49662e+02     1.18564e+01     1.54763e+00
    3.96585e+00     4.48726e+02     1.18281e+01     1.54258e+00
    3.96994e+00     4.48081e+02     1.17900e+01     1.53680e+00
    3.97403e+00     4.47350e+02     1.17573e+01     1.53087e+00
    3.97812e+00     4.46062e+02     1.17247e+01     1.52544e+00
    3.98221e+00     4.45428e+02     1.16945e+01     1.51916e+00
    3.98630e+00     4.44086e+02     1.16378e+01     1.51356e+00
    3.99039e+00     4.43832e+02     1.16143e+01     1.50701e+00
    3.99448e+00     4.42353e+02     1.15892e+01     1.50237e+00
    3.99857e+00     4.41801e+02     1.15653e+01     1.49626e+00
    4.00266e+00     4.41378e+02     1.15326e+01     1.49077e+00
    4.00675e+00     4.40455e+02     1.15000e+01     1.48407e+00
    4.01085e+00     4.39437e+02     1.14531e+01     1.47896e+00
    4.01494e+00     4.38469e+02     1.14274e+01     1.47389e+00
    4.01902e+00     4.37648e+02     1.13896e+01     1.46851e+00
    4.02312e+00     4.37313e+02     1.13797e+01     1.46393e+00
    4.02721e+00     4.36501e+02     1.13473e+01     1.45817e+00
    4.03130e+00     4.35299e+02     1.12952e+01     1.45068e+00
    4.03539e+00     4.34649e+02     1.12880e+01     1.44703e+00
    4.03948e+00     4.33759e+02     1.12342e+01     1.44016e+00
    4.04357e+00     4.33227e+02     1.12222e+01     1.43650e+00
    4.04766e+00     4.31895e+02     1.11719e+01     1.42957e+00
    4.05175e+00     4.31757e+02     1.11593e+01     1.42541e+00
    4.05584e+00     4.30750e+02     1.11281e+01     1.42046e+00
    4.05993e+00     4.29911e+02     1.10924e+01     1.41558e+00
    4.06402e+00     4.28943e+02     1.10601e+01     1.40989e+00
    4.06811e+00     4.28668e+02     1.10547e+01     1.40538e+00
    4.07220e+00     4.27360e+02     1.09904e+01     1.39921e+00
    4.07630e+00     4.26812e+02     1.09873e+01     1.39599e+00
    4.08038e+00     4.26075e+02     1.09534e+01     1.38944e+00
    4.08447e+00     4.25381e+02     1.09286e+01     1.38630e+00
    4.08857e+00     4.24620e+02     1.08988e+01     1.38072e+00
    4.09266e+00     4.23684e+02     1.08575e+01     1.37591e+00
    4.09675e+00     4.23246e+02     1.08433e+01     1.37106e+00
    4.10084e+00     4.22446e+02     1.08091e+01     1.36561e+00
    4.10493e+00     4.21733e+02     1.07882e+01     1.36159e+00
    4.10902e+00     4.21018e+02     1.07599e+01     1.35616e+00
    4.11311e+00     4.19897e+02     1.07241e+01     1.35095e+00
    4.11720e+00     4.19124e+02     1.07023e+01     1.34665e+00
    4.12129e+00     4.18466e+02     1.06636e+01     1.34205e+00
    4.12538e+00     4.17800e+02     1.06469e+01     1.33759e+00
    4.12947e+00     4.17119e+02     1.06222e+01     1.33269e+00
    4.13356e+00     4.16438e+02     1.05906e+01     1.32757e+00
    4.13765e+00     4.15793e+02     1.05616e+01     1.32393e+00
    4.14175e+00     4.15016e+02     1.05339e+01     1.31857e+00
    4.14584e+00     4.14469e+02     1.04998e+01     1.31503e+00
    4.14993e+00     4.13506e+02     1.04820e+01     1.31057e+00
    4.15402e+00     4.12643e+02     1.04509e+01     1.30522e+00
    4.15811e+00     4.12016e+02     1.04286e+01     1.30178e+00
    4.16220e+00     4.11477e+02     1.03984e+01     1.29657e+00
    4.16629e+00     4.10446e+02     1.03643e+01     1.29257e+00
    4.17038e+00     4.10365e+02     1.03638e+01     1.28870e+00
    4.17447e+00     4.09351e+02     1.03282e+01     1.28433e+00
    4.17856e+00     4.08602e+02     1.02947e+01     1.27908e+00
    4.18265e+00     4.07853e+02     1.02650e+01     1.27576e+00
    4.18674e+00     4.07274e+02     1.02516e+01     1.27107e+00
