# Real space auto- and cross-spectra.
# z=3.000, 12.000<lgM<12.500
#      k[h/Mpc]            P_hh            P_hm            P_mm
    0.00000e+00     0.00000e+00     0.00000e+00     0.00000e+00
    5.79404e-03     1.61000e+04     4.16368e+03     1.17144e+03
    1.04717e-02     2.85168e+04     7.16716e+03     1.94550e+03
    1.42665e-02     4.07170e+04     1.03194e+04     2.70352e+03
    1.81228e-02     3.37857e+04     8.80903e+03     2.40341e+03
    2.24845e-02     3.16241e+04     8.14168e+03     2.19653e+03
    2.64508e-02     3.21037e+04     8.14561e+03     2.17179e+03
    3.04474e-02     2.84287e+04     7.21326e+03     1.94547e+03
    3.47320e-02     2.62721e+04     6.63415e+03     1.77356e+03
    3.88308e-02     2.38164e+04     5.89179e+03     1.55620e+03
    4.28140e-02     2.12496e+04     5.27124e+03     1.40796e+03
    4.68856e-02     2.07889e+04     5.20881e+03     1.40522e+03
    5.09858e-02     2.00675e+04     4.90619e+03     1.30023e+03
    5.51458e-02     1.65788e+04     4.03357e+03     1.08350e+03
    5.92243e-02     1.83198e+04     4.46298e+03     1.18186e+03
    6.32864e-02     1.67496e+04     4.03055e+03     1.06636e+03
    6.73674e-02     1.59206e+04     3.82174e+03     1.01294e+03
    7.14960e-02     1.49618e+04     3.52513e+03     9.28932e+02
    7.55894e-02     1.46056e+04     3.43999e+03     9.07027e+02
    7.96660e-02     1.38933e+04     3.22257e+03     8.44686e+02
    8.38183e-02     1.25461e+04     2.90382e+03     7.68669e+02
    8.78941e-02     1.17358e+04     2.65365e+03     6.94923e+02
    9.19238e-02     1.11371e+04     2.54415e+03     6.72229e+02
    9.60446e-02     1.06769e+04     2.37782e+03     6.20444e+02
    1.00128e-01     9.57264e+03     2.12500e+03     5.60676e+02
    1.04209e-01     9.08492e+03     1.96450e+03     5.13576e+02
    1.08333e-01     8.63029e+03     1.85037e+03     4.83766e+02
    1.12448e-01     8.70218e+03     1.85707e+03     4.82689e+02
    1.16521e-01     8.24881e+03     1.74950e+03     4.57465e+02
    1.20596e-01     8.04758e+03     1.69982e+03     4.43422e+02
    1.24665e-01     7.87158e+03     1.63912e+03     4.26307e+02
    1.28771e-01     7.81842e+03     1.62213e+03     4.19717e+02
    1.32874e-01     7.63945e+03     1.57677e+03     4.07404e+02
    1.36975e-01     7.43367e+03     1.51730e+03     3.90491e+02
    1.41075e-01     6.92252e+03     1.39662e+03     3.60536e+02
    1.45172e-01     6.84133e+03     1.36090e+03     3.48922e+02
    1.49268e-01     6.48545e+03     1.26548e+03     3.22129e+02
    1.53330e-01     6.29260e+03     1.21325e+03     3.09393e+02
    1.57416e-01     6.01361e+03     1.15150e+03     2.96037e+02
    1.61514e-01     5.83838e+03     1.09594e+03     2.76625e+02
    1.65592e-01     5.52624e+03     1.02400e+03     2.61158e+02
    1.69693e-01     5.41510e+03     9.82651e+02     2.48181e+02
    1.73803e-01     5.32022e+03     9.63174e+02     2.43268e+02
    1.77905e-01     5.21425e+03     9.42530e+02     2.38493e+02
    1.82001e-01     5.14151e+03     9.23279e+02     2.32788e+02
    1.86092e-01     5.07022e+03     8.98405e+02     2.25639e+02
    1.90161e-01     4.97595e+03     8.72035e+02     2.18729e+02
    1.94237e-01     4.94655e+03     8.67971e+02     2.17173e+02
    1.98334e-01     4.78956e+03     8.25776e+02     2.06341e+02
    2.02427e-01     4.69228e+03     8.00873e+02     1.99520e+02
    2.06523e-01     4.59788e+03     7.78081e+02     1.93512e+02
    2.10626e-01     4.39609e+03     7.28457e+02     1.82002e+02
    2.14724e-01     4.37431e+03     7.16605e+02     1.75915e+02
    2.18827e-01     4.29381e+03     6.91844e+02     1.69454e+02
    2.22903e-01     4.12920e+03     6.52304e+02     1.60830e+02
    2.26990e-01     4.09071e+03     6.45945e+02     1.58272e+02
    2.31084e-01     3.99751e+03     6.18719e+02     1.51943e+02
    2.35153e-01     3.97085e+03     6.11276e+02     1.48120e+02
    2.39244e-01     3.87495e+03     5.90689e+02     1.44415e+02
    2.43338e-01     3.80834e+03     5.75746e+02     1.40197e+02
    2.47445e-01     3.75789e+03     5.64595e+02     1.36381e+02
    2.51539e-01     3.71716e+03     5.55336e+02     1.34439e+02
    2.55609e-01     3.67967e+03     5.40901e+02     1.29992e+02
    2.59718e-01     3.60508e+03     5.23963e+02     1.26020e+02
    2.63814e-01     3.54494e+03     5.08051e+02     1.22534e+02
    2.67904e-01     3.51568e+03     5.01435e+02     1.20041e+02
    2.71993e-01     3.47376e+03     4.92155e+02     1.17880e+02
    2.76068e-01     3.36869e+03     4.70505e+02     1.13168e+02
    2.80171e-01     3.34703e+03     4.58387e+02     1.08791e+02
    2.84268e-01     3.28227e+03     4.45845e+02     1.05616e+02
    2.88346e-01     3.25491e+03     4.38963e+02     1.03919e+02
    2.92426e-01     3.21281e+03     4.26627e+02     1.01133e+02
    2.96514e-01     3.16816e+03     4.16310e+02     9.84231e+01
    3.00627e-01     3.11273e+03     4.06503e+02     9.58504e+01
    3.04729e-01     3.10089e+03     4.00296e+02     9.38561e+01
    3.08821e-01     3.06452e+03     3.90588e+02     9.13033e+01
    3.12919e-01     3.02587e+03     3.85771e+02     9.03571e+01
    3.16999e-01     3.03681e+03     3.81288e+02     8.82764e+01
    3.21078e-01     2.98861e+03     3.72342e+02     8.61565e+01
    3.25167e-01     2.93225e+03     3.59549e+02     8.35028e+01
    3.29247e-01     2.90437e+03     3.54261e+02     8.19892e+01
    3.33333e-01     2.87566e+03     3.48575e+02     8.05280e+01
    3.37443e-01     2.83743e+03     3.39013e+02     7.81314e+01
    3.41545e-01     2.81195e+03     3.30875e+02     7.61846e+01
    3.45625e-01     2.79058e+03     3.26072e+02     7.48963e+01
    3.49715e-01     2.75648e+03     3.19539e+02     7.28625e+01
    3.53817e-01     2.75390e+03     3.14356e+02     7.14273e+01
    3.57906e-01     2.70835e+03     3.07205e+02     6.98535e+01
    3.61975e-01     2.69917e+03     3.04538e+02     6.87273e+01
    3.66071e-01     2.65117e+03     2.96383e+02     6.67889e+01
    3.70189e-01     2.62394e+03     2.90216e+02     6.58837e+01
    3.74277e-01     2.61845e+03     2.86510e+02     6.42511e+01
    3.78356e-01     2.60398e+03     2.82205e+02     6.30292e+01
    3.82448e-01     2.58186e+03     2.76962e+02     6.20047e+01
    3.86535e-01     2.56348e+03     2.72947e+02     6.08526e+01
    3.90624e-01     2.55507e+03     2.69913e+02     5.98328e+01
    3.94706e-01     2.51425e+03     2.63358e+02     5.83856e+01
    3.98794e-01     2.49686e+03     2.59014e+02     5.75722e+01
    4.02896e-01     2.48336e+03     2.54999e+02     5.61132e+01
    4.06986e-01     2.46141e+03     2.50913e+02     5.51386e+01
    4.11069e-01     2.43472e+03     2.44957e+02     5.38230e+01
    4.15170e-01     2.41010e+03     2.40840e+02     5.30355e+01
    4.19263e-01     2.38948e+03     2.37040e+02     5.20573e+01
    4.23353e-01     2.39825e+03     2.35747e+02     5.14339e+01
    4.27447e-01     2.38477e+03     2.32501e+02     5.05436e+01
    4.31534e-01     2.34271e+03     2.25956e+02     4.91366e+01
    4.35624e-01     2.33834e+03     2.24422e+02     4.88403e+01
    4.39718e-01     2.33458e+03     2.21141e+02     4.77958e+01
    4.43804e-01     2.28283e+03     2.14322e+02     4.65252e+01
    4.47892e-01     2.29355e+03     2.14740e+02     4.62193e+01
    4.51977e-01     2.28526e+03     2.12063e+02     4.54599e+01
    4.56067e-01     2.25833e+03     2.07744e+02     4.46790e+01
    4.60165e-01     2.26336e+03     2.06356e+02     4.40267e+01
    4.64260e-01     2.23205e+03     2.00883e+02     4.31122e+01
    4.68355e-01     2.22425e+03     1.99083e+02     4.25463e+01
    4.72450e-01     2.20864e+03     1.96419e+02     4.18307e+01
    4.76540e-01     2.19683e+03     1.94112e+02     4.11594e+01
    4.80633e-01     2.17882e+03     1.90075e+02     4.03326e+01
    4.84718e-01     2.17908e+03     1.89213e+02     3.99418e+01
    4.88794e-01     2.16007e+03     1.86147e+02     3.92846e+01
    4.92888e-01     2.14359e+03     1.83896e+02     3.86601e+01
    4.96984e-01     2.13004e+03     1.79329e+02     3.78048e+01
    5.01073e-01     2.12491e+03     1.78585e+02     3.74816e+01
    5.05169e-01     2.10399e+03     1.75812e+02     3.67480e+01
    5.09268e-01     2.09761e+03     1.73413e+02     3.62944e+01
    5.13369e-01     2.08929e+03     1.72091e+02     3.56448e+01
    5.17441e-01     2.08596e+03     1.70529e+02     3.53111e+01
    5.21516e-01     2.07513e+03     1.68801e+02     3.49177e+01
    5.25611e-01     2.06416e+03     1.65274e+02     3.40677e+01
    5.29706e-01     2.05889e+03     1.63639e+02     3.36832e+01
    5.33801e-01     2.03845e+03     1.61039e+02     3.32070e+01
    5.37888e-01     2.02710e+03     1.59840e+02     3.28839e+01
    5.41985e-01     2.01709e+03     1.58061e+02     3.22639e+01
    5.46091e-01     2.00528e+03     1.55441e+02     3.18300e+01
    5.50174e-01     2.01498e+03     1.54977e+02     3.14989e+01
    5.54252e-01     1.99154e+03     1.52033e+02     3.09227e+01
    5.58346e-01     1.98133e+03     1.50424e+02     3.06549e+01
    5.62439e-01     1.98232e+03     1.49207e+02     3.01889e+01
    5.66527e-01     1.96548e+03     1.47006e+02     2.97579e+01
    5.70616e-01     1.95517e+03     1.45682e+02     2.94138e+01
    5.74707e-01     1.95249e+03     1.44539e+02     2.91265e+01
    5.78798e-01     1.94561e+03     1.42335e+02     2.86099e+01
    5.82883e-01     1.93503e+03     1.40457e+02     2.81457e+01
    5.86977e-01     1.92432e+03     1.39221e+02     2.78534e+01
    5.91070e-01     1.91826e+03     1.37831e+02     2.75122e+01
    5.95166e-01     1.92233e+03     1.37222e+02     2.72210e+01
    5.99260e-01     1.89804e+03     1.34481e+02     2.67493e+01
    6.03349e-01     1.90237e+03     1.33511e+02     2.64172e+01
    6.07445e-01     1.89246e+03     1.31277e+02     2.59795e+01
    6.11543e-01     1.87786e+03     1.30347e+02     2.56891e+01
    6.15623e-01     1.87561e+03     1.29121e+02     2.54354e+01
    6.19704e-01     1.87200e+03     1.28286e+02     2.51459e+01
    6.23792e-01     1.85854e+03     1.26271e+02     2.47990e+01
    6.27891e-01     1.86025e+03     1.25636e+02     2.45181e+01
    6.31991e-01     1.84487e+03     1.23934e+02     2.41643e+01
    6.36073e-01     1.83633e+03     1.22385e+02     2.39162e+01
    6.40158e-01     1.83639e+03     1.22080e+02     2.36595e+01
    6.44244e-01     1.82406e+03     1.19779e+02     2.32595e+01
    6.48338e-01     1.81441e+03     1.18649e+02     2.29986e+01
    6.52432e-01     1.80943e+03     1.17851e+02     2.28718e+01
    6.56514e-01     1.81479e+03     1.16604e+02     2.25079e+01
    6.60609e-01     1.80421e+03     1.15603e+02     2.22675e+01
    6.64712e-01     1.78550e+03     1.13762e+02     2.19226e+01
    6.68801e-01     1.78807e+03     1.13756e+02     2.17744e+01
    6.72890e-01     1.78709e+03     1.13066e+02     2.15936e+01
    6.76984e-01     1.77674e+03     1.11292e+02     2.11829e+01
    6.81074e-01     1.77442e+03     1.10790e+02     2.11172e+01
    6.85160e-01     1.76774e+03     1.09701e+02     2.08906e+01
    6.89246e-01     1.75222e+03     1.08018e+02     2.06164e+01
    6.93336e-01     1.74697e+03     1.07110e+02     2.03243e+01
    6.97434e-01     1.75443e+03     1.07030e+02     2.01828e+01
    7.01528e-01     1.73912e+03     1.05552e+02     1.99237e+01
    7.05618e-01     1.73814e+03     1.04756e+02     1.96792e+01
    7.09708e-01     1.73295e+03     1.03649e+02     1.94362e+01
    7.13796e-01     1.72695e+03     1.02719e+02     1.92412e+01
    7.17892e-01     1.72485e+03     1.01907e+02     1.90696e+01
    7.21982e-01     1.71686e+03     1.01099e+02     1.88951e+01
    7.26059e-01     1.70750e+03     1.00136e+02     1.86626e+01
    7.30145e-01     1.69915e+03     9.91625e+01     1.84909e+01
    7.34240e-01     1.70157e+03     9.86321e+01     1.83187e+01
    7.38340e-01     1.69687e+03     9.79324e+01     1.81166e+01
    7.42427e-01     1.68489e+03     9.63606e+01     1.78965e+01
    7.46511e-01     1.68772e+03     9.65255e+01     1.77708e+01
    7.50614e-01     1.67360e+03     9.45106e+01     1.74736e+01
    7.54706e-01     1.67819e+03     9.43163e+01     1.73397e+01
    7.58795e-01     1.66796e+03     9.37282e+01     1.72065e+01
    7.62888e-01     1.66611e+03     9.33051e+01     1.70677e+01
    7.66986e-01     1.66752e+03     9.25185e+01     1.68469e+01
    7.71073e-01     1.65989e+03     9.13393e+01     1.66992e+01
    7.75153e-01     1.65038e+03     9.06084e+01     1.65348e+01
    7.79241e-01     1.64642e+03     8.98205e+01     1.63443e+01
    7.83335e-01     1.65013e+03     8.91877e+01     1.61487e+01
    7.87426e-01     1.64061e+03     8.85758e+01     1.60581e+01
    7.91513e-01     1.63238e+03     8.72801e+01     1.58033e+01
    7.95606e-01     1.63808e+03     8.71863e+01     1.56873e+01
    7.99702e-01     1.62969e+03     8.64583e+01     1.55523e+01
    8.03798e-01     1.62600e+03     8.60386e+01     1.54318e+01
    8.07879e-01     1.61936e+03     8.52725e+01     1.52756e+01
    8.11963e-01     1.61151e+03     8.42577e+01     1.50727e+01
    8.16059e-01     1.61208e+03     8.38996e+01     1.49720e+01
    8.20152e-01     1.60058e+03     8.30761e+01     1.48577e+01
    8.24242e-01     1.59409e+03     8.24786e+01     1.46898e+01
    8.28331e-01     1.59746e+03     8.19096e+01     1.45510e+01
    8.32425e-01     1.59300e+03     8.11754e+01     1.44295e+01
    8.36516e-01     1.59208e+03     8.06771e+01     1.42942e+01
    8.40610e-01     1.58531e+03     8.02983e+01     1.41629e+01
    8.44704e-01     1.58520e+03     7.97189e+01     1.40638e+01
    8.48790e-01     1.57593e+03     7.90564e+01     1.39172e+01
    8.52876e-01     1.57230e+03     7.83222e+01     1.37572e+01
    8.56967e-01     1.57332e+03     7.77794e+01     1.36488e+01
    8.61059e-01     1.56305e+03     7.73989e+01     1.35386e+01
    8.65147e-01     1.56064e+03     7.64490e+01     1.33602e+01
    8.69235e-01     1.56282e+03     7.64183e+01     1.33126e+01
    8.73334e-01     1.55497e+03     7.54935e+01     1.31749e+01
    8.77429e-01     1.55200e+03     7.53038e+01     1.30967e+01
    8.81512e-01     1.55015e+03     7.50157e+01     1.29770e+01
    8.85601e-01     1.54216e+03     7.40301e+01     1.28532e+01
    8.89691e-01     1.53994e+03     7.36890e+01     1.27176e+01
    8.93784e-01     1.53562e+03     7.30279e+01     1.26241e+01
    8.97875e-01     1.53393e+03     7.23829e+01     1.24922e+01
    9.01960e-01     1.52991e+03     7.21153e+01     1.24139e+01
    9.06054e-01     1.53068e+03     7.16232e+01     1.22835e+01
    9.10146e-01     1.52084e+03     7.10314e+01     1.21824e+01
    9.14237e-01     1.51696e+03     7.05791e+01     1.20869e+01
    9.18331e-01     1.51225e+03     7.00239e+01     1.20024e+01
    9.22421e-01     1.51249e+03     6.95122e+01     1.18763e+01
    9.26509e-01     1.50895e+03     6.91943e+01     1.17764e+01
    9.30598e-01     1.50538e+03     6.86480e+01     1.17033e+01
    9.34692e-01     1.50528e+03     6.84530e+01     1.16132e+01
    9.38787e-01     1.50122e+03     6.78469e+01     1.14999e+01
    9.42873e-01     1.49473e+03     6.73848e+01     1.13938e+01
    9.46961e-01     1.49909e+03     6.70059e+01     1.12997e+01
    9.51054e-01     1.49196e+03     6.66909e+01     1.12162e+01
    9.55150e-01     1.48887e+03     6.63297e+01     1.11341e+01
    9.59240e-01     1.48312e+03     6.58093e+01     1.10213e+01
    9.63327e-01     1.48157e+03     6.53031e+01     1.09592e+01
    9.67420e-01     1.47506e+03     6.48670e+01     1.08667e+01
    9.71506e-01     1.47902e+03     6.47822e+01     1.07827e+01
    9.75588e-01     1.47328e+03     6.41868e+01     1.06979e+01
    9.79678e-01     1.47175e+03     6.43014e+01     1.06555e+01
    9.83773e-01     1.46419e+03     6.32548e+01     1.05096e+01
    9.87866e-01     1.46495e+03     6.30406e+01     1.04730e+01
    9.91960e-01     1.45764e+03     6.25556e+01     1.03618e+01
    9.96055e-01     1.45936e+03     6.25477e+01     1.03255e+01
    1.00015e+00     1.45118e+03     6.19241e+01     1.02336e+01
    1.00424e+00     1.44674e+03     6.12784e+01     1.01411e+01
    1.00832e+00     1.44758e+03     6.13347e+01     1.00920e+01
    1.01242e+00     1.44325e+03     6.09050e+01     1.00047e+01
    1.01651e+00     1.44322e+03     6.07702e+01     9.93043e+00
    1.02059e+00     1.43827e+03     6.00773e+01     9.81028e+00
    1.02468e+00     1.43293e+03     5.94193e+01     9.71182e+00
    1.02878e+00     1.43197e+03     5.92191e+01     9.67627e+00
    1.03287e+00     1.42912e+03     5.87386e+01     9.58931e+00
    1.03695e+00     1.43012e+03     5.87913e+01     9.54064e+00
    1.04105e+00     1.42407e+03     5.81474e+01     9.44734e+00
    1.04515e+00     1.42474e+03     5.79954e+01     9.40109e+00
    1.04923e+00     1.41695e+03     5.76972e+01     9.31757e+00
    1.05332e+00     1.41434e+03     5.73873e+01     9.27035e+00
    1.05741e+00     1.41090e+03     5.68136e+01     9.17683e+00
    1.06150e+00     1.41153e+03     5.68702e+01     9.12392e+00
    1.06559e+00     1.40760e+03     5.64765e+01     9.05719e+00
    1.06968e+00     1.40686e+03     5.60710e+01     9.00110e+00
    1.07377e+00     1.40221e+03     5.57645e+01     8.91499e+00
    1.07786e+00     1.39814e+03     5.52278e+01     8.84530e+00
    1.08195e+00     1.39705e+03     5.50359e+01     8.78606e+00
    1.08605e+00     1.39390e+03     5.48198e+01     8.73394e+00
    1.09014e+00     1.39120e+03     5.45024e+01     8.69493e+00
    1.09422e+00     1.38916e+03     5.40249e+01     8.59488e+00
    1.09832e+00     1.38426e+03     5.38923e+01     8.53382e+00
    1.10242e+00     1.37991e+03     5.33161e+01     8.46409e+00
    1.10650e+00     1.38191e+03     5.34261e+01     8.44018e+00
    1.11059e+00     1.37438e+03     5.27791e+01     8.35035e+00
    1.11468e+00     1.37530e+03     5.26789e+01     8.31890e+00
    1.11878e+00     1.37400e+03     5.23829e+01     8.24565e+00
    1.12287e+00     1.37013e+03     5.21286e+01     8.19452e+00
    1.12695e+00     1.36578e+03     5.17384e+01     8.14005e+00
    1.13105e+00     1.36704e+03     5.17980e+01     8.09118e+00
    1.13514e+00     1.36587e+03     5.14751e+01     8.03075e+00
    1.13922e+00     1.36291e+03     5.12849e+01     7.98402e+00
    1.14331e+00     1.36034e+03     5.08325e+01     7.92031e+00
    1.14741e+00     1.35754e+03     5.06720e+01     7.88194e+00
    1.15150e+00     1.35326e+03     5.02903e+01     7.82115e+00
    1.15559e+00     1.35138e+03     4.99951e+01     7.75042e+00
    1.15968e+00     1.34873e+03     4.98964e+01     7.73063e+00
    1.16377e+00     1.34147e+03     4.93115e+01     7.65509e+00
    1.16786e+00     1.34368e+03     4.92745e+01     7.60645e+00
    1.17195e+00     1.33940e+03     4.90114e+01     7.55908e+00
    1.17604e+00     1.34068e+03     4.87861e+01     7.50506e+00
    1.18013e+00     1.33557e+03     4.83330e+01     7.44640e+00
    1.18422e+00     1.33033e+03     4.80314e+01     7.39213e+00
    1.18831e+00     1.32955e+03     4.79542e+01     7.37360e+00
    1.19240e+00     1.33157e+03     4.80607e+01     7.34239e+00
    1.19649e+00     1.32523e+03     4.74836e+01     7.26281e+00
    1.20059e+00     1.32179e+03     4.72870e+01     7.22696e+00
    1.20468e+00     1.31762e+03     4.70120e+01     7.15821e+00
    1.20877e+00     1.31627e+03     4.69336e+01     7.13002e+00
    1.21286e+00     1.31664e+03     4.66386e+01     7.08060e+00
    1.21695e+00     1.31356e+03     4.63478e+01     7.02185e+00
    1.22104e+00     1.30929e+03     4.59272e+01     6.96561e+00
    1.22513e+00     1.31047e+03     4.59426e+01     6.93517e+00
    1.22922e+00     1.30505e+03     4.54669e+01     6.88276e+00
    1.23330e+00     1.30519e+03     4.52930e+01     6.84223e+00
    1.23740e+00     1.30411e+03     4.52442e+01     6.81803e+00
    1.24149e+00     1.29975e+03     4.49544e+01     6.75742e+00
    1.24558e+00     1.29543e+03     4.46746e+01     6.71214e+00
    1.24967e+00     1.29709e+03     4.45976e+01     6.68793e+00
    1.25376e+00     1.29034e+03     4.42238e+01     6.62451e+00
    1.25785e+00     1.29349e+03     4.41179e+01     6.59435e+00
    1.26194e+00     1.28897e+03     4.39404e+01     6.56253e+00
    1.26603e+00     1.28570e+03     4.37432e+01     6.52056e+00
    1.27012e+00     1.28537e+03     4.34852e+01     6.47104e+00
    1.27422e+00     1.28251e+03     4.33117e+01     6.43916e+00
    1.27831e+00     1.27873e+03     4.30753e+01     6.39612e+00
    1.28240e+00     1.27959e+03     4.29307e+01     6.36039e+00
    1.28649e+00     1.27403e+03     4.25962e+01     6.30272e+00
    1.29058e+00     1.27507e+03     4.26228e+01     6.28326e+00
    1.29467e+00     1.27297e+03     4.23206e+01     6.24276e+00
    1.29876e+00     1.26918e+03     4.21250e+01     6.20393e+00
    1.30285e+00     1.26558e+03     4.18175e+01     6.15334e+00
    1.30694e+00     1.26411e+03     4.16813e+01     6.11974e+00
    1.31103e+00     1.26421e+03     4.15442e+01     6.08852e+00
    1.31512e+00     1.25970e+03     4.13544e+01     6.05592e+00
    1.31921e+00     1.25871e+03     4.12179e+01     6.01571e+00
    1.32331e+00     1.25600e+03     4.10004e+01     5.98147e+00
    1.32739e+00     1.25510e+03     4.07103e+01     5.94604e+00
    1.33148e+00     1.24965e+03     4.05269e+01     5.90402e+00
    1.33558e+00     1.24977e+03     4.03878e+01     5.86577e+00
    1.33967e+00     1.24626e+03     4.01783e+01     5.84612e+00
    1.34376e+00     1.24748e+03     4.01589e+01     5.81572e+00
    1.34785e+00     1.24266e+03     3.99316e+01     5.77334e+00
    1.35195e+00     1.24140e+03     3.96363e+01     5.73541e+00
    1.35603e+00     1.23825e+03     3.94927e+01     5.69906e+00
    1.36011e+00     1.23789e+03     3.93856e+01     5.67650e+00
    1.36421e+00     1.23334e+03     3.90483e+01     5.62064e+00
    1.36830e+00     1.23351e+03     3.89638e+01     5.59886e+00
    1.37239e+00     1.23190e+03     3.88871e+01     5.57525e+00
    1.37648e+00     1.22965e+03     3.86819e+01     5.53935e+00
    1.38057e+00     1.22715e+03     3.84841e+01     5.50531e+00
    1.38466e+00     1.22425e+03     3.81133e+01     5.46314e+00
    1.38875e+00     1.22037e+03     3.81207e+01     5.43624e+00
    1.39285e+00     1.22065e+03     3.80077e+01     5.40755e+00
    1.39694e+00     1.21763e+03     3.77527e+01     5.37538e+00
    1.40102e+00     1.21409e+03     3.76236e+01     5.35706e+00
    1.40512e+00     1.21015e+03     3.73810e+01     5.32320e+00
    1.40921e+00     1.21251e+03     3.73092e+01     5.28009e+00
    1.41330e+00     1.20684e+03     3.70930e+01     5.25758e+00
    1.41739e+00     1.20835e+03     3.69426e+01     5.21793e+00
    1.42148e+00     1.20574e+03     3.68299e+01     5.20210e+00
    1.42557e+00     1.20235e+03     3.66780e+01     5.17358e+00
    1.42966e+00     1.20296e+03     3.65366e+01     5.14474e+00
    1.43375e+00     1.19950e+03     3.63956e+01     5.12190e+00
    1.43784e+00     1.19847e+03     3.62479e+01     5.08357e+00
    1.44193e+00     1.19484e+03     3.60634e+01     5.05751e+00
    1.44602e+00     1.19030e+03     3.57900e+01     5.01858e+00
    1.45011e+00     1.19187e+03     3.58513e+01     4.99766e+00
    1.45420e+00     1.18734e+03     3.54233e+01     4.96416e+00
    1.45830e+00     1.18832e+03     3.54133e+01     4.93778e+00
    1.46239e+00     1.18499e+03     3.53614e+01     4.92133e+00
    1.46648e+00     1.18321e+03     3.51180e+01     4.88947e+00
    1.47056e+00     1.17968e+03     3.49692e+01     4.85767e+00
    1.47465e+00     1.17870e+03     3.47313e+01     4.81574e+00
    1.47874e+00     1.17680e+03     3.46072e+01     4.79995e+00
    1.48283e+00     1.17665e+03     3.45401e+01     4.77867e+00
    1.48693e+00     1.17061e+03     3.42228e+01     4.74186e+00
    1.49102e+00     1.17059e+03     3.42830e+01     4.72953e+00
    1.49511e+00     1.16789e+03     3.40425e+01     4.69524e+00
    1.49920e+00     1.16699e+03     3.39723e+01     4.67297e+00
    1.50329e+00     1.16499e+03     3.38879e+01     4.65389e+00
    1.50738e+00     1.16266e+03     3.36826e+01     4.62765e+00
    1.51148e+00     1.15864e+03     3.35354e+01     4.60212e+00
    1.51557e+00     1.15840e+03     3.33853e+01     4.57253e+00
    1.51965e+00     1.15673e+03     3.31741e+01     4.54535e+00
    1.52374e+00     1.15498e+03     3.31475e+01     4.53061e+00
    1.52784e+00     1.15401e+03     3.29665e+01     4.49407e+00
    1.53193e+00     1.15181e+03     3.28493e+01     4.47198e+00
    1.53602e+00     1.14809e+03     3.27838e+01     4.45819e+00
    1.54011e+00     1.14801e+03     3.25585e+01     4.42684e+00
    1.54420e+00     1.14268e+03     3.24155e+01     4.40476e+00
    1.54829e+00     1.14269e+03     3.22698e+01     4.38069e+00
    1.55238e+00     1.14205e+03     3.22512e+01     4.35908e+00
    1.55647e+00     1.13930e+03     3.20194e+01     4.33205e+00
    1.56056e+00     1.13782e+03     3.19358e+01     4.31420e+00
    1.56465e+00     1.13627e+03     3.18895e+01     4.29698e+00
    1.56874e+00     1.13413e+03     3.16689e+01     4.26136e+00
    1.57283e+00     1.13091e+03     3.14824e+01     4.23526e+00
    1.57693e+00     1.12818e+03     3.13306e+01     4.22125e+00
    1.58102e+00     1.12782e+03     3.12290e+01     4.19837e+00
    1.58510e+00     1.12672e+03     3.12314e+01     4.18227e+00
    1.58919e+00     1.12466e+03     3.10970e+01     4.15483e+00
    1.59329e+00     1.12055e+03     3.09411e+01     4.13041e+00
    1.59738e+00     1.11925e+03     3.07426e+01     4.10507e+00
    1.60147e+00     1.12063e+03     3.08328e+01     4.09017e+00
    1.60556e+00     1.11609e+03     3.05333e+01     4.07069e+00
    1.60965e+00     1.11273e+03     3.04174e+01     4.04389e+00
    1.61374e+00     1.11258e+03     3.03342e+01     4.03107e+00
    1.61783e+00     1.10931e+03     3.00867e+01     3.99812e+00
    1.62192e+00     1.10752e+03     3.00551e+01     3.98370e+00
    1.62601e+00     1.10564e+03     2.99966e+01     3.96573e+00
    1.63010e+00     1.10450e+03     2.98565e+01     3.94371e+00
    1.63419e+00     1.10483e+03     2.97891e+01     3.92255e+00
    1.63828e+00     1.09920e+03     2.94962e+01     3.89702e+00
    1.64238e+00     1.09947e+03     2.95091e+01     3.88491e+00
    1.64647e+00     1.09700e+03     2.93820e+01     3.85873e+00
    1.65055e+00     1.09568e+03     2.92447e+01     3.83738e+00
    1.65465e+00     1.09321e+03     2.91786e+01     3.82859e+00
    1.65874e+00     1.09404e+03     2.91923e+01     3.81280e+00
    1.66283e+00     1.08874e+03     2.88604e+01     3.78601e+00
    1.66691e+00     1.08785e+03     2.88346e+01     3.76924e+00
    1.67101e+00     1.08613e+03     2.87085e+01     3.74112e+00
    1.67510e+00     1.08236e+03     2.86226e+01     3.72931e+00
    1.67919e+00     1.08304e+03     2.85158e+01     3.71186e+00
    1.68328e+00     1.08132e+03     2.84680e+01     3.69802e+00
    1.68737e+00     1.08053e+03     2.82958e+01     3.67156e+00
    1.69146e+00     1.07552e+03     2.81752e+01     3.65582e+00
    1.69555e+00     1.07425e+03     2.80181e+01     3.63930e+00
    1.69964e+00     1.07338e+03     2.80257e+01     3.62299e+00
    1.70373e+00     1.07196e+03     2.78153e+01     3.60186e+00
    1.70782e+00     1.07003e+03     2.77796e+01     3.58167e+00
    1.71191e+00     1.06717e+03     2.76246e+01     3.56173e+00
    1.71600e+00     1.06521e+03     2.75226e+01     3.54228e+00
    1.72009e+00     1.06463e+03     2.74962e+01     3.53060e+00
    1.72418e+00     1.06240e+03     2.73797e+01     3.51270e+00
    1.72828e+00     1.05920e+03     2.72614e+01     3.49550e+00
    1.73237e+00     1.05785e+03     2.71135e+01     3.47453e+00
    1.73646e+00     1.05606e+03     2.69760e+01     3.45229e+00
    1.74055e+00     1.05587e+03     2.69512e+01     3.44262e+00
    1.74464e+00     1.05378e+03     2.68464e+01     3.42174e+00
    1.74874e+00     1.05042e+03     2.67890e+01     3.40893e+00
    1.75282e+00     1.04904e+03     2.66864e+01     3.39580e+00
    1.75691e+00     1.04804e+03     2.65535e+01     3.37507e+00
    1.76100e+00     1.04589e+03     2.64121e+01     3.35960e+00
    1.76509e+00     1.04235e+03     2.63033e+01     3.34298e+00
    1.76918e+00     1.04167e+03     2.61662e+01     3.32379e+00
    1.77327e+00     1.04157e+03     2.61310e+01     3.30601e+00
    1.77737e+00     1.03797e+03     2.60185e+01     3.28357e+00
    1.78146e+00     1.03666e+03     2.59243e+01     3.27198e+00
    1.78554e+00     1.03504e+03     2.58215e+01     3.25532e+00
    1.78964e+00     1.03311e+03     2.57029e+01     3.24181e+00
    1.79373e+00     1.03237e+03     2.57151e+01     3.22812e+00
    1.79782e+00     1.03063e+03     2.56007e+01     3.21454e+00
    1.80191e+00     1.02714e+03     2.54375e+01     3.19525e+00
    1.80600e+00     1.02611e+03     2.54062e+01     3.18339e+00
    1.81009e+00     1.02377e+03     2.52715e+01     3.16644e+00
    1.81418e+00     1.02359e+03     2.52192e+01     3.15424e+00
    1.81827e+00     1.02130e+03     2.51215e+01     3.13636e+00
    1.82236e+00     1.01857e+03     2.50247e+01     3.12256e+00
    1.82645e+00     1.01615e+03     2.49032e+01     3.10565e+00
    1.83054e+00     1.01607e+03     2.48428e+01     3.09120e+00
    1.83463e+00     1.01259e+03     2.47025e+01     3.07371e+00
    1.83872e+00     1.01345e+03     2.47135e+01     3.06380e+00
    1.84281e+00     1.01056e+03     2.45708e+01     3.04856e+00
    1.84691e+00     1.00743e+03     2.44682e+01     3.02886e+00
    1.85100e+00     1.00678e+03     2.44216e+01     3.01874e+00
    1.85509e+00     1.00502e+03     2.43120e+01     3.00185e+00
    1.85918e+00     1.00260e+03     2.41974e+01     2.98893e+00
    1.86327e+00     1.00013e+03     2.41361e+01     2.97577e+00
    1.86736e+00     9.99857e+02     2.40220e+01     2.95844e+00
    1.87145e+00     9.98150e+02     2.39459e+01     2.94008e+00
    1.87554e+00     9.97907e+02     2.38816e+01     2.92846e+00
    1.87963e+00     9.95765e+02     2.38201e+01     2.91722e+00
    1.88372e+00     9.92075e+02     2.36625e+01     2.89817e+00
    1.88781e+00     9.90809e+02     2.35862e+01     2.88920e+00
    1.89190e+00     9.90448e+02     2.35135e+01     2.87423e+00
    1.89599e+00     9.87584e+02     2.34699e+01     2.86354e+00
    1.90008e+00     9.84905e+02     2.33613e+01     2.84776e+00
    1.90417e+00     9.84708e+02     2.32832e+01     2.83291e+00
    1.90827e+00     9.83403e+02     2.32601e+01     2.82675e+00
    1.91236e+00     9.79036e+02     2.30760e+01     2.80695e+00
    1.91645e+00     9.78113e+02     2.30392e+01     2.79690e+00
    1.92054e+00     9.78679e+02     2.30335e+01     2.78631e+00
    1.92463e+00     9.76640e+02     2.29168e+01     2.77524e+00
    1.92872e+00     9.73794e+02     2.27284e+01     2.75031e+00
    1.93281e+00     9.72635e+02     2.27756e+01     2.74440e+00
    1.93690e+00     9.70570e+02     2.26477e+01     2.73403e+00
    1.94099e+00     9.67333e+02     2.25874e+01     2.72111e+00
    1.94508e+00     9.66800e+02     2.24459e+01     2.70322e+00
    1.94917e+00     9.64425e+02     2.23193e+01     2.68818e+00
    1.95326e+00     9.64019e+02     2.23161e+01     2.68020e+00
    1.95735e+00     9.61020e+02     2.22122e+01     2.66454e+00
    1.96144e+00     9.59715e+02     2.20664e+01     2.65033e+00
    1.96553e+00     9.57799e+02     2.20483e+01     2.64302e+00
    1.96962e+00     9.56498e+02     2.19841e+01     2.63105e+00
    1.97371e+00     9.55455e+02     2.19532e+01     2.62020e+00
    1.97781e+00     9.54093e+02     2.18596e+01     2.60586e+00
    1.98190e+00     9.52894e+02     2.17757e+01     2.59433e+00
    1.98599e+00     9.50132e+02     2.16876e+01     2.57827e+00
    1.99008e+00     9.47895e+02     2.16014e+01     2.57139e+00
    1.99417e+00     9.45938e+02     2.15211e+01     2.55592e+00
    1.99826e+00     9.44881e+02     2.14533e+01     2.54578e+00
    2.00235e+00     9.44249e+02     2.14202e+01     2.53251e+00
    2.00644e+00     9.41393e+02     2.13402e+01     2.52427e+00
    2.01053e+00     9.39260e+02     2.12272e+01     2.51168e+00
    2.01462e+00     9.37840e+02     2.11949e+01     2.50138e+00
    2.01871e+00     9.36654e+02     2.11068e+01     2.48867e+00
    2.02280e+00     9.35359e+02     2.10719e+01     2.47733e+00
    2.02689e+00     9.33526e+02     2.09524e+01     2.46521e+00
    2.03098e+00     9.30758e+02     2.08636e+01     2.45017e+00
    2.03507e+00     9.29536e+02     2.08388e+01     2.44092e+00
    2.03917e+00     9.27424e+02     2.07224e+01     2.43247e+00
    2.04325e+00     9.26473e+02     2.06459e+01     2.41831e+00
    2.04735e+00     9.25388e+02     2.06402e+01     2.40960e+00
    2.05143e+00     9.22190e+02     2.05295e+01     2.39686e+00
    2.05552e+00     9.21681e+02     2.04757e+01     2.38614e+00
    2.05962e+00     9.20596e+02     2.04498e+01     2.37718e+00
    2.06371e+00     9.17297e+02     2.02930e+01     2.36538e+00
    2.06780e+00     9.15829e+02     2.02315e+01     2.35287e+00
    2.07189e+00     9.14455e+02     2.01557e+01     2.34026e+00
    2.07598e+00     9.13800e+02     2.01349e+01     2.33310e+00
    2.08007e+00     9.11369e+02     2.00271e+01     2.32144e+00
    2.08416e+00     9.09264e+02     1.99472e+01     2.31224e+00
    2.08825e+00     9.08471e+02     1.99211e+01     2.30221e+00
    2.09234e+00     9.06298e+02     1.98167e+01     2.29123e+00
    2.09644e+00     9.04516e+02     1.97690e+01     2.28136e+00
    2.10053e+00     9.03145e+02     1.96593e+01     2.26661e+00
    2.10461e+00     9.01549e+02     1.96617e+01     2.25987e+00
    2.10870e+00     8.99530e+02     1.95305e+01     2.25054e+00
    2.11280e+00     8.98393e+02     1.94932e+01     2.23924e+00
    2.11688e+00     8.96121e+02     1.94222e+01     2.23043e+00
    2.12098e+00     8.95346e+02     1.93847e+01     2.21995e+00
    2.12507e+00     8.93113e+02     1.92988e+01     2.20881e+00
    2.12916e+00     8.91659e+02     1.92665e+01     2.19897e+00
    2.13325e+00     8.89955e+02     1.91766e+01     2.18966e+00
    2.13734e+00     8.88553e+02     1.90828e+01     2.17766e+00
    2.14143e+00     8.87081e+02     1.90645e+01     2.16956e+00
    2.14552e+00     8.85744e+02     1.89970e+01     2.16058e+00
    2.14961e+00     8.82349e+02     1.88792e+01     2.14951e+00
    2.15370e+00     8.81621e+02     1.88156e+01     2.13812e+00
    2.15779e+00     8.79766e+02     1.87939e+01     2.12925e+00
    2.16188e+00     8.78745e+02     1.87516e+01     2.12196e+00
    2.16597e+00     8.77358e+02     1.86823e+01     2.11343e+00
    2.17006e+00     8.75930e+02     1.85879e+01     2.09849e+00
    2.17416e+00     8.74137e+02     1.85636e+01     2.09274e+00
    2.17825e+00     8.72693e+02     1.84999e+01     2.08397e+00
    2.18234e+00     8.70855e+02     1.84269e+01     2.07432e+00
    2.18643e+00     8.68658e+02     1.83514e+01     2.06500e+00
    2.19052e+00     8.66691e+02     1.82639e+01     2.05486e+00
    2.19461e+00     8.64871e+02     1.82253e+01     2.04707e+00
    2.19870e+00     8.64127e+02     1.81457e+01     2.03843e+00
    2.20279e+00     8.64260e+02     1.81370e+01     2.02770e+00
    2.20688e+00     8.60004e+02     1.80372e+01     2.01934e+00
    2.21097e+00     8.59749e+02     1.80196e+01     2.01226e+00
    2.21506e+00     8.57504e+02     1.79134e+01     1.99948e+00
    2.21915e+00     8.55939e+02     1.78358e+01     1.99221e+00
    2.22324e+00     8.54039e+02     1.77937e+01     1.98298e+00
    2.22733e+00     8.51537e+02     1.77228e+01     1.97331e+00
    2.23142e+00     8.50829e+02     1.76770e+01     1.96709e+00
    2.23552e+00     8.49867e+02     1.76157e+01     1.95477e+00
    2.23961e+00     8.48227e+02     1.75548e+01     1.94809e+00
    2.24369e+00     8.46157e+02     1.75231e+01     1.93906e+00
    2.24779e+00     8.44635e+02     1.74505e+01     1.93011e+00
    2.25188e+00     8.43354e+02     1.73770e+01     1.92275e+00
    2.25597e+00     8.41802e+02     1.73373e+01     1.91326e+00
    2.26006e+00     8.40136e+02     1.72519e+01     1.90428e+00
    2.26415e+00     8.38672e+02     1.72287e+01     1.89630e+00
    2.26824e+00     8.35607e+02     1.71438e+01     1.88920e+00
    2.27233e+00     8.34771e+02     1.70653e+01     1.87765e+00
    2.27642e+00     8.33329e+02     1.70224e+01     1.86924e+00
    2.28051e+00     8.32870e+02     1.70148e+01     1.86229e+00
    2.28460e+00     8.30698e+02     1.69341e+01     1.85388e+00
    2.28869e+00     8.27496e+02     1.68528e+01     1.84551e+00
    2.29278e+00     8.27455e+02     1.68151e+01     1.83881e+00
    2.29687e+00     8.25525e+02     1.67255e+01     1.82826e+00
    2.30096e+00     8.24523e+02     1.67236e+01     1.82434e+00
    2.30506e+00     8.23214e+02     1.66660e+01     1.81409e+00
    2.30915e+00     8.21287e+02     1.66337e+01     1.80950e+00
    2.31324e+00     8.19831e+02     1.65253e+01     1.79890e+00
    2.31733e+00     8.18451e+02     1.64804e+01     1.79024e+00
    2.32142e+00     8.14758e+02     1.63803e+01     1.78103e+00
    2.32551e+00     8.14853e+02     1.63770e+01     1.77737e+00
    2.32960e+00     8.13230e+02     1.63455e+01     1.76896e+00
    2.33369e+00     8.11868e+02     1.62981e+01     1.76043e+00
    2.33778e+00     8.10842e+02     1.62210e+01     1.75203e+00
    2.34187e+00     8.08406e+02     1.61284e+01     1.74362e+00
    2.34596e+00     8.06672e+02     1.60515e+01     1.73331e+00
    2.35005e+00     8.04585e+02     1.60457e+01     1.72825e+00
    2.35414e+00     8.03877e+02     1.60133e+01     1.72071e+00
    2.35823e+00     8.02260e+02     1.59410e+01     1.71360e+00
    2.36232e+00     8.00289e+02     1.58788e+01     1.70475e+00
    2.36641e+00     7.99351e+02     1.58583e+01     1.70031e+00
    2.37051e+00     7.96196e+02     1.57812e+01     1.69038e+00
    2.37460e+00     7.95610e+02     1.57225e+01     1.68496e+00
    2.37869e+00     7.93711e+02     1.56796e+01     1.67701e+00
    2.38278e+00     7.91939e+02     1.56377e+01     1.67012e+00
    2.38687e+00     7.90958e+02     1.55765e+01     1.66171e+00
    2.39096e+00     7.88635e+02     1.54690e+01     1.65154e+00
    2.39505e+00     7.86925e+02     1.54486e+01     1.64559e+00
    2.39914e+00     7.86162e+02     1.53949e+01     1.63887e+00
    2.40323e+00     7.85883e+02     1.53963e+01     1.63243e+00
    2.40732e+00     7.84349e+02     1.53206e+01     1.62425e+00
    2.41141e+00     7.82848e+02     1.52897e+01     1.61914e+00
    2.41550e+00     7.80640e+02     1.52439e+01     1.61223e+00
    2.41959e+00     7.79785e+02     1.51835e+01     1.60441e+00
    2.42368e+00     7.78213e+02     1.51162e+01     1.59683e+00
    2.42777e+00     7.75040e+02     1.50588e+01     1.59101e+00
    2.43187e+00     7.74537e+02     1.50175e+01     1.58192e+00
    2.43596e+00     7.73042e+02     1.49879e+01     1.57659e+00
    2.44004e+00     7.70468e+02     1.48970e+01     1.56955e+00
    2.44414e+00     7.69247e+02     1.48573e+01     1.56300e+00
    2.44823e+00     7.67942e+02     1.48111e+01     1.55549e+00
    2.45232e+00     7.66769e+02     1.47630e+01     1.54838e+00
    2.45640e+00     7.66136e+02     1.47571e+01     1.54344e+00
    2.46050e+00     7.64008e+02     1.46782e+01     1.53574e+00
    2.46459e+00     7.62416e+02     1.46304e+01     1.52868e+00
    2.46868e+00     7.60021e+02     1.45824e+01     1.52177e+00
    2.47277e+00     7.59484e+02     1.45731e+01     1.51729e+00
    2.47686e+00     7.58232e+02     1.44812e+01     1.50924e+00
    2.48095e+00     7.56293e+02     1.44577e+01     1.50313e+00
    2.48504e+00     7.54641e+02     1.43779e+01     1.49610e+00
    2.48913e+00     7.52647e+02     1.43393e+01     1.49042e+00
    2.49322e+00     7.52052e+02     1.42983e+01     1.48507e+00
    2.49731e+00     7.49652e+02     1.42231e+01     1.47613e+00
    2.50141e+00     7.48721e+02     1.41890e+01     1.46920e+00
    2.50550e+00     7.47740e+02     1.41688e+01     1.46401e+00
    2.50959e+00     7.46202e+02     1.40995e+01     1.45595e+00
    2.51368e+00     7.45102e+02     1.40743e+01     1.45332e+00
    2.51777e+00     7.42817e+02     1.40113e+01     1.44565e+00
    2.52186e+00     7.40993e+02     1.39650e+01     1.43851e+00
    2.52595e+00     7.39904e+02     1.39216e+01     1.43311e+00
    2.53004e+00     7.38123e+02     1.38698e+01     1.42714e+00
    2.53413e+00     7.36778e+02     1.38194e+01     1.42125e+00
    2.53822e+00     7.34551e+02     1.37583e+01     1.41352e+00
    2.54231e+00     7.34633e+02     1.37534e+01     1.40731e+00
    2.54640e+00     7.32230e+02     1.36786e+01     1.40240e+00
    2.55049e+00     7.30726e+02     1.36532e+01     1.39717e+00
    2.55458e+00     7.29450e+02     1.36033e+01     1.38997e+00
    2.55867e+00     7.27836e+02     1.35709e+01     1.38422e+00
    2.56276e+00     7.26885e+02     1.35193e+01     1.37825e+00
    2.56685e+00     7.24376e+02     1.34766e+01     1.37319e+00
    2.57095e+00     7.23613e+02     1.34220e+01     1.36613e+00
    2.57504e+00     7.21762e+02     1.33663e+01     1.36025e+00
    2.57913e+00     7.20154e+02     1.33243e+01     1.35363e+00
    2.58322e+00     7.19272e+02     1.32842e+01     1.34778e+00
    2.58731e+00     7.17751e+02     1.32496e+01     1.34203e+00
    2.59140e+00     7.16670e+02     1.32166e+01     1.33732e+00
    2.59549e+00     7.14733e+02     1.31606e+01     1.33033e+00
    2.59958e+00     7.13737e+02     1.31204e+01     1.32514e+00
    2.60367e+00     7.11404e+02     1.30771e+01     1.31990e+00
    2.60776e+00     7.09806e+02     1.30390e+01     1.31428e+00
    2.61185e+00     7.08863e+02     1.29731e+01     1.30651e+00
    2.61594e+00     7.07481e+02     1.29506e+01     1.30350e+00
    2.62003e+00     7.05792e+02     1.28927e+01     1.29757e+00
    2.62412e+00     7.04791e+02     1.28759e+01     1.29061e+00
    2.62821e+00     7.02568e+02     1.28076e+01     1.28605e+00
    2.63230e+00     7.01883e+02     1.27976e+01     1.28097e+00
    2.63640e+00     6.99769e+02     1.27299e+01     1.27634e+00
    2.64049e+00     6.99068e+02     1.26947e+01     1.26896e+00
    2.64457e+00     6.96908e+02     1.26502e+01     1.26301e+00
    2.64867e+00     6.96418e+02     1.26347e+01     1.25876e+00
    2.65276e+00     6.93665e+02     1.25625e+01     1.25367e+00
    2.65685e+00     6.92517e+02     1.25221e+01     1.24782e+00
    2.66094e+00     6.91200e+02     1.25015e+01     1.24233e+00
    2.66503e+00     6.90133e+02     1.24497e+01     1.23758e+00
    2.66912e+00     6.89965e+02     1.24374e+01     1.23373e+00
    2.67321e+00     6.87734e+02     1.23722e+01     1.22656e+00
    2.67730e+00     6.86387e+02     1.23622e+01     1.22249e+00
    2.68139e+00     6.84083e+02     1.22873e+01     1.21672e+00
    2.68548e+00     6.82623e+02     1.22503e+01     1.21180e+00
    2.68957e+00     6.81108e+02     1.21812e+01     1.20495e+00
    2.69366e+00     6.79978e+02     1.21589e+01     1.20043e+00
    2.69776e+00     6.78487e+02     1.21015e+01     1.19539e+00
    2.70185e+00     6.77461e+02     1.20867e+01     1.19062e+00
    2.70594e+00     6.75547e+02     1.20465e+01     1.18434e+00
    2.71003e+00     6.74710e+02     1.20055e+01     1.18055e+00
    2.71412e+00     6.73292e+02     1.19858e+01     1.17581e+00
    2.71821e+00     6.71837e+02     1.19367e+01     1.17099e+00
    2.72230e+00     6.70158e+02     1.18810e+01     1.16454e+00
    2.72639e+00     6.68439e+02     1.18575e+01     1.16134e+00
    2.73048e+00     6.67798e+02     1.18269e+01     1.15594e+00
    2.73457e+00     6.66319e+02     1.17493e+01     1.14977e+00
    2.73866e+00     6.64850e+02     1.17084e+01     1.14489e+00
    2.74275e+00     6.63561e+02     1.17071e+01     1.14140e+00
    2.74684e+00     6.62462e+02     1.16823e+01     1.13661e+00
    2.75093e+00     6.61022e+02     1.16332e+01     1.13094e+00
    2.75502e+00     6.59350e+02     1.15977e+01     1.12654e+00
    2.75911e+00     6.57945e+02     1.15570e+01     1.12234e+00
    2.76320e+00     6.56020e+02     1.15015e+01     1.11604e+00
    2.76730e+00     6.54806e+02     1.14595e+01     1.11121e+00
    2.77139e+00     6.53486e+02     1.14381e+01     1.10816e+00
    2.77548e+00     6.52479e+02     1.13983e+01     1.10185e+00
    2.77957e+00     6.50576e+02     1.13454e+01     1.09837e+00
    2.78366e+00     6.49585e+02     1.13329e+01     1.09360e+00
    2.78775e+00     6.47897e+02     1.12737e+01     1.08861e+00
    2.79184e+00     6.46879e+02     1.12424e+01     1.08301e+00
    2.79593e+00     6.45486e+02     1.12239e+01     1.08035e+00
    2.80002e+00     6.44428e+02     1.11722e+01     1.07459e+00
    2.80411e+00     6.42713e+02     1.11565e+01     1.07149e+00
    2.80820e+00     6.40683e+02     1.10873e+01     1.06479e+00
    2.81229e+00     6.40299e+02     1.10607e+01     1.06037e+00
    2.81638e+00     6.39713e+02     1.10716e+01     1.05735e+00
    2.82047e+00     6.37179e+02     1.09863e+01     1.05187e+00
    2.82457e+00     6.36127e+02     1.09577e+01     1.04777e+00
    2.82866e+00     6.34693e+02     1.09220e+01     1.04394e+00
    2.83275e+00     6.33365e+02     1.09017e+01     1.03922e+00
    2.83684e+00     6.31758e+02     1.08547e+01     1.03343e+00
    2.84093e+00     6.30804e+02     1.08067e+01     1.03003e+00
    2.84502e+00     6.28963e+02     1.07813e+01     1.02583e+00
    2.84911e+00     6.28125e+02     1.07549e+01     1.02066e+00
    2.85320e+00     6.26586e+02     1.06919e+01     1.01672e+00
    2.85729e+00     6.24503e+02     1.06540e+01     1.01251e+00
    2.86138e+00     6.24174e+02     1.06456e+01     1.00802e+00
    2.86547e+00     6.22310e+02     1.05992e+01     1.00313e+00
    2.86956e+00     6.21075e+02     1.05687e+01     9.99799e-01
    2.87365e+00     6.20135e+02     1.05453e+01     9.95275e-01
    2.87774e+00     6.18552e+02     1.04990e+01     9.91736e-01
    2.88183e+00     6.17880e+02     1.04757e+01     9.85971e-01
    2.88592e+00     6.16255e+02     1.04386e+01     9.83086e-01
    2.89001e+00     6.15044e+02     1.04097e+01     9.79375e-01
    2.89410e+00     6.13161e+02     1.03577e+01     9.74585e-01
    2.89820e+00     6.11919e+02     1.03364e+01     9.70530e-01
    2.90229e+00     6.10525e+02     1.03014e+01     9.66006e-01
    2.90638e+00     6.08972e+02     1.02358e+01     9.61812e-01
    2.91047e+00     6.08865e+02     1.02398e+01     9.58099e-01
    2.91456e+00     6.06619e+02     1.01898e+01     9.53384e-01
    2.91865e+00     6.05603e+02     1.01709e+01     9.50395e-01
    2.92274e+00     6.04696e+02     1.01391e+01     9.46455e-01
    2.92683e+00     6.02784e+02     1.00997e+01     9.42117e-01
    2.93092e+00     6.01220e+02     1.00696e+01     9.39005e-01
    2.93501e+00     6.00565e+02     1.00362e+01     9.34177e-01
    2.93910e+00     5.99417e+02     9.98524e+00     9.29229e-01
    2.94319e+00     5.98124e+02     9.98549e+00     9.26148e-01
    2.94728e+00     5.96606e+02     9.93266e+00     9.22140e-01
    2.95137e+00     5.94928e+02     9.90550e+00     9.18163e-01
    2.95546e+00     5.93950e+02     9.88724e+00     9.15084e-01
    2.95955e+00     5.92807e+02     9.84272e+00     9.10768e-01
    2.96364e+00     5.91131e+02     9.80731e+00     9.06217e-01
    2.96774e+00     5.89801e+02     9.78037e+00     9.03499e-01
    2.97183e+00     5.88922e+02     9.74506e+00     8.99423e-01
    2.97592e+00     5.87958e+02     9.72533e+00     8.94958e-01
    2.98001e+00     5.86460e+02     9.67875e+00     8.91416e-01
    2.98410e+00     5.84882e+02     9.63066e+00     8.87308e-01
    2.98819e+00     5.83695e+02     9.61748e+00     8.83405e-01
    2.99228e+00     5.82755e+02     9.59310e+00     8.80939e-01
    2.99637e+00     5.81226e+02     9.56621e+00     8.76470e-01
    3.00046e+00     5.79998e+02     9.52854e+00     8.73469e-01
    3.00455e+00     5.78799e+02     9.48170e+00     8.68169e-01
    3.00864e+00     5.77737e+02     9.45346e+00     8.64850e-01
    3.01273e+00     5.76812e+02     9.43695e+00     8.62407e-01
    3.01682e+00     5.75038e+02     9.39700e+00     8.58489e-01
    3.02091e+00     5.73559e+02     9.36829e+00     8.54208e-01
    3.02500e+00     5.72313e+02     9.33885e+00     8.51257e-01
    3.02910e+00     5.71022e+02     9.31849e+00     8.48233e-01
    3.03319e+00     5.70162e+02     9.28331e+00     8.45233e-01
    3.03728e+00     5.69031e+02     9.25508e+00     8.40860e-01
    3.04137e+00     5.67287e+02     9.21587e+00     8.36311e-01
    3.04546e+00     5.66469e+02     9.19632e+00     8.34004e-01
    3.04955e+00     5.64610e+02     9.15454e+00     8.30712e-01
    3.05364e+00     5.63893e+02     9.12536e+00     8.26199e-01
    3.05773e+00     5.62425e+02     9.09162e+00     8.23298e-01
    3.06182e+00     5.60957e+02     9.06707e+00     8.20153e-01
    3.06591e+00     5.59184e+02     9.02034e+00     8.16015e-01
    3.07000e+00     5.58735e+02     9.00780e+00     8.12254e-01
    3.07409e+00     5.57217e+02     8.97647e+00     8.09524e-01
    3.07818e+00     5.55950e+02     8.95381e+00     8.05898e-01
    3.08227e+00     5.55192e+02     8.92261e+00     8.02053e-01
    3.08636e+00     5.54428e+02     8.90511e+00     7.98955e-01
    3.09045e+00     5.52880e+02     8.87296e+00     7.96378e-01
    3.09454e+00     5.51772e+02     8.84072e+00     7.92727e-01
    3.09863e+00     5.50414e+02     8.81288e+00     7.89225e-01
    3.10272e+00     5.49280e+02     8.77826e+00     7.85776e-01
    3.10682e+00     5.48215e+02     8.75615e+00     7.82700e-01
    3.11091e+00     5.47275e+02     8.72526e+00     7.79658e-01
    3.11500e+00     5.45523e+02     8.69164e+00     7.75504e-01
    3.11909e+00     5.44426e+02     8.67375e+00     7.73635e-01
    3.12318e+00     5.43239e+02     8.63553e+00     7.69595e-01
    3.12727e+00     5.41817e+02     8.60897e+00     7.66894e-01
    3.13136e+00     5.40700e+02     8.58547e+00     7.63884e-01
    3.13545e+00     5.39706e+02     8.56783e+00     7.60565e-01
    3.13954e+00     5.38670e+02     8.52322e+00     7.57011e-01
    3.14363e+00     5.37039e+02     8.49445e+00     7.53826e-01
    3.14772e+00     5.36052e+02     8.45898e+00     7.49979e-01
    3.15181e+00     5.34701e+02     8.45119e+00     7.47716e-01
    3.15590e+00     5.33536e+02     8.41766e+00     7.44672e-01
    3.16000e+00     5.32766e+02     8.39921e+00     7.41125e-01
    3.16409e+00     5.31829e+02     8.36303e+00     7.38027e-01
    3.16818e+00     5.30544e+02     8.33416e+00     7.34879e-01
    3.17227e+00     5.29413e+02     8.31993e+00     7.32643e-01
    3.17636e+00     5.27959e+02     8.28614e+00     7.29048e-01
    3.18045e+00     5.26500e+02     8.24418e+00     7.25814e-01
    3.18454e+00     5.25529e+02     8.23172e+00     7.23101e-01
    3.18863e+00     5.24133e+02     8.19783e+00     7.20118e-01
    3.19272e+00     5.23232e+02     8.19199e+00     7.17121e-01
    3.19681e+00     5.21899e+02     8.14151e+00     7.13889e-01
    3.20090e+00     5.20937e+02     8.12143e+00     7.11513e-01
    3.20499e+00     5.19893e+02     8.09612e+00     7.07956e-01
    3.20908e+00     5.18637e+02     8.07790e+00     7.05092e-01
    3.21317e+00     5.17294e+02     8.04143e+00     7.02574e-01
    3.21726e+00     5.17114e+02     8.03296e+00     6.99504e-01
    3.22135e+00     5.15187e+02     7.98818e+00     6.96114e-01
    3.22545e+00     5.14083e+02     7.97298e+00     6.93521e-01
    3.22954e+00     5.12870e+02     7.94055e+00     6.90971e-01
    3.23363e+00     5.11914e+02     7.90287e+00     6.86965e-01
    3.23772e+00     5.10604e+02     7.88303e+00     6.85292e-01
    3.24181e+00     5.09835e+02     7.87192e+00     6.81988e-01
    3.24590e+00     5.08332e+02     7.82722e+00     6.79104e-01
    3.24999e+00     5.07322e+02     7.81965e+00     6.76972e-01
    3.25408e+00     5.05882e+02     7.77946e+00     6.73635e-01
    3.25817e+00     5.04931e+02     7.76030e+00     6.70948e-01
    3.26226e+00     5.04072e+02     7.75418e+00     6.68660e-01
    3.26635e+00     5.02774e+02     7.72492e+00     6.66095e-01
    3.27044e+00     5.01812e+02     7.68949e+00     6.63048e-01
    3.27453e+00     5.00321e+02     7.65503e+00     6.59993e-01
    3.27862e+00     4.99670e+02     7.63523e+00     6.57594e-01
    3.28271e+00     4.98100e+02     7.61311e+00     6.54362e-01
    3.28681e+00     4.97563e+02     7.59403e+00     6.51811e-01
    3.29090e+00     4.96062e+02     7.56170e+00     6.48977e-01
    3.29499e+00     4.95051e+02     7.54207e+00     6.46687e-01
    3.29908e+00     4.94513e+02     7.52928e+00     6.44334e-01
    3.30317e+00     4.93054e+02     7.49937e+00     6.40964e-01
    3.30725e+00     4.91513e+02     7.46619e+00     6.38194e-01
    3.31135e+00     4.90125e+02     7.44707e+00     6.35962e-01
    3.31544e+00     4.89388e+02     7.42029e+00     6.33417e-01
    3.31953e+00     4.88408e+02     7.40761e+00     6.30833e-01
    3.32362e+00     4.87299e+02     7.37297e+00     6.28026e-01
    3.32771e+00     4.86168e+02     7.35625e+00     6.25582e-01
    3.33180e+00     4.85523e+02     7.32055e+00     6.23231e-01
    3.33589e+00     4.84545e+02     7.30960e+00     6.20576e-01
    3.33998e+00     4.83064e+02     7.28057e+00     6.18271e-01
    3.34407e+00     4.81936e+02     7.24901e+00     6.15324e-01
    3.34816e+00     4.80959e+02     7.23448e+00     6.12971e-01
    3.35226e+00     4.79930e+02     7.21462e+00     6.10528e-01
    3.35634e+00     4.78693e+02     7.19148e+00     6.08224e-01
    3.36043e+00     4.78005e+02     7.16720e+00     6.05529e-01
    3.36453e+00     4.77032e+02     7.14793e+00     6.02843e-01
    3.36862e+00     4.75526e+02     7.11436e+00     6.00220e-01
    3.37271e+00     4.74547e+02     7.08251e+00     5.97768e-01
    3.37680e+00     4.73917e+02     7.07974e+00     5.95949e-01
    3.38089e+00     4.72755e+02     7.05620e+00     5.93276e-01
    3.38498e+00     4.71416e+02     7.02206e+00     5.90808e-01
    3.38907e+00     4.70593e+02     7.01019e+00     5.88745e-01
    3.39316e+00     4.69726e+02     6.99467e+00     5.86277e-01
    3.39725e+00     4.68752e+02     6.96559e+00     5.83520e-01
    3.40134e+00     4.67526e+02     6.93997e+00     5.81091e-01
    3.40543e+00     4.66541e+02     6.93327e+00     5.79580e-01
    3.40952e+00     4.65152e+02     6.89351e+00     5.76680e-01
    3.41362e+00     4.64143e+02     6.87009e+00     5.74052e-01
    3.41770e+00     4.63431e+02     6.85701e+00     5.71814e-01
    3.42179e+00     4.62369e+02     6.83193e+00     5.69606e-01
    3.42588e+00     4.61134e+02     6.80320e+00     5.67036e-01
    3.42997e+00     4.60429e+02     6.79508e+00     5.64903e-01
    3.43406e+00     4.59186e+02     6.75588e+00     5.62192e-01
    3.43816e+00     4.58572e+02     6.75232e+00     5.60368e-01
    3.44225e+00     4.57433e+02     6.73224e+00     5.57744e-01
    3.44634e+00     4.56238e+02     6.70164e+00     5.56011e-01
    3.45043e+00     4.55184e+02     6.67586e+00     5.53464e-01
    3.45452e+00     4.54223e+02     6.66849e+00     5.51688e-01
    3.45861e+00     4.53138e+02     6.64022e+00     5.48926e-01
    3.46270e+00     4.52639e+02     6.62806e+00     5.46968e-01
    3.46679e+00     4.51483e+02     6.60331e+00     5.44888e-01
    3.47088e+00     4.50370e+02     6.58342e+00     5.42752e-01
    3.47497e+00     4.49275e+02     6.55644e+00     5.40353e-01
    3.47906e+00     4.48311e+02     6.53754e+00     5.38420e-01
    3.48315e+00     4.47500e+02     6.51703e+00     5.35796e-01
    3.48725e+00     4.46472e+02     6.48902e+00     5.33657e-01
    3.49134e+00     4.45488e+02     6.46778e+00     5.31478e-01
    3.49543e+00     4.44488e+02     6.45320e+00     5.29304e-01
    3.49952e+00     4.43694e+02     6.43583e+00     5.27303e-01
    3.50361e+00     4.42338e+02     6.41164e+00     5.25253e-01
    3.50770e+00     4.41283e+02     6.38863e+00     5.22797e-01
    3.51179e+00     4.40605e+02     6.38889e+00     5.21742e-01
    3.51588e+00     4.39523e+02     6.35741e+00     5.19553e-01
    3.51997e+00     4.39232e+02     6.34112e+00     5.17163e-01
    3.52406e+00     4.37782e+02     6.31640e+00     5.14882e-01
    3.52815e+00     4.36858e+02     6.30267e+00     5.12996e-01
    3.53224e+00     4.35754e+02     6.27940e+00     5.10802e-01
    3.53633e+00     4.34895e+02     6.25626e+00     5.08934e-01
    3.54042e+00     4.34126e+02     6.23890e+00     5.06702e-01
    3.54451e+00     4.33113e+02     6.21537e+00     5.05072e-01
    3.54860e+00     4.32021e+02     6.20110e+00     5.02799e-01
    3.55270e+00     4.31357e+02     6.18926e+00     5.00968e-01
    3.55679e+00     4.30391e+02     6.16606e+00     4.98946e-01
    3.56088e+00     4.28940e+02     6.14198e+00     4.96808e-01
    3.56497e+00     4.28470e+02     6.13103e+00     4.95212e-01
    3.56906e+00     4.27116e+02     6.10322e+00     4.92776e-01
    3.57315e+00     4.26473e+02     6.08541e+00     4.91078e-01
    3.57724e+00     4.25833e+02     6.07658e+00     4.89017e-01
    3.58133e+00     4.24423e+02     6.04760e+00     4.87415e-01
    3.58542e+00     4.23436e+02     6.03179e+00     4.85355e-01
    3.58951e+00     4.22628e+02     6.01043e+00     4.83312e-01
    3.59360e+00     4.21988e+02     5.99664e+00     4.81420e-01
    3.59769e+00     4.21158e+02     5.97944e+00     4.79460e-01
    3.60178e+00     4.19964e+02     5.95534e+00     4.77433e-01
    3.60587e+00     4.19427e+02     5.93920e+00     4.75906e-01
    3.60996e+00     4.18033e+02     5.91362e+00     4.73364e-01
    3.61405e+00     4.17619e+02     5.90594e+00     4.72055e-01
    3.61814e+00     4.16556e+02     5.89329e+00     4.70115e-01
    3.62224e+00     4.15586e+02     5.86287e+00     4.68304e-01
    3.62633e+00     4.14539e+02     5.85139e+00     4.66945e-01
    3.63042e+00     4.14255e+02     5.83166e+00     4.64842e-01
    3.63451e+00     4.12942e+02     5.81550e+00     4.63133e-01
    3.63860e+00     4.12329e+02     5.79265e+00     4.61028e-01
    3.64269e+00     4.10836e+02     5.77181e+00     4.59257e-01
    3.64678e+00     4.10422e+02     5.76712e+00     4.57729e-01
    3.65087e+00     4.09310e+02     5.73992e+00     4.55696e-01
    3.65496e+00     4.08440e+02     5.72398e+00     4.54350e-01
    3.65905e+00     4.07771e+02     5.71258e+00     4.52398e-01
    3.66314e+00     4.06983e+02     5.69003e+00     4.50237e-01
    3.66723e+00     4.05657e+02     5.66320e+00     4.48375e-01
    3.67132e+00     4.04955e+02     5.65796e+00     4.46955e-01
    3.67541e+00     4.04275e+02     5.64311e+00     4.45505e-01
    3.67950e+00     4.03119e+02     5.61433e+00     4.43305e-01
    3.68359e+00     4.02436e+02     5.61260e+00     4.42160e-01
    3.68769e+00     4.01468e+02     5.58444e+00     4.39822e-01
    3.69177e+00     4.00413e+02     5.57008e+00     4.38414e-01
    3.69587e+00     3.99972e+02     5.55488e+00     4.36917e-01
    3.69996e+00     3.99102e+02     5.53603e+00     4.35263e-01
    3.70405e+00     3.98113e+02     5.51496e+00     4.33305e-01
    3.70814e+00     3.97422e+02     5.50314e+00     4.32097e-01
    3.71223e+00     3.96442e+02     5.48557e+00     4.29984e-01
    3.71632e+00     3.95663e+02     5.47151e+00     4.28214e-01
    3.72041e+00     3.95113e+02     5.46297e+00     4.27141e-01
    3.72450e+00     3.93982e+02     5.44248e+00     4.25340e-01
    3.72859e+00     3.93033e+02     5.41997e+00     4.23411e-01
    3.73268e+00     3.92671e+02     5.40763e+00     4.21909e-01
    3.73677e+00     3.91787e+02     5.40032e+00     4.20644e-01
    3.74086e+00     3.90607e+02     5.36923e+00     4.18682e-01
    3.74495e+00     3.89717e+02     5.36393e+00     4.17521e-01
    3.74905e+00     3.89105e+02     5.34761e+00     4.16081e-01
    3.75313e+00     3.88468e+02     5.32863e+00     4.14079e-01
    3.75722e+00     3.87455e+02     5.30922e+00     4.12307e-01
    3.76131e+00     3.86728e+02     5.29916e+00     4.11253e-01
    3.76541e+00     3.85410e+02     5.27220e+00     4.09509e-01
    3.76950e+00     3.85279e+02     5.26984e+00     4.07905e-01
    3.77359e+00     3.84125e+02     5.24818e+00     4.06245e-01
    3.77768e+00     3.83411e+02     5.23233e+00     4.04908e-01
    3.78177e+00     3.82886e+02     5.22593e+00     4.03473e-01
    3.78586e+00     3.81966e+02     5.20385e+00     4.01797e-01
    3.78995e+00     3.81045e+02     5.18700e+00     4.00280e-01
    3.79404e+00     3.80509e+02     5.17792e+00     3.98895e-01
    3.79813e+00     3.79377e+02     5.15392e+00     3.97538e-01
    3.80222e+00     3.78865e+02     5.14673e+00     3.96237e-01
    3.80632e+00     3.77682e+02     5.12659e+00     3.94367e-01
    3.81040e+00     3.77280e+02     5.12280e+00     3.93348e-01
    3.81449e+00     3.76176e+02     5.09843e+00     3.91723e-01
    3.81859e+00     3.75353e+02     5.08065e+00     3.90101e-01
    3.82268e+00     3.74570e+02     5.06416e+00     3.88450e-01
    3.82677e+00     3.74136e+02     5.05877e+00     3.87473e-01
    3.83086e+00     3.73142e+02     5.03877e+00     3.86060e-01
    3.83495e+00     3.72453e+02     5.02996e+00     3.84712e-01
    3.83904e+00     3.71501e+02     5.00678e+00     3.83000e-01
    3.84313e+00     3.71033e+02     4.99475e+00     3.81980e-01
    3.84722e+00     3.70034e+02     4.98703e+00     3.80323e-01
    3.85131e+00     3.69329e+02     4.97252e+00     3.78971e-01
    3.85540e+00     3.69006e+02     4.95875e+00     3.77681e-01
    3.85949e+00     3.68172e+02     4.94594e+00     3.76540e-01
    3.86358e+00     3.67127e+02     4.92513e+00     3.74980e-01
    3.86768e+00     3.66536e+02     4.91665e+00     3.73580e-01
    3.87177e+00     3.65566e+02     4.89666e+00     3.72126e-01
    3.87585e+00     3.64897e+02     4.89079e+00     3.70804e-01
    3.87994e+00     3.64380e+02     4.87033e+00     3.69429e-01
    3.88403e+00     3.63357e+02     4.85923e+00     3.68422e-01
    3.88813e+00     3.62749e+02     4.84715e+00     3.67014e-01
    3.89222e+00     3.61985e+02     4.83664e+00     3.65604e-01
    3.89631e+00     3.61195e+02     4.81291e+00     3.64343e-01
    3.90040e+00     3.60702e+02     4.80375e+00     3.62986e-01
    3.90449e+00     3.59966e+02     4.79247e+00     3.61565e-01
    3.90858e+00     3.59288e+02     4.78815e+00     3.60711e-01
    3.91267e+00     3.58463e+02     4.76913e+00     3.59066e-01
    3.91676e+00     3.57760e+02     4.75182e+00     3.57899e-01
    3.92085e+00     3.56796e+02     4.73526e+00     3.56553e-01
    3.92494e+00     3.56339e+02     4.72500e+00     3.55442e-01
    3.92903e+00     3.55750e+02     4.71854e+00     3.54304e-01
    3.93312e+00     3.54794e+02     4.69615e+00     3.52936e-01
    3.93721e+00     3.54324e+02     4.69504e+00     3.51850e-01
    3.94130e+00     3.53262e+02     4.67004e+00     3.50429e-01
    3.94539e+00     3.52893e+02     4.65941e+00     3.49098e-01
    3.94949e+00     3.52149e+02     4.64791e+00     3.48238e-01
    3.95358e+00     3.51534e+02     4.63595e+00     3.46595e-01
    3.95767e+00     3.50634e+02     4.62871e+00     3.45790e-01
    3.96176e+00     3.50057e+02     4.61402e+00     3.44637e-01
    3.96585e+00     3.49242e+02     4.59957e+00     3.43175e-01
    3.96994e+00     3.48693e+02     4.58921e+00     3.42031e-01
    3.97403e+00     3.47883e+02     4.56673e+00     3.40603e-01
    3.97812e+00     3.47498e+02     4.55985e+00     3.39776e-01
    3.98221e+00     3.46681e+02     4.54580e+00     3.38380e-01
    3.98630e+00     3.46277e+02     4.54002e+00     3.37350e-01
    3.99039e+00     3.45173e+02     4.51823e+00     3.35737e-01
    3.99448e+00     3.44567e+02     4.51146e+00     3.34932e-01
    3.99857e+00     3.44048e+02     4.50369e+00     3.34167e-01
    4.00266e+00     3.43407e+02     4.49719e+00     3.33069e-01
    4.00675e+00     3.42740e+02     4.47909e+00     3.31899e-01
    4.01085e+00     3.42046e+02     4.46431e+00     3.30578e-01
    4.01494e+00     3.41427e+02     4.45925e+00     3.29602e-01
    4.01902e+00     3.40852e+02     4.44607e+00     3.28522e-01
    4.02312e+00     3.40115e+02     4.43109e+00     3.27326e-01
    4.02721e+00     3.39397e+02     4.41793e+00     3.26271e-01
    4.03130e+00     3.38803e+02     4.40576e+00     3.25073e-01
    4.03539e+00     3.38012e+02     4.39783e+00     3.24326e-01
    4.03948e+00     3.37343e+02     4.38301e+00     3.22889e-01
    4.04357e+00     3.36869e+02     4.37373e+00     3.22074e-01
    4.04766e+00     3.36246e+02     4.35959e+00     3.21047e-01
    4.05175e+00     3.35641e+02     4.35122e+00     3.20177e-01
    4.05584e+00     3.34971e+02     4.33854e+00     3.19044e-01
    4.05993e+00     3.34593e+02     4.33404e+00     3.17886e-01
    4.06402e+00     3.33854e+02     4.31968e+00     3.16857e-01
    4.06811e+00     3.33239e+02     4.31135e+00     3.15922e-01
    4.07220e+00     3.32557e+02     4.29347e+00     3.14705e-01
    4.07630e+00     3.31925e+02     4.28823e+00     3.13910e-01
    4.08038e+00     3.31295e+02     4.27692e+00     3.12720e-01
    4.08447e+00     3.30832e+02     4.26731e+00     3.11789e-01
    4.08857e+00     3.30083e+02     4.25256e+00     3.11016e-01
    4.09266e+00     3.29565e+02     4.24092e+00     3.09655e-01
    4.09675e+00     3.28930e+02     4.23212e+00     3.08949e-01
    4.10084e+00     3.28329e+02     4.21827e+00     3.07703e-01
    4.10493e+00     3.27565e+02     4.20710e+00     3.06910e-01
    4.10902e+00     3.27058e+02     4.19992e+00     3.05981e-01
    4.11311e+00     3.26410e+02     4.19018e+00     3.04966e-01
    4.11720e+00     3.25800e+02     4.17968e+00     3.04042e-01
    4.12129e+00     3.25263e+02     4.16742e+00     3.03086e-01
    4.12538e+00     3.24504e+02     4.15031e+00     3.02214e-01
    4.12947e+00     3.24003e+02     4.14903e+00     3.01273e-01
    4.13356e+00     3.23608e+02     4.13679e+00     3.00104e-01
    4.13765e+00     3.22872e+02     4.12568e+00     2.99357e-01
    4.14175e+00     3.22613e+02     4.12074e+00     2.98556e-01
    4.14584e+00     3.21915e+02     4.11280e+00     2.97736e-01
    4.14993e+00     3.21344e+02     4.10113e+00     2.96665e-01
    4.15402e+00     3.20840e+02     4.09237e+00     2.95821e-01
    4.15811e+00     3.19989e+02     4.07965e+00     2.94910e-01
    4.16220e+00     3.19619e+02     4.07377e+00     2.94220e-01
    4.16629e+00     3.19119e+02     4.06460e+00     2.93221e-01
    4.17038e+00     3.18478e+02     4.05058e+00     2.92045e-01
    4.17447e+00     3.17958e+02     4.04206e+00     2.91459e-01
    4.17856e+00     3.17444e+02     4.03438e+00     2.90573e-01
    4.18265e+00     3.17085e+02     4.02765e+00     2.89865e-01
    4.18674e+00     3.16303e+02     4.00988e+00     2.88666e-01
