# Real space auto- and cross-spectra.
# z=1.000, 12.000<lgM<12.500
#      k[h/Mpc]            P_hh            P_hm            P_mm
    0.00000e+00     0.00000e+00     0.00000e+00     0.00000e+00
    5.79404e-03     8.54686e+03     5.90458e+03     4.56802e+03
    1.04717e-02     1.16554e+04     8.28696e+03     6.25005e+03
    1.42665e-02     1.56605e+04     1.14904e+04     8.77274e+03
    1.81228e-02     2.01065e+04     1.44982e+04     1.08431e+04
    2.24845e-02     1.63171e+04     1.19426e+04     9.11427e+03
    2.64508e-02     1.72056e+04     1.24588e+04     9.38922e+03
    3.04474e-02     1.21970e+04     8.67050e+03     6.52274e+03
    3.47320e-02     1.19349e+04     8.67026e+03     6.67664e+03
    3.88308e-02     1.01065e+04     7.22376e+03     5.50341e+03
    4.28140e-02     1.00115e+04     7.11288e+03     5.39148e+03
    4.68856e-02     9.19330e+03     6.43414e+03     4.83778e+03
    5.09858e-02     8.57989e+03     6.06863e+03     4.63767e+03
    5.51458e-02     7.63308e+03     5.45827e+03     4.23022e+03
    5.92243e-02     7.54753e+03     5.30260e+03     4.06099e+03
    6.32864e-02     7.25738e+03     5.06656e+03     3.85340e+03
    6.73674e-02     7.05059e+03     4.95854e+03     3.82948e+03
    7.14960e-02     6.73085e+03     4.69484e+03     3.59389e+03
    7.55894e-02     6.33200e+03     4.36112e+03     3.32021e+03
    7.96660e-02     5.96203e+03     4.08414e+03     3.10156e+03
    8.38183e-02     5.66985e+03     3.84833e+03     2.91737e+03
    8.78941e-02     5.17432e+03     3.46661e+03     2.62652e+03
    9.19238e-02     4.64745e+03     3.14270e+03     2.42677e+03
    9.60446e-02     4.44433e+03     2.94463e+03     2.23780e+03
    1.00128e-01     4.09970e+03     2.70015e+03     2.07310e+03
    1.04209e-01     3.95127e+03     2.56188e+03     1.95700e+03
    1.08333e-01     3.63758e+03     2.37082e+03     1.83252e+03
    1.12448e-01     3.67604e+03     2.38294e+03     1.83190e+03
    1.16521e-01     3.52352e+03     2.27970e+03     1.75749e+03
    1.20596e-01     3.42144e+03     2.17488e+03     1.66235e+03
    1.24665e-01     3.40184e+03     2.16743e+03     1.65908e+03
    1.28771e-01     3.26712e+03     2.06686e+03     1.58208e+03
    1.32874e-01     3.15088e+03     1.98083e+03     1.51225e+03
    1.36975e-01     3.02055e+03     1.87010e+03     1.42558e+03
    1.41075e-01     2.82730e+03     1.75783e+03     1.35675e+03
    1.45172e-01     2.75156e+03     1.69297e+03     1.30596e+03
    1.49268e-01     2.56724e+03     1.55052e+03     1.19895e+03
    1.53330e-01     2.51188e+03     1.51578e+03     1.16905e+03
    1.57416e-01     2.41766e+03     1.44858e+03     1.11833e+03
    1.61514e-01     2.31684e+03     1.37605e+03     1.06644e+03
    1.65592e-01     2.24718e+03     1.31703e+03     1.01769e+03
    1.69693e-01     2.19227e+03     1.27623e+03     9.84467e+02
    1.73803e-01     2.08529e+03     1.20204e+03     9.34777e+02
    1.77905e-01     2.06211e+03     1.18907e+03     9.21182e+02
    1.82001e-01     2.02948e+03     1.15736e+03     8.95113e+02
    1.86092e-01     1.98511e+03     1.12433e+03     8.70223e+02
    1.90161e-01     1.91130e+03     1.08902e+03     8.53922e+02
    1.94237e-01     1.85905e+03     1.02852e+03     7.98868e+02
    1.98334e-01     1.85804e+03     1.04321e+03     8.13305e+02
    2.02427e-01     1.81378e+03     1.00073e+03     7.80577e+02
    2.06523e-01     1.72553e+03     9.45634e+02     7.45245e+02
    2.10626e-01     1.71668e+03     9.26821e+02     7.20935e+02
    2.14724e-01     1.64485e+03     8.81038e+02     6.91508e+02
    2.18827e-01     1.63216e+03     8.71473e+02     6.81582e+02
    2.22903e-01     1.59505e+03     8.43071e+02     6.61419e+02
    2.26990e-01     1.54284e+03     8.06079e+02     6.35104e+02
    2.31084e-01     1.51479e+03     7.87740e+02     6.20682e+02
    2.35153e-01     1.46719e+03     7.52332e+02     5.92484e+02
    2.39244e-01     1.44787e+03     7.37265e+02     5.85102e+02
    2.43338e-01     1.42228e+03     7.17705e+02     5.66092e+02
    2.47445e-01     1.41591e+03     7.09440e+02     5.58119e+02
    2.51539e-01     1.36760e+03     6.80904e+02     5.40286e+02
    2.55609e-01     1.36718e+03     6.78606e+02     5.34027e+02
    2.59718e-01     1.33074e+03     6.52620e+02     5.18852e+02
    2.63814e-01     1.29716e+03     6.32504e+02     5.04225e+02
    2.67904e-01     1.28343e+03     6.19844e+02     4.92418e+02
    2.71993e-01     1.26528e+03     6.04352e+02     4.81440e+02
    2.76068e-01     1.24408e+03     5.88657e+02     4.68695e+02
    2.80171e-01     1.22635e+03     5.77519e+02     4.59363e+02
    2.84268e-01     1.19063e+03     5.54443e+02     4.45725e+02
    2.88346e-01     1.17552e+03     5.42577e+02     4.35234e+02
    2.92426e-01     1.15570e+03     5.29616e+02     4.27055e+02
    2.96514e-01     1.14716e+03     5.21406e+02     4.18423e+02
    3.00627e-01     1.13244e+03     5.13102e+02     4.11451e+02
    3.04729e-01     1.10217e+03     4.93866e+02     3.99575e+02
    3.08821e-01     1.10155e+03     4.90170e+02     3.95901e+02
    3.12919e-01     1.08612e+03     4.78683e+02     3.87443e+02
    3.16999e-01     1.07290e+03     4.71909e+02     3.81010e+02
    3.21078e-01     1.05184e+03     4.55383e+02     3.67846e+02
    3.25167e-01     1.04381e+03     4.47694e+02     3.63893e+02
    3.29247e-01     1.02542e+03     4.37358e+02     3.55949e+02
    3.33333e-01     1.01849e+03     4.31220e+02     3.50323e+02
    3.37443e-01     1.00949e+03     4.21664e+02     3.42860e+02
    3.41545e-01     9.93953e+02     4.15058e+02     3.37956e+02
    3.45625e-01     9.73891e+02     4.01096e+02     3.29774e+02
    3.49715e-01     9.76242e+02     3.99003e+02     3.25045e+02
    3.53817e-01     9.58097e+02     3.87613e+02     3.17490e+02
    3.57906e-01     9.37290e+02     3.77138e+02     3.11572e+02
    3.61975e-01     9.36989e+02     3.71936e+02     3.05025e+02
    3.66071e-01     9.32496e+02     3.70142e+02     3.03291e+02
    3.70189e-01     9.21206e+02     3.62771e+02     2.97824e+02
    3.74277e-01     9.08380e+02     3.53305e+02     2.91388e+02
    3.78356e-01     8.94954e+02     3.45146e+02     2.86057e+02
    3.82448e-01     8.87544e+02     3.38955e+02     2.81572e+02
    3.86535e-01     8.83415e+02     3.35272e+02     2.77725e+02
    3.90624e-01     8.81524e+02     3.33843e+02     2.76414e+02
    3.94706e-01     8.68868e+02     3.26124e+02     2.71095e+02
    3.98794e-01     8.60671e+02     3.19868e+02     2.65149e+02
    4.02896e-01     8.51614e+02     3.13655e+02     2.61200e+02
    4.06986e-01     8.52016e+02     3.12611e+02     2.58732e+02
    4.11069e-01     8.32627e+02     3.02638e+02     2.53270e+02
    4.15170e-01     8.21451e+02     2.97495e+02     2.50532e+02
    4.19263e-01     8.22042e+02     2.92957e+02     2.45582e+02
    4.23353e-01     8.17556e+02     2.89769e+02     2.43346e+02
    4.27447e-01     8.01807e+02     2.81638e+02     2.37310e+02
    4.31534e-01     7.99849e+02     2.81050e+02     2.37258e+02
    4.35624e-01     7.91801e+02     2.73384e+02     2.31400e+02
    4.39718e-01     7.91557e+02     2.71654e+02     2.28909e+02
    4.43804e-01     7.81973e+02     2.68118e+02     2.26684e+02
    4.47892e-01     7.75004e+02     2.63398e+02     2.23026e+02
    4.51977e-01     7.73584e+02     2.59569e+02     2.20529e+02
    4.56067e-01     7.62604e+02     2.54966e+02     2.17573e+02
    4.60165e-01     7.55526e+02     2.50161e+02     2.13886e+02
    4.64260e-01     7.56417e+02     2.49618e+02     2.12440e+02
    4.68355e-01     7.47286e+02     2.42866e+02     2.07583e+02
    4.72450e-01     7.45891e+02     2.41207e+02     2.05576e+02
    4.76540e-01     7.40886e+02     2.38064e+02     2.03768e+02
    4.80633e-01     7.37849e+02     2.36461e+02     2.01276e+02
    4.84718e-01     7.28494e+02     2.30169e+02     1.98054e+02
    4.88794e-01     7.23935e+02     2.27204e+02     1.94999e+02
    4.92888e-01     7.20140e+02     2.24365e+02     1.93801e+02
    4.96984e-01     7.13624e+02     2.21379e+02     1.91287e+02
    5.01073e-01     7.10084e+02     2.18696e+02     1.88726e+02
    5.05169e-01     7.05654e+02     2.15515e+02     1.86404e+02
    5.09268e-01     6.97581e+02     2.11973e+02     1.83938e+02
    5.13369e-01     7.00337e+02     2.11450e+02     1.83365e+02
    5.17441e-01     6.96423e+02     2.09708e+02     1.81503e+02
    5.21516e-01     6.91631e+02     2.07233e+02     1.80017e+02
    5.25611e-01     6.85540e+02     2.02307e+02     1.75947e+02
    5.29706e-01     6.82847e+02     2.00306e+02     1.74444e+02
    5.33801e-01     6.79034e+02     1.98073e+02     1.72160e+02
    5.37888e-01     6.76614e+02     1.95797e+02     1.71213e+02
    5.41985e-01     6.73456e+02     1.94068e+02     1.69869e+02
    5.46091e-01     6.70160e+02     1.91397e+02     1.67211e+02
    5.50174e-01     6.63386e+02     1.88366e+02     1.65161e+02
    5.54252e-01     6.61494e+02     1.85319e+02     1.63345e+02
    5.58346e-01     6.52412e+02     1.83470e+02     1.61859e+02
    5.62439e-01     6.54431e+02     1.81603e+02     1.59970e+02
    5.66527e-01     6.51188e+02     1.78851e+02     1.58032e+02
    5.70616e-01     6.46875e+02     1.77830e+02     1.57679e+02
    5.74707e-01     6.43903e+02     1.75500e+02     1.55390e+02
    5.78798e-01     6.40496e+02     1.72762e+02     1.53548e+02
    5.82883e-01     6.36550e+02     1.69950e+02     1.52024e+02
    5.86977e-01     6.36241e+02     1.69287e+02     1.50410e+02
    5.91070e-01     6.32318e+02     1.66977e+02     1.49117e+02
    5.95166e-01     6.30184e+02     1.65949e+02     1.48078e+02
    5.99260e-01     6.26823e+02     1.64170e+02     1.46515e+02
    6.03349e-01     6.23116e+02     1.62345e+02     1.44824e+02
    6.07445e-01     6.18995e+02     1.59889e+02     1.43904e+02
    6.11543e-01     6.17318e+02     1.57834e+02     1.42242e+02
    6.15623e-01     6.13945e+02     1.56650e+02     1.40919e+02
    6.19704e-01     6.13257e+02     1.54961e+02     1.38979e+02
    6.23792e-01     6.06570e+02     1.53142e+02     1.38552e+02
    6.27891e-01     6.10700e+02     1.53655e+02     1.38054e+02
    6.31991e-01     6.03950e+02     1.49426e+02     1.35562e+02
    6.36073e-01     6.00636e+02     1.47999e+02     1.34550e+02
    6.40158e-01     6.01869e+02     1.47411e+02     1.33390e+02
    6.44244e-01     5.95684e+02     1.45057e+02     1.32014e+02
    6.48338e-01     5.95208e+02     1.43036e+02     1.30734e+02
    6.52432e-01     5.92691e+02     1.43131e+02     1.30041e+02
    6.56514e-01     5.89970e+02     1.40894e+02     1.28765e+02
    6.60609e-01     5.88186e+02     1.40240e+02     1.27372e+02
    6.64712e-01     5.87174e+02     1.39271e+02     1.26840e+02
    6.68801e-01     5.87655e+02     1.37875e+02     1.25349e+02
    6.72890e-01     5.83950e+02     1.36017e+02     1.24424e+02
    6.76984e-01     5.78376e+02     1.34504e+02     1.23416e+02
    6.81074e-01     5.79204e+02     1.33240e+02     1.22355e+02
    6.85160e-01     5.76547e+02     1.32179e+02     1.21625e+02
    6.89246e-01     5.73871e+02     1.30945e+02     1.20222e+02
    6.93336e-01     5.72214e+02     1.29439e+02     1.19359e+02
    6.97434e-01     5.70074e+02     1.28329e+02     1.18686e+02
    7.01528e-01     5.67437e+02     1.26745e+02     1.17308e+02
    7.05618e-01     5.66471e+02     1.25843e+02     1.16781e+02
    7.09708e-01     5.63101e+02     1.25045e+02     1.15664e+02
    7.13796e-01     5.62303e+02     1.23722e+02     1.14654e+02
    7.17892e-01     5.60230e+02     1.21961e+02     1.13287e+02
    7.21982e-01     5.57172e+02     1.20693e+02     1.12507e+02
    7.26059e-01     5.54956e+02     1.19777e+02     1.12233e+02
    7.30145e-01     5.55521e+02     1.19263e+02     1.10997e+02
    7.34240e-01     5.52129e+02     1.17767e+02     1.10216e+02
    7.38340e-01     5.51733e+02     1.17947e+02     1.09965e+02
    7.42427e-01     5.48393e+02     1.16693e+02     1.08710e+02
    7.46511e-01     5.46618e+02     1.14856e+02     1.07791e+02
    7.50614e-01     5.45775e+02     1.14528e+02     1.07031e+02
    7.54706e-01     5.43955e+02     1.12769e+02     1.05875e+02
    7.58795e-01     5.42549e+02     1.12225e+02     1.05319e+02
    7.62888e-01     5.39670e+02     1.10923e+02     1.04442e+02
    7.66986e-01     5.38308e+02     1.09867e+02     1.03907e+02
    7.71073e-01     5.37684e+02     1.09078e+02     1.03115e+02
    7.75153e-01     5.35078e+02     1.07912e+02     1.02126e+02
    7.79241e-01     5.33553e+02     1.06961e+02     1.01483e+02
    7.83335e-01     5.34200e+02     1.07072e+02     1.00975e+02
    7.87426e-01     5.32261e+02     1.06087e+02     1.00438e+02
    7.91513e-01     5.29557e+02     1.03784e+02     9.89919e+01
    7.95606e-01     5.28111e+02     1.03461e+02     9.86577e+01
    7.99702e-01     5.28180e+02     1.03480e+02     9.80966e+01
    8.03798e-01     5.26685e+02     1.02377e+02     9.76104e+01
    8.07879e-01     5.24432e+02     1.01540e+02     9.69181e+01
    8.11963e-01     5.21593e+02     1.00771e+02     9.62809e+01
    8.16059e-01     5.20611e+02     9.96653e+01     9.55524e+01
    8.20152e-01     5.20188e+02     9.93264e+01     9.45656e+01
    8.24242e-01     5.15879e+02     9.70322e+01     9.37579e+01
    8.28331e-01     5.16486e+02     9.74924e+01     9.37315e+01
    8.32425e-01     5.14721e+02     9.62092e+01     9.29781e+01
    8.36516e-01     5.13350e+02     9.55592e+01     9.20357e+01
    8.40610e-01     5.12780e+02     9.51822e+01     9.13114e+01
    8.44704e-01     5.10881e+02     9.40584e+01     9.10910e+01
    8.48790e-01     5.07043e+02     9.27674e+01     8.99996e+01
    8.52876e-01     5.07383e+02     9.27742e+01     8.99352e+01
    8.56967e-01     5.05461e+02     9.20785e+01     8.92620e+01
    8.61059e-01     5.04568e+02     9.15329e+01     8.87344e+01
    8.65147e-01     5.05327e+02     9.09263e+01     8.82840e+01
    8.69235e-01     5.02939e+02     9.02788e+01     8.74777e+01
    8.73334e-01     5.02339e+02     8.95757e+01     8.69309e+01
    8.77429e-01     5.00607e+02     8.86760e+01     8.62576e+01
    8.81512e-01     4.99392e+02     8.80477e+01     8.56711e+01
    8.85601e-01     4.99327e+02     8.82146e+01     8.56167e+01
    8.89691e-01     4.96488e+02     8.68854e+01     8.48860e+01
    8.93784e-01     4.95698e+02     8.59367e+01     8.43444e+01
    8.97875e-01     4.95019e+02     8.56681e+01     8.37837e+01
    9.01960e-01     4.92719e+02     8.47653e+01     8.30240e+01
    9.06054e-01     4.92191e+02     8.44586e+01     8.29269e+01
    9.10146e-01     4.91521e+02     8.35497e+01     8.22514e+01
    9.14237e-01     4.88008e+02     8.28491e+01     8.15941e+01
    9.18331e-01     4.88160e+02     8.28735e+01     8.11999e+01
    9.22421e-01     4.89091e+02     8.26004e+01     8.09108e+01
    9.26509e-01     4.84511e+02     8.13763e+01     8.02535e+01
    9.30598e-01     4.84462e+02     8.05913e+01     7.96756e+01
    9.34692e-01     4.83247e+02     8.03629e+01     7.93898e+01
    9.38787e-01     4.81755e+02     7.92379e+01     7.86133e+01
    9.42873e-01     4.82721e+02     7.91204e+01     7.81375e+01
    9.46961e-01     4.81601e+02     7.82658e+01     7.78615e+01
    9.51054e-01     4.78502e+02     7.79614e+01     7.72776e+01
    9.55150e-01     4.78975e+02     7.74991e+01     7.69577e+01
    9.59240e-01     4.78044e+02     7.71436e+01     7.63224e+01
    9.63327e-01     4.77573e+02     7.68560e+01     7.61348e+01
    9.67420e-01     4.75416e+02     7.61047e+01     7.56239e+01
    9.71506e-01     4.75368e+02     7.57215e+01     7.52363e+01
    9.75588e-01     4.71810e+02     7.45446e+01     7.46467e+01
    9.79678e-01     4.71795e+02     7.43908e+01     7.43992e+01
    9.83773e-01     4.71532e+02     7.41791e+01     7.40225e+01
    9.87866e-01     4.70319e+02     7.30309e+01     7.33435e+01
    9.91960e-01     4.68492e+02     7.28040e+01     7.29650e+01
    9.96055e-01     4.68950e+02     7.22353e+01     7.25530e+01
    1.00015e+00     4.65449e+02     7.15614e+01     7.20719e+01
    1.00424e+00     4.65812e+02     7.19500e+01     7.16970e+01
    1.00832e+00     4.66252e+02     7.12242e+01     7.15249e+01
    1.01242e+00     4.64017e+02     7.04736e+01     7.09289e+01
    1.01651e+00     4.62821e+02     7.04065e+01     7.08487e+01
    1.02059e+00     4.61501e+02     6.98767e+01     7.04576e+01
    1.02468e+00     4.62376e+02     6.97806e+01     7.00011e+01
    1.02878e+00     4.58458e+02     6.86969e+01     6.94279e+01
    1.03287e+00     4.60473e+02     6.86864e+01     6.91661e+01
    1.03695e+00     4.58280e+02     6.83204e+01     6.88073e+01
    1.04105e+00     4.57151e+02     6.76871e+01     6.82989e+01
    1.04515e+00     4.56461e+02     6.70799e+01     6.78106e+01
    1.04923e+00     4.56052e+02     6.65090e+01     6.74767e+01
    1.05332e+00     4.54200e+02     6.62190e+01     6.73156e+01
    1.05741e+00     4.54004e+02     6.58901e+01     6.68251e+01
    1.06150e+00     4.53364e+02     6.57337e+01     6.66342e+01
    1.06559e+00     4.52184e+02     6.49605e+01     6.59730e+01
    1.06968e+00     4.50796e+02     6.48067e+01     6.58226e+01
    1.07377e+00     4.50773e+02     6.45967e+01     6.54570e+01
    1.07786e+00     4.49798e+02     6.40248e+01     6.49754e+01
    1.08195e+00     4.48431e+02     6.35466e+01     6.46973e+01
    1.08605e+00     4.47368e+02     6.28370e+01     6.42291e+01
    1.09014e+00     4.46455e+02     6.28240e+01     6.39658e+01
    1.09422e+00     4.46425e+02     6.23412e+01     6.36614e+01
    1.09832e+00     4.44300e+02     6.21536e+01     6.34731e+01
    1.10242e+00     4.44461e+02     6.16201e+01     6.30124e+01
    1.10650e+00     4.42993e+02     6.13244e+01     6.27541e+01
    1.11059e+00     4.41581e+02     6.07854e+01     6.25164e+01
    1.11468e+00     4.41734e+02     6.04820e+01     6.20497e+01
    1.11878e+00     4.40625e+02     6.02033e+01     6.17134e+01
    1.12287e+00     4.38692e+02     6.01638e+01     6.15842e+01
    1.12695e+00     4.38944e+02     5.96093e+01     6.11418e+01
    1.13105e+00     4.37248e+02     5.89731e+01     6.08701e+01
    1.13514e+00     4.37270e+02     5.89555e+01     6.05737e+01
    1.13922e+00     4.36253e+02     5.85057e+01     6.01781e+01
    1.14331e+00     4.36056e+02     5.84096e+01     5.98920e+01
    1.14741e+00     4.34364e+02     5.81447e+01     5.97413e+01
    1.15150e+00     4.33521e+02     5.72204e+01     5.91903e+01
    1.15559e+00     4.33901e+02     5.72574e+01     5.90197e+01
    1.15968e+00     4.32570e+02     5.71599e+01     5.86936e+01
    1.16377e+00     4.31136e+02     5.66153e+01     5.84483e+01
    1.16786e+00     4.30096e+02     5.64736e+01     5.83157e+01
    1.17195e+00     4.29376e+02     5.58502e+01     5.78303e+01
    1.17604e+00     4.28568e+02     5.58206e+01     5.75111e+01
    1.18013e+00     4.29043e+02     5.57758e+01     5.73695e+01
    1.18422e+00     4.26551e+02     5.49494e+01     5.69103e+01
    1.18831e+00     4.26232e+02     5.46841e+01     5.67756e+01
    1.19240e+00     4.25879e+02     5.44074e+01     5.64271e+01
    1.19649e+00     4.24436e+02     5.40749e+01     5.60719e+01
    1.20059e+00     4.24851e+02     5.42218e+01     5.59549e+01
    1.20468e+00     4.23689e+02     5.35473e+01     5.56243e+01
    1.20877e+00     4.23207e+02     5.33114e+01     5.53625e+01
    1.21286e+00     4.21196e+02     5.31057e+01     5.50740e+01
    1.21695e+00     4.22079e+02     5.27028e+01     5.46950e+01
    1.22104e+00     4.21818e+02     5.24047e+01     5.45652e+01
    1.22513e+00     4.19311e+02     5.21905e+01     5.42886e+01
    1.22922e+00     4.18419e+02     5.14136e+01     5.38968e+01
    1.23330e+00     4.17973e+02     5.11684e+01     5.36014e+01
    1.23740e+00     4.17469e+02     5.11103e+01     5.33542e+01
    1.24149e+00     4.16549e+02     5.09284e+01     5.30901e+01
    1.24558e+00     4.15905e+02     5.06871e+01     5.28681e+01
    1.24967e+00     4.16214e+02     5.05972e+01     5.27465e+01
    1.25376e+00     4.15258e+02     5.03799e+01     5.24874e+01
    1.25785e+00     4.13200e+02     5.01469e+01     5.22487e+01
    1.26194e+00     4.12629e+02     4.97273e+01     5.20317e+01
    1.26603e+00     4.13862e+02     4.97826e+01     5.17635e+01
    1.27012e+00     4.10971e+02     4.93326e+01     5.15437e+01
    1.27422e+00     4.10784e+02     4.89228e+01     5.11804e+01
    1.27831e+00     4.10060e+02     4.86125e+01     5.08782e+01
    1.28240e+00     4.10985e+02     4.87317e+01     5.07377e+01
    1.28649e+00     4.09395e+02     4.82737e+01     5.04538e+01
    1.29058e+00     4.07810e+02     4.78961e+01     5.01504e+01
    1.29467e+00     4.07754e+02     4.79390e+01     4.99911e+01
    1.29876e+00     4.06152e+02     4.74811e+01     4.98269e+01
    1.30285e+00     4.06221e+02     4.72790e+01     4.94325e+01
    1.30694e+00     4.05843e+02     4.71879e+01     4.93590e+01
    1.31103e+00     4.03925e+02     4.68642e+01     4.91344e+01
    1.31512e+00     4.03297e+02     4.64571e+01     4.87673e+01
    1.31921e+00     4.03369e+02     4.61805e+01     4.85585e+01
    1.32331e+00     4.01213e+02     4.62833e+01     4.83874e+01
    1.32739e+00     4.01515e+02     4.58916e+01     4.81282e+01
    1.33148e+00     4.00891e+02     4.57561e+01     4.79762e+01
    1.33558e+00     3.99366e+02     4.52474e+01     4.77492e+01
    1.33967e+00     3.99423e+02     4.51858e+01     4.75264e+01
    1.34376e+00     3.99596e+02     4.52170e+01     4.72189e+01
    1.34785e+00     3.98174e+02     4.46072e+01     4.70007e+01
    1.35195e+00     3.98030e+02     4.44990e+01     4.68181e+01
    1.35603e+00     3.96772e+02     4.45674e+01     4.66846e+01
    1.36011e+00     3.95746e+02     4.41492e+01     4.63948e+01
    1.36421e+00     3.95501e+02     4.40640e+01     4.62240e+01
    1.36830e+00     3.94357e+02     4.35547e+01     4.58983e+01
    1.37239e+00     3.94157e+02     4.36076e+01     4.58701e+01
    1.37648e+00     3.93683e+02     4.35318e+01     4.55823e+01
    1.38057e+00     3.92500e+02     4.31190e+01     4.53758e+01
    1.38466e+00     3.91368e+02     4.29037e+01     4.51492e+01
    1.38875e+00     3.92641e+02     4.27816e+01     4.49834e+01
    1.39285e+00     3.90778e+02     4.23170e+01     4.46601e+01
    1.39694e+00     3.89875e+02     4.22676e+01     4.45315e+01
    1.40102e+00     3.88676e+02     4.20381e+01     4.43327e+01
    1.40512e+00     3.88863e+02     4.18652e+01     4.40482e+01
    1.40921e+00     3.87427e+02     4.16079e+01     4.38593e+01
    1.41330e+00     3.87594e+02     4.17207e+01     4.37289e+01
    1.41739e+00     3.86542e+02     4.12242e+01     4.35182e+01
    1.42148e+00     3.86723e+02     4.11159e+01     4.33610e+01
    1.42557e+00     3.86480e+02     4.11750e+01     4.31319e+01
    1.42966e+00     3.84371e+02     4.07041e+01     4.29549e+01
    1.43375e+00     3.83532e+02     4.05001e+01     4.27116e+01
    1.43784e+00     3.83808e+02     4.03832e+01     4.25833e+01
    1.44193e+00     3.82770e+02     4.02073e+01     4.23421e+01
    1.44602e+00     3.82142e+02     3.99871e+01     4.20858e+01
    1.45011e+00     3.81087e+02     3.99131e+01     4.19562e+01
    1.45420e+00     3.81127e+02     3.97744e+01     4.18171e+01
    1.45830e+00     3.80788e+02     3.95037e+01     4.16853e+01
    1.46239e+00     3.80113e+02     3.94358e+01     4.14337e+01
    1.46648e+00     3.79160e+02     3.91566e+01     4.12011e+01
    1.47056e+00     3.78863e+02     3.89454e+01     4.10295e+01
    1.47465e+00     3.77543e+02     3.87589e+01     4.08329e+01
    1.47874e+00     3.77506e+02     3.85578e+01     4.06847e+01
    1.48283e+00     3.76662e+02     3.85175e+01     4.05457e+01
    1.48693e+00     3.76023e+02     3.82841e+01     4.03216e+01
    1.49102e+00     3.75089e+02     3.80038e+01     4.01174e+01
    1.49511e+00     3.74389e+02     3.78860e+01     3.99446e+01
    1.49920e+00     3.73766e+02     3.76576e+01     3.97112e+01
    1.50329e+00     3.73246e+02     3.74062e+01     3.95805e+01
    1.50738e+00     3.72167e+02     3.74472e+01     3.94576e+01
    1.51148e+00     3.72418e+02     3.74145e+01     3.92334e+01
    1.51557e+00     3.71522e+02     3.71203e+01     3.90790e+01
    1.51965e+00     3.71882e+02     3.69730e+01     3.89369e+01
    1.52374e+00     3.69985e+02     3.67289e+01     3.87411e+01
    1.52784e+00     3.69445e+02     3.68135e+01     3.85746e+01
    1.53193e+00     3.69512e+02     3.63774e+01     3.83697e+01
    1.53602e+00     3.68487e+02     3.61718e+01     3.82093e+01
    1.54011e+00     3.67852e+02     3.62057e+01     3.81205e+01
    1.54420e+00     3.67512e+02     3.60577e+01     3.79275e+01
    1.54829e+00     3.66825e+02     3.58762e+01     3.77124e+01
    1.55238e+00     3.66395e+02     3.56693e+01     3.75864e+01
    1.55647e+00     3.65288e+02     3.54716e+01     3.73946e+01
    1.56056e+00     3.65146e+02     3.55378e+01     3.72785e+01
    1.56465e+00     3.63506e+02     3.50996e+01     3.70891e+01
    1.56874e+00     3.63966e+02     3.51359e+01     3.68871e+01
    1.57283e+00     3.62894e+02     3.48553e+01     3.67150e+01
    1.57693e+00     3.62151e+02     3.48695e+01     3.66752e+01
    1.58102e+00     3.62235e+02     3.48499e+01     3.64195e+01
    1.58510e+00     3.61222e+02     3.44716e+01     3.62617e+01
    1.58919e+00     3.60235e+02     3.42228e+01     3.60813e+01
    1.59329e+00     3.59828e+02     3.42085e+01     3.58983e+01
    1.59738e+00     3.59632e+02     3.41210e+01     3.58300e+01
    1.60147e+00     3.58968e+02     3.37066e+01     3.55833e+01
    1.60556e+00     3.58394e+02     3.37835e+01     3.54749e+01
    1.60965e+00     3.57418e+02     3.36511e+01     3.53201e+01
    1.61374e+00     3.56625e+02     3.34105e+01     3.51980e+01
    1.61783e+00     3.56271e+02     3.33558e+01     3.50490e+01
    1.62192e+00     3.55051e+02     3.30836e+01     3.48698e+01
    1.62601e+00     3.55129e+02     3.30110e+01     3.47002e+01
    1.63010e+00     3.54535e+02     3.29063e+01     3.45715e+01
    1.63419e+00     3.53865e+02     3.27407e+01     3.44104e+01
    1.63828e+00     3.53374e+02     3.27653e+01     3.42675e+01
    1.64238e+00     3.52024e+02     3.24379e+01     3.41259e+01
    1.64647e+00     3.51844e+02     3.24337e+01     3.39808e+01
    1.65055e+00     3.51447e+02     3.23109e+01     3.37951e+01
    1.65465e+00     3.50919e+02     3.21733e+01     3.36116e+01
    1.65874e+00     3.50374e+02     3.20962e+01     3.35649e+01
    1.66283e+00     3.49829e+02     3.19634e+01     3.34051e+01
    1.66691e+00     3.49099e+02     3.17092e+01     3.32520e+01
    1.67101e+00     3.48369e+02     3.17034e+01     3.31055e+01
    1.67510e+00     3.48152e+02     3.14964e+01     3.29369e+01
    1.67919e+00     3.47175e+02     3.14179e+01     3.28620e+01
    1.68328e+00     3.47113e+02     3.12482e+01     3.27046e+01
    1.68737e+00     3.46127e+02     3.11154e+01     3.25168e+01
    1.69146e+00     3.45402e+02     3.09558e+01     3.23222e+01
    1.69555e+00     3.44624e+02     3.07710e+01     3.22560e+01
    1.69964e+00     3.44569e+02     3.07522e+01     3.20956e+01
    1.70373e+00     3.43458e+02     3.05686e+01     3.19923e+01
    1.70782e+00     3.43022e+02     3.04619e+01     3.18306e+01
    1.71191e+00     3.42122e+02     3.02655e+01     3.16456e+01
    1.71600e+00     3.42013e+02     3.02285e+01     3.15071e+01
    1.72009e+00     3.40948e+02     2.98768e+01     3.14161e+01
    1.72418e+00     3.39580e+02     2.99354e+01     3.12164e+01
    1.72828e+00     3.40234e+02     2.99727e+01     3.11334e+01
    1.73237e+00     3.39512e+02     2.98491e+01     3.09990e+01
    1.73646e+00     3.39190e+02     2.96455e+01     3.08972e+01
    1.74055e+00     3.38601e+02     2.96581e+01     3.07638e+01
    1.74464e+00     3.37947e+02     2.93407e+01     3.06163e+01
    1.74874e+00     3.37531e+02     2.93477e+01     3.04626e+01
    1.75282e+00     3.36975e+02     2.93066e+01     3.03415e+01
    1.75691e+00     3.36269e+02     2.90310e+01     3.02082e+01
    1.76100e+00     3.35204e+02     2.90278e+01     3.01374e+01
    1.76509e+00     3.34871e+02     2.88557e+01     2.99827e+01
    1.76918e+00     3.34488e+02     2.87624e+01     2.98505e+01
    1.77327e+00     3.33939e+02     2.86873e+01     2.97557e+01
    1.77737e+00     3.33311e+02     2.85708e+01     2.95931e+01
    1.78146e+00     3.33054e+02     2.84127e+01     2.95188e+01
    1.78554e+00     3.32002e+02     2.82428e+01     2.92954e+01
    1.78964e+00     3.31879e+02     2.81825e+01     2.91970e+01
    1.79373e+00     3.30563e+02     2.80095e+01     2.90637e+01
    1.79782e+00     3.30333e+02     2.79270e+01     2.89043e+01
    1.80191e+00     3.29568e+02     2.77902e+01     2.88452e+01
    1.80600e+00     3.28816e+02     2.77370e+01     2.86820e+01
    1.81009e+00     3.29097e+02     2.77119e+01     2.85969e+01
    1.81418e+00     3.28133e+02     2.75521e+01     2.84697e+01
    1.81827e+00     3.27319e+02     2.74625e+01     2.84104e+01
    1.82236e+00     3.26895e+02     2.73271e+01     2.81998e+01
    1.82645e+00     3.26749e+02     2.72782e+01     2.80960e+01
    1.83054e+00     3.26461e+02     2.72028e+01     2.79924e+01
    1.83463e+00     3.25237e+02     2.70525e+01     2.78446e+01
    1.83872e+00     3.25165e+02     2.69415e+01     2.77199e+01
    1.84281e+00     3.23879e+02     2.67987e+01     2.76020e+01
    1.84691e+00     3.23966e+02     2.67226e+01     2.75121e+01
    1.85100e+00     3.23614e+02     2.66611e+01     2.73716e+01
    1.85509e+00     3.22768e+02     2.66543e+01     2.73003e+01
    1.85918e+00     3.22353e+02     2.65210e+01     2.71693e+01
    1.86327e+00     3.21412e+02     2.63573e+01     2.70204e+01
    1.86736e+00     3.20395e+02     2.63383e+01     2.69205e+01
    1.87145e+00     3.20884e+02     2.61720e+01     2.67787e+01
    1.87554e+00     3.19558e+02     2.60051e+01     2.67010e+01
    1.87963e+00     3.19250e+02     2.59831e+01     2.65398e+01
    1.88372e+00     3.18847e+02     2.58395e+01     2.64595e+01
    1.88781e+00     3.17470e+02     2.56102e+01     2.63214e+01
    1.89190e+00     3.17836e+02     2.58604e+01     2.62390e+01
    1.89599e+00     3.17091e+02     2.56451e+01     2.61294e+01
    1.90008e+00     3.16158e+02     2.54233e+01     2.60180e+01
    1.90417e+00     3.16296e+02     2.53486e+01     2.58799e+01
    1.90827e+00     3.15469e+02     2.53152e+01     2.57442e+01
    1.91236e+00     3.15104e+02     2.52343e+01     2.56711e+01
    1.91645e+00     3.14107e+02     2.51486e+01     2.55574e+01
    1.92054e+00     3.13807e+02     2.48961e+01     2.54308e+01
    1.92463e+00     3.13186e+02     2.49247e+01     2.53175e+01
    1.92872e+00     3.13172e+02     2.47919e+01     2.52120e+01
    1.93281e+00     3.11904e+02     2.47252e+01     2.51304e+01
    1.93690e+00     3.11917e+02     2.46542e+01     2.50087e+01
    1.94099e+00     3.11160e+02     2.46042e+01     2.49289e+01
    1.94508e+00     3.10896e+02     2.45819e+01     2.48205e+01
    1.94917e+00     3.09670e+02     2.43656e+01     2.46737e+01
    1.95326e+00     3.09677e+02     2.43483e+01     2.45713e+01
    1.95735e+00     3.08797e+02     2.42022e+01     2.44639e+01
    1.96144e+00     3.07934e+02     2.41510e+01     2.43814e+01
    1.96553e+00     3.07310e+02     2.39601e+01     2.42816e+01
    1.96962e+00     3.06986e+02     2.39348e+01     2.41793e+01
    1.97371e+00     3.06401e+02     2.38784e+01     2.40625e+01
    1.97781e+00     3.05854e+02     2.37348e+01     2.39591e+01
    1.98190e+00     3.05595e+02     2.37197e+01     2.38483e+01
    1.98599e+00     3.04762e+02     2.35694e+01     2.37700e+01
    1.99008e+00     3.04649e+02     2.34775e+01     2.36414e+01
    1.99417e+00     3.04182e+02     2.34870e+01     2.35249e+01
    1.99826e+00     3.03681e+02     2.33980e+01     2.34394e+01
    2.00235e+00     3.03495e+02     2.33548e+01     2.33503e+01
    2.00644e+00     3.02665e+02     2.31759e+01     2.32427e+01
    2.01053e+00     3.01235e+02     2.30369e+01     2.30999e+01
    2.01462e+00     3.01359e+02     2.30077e+01     2.30318e+01
    2.01871e+00     3.00473e+02     2.28540e+01     2.29507e+01
    2.02280e+00     2.99831e+02     2.28505e+01     2.28392e+01
    2.02689e+00     2.99740e+02     2.28655e+01     2.27215e+01
    2.03098e+00     2.99294e+02     2.26327e+01     2.26373e+01
    2.03507e+00     2.98518e+02     2.25363e+01     2.25502e+01
    2.03917e+00     2.98096e+02     2.25132e+01     2.24507e+01
    2.04325e+00     2.97337e+02     2.24661e+01     2.23894e+01
    2.04735e+00     2.97058e+02     2.24541e+01     2.22464e+01
    2.05143e+00     2.96026e+02     2.22769e+01     2.21614e+01
    2.05552e+00     2.95740e+02     2.22556e+01     2.20764e+01
    2.05962e+00     2.94965e+02     2.20685e+01     2.19400e+01
    2.06371e+00     2.94963e+02     2.20777e+01     2.18811e+01
    2.06780e+00     2.94136e+02     2.19982e+01     2.18016e+01
    2.07189e+00     2.93564e+02     2.18275e+01     2.16976e+01
    2.07598e+00     2.92948e+02     2.18091e+01     2.15722e+01
    2.08007e+00     2.92939e+02     2.17765e+01     2.14792e+01
    2.08416e+00     2.92305e+02     2.17286e+01     2.14257e+01
    2.08825e+00     2.91926e+02     2.15937e+01     2.13126e+01
    2.09234e+00     2.91038e+02     2.15767e+01     2.12152e+01
    2.09644e+00     2.90563e+02     2.14704e+01     2.11124e+01
    2.10053e+00     2.89729e+02     2.13743e+01     2.10423e+01
    2.10461e+00     2.89695e+02     2.13598e+01     2.09658e+01
    2.10870e+00     2.89024e+02     2.12022e+01     2.08460e+01
    2.11280e+00     2.88714e+02     2.11772e+01     2.07719e+01
    2.11688e+00     2.88023e+02     2.10610e+01     2.07030e+01
    2.12098e+00     2.87197e+02     2.09705e+01     2.06025e+01
    2.12507e+00     2.86549e+02     2.09654e+01     2.05002e+01
    2.12916e+00     2.86126e+02     2.08950e+01     2.04181e+01
    2.13325e+00     2.85945e+02     2.08393e+01     2.03043e+01
    2.13734e+00     2.85196e+02     2.07021e+01     2.02368e+01
    2.14143e+00     2.84503e+02     2.06401e+01     2.01521e+01
    2.14552e+00     2.83943e+02     2.06282e+01     2.00309e+01
    2.14961e+00     2.83708e+02     2.05214e+01     1.99702e+01
    2.15370e+00     2.83248e+02     2.04521e+01     1.98657e+01
    2.15779e+00     2.82596e+02     2.03247e+01     1.98038e+01
    2.16188e+00     2.82026e+02     2.02717e+01     1.97220e+01
    2.16597e+00     2.81459e+02     2.02345e+01     1.96146e+01
    2.17006e+00     2.80846e+02     2.01136e+01     1.95324e+01
    2.17416e+00     2.80459e+02     2.00740e+01     1.94458e+01
    2.17825e+00     2.80414e+02     2.00535e+01     1.93451e+01
    2.18234e+00     2.79491e+02     1.99784e+01     1.92881e+01
    2.18643e+00     2.79047e+02     1.98676e+01     1.92062e+01
    2.19052e+00     2.78581e+02     1.98428e+01     1.91136e+01
    2.19461e+00     2.77820e+02     1.97546e+01     1.90386e+01
    2.19870e+00     2.77421e+02     1.96703e+01     1.89282e+01
    2.20279e+00     2.77335e+02     1.96202e+01     1.88690e+01
    2.20688e+00     2.76711e+02     1.95278e+01     1.87695e+01
    2.21097e+00     2.75721e+02     1.94156e+01     1.86744e+01
    2.21506e+00     2.75054e+02     1.94561e+01     1.86140e+01
    2.21915e+00     2.74677e+02     1.93824e+01     1.85389e+01
    2.22324e+00     2.74589e+02     1.92759e+01     1.84355e+01
    2.22733e+00     2.73881e+02     1.92519e+01     1.83709e+01
    2.23142e+00     2.73438e+02     1.91715e+01     1.82837e+01
    2.23552e+00     2.72981e+02     1.91534e+01     1.82147e+01
    2.23961e+00     2.72364e+02     1.89963e+01     1.81159e+01
    2.24369e+00     2.71814e+02     1.90007e+01     1.80573e+01
    2.24779e+00     2.71015e+02     1.88804e+01     1.79648e+01
    2.25188e+00     2.71173e+02     1.88531e+01     1.78857e+01
    2.25597e+00     2.70533e+02     1.87349e+01     1.77887e+01
    2.26006e+00     2.69776e+02     1.87667e+01     1.77412e+01
    2.26415e+00     2.69186e+02     1.87213e+01     1.76701e+01
    2.26824e+00     2.68782e+02     1.86322e+01     1.75866e+01
    2.27233e+00     2.68300e+02     1.85086e+01     1.74926e+01
    2.27642e+00     2.68102e+02     1.85252e+01     1.74355e+01
    2.28051e+00     2.67321e+02     1.83780e+01     1.73339e+01
    2.28460e+00     2.66889e+02     1.83758e+01     1.72863e+01
    2.28869e+00     2.66444e+02     1.82755e+01     1.71495e+01
    2.29278e+00     2.65840e+02     1.81622e+01     1.71001e+01
    2.29687e+00     2.65308e+02     1.82067e+01     1.70570e+01
    2.30096e+00     2.64937e+02     1.81218e+01     1.69569e+01
    2.30506e+00     2.64274e+02     1.81081e+01     1.68889e+01
    2.30915e+00     2.63689e+02     1.79652e+01     1.68306e+01
    2.31324e+00     2.63012e+02     1.78954e+01     1.67466e+01
    2.31733e+00     2.62935e+02     1.78682e+01     1.66592e+01
    2.32142e+00     2.62194e+02     1.77974e+01     1.65913e+01
    2.32551e+00     2.61820e+02     1.77344e+01     1.65220e+01
    2.32960e+00     2.61129e+02     1.77282e+01     1.64545e+01
    2.33369e+00     2.60712e+02     1.76515e+01     1.63969e+01
    2.33778e+00     2.60004e+02     1.75837e+01     1.63189e+01
    2.34187e+00     2.59858e+02     1.75678e+01     1.62321e+01
    2.34596e+00     2.59299e+02     1.74569e+01     1.61547e+01
    2.35005e+00     2.59006e+02     1.73945e+01     1.60795e+01
    2.35414e+00     2.58331e+02     1.73206e+01     1.60348e+01
    2.35823e+00     2.57658e+02     1.73006e+01     1.59427e+01
    2.36232e+00     2.57250e+02     1.72222e+01     1.58754e+01
    2.36641e+00     2.56818e+02     1.71780e+01     1.57917e+01
    2.37051e+00     2.55761e+02     1.70972e+01     1.57349e+01
    2.37460e+00     2.55981e+02     1.70362e+01     1.56659e+01
    2.37869e+00     2.55480e+02     1.70137e+01     1.56057e+01
    2.38278e+00     2.54640e+02     1.69719e+01     1.55283e+01
    2.38687e+00     2.54498e+02     1.69006e+01     1.54519e+01
    2.39096e+00     2.53901e+02     1.68298e+01     1.53814e+01
    2.39505e+00     2.53291e+02     1.67812e+01     1.53371e+01
    2.39914e+00     2.52590e+02     1.67676e+01     1.52551e+01
    2.40323e+00     2.51991e+02     1.66360e+01     1.51866e+01
    2.40732e+00     2.52198e+02     1.66714e+01     1.51237e+01
    2.41141e+00     2.51294e+02     1.65705e+01     1.50604e+01
    2.41550e+00     2.50719e+02     1.65048e+01     1.49726e+01
    2.41959e+00     2.50263e+02     1.64357e+01     1.49143e+01
    2.42368e+00     2.50011e+02     1.64436e+01     1.48517e+01
    2.42777e+00     2.49659e+02     1.63889e+01     1.47643e+01
    2.43187e+00     2.49015e+02     1.63219e+01     1.47117e+01
    2.43596e+00     2.48093e+02     1.62518e+01     1.46482e+01
    2.44004e+00     2.47807e+02     1.61977e+01     1.45851e+01
    2.44414e+00     2.47588e+02     1.61598e+01     1.45138e+01
    2.44823e+00     2.46964e+02     1.60904e+01     1.44700e+01
    2.45232e+00     2.46351e+02     1.60158e+01     1.43848e+01
    2.45640e+00     2.45951e+02     1.59894e+01     1.43234e+01
    2.46050e+00     2.45336e+02     1.59711e+01     1.42794e+01
    2.46459e+00     2.45021e+02     1.58852e+01     1.42029e+01
    2.46868e+00     2.44613e+02     1.58403e+01     1.41271e+01
    2.47277e+00     2.44191e+02     1.57448e+01     1.40698e+01
    2.47686e+00     2.43805e+02     1.57421e+01     1.40186e+01
    2.48095e+00     2.43202e+02     1.56734e+01     1.39476e+01
    2.48504e+00     2.42494e+02     1.56238e+01     1.38757e+01
    2.48913e+00     2.42253e+02     1.55762e+01     1.38167e+01
    2.49322e+00     2.41824e+02     1.55496e+01     1.37740e+01
    2.49731e+00     2.41274e+02     1.54716e+01     1.36932e+01
    2.50141e+00     2.40648e+02     1.53969e+01     1.36333e+01
    2.50550e+00     2.40326e+02     1.53560e+01     1.35702e+01
    2.50959e+00     2.39692e+02     1.53271e+01     1.35189e+01
    2.51368e+00     2.39271e+02     1.52607e+01     1.34479e+01
    2.51777e+00     2.38894e+02     1.52261e+01     1.33992e+01
    2.52186e+00     2.38356e+02     1.51923e+01     1.33311e+01
    2.52595e+00     2.38003e+02     1.51479e+01     1.32754e+01
    2.53004e+00     2.37417e+02     1.50736e+01     1.32124e+01
    2.53413e+00     2.36693e+02     1.50214e+01     1.31494e+01
    2.53822e+00     2.36321e+02     1.49687e+01     1.30813e+01
    2.54231e+00     2.35852e+02     1.48985e+01     1.30257e+01
    2.54640e+00     2.35488e+02     1.49239e+01     1.29779e+01
    2.55049e+00     2.34957e+02     1.48183e+01     1.29087e+01
    2.55458e+00     2.34371e+02     1.47914e+01     1.28458e+01
    2.55867e+00     2.34188e+02     1.47256e+01     1.27922e+01
    2.56276e+00     2.33574e+02     1.46470e+01     1.27409e+01
    2.56685e+00     2.33219e+02     1.46042e+01     1.26835e+01
    2.57095e+00     2.32756e+02     1.46224e+01     1.26273e+01
    2.57504e+00     2.32279e+02     1.45428e+01     1.25566e+01
    2.57913e+00     2.31891e+02     1.45102e+01     1.25128e+01
    2.58322e+00     2.31310e+02     1.44258e+01     1.24532e+01
    2.58731e+00     2.30605e+02     1.44043e+01     1.23937e+01
    2.59140e+00     2.30231e+02     1.43576e+01     1.23351e+01
    2.59549e+00     2.29721e+02     1.43567e+01     1.22984e+01
    2.59958e+00     2.29320e+02     1.42731e+01     1.22294e+01
    2.60367e+00     2.29057e+02     1.42323e+01     1.21757e+01
    2.60776e+00     2.28398e+02     1.41248e+01     1.21079e+01
    2.61185e+00     2.28218e+02     1.40820e+01     1.20497e+01
    2.61594e+00     2.27761e+02     1.40743e+01     1.20089e+01
    2.62003e+00     2.27082e+02     1.40003e+01     1.19385e+01
    2.62412e+00     2.26611e+02     1.39486e+01     1.19072e+01
    2.62821e+00     2.26195e+02     1.39435e+01     1.18438e+01
    2.63230e+00     2.25764e+02     1.39074e+01     1.17932e+01
    2.63640e+00     2.25442e+02     1.38731e+01     1.17279e+01
    2.64049e+00     2.24631e+02     1.37779e+01     1.16733e+01
    2.64457e+00     2.24281e+02     1.37607e+01     1.16281e+01
    2.64867e+00     2.23778e+02     1.37082e+01     1.15668e+01
    2.65276e+00     2.23508e+02     1.36845e+01     1.15176e+01
    2.65685e+00     2.22770e+02     1.36391e+01     1.14695e+01
    2.66094e+00     2.22602e+02     1.35891e+01     1.14240e+01
    2.66503e+00     2.22012e+02     1.35478e+01     1.13686e+01
    2.66912e+00     2.21421e+02     1.35024e+01     1.13209e+01
    2.67321e+00     2.21299e+02     1.34717e+01     1.12628e+01
    2.67730e+00     2.20474e+02     1.33860e+01     1.12044e+01
    2.68139e+00     2.20171e+02     1.34228e+01     1.11557e+01
    2.68548e+00     2.19535e+02     1.33119e+01     1.10969e+01
    2.68957e+00     2.19332e+02     1.33206e+01     1.10598e+01
    2.69366e+00     2.18929e+02     1.32517e+01     1.10028e+01
    2.69776e+00     2.18382e+02     1.32319e+01     1.09583e+01
    2.70185e+00     2.18449e+02     1.32125e+01     1.09080e+01
    2.70594e+00     2.17467e+02     1.31446e+01     1.08629e+01
    2.71003e+00     2.17023e+02     1.30893e+01     1.07981e+01
    2.71412e+00     2.16783e+02     1.30439e+01     1.07575e+01
    2.71821e+00     2.16068e+02     1.29573e+01     1.06955e+01
    2.72230e+00     2.15728e+02     1.29747e+01     1.06570e+01
    2.72639e+00     2.15309e+02     1.29099e+01     1.06084e+01
    2.73048e+00     2.14993e+02     1.28789e+01     1.05627e+01
    2.73457e+00     2.14457e+02     1.28090e+01     1.05124e+01
    2.73866e+00     2.13830e+02     1.27622e+01     1.04528e+01
    2.74275e+00     2.13328e+02     1.27418e+01     1.04129e+01
    2.74684e+00     2.13008e+02     1.27088e+01     1.03643e+01
    2.75093e+00     2.12342e+02     1.26568e+01     1.03187e+01
    2.75502e+00     2.12409e+02     1.26662e+01     1.02691e+01
    2.75911e+00     2.11560e+02     1.25444e+01     1.02187e+01
    2.76320e+00     2.11270e+02     1.25184e+01     1.01639e+01
    2.76730e+00     2.10754e+02     1.25147e+01     1.01342e+01
    2.77139e+00     2.10732e+02     1.24625e+01     1.00830e+01
    2.77548e+00     2.09863e+02     1.23879e+01     1.00296e+01
    2.77957e+00     2.09487e+02     1.23752e+01     9.98952e+00
    2.78366e+00     2.08786e+02     1.23500e+01     9.94702e+00
    2.78775e+00     2.08822e+02     1.23217e+01     9.89488e+00
    2.79184e+00     2.08157e+02     1.22994e+01     9.85274e+00
    2.79593e+00     2.07752e+02     1.22441e+01     9.79873e+00
    2.80002e+00     2.07109e+02     1.22093e+01     9.76332e+00
    2.80411e+00     2.06865e+02     1.21828e+01     9.70961e+00
    2.80820e+00     2.06382e+02     1.21621e+01     9.67193e+00
    2.81229e+00     2.05898e+02     1.21003e+01     9.63429e+00
    2.81638e+00     2.05460e+02     1.20333e+01     9.57457e+00
    2.82047e+00     2.04960e+02     1.19817e+01     9.52723e+00
    2.82457e+00     2.04809e+02     1.19724e+01     9.49428e+00
    2.82866e+00     2.04257e+02     1.19118e+01     9.44100e+00
    2.83275e+00     2.03828e+02     1.18903e+01     9.39766e+00
    2.83684e+00     2.03268e+02     1.18628e+01     9.35465e+00
    2.84093e+00     2.03059e+02     1.18317e+01     9.31865e+00
    2.84502e+00     2.02564e+02     1.17556e+01     9.26819e+00
    2.84911e+00     2.02108e+02     1.17581e+01     9.23460e+00
    2.85320e+00     2.01679e+02     1.16884e+01     9.19089e+00
    2.85729e+00     2.01249e+02     1.16651e+01     9.14645e+00
    2.86138e+00     2.01039e+02     1.16471e+01     9.09880e+00
    2.86547e+00     2.00500e+02     1.15765e+01     9.05762e+00
    2.86956e+00     2.00046e+02     1.15401e+01     9.00616e+00
    2.87365e+00     1.99698e+02     1.15332e+01     8.97326e+00
    2.87774e+00     1.99250e+02     1.14858e+01     8.92654e+00
    2.88183e+00     1.98796e+02     1.14571e+01     8.88440e+00
    2.88592e+00     1.98125e+02     1.14015e+01     8.84571e+00
    2.89001e+00     1.98035e+02     1.13597e+01     8.80747e+00
    2.89410e+00     1.97312e+02     1.13213e+01     8.76381e+00
    2.89820e+00     1.96737e+02     1.12909e+01     8.72626e+00
    2.90229e+00     1.96860e+02     1.13017e+01     8.67876e+00
    2.90638e+00     1.96367e+02     1.12275e+01     8.64594e+00
    2.91047e+00     1.95593e+02     1.11933e+01     8.59818e+00
    2.91456e+00     1.95491e+02     1.11561e+01     8.56410e+00
    2.91865e+00     1.94895e+02     1.11396e+01     8.52464e+00
    2.92274e+00     1.94570e+02     1.10942e+01     8.47008e+00
    2.92683e+00     1.93933e+02     1.10549e+01     8.44568e+00
    2.93092e+00     1.93660e+02     1.10395e+01     8.39935e+00
    2.93501e+00     1.93326e+02     1.09928e+01     8.36775e+00
    2.93910e+00     1.92723e+02     1.09578e+01     8.32918e+00
    2.94319e+00     1.92428e+02     1.09285e+01     8.27786e+00
    2.94728e+00     1.91958e+02     1.08820e+01     8.24870e+00
    2.95137e+00     1.91414e+02     1.08429e+01     8.20895e+00
    2.95546e+00     1.91095e+02     1.08060e+01     8.16733e+00
    2.95955e+00     1.90681e+02     1.07472e+01     8.13273e+00
    2.96364e+00     1.90382e+02     1.07434e+01     8.07972e+00
    2.96774e+00     1.90089e+02     1.07199e+01     8.05290e+00
    2.97183e+00     1.89698e+02     1.06826e+01     8.01164e+00
    2.97592e+00     1.89204e+02     1.06497e+01     7.97753e+00
    2.98001e+00     1.88829e+02     1.06039e+01     7.93857e+00
    2.98410e+00     1.88365e+02     1.05671e+01     7.89650e+00
    2.98819e+00     1.87983e+02     1.05537e+01     7.87010e+00
    2.99228e+00     1.87498e+02     1.05219e+01     7.82426e+00
    2.99637e+00     1.87283e+02     1.04602e+01     7.78891e+00
    3.00046e+00     1.86612e+02     1.04247e+01     7.74892e+00
    3.00455e+00     1.86539e+02     1.04061e+01     7.71664e+00
    3.00864e+00     1.85944e+02     1.03997e+01     7.68728e+00
    3.01273e+00     1.85510e+02     1.03657e+01     7.65437e+00
    3.01682e+00     1.85116e+02     1.03328e+01     7.61352e+00
    3.02091e+00     1.84840e+02     1.02878e+01     7.56736e+00
    3.02500e+00     1.84245e+02     1.02568e+01     7.53722e+00
    3.02910e+00     1.83913e+02     1.01935e+01     7.50281e+00
    3.03319e+00     1.83580e+02     1.01702e+01     7.46375e+00
    3.03728e+00     1.83031e+02     1.01481e+01     7.42776e+00
    3.04137e+00     1.82683e+02     1.01006e+01     7.39576e+00
    3.04546e+00     1.82329e+02     1.00757e+01     7.35787e+00
    3.04955e+00     1.81945e+02     1.00699e+01     7.32499e+00
    3.05364e+00     1.81434e+02     1.00432e+01     7.29111e+00
    3.05773e+00     1.81148e+02     9.99058e+00     7.25954e+00
    3.06182e+00     1.80797e+02     9.96104e+00     7.22355e+00
    3.06591e+00     1.80304e+02     9.91799e+00     7.19280e+00
    3.07000e+00     1.80075e+02     9.89290e+00     7.15284e+00
    3.07409e+00     1.79590e+02     9.88197e+00     7.12347e+00
    3.07818e+00     1.79178e+02     9.83991e+00     7.08867e+00
    3.08227e+00     1.78812e+02     9.77557e+00     7.05440e+00
    3.08636e+00     1.78464e+02     9.78114e+00     7.01785e+00
    3.09045e+00     1.77996e+02     9.75085e+00     6.98272e+00
    3.09454e+00     1.77711e+02     9.68917e+00     6.94796e+00
    3.09863e+00     1.77428e+02     9.68734e+00     6.91619e+00
    3.10272e+00     1.77017e+02     9.63462e+00     6.87970e+00
    3.10682e+00     1.76356e+02     9.62388e+00     6.85719e+00
    3.11091e+00     1.76213e+02     9.57603e+00     6.81085e+00
    3.11500e+00     1.75642e+02     9.53774e+00     6.78343e+00
    3.11909e+00     1.75377e+02     9.51278e+00     6.75348e+00
    3.12318e+00     1.74973e+02     9.48714e+00     6.72671e+00
    3.12727e+00     1.74692e+02     9.49011e+00     6.69664e+00
    3.13136e+00     1.74113e+02     9.43951e+00     6.65622e+00
    3.13545e+00     1.73874e+02     9.43523e+00     6.63202e+00
    3.13954e+00     1.73334e+02     9.35665e+00     6.59445e+00
    3.14363e+00     1.73107e+02     9.35678e+00     6.55774e+00
    3.14772e+00     1.72744e+02     9.34610e+00     6.53410e+00
    3.15181e+00     1.72134e+02     9.29037e+00     6.50086e+00
    3.15590e+00     1.71913e+02     9.26134e+00     6.47374e+00
    3.16000e+00     1.71480e+02     9.23553e+00     6.44142e+00
    3.16409e+00     1.71228e+02     9.20688e+00     6.41671e+00
    3.16818e+00     1.70852e+02     9.18671e+00     6.38029e+00
    3.17227e+00     1.70431e+02     9.16704e+00     6.35016e+00
    3.17636e+00     1.70098e+02     9.13387e+00     6.32142e+00
    3.18045e+00     1.69817e+02     9.11407e+00     6.29664e+00
    3.18454e+00     1.69364e+02     9.08934e+00     6.26407e+00
    3.18863e+00     1.69106e+02     9.05028e+00     6.22951e+00
    3.19272e+00     1.68636e+02     9.00267e+00     6.20533e+00
    3.19681e+00     1.68356e+02     9.00985e+00     6.17412e+00
    3.20090e+00     1.67873e+02     8.96689e+00     6.13818e+00
    3.20499e+00     1.67443e+02     8.92814e+00     6.11336e+00
    3.20908e+00     1.67120e+02     8.85517e+00     6.07836e+00
    3.21317e+00     1.66634e+02     8.86289e+00     6.05398e+00
    3.21726e+00     1.66327e+02     8.84882e+00     6.02701e+00
    3.22135e+00     1.65879e+02     8.79958e+00     5.99649e+00
    3.22545e+00     1.65570e+02     8.79418e+00     5.97266e+00
    3.22954e+00     1.65273e+02     8.75542e+00     5.94015e+00
    3.23363e+00     1.64792e+02     8.73850e+00     5.90289e+00
    3.23772e+00     1.64540e+02     8.70723e+00     5.88337e+00
    3.24181e+00     1.64171e+02     8.65981e+00     5.84851e+00
    3.24590e+00     1.63769e+02     8.64830e+00     5.82275e+00
    3.24999e+00     1.63497e+02     8.63181e+00     5.79504e+00
    3.25408e+00     1.63225e+02     8.60060e+00     5.77282e+00
    3.25817e+00     1.62680e+02     8.56372e+00     5.73982e+00
    3.26226e+00     1.62513e+02     8.55239e+00     5.71349e+00
    3.26635e+00     1.62005e+02     8.52839e+00     5.68930e+00
    3.27044e+00     1.61591e+02     8.50126e+00     5.66149e+00
    3.27453e+00     1.61352e+02     8.46972e+00     5.63378e+00
    3.27862e+00     1.60918e+02     8.43597e+00     5.61132e+00
    3.28271e+00     1.60566e+02     8.41431e+00     5.57954e+00
    3.28681e+00     1.60348e+02     8.38111e+00     5.55254e+00
    3.29090e+00     1.59847e+02     8.36547e+00     5.52977e+00
    3.29499e+00     1.59619e+02     8.32137e+00     5.49767e+00
    3.29908e+00     1.59147e+02     8.30488e+00     5.47414e+00
    3.30317e+00     1.58761e+02     8.26939e+00     5.44419e+00
    3.30725e+00     1.58404e+02     8.26890e+00     5.42568e+00
    3.31135e+00     1.58147e+02     8.25735e+00     5.39828e+00
    3.31544e+00     1.57880e+02     8.20061e+00     5.36834e+00
    3.31953e+00     1.57469e+02     8.16511e+00     5.33942e+00
    3.32362e+00     1.57020e+02     8.13264e+00     5.31290e+00
    3.32771e+00     1.56702e+02     8.12459e+00     5.29342e+00
    3.33180e+00     1.56338e+02     8.09385e+00     5.26623e+00
    3.33589e+00     1.56108e+02     8.08477e+00     5.24113e+00
    3.33998e+00     1.55717e+02     8.06241e+00     5.21604e+00
    3.34407e+00     1.55216e+02     8.01566e+00     5.19039e+00
    3.34816e+00     1.55014e+02     8.01043e+00     5.16932e+00
    3.35226e+00     1.54737e+02     7.97253e+00     5.14401e+00
    3.35634e+00     1.54350e+02     7.96541e+00     5.11758e+00
    3.36043e+00     1.53926e+02     7.90700e+00     5.09313e+00
    3.36453e+00     1.53579e+02     7.91901e+00     5.07219e+00
    3.36862e+00     1.53346e+02     7.88449e+00     5.04420e+00
    3.37271e+00     1.53032e+02     7.87310e+00     5.02298e+00
    3.37680e+00     1.52811e+02     7.81926e+00     4.99113e+00
    3.38089e+00     1.52388e+02     7.81126e+00     4.97050e+00
    3.38498e+00     1.51995e+02     7.78271e+00     4.94803e+00
    3.38907e+00     1.51726e+02     7.76714e+00     4.92526e+00
    3.39316e+00     1.51365e+02     7.73189e+00     4.90233e+00
    3.39725e+00     1.51067e+02     7.70320e+00     4.88031e+00
    3.40134e+00     1.50616e+02     7.70470e+00     4.85925e+00
    3.40543e+00     1.50413e+02     7.66449e+00     4.83042e+00
    3.40952e+00     1.49994e+02     7.63846e+00     4.80576e+00
    3.41362e+00     1.49735e+02     7.61074e+00     4.78526e+00
    3.41770e+00     1.49274e+02     7.58167e+00     4.76167e+00
    3.42179e+00     1.49053e+02     7.58370e+00     4.74337e+00
    3.42588e+00     1.48692e+02     7.55087e+00     4.71632e+00
    3.42997e+00     1.48363e+02     7.52837e+00     4.69457e+00
    3.43406e+00     1.48090e+02     7.51124e+00     4.67390e+00
    3.43816e+00     1.47745e+02     7.49222e+00     4.65807e+00
    3.44225e+00     1.47333e+02     7.45375e+00     4.62868e+00
    3.44634e+00     1.47083e+02     7.43839e+00     4.60834e+00
    3.45043e+00     1.46659e+02     7.41234e+00     4.58711e+00
    3.45452e+00     1.46487e+02     7.38386e+00     4.56189e+00
    3.45861e+00     1.46070e+02     7.35902e+00     4.54154e+00
    3.46270e+00     1.45673e+02     7.34870e+00     4.52414e+00
    3.46679e+00     1.45575e+02     7.32754e+00     4.49791e+00
    3.47088e+00     1.45136e+02     7.29733e+00     4.47770e+00
    3.47497e+00     1.44940e+02     7.27004e+00     4.45499e+00
    3.47906e+00     1.44642e+02     7.23493e+00     4.43292e+00
    3.48315e+00     1.44131e+02     7.24393e+00     4.41449e+00
    3.48725e+00     1.43960e+02     7.21603e+00     4.39254e+00
    3.49134e+00     1.43660e+02     7.19182e+00     4.37209e+00
    3.49543e+00     1.43349e+02     7.17158e+00     4.35020e+00
    3.49952e+00     1.43015e+02     7.15227e+00     4.33425e+00
    3.50361e+00     1.42642e+02     7.12876e+00     4.31092e+00
    3.50770e+00     1.42310e+02     7.09666e+00     4.28857e+00
    3.51179e+00     1.41939e+02     7.07505e+00     4.27204e+00
    3.51588e+00     1.41668e+02     7.05377e+00     4.24711e+00
    3.51997e+00     1.41419e+02     7.03315e+00     4.22523e+00
    3.52406e+00     1.41221e+02     7.01947e+00     4.21042e+00
    3.52815e+00     1.40841e+02     6.99477e+00     4.18984e+00
    3.53224e+00     1.40446e+02     6.98072e+00     4.16533e+00
    3.53633e+00     1.40113e+02     6.94869e+00     4.14841e+00
    3.54042e+00     1.39858e+02     6.92910e+00     4.12922e+00
    3.54451e+00     1.39621e+02     6.91696e+00     4.10888e+00
    3.54860e+00     1.39239e+02     6.86360e+00     4.08636e+00
    3.55270e+00     1.38952e+02     6.86292e+00     4.06892e+00
    3.55679e+00     1.38686e+02     6.85577e+00     4.05094e+00
    3.56088e+00     1.38230e+02     6.82214e+00     4.03072e+00
    3.56497e+00     1.37963e+02     6.79052e+00     4.00846e+00
    3.56906e+00     1.37804e+02     6.78131e+00     3.99507e+00
    3.57315e+00     1.37585e+02     6.77090e+00     3.97471e+00
    3.57724e+00     1.37195e+02     6.74813e+00     3.95588e+00
    3.58133e+00     1.36935e+02     6.71534e+00     3.93813e+00
    3.58542e+00     1.36549e+02     6.70572e+00     3.91722e+00
    3.58951e+00     1.36324e+02     6.69364e+00     3.90322e+00
    3.59360e+00     1.35916e+02     6.67867e+00     3.88441e+00
    3.59769e+00     1.35584e+02     6.63475e+00     3.86242e+00
    3.60178e+00     1.35357e+02     6.62023e+00     3.84561e+00
    3.60587e+00     1.35095e+02     6.59875e+00     3.82720e+00
    3.60996e+00     1.34788e+02     6.58395e+00     3.81039e+00
    3.61405e+00     1.34524e+02     6.56215e+00     3.78923e+00
    3.61814e+00     1.34208e+02     6.54066e+00     3.77656e+00
    3.62224e+00     1.33937e+02     6.52730e+00     3.75830e+00
    3.62633e+00     1.33683e+02     6.50728e+00     3.73669e+00
    3.63042e+00     1.33384e+02     6.48883e+00     3.72506e+00
    3.63451e+00     1.33129e+02     6.45972e+00     3.70256e+00
    3.63860e+00     1.32862e+02     6.46327e+00     3.68819e+00
    3.64269e+00     1.32505e+02     6.41974e+00     3.66804e+00
    3.64678e+00     1.32163e+02     6.40310e+00     3.65362e+00
    3.65087e+00     1.31927e+02     6.38325e+00     3.63489e+00
    3.65496e+00     1.31623e+02     6.38469e+00     3.61854e+00
    3.65905e+00     1.31391e+02     6.36182e+00     3.60199e+00
    3.66314e+00     1.31162e+02     6.34735e+00     3.58498e+00
    3.66723e+00     1.30939e+02     6.32166e+00     3.57035e+00
    3.67132e+00     1.30471e+02     6.29460e+00     3.55302e+00
    3.67541e+00     1.30234e+02     6.27609e+00     3.53660e+00
    3.67950e+00     1.29965e+02     6.25196e+00     3.51794e+00
    3.68359e+00     1.29606e+02     6.23910e+00     3.50035e+00
    3.68769e+00     1.29461e+02     6.23485e+00     3.48707e+00
    3.69177e+00     1.29266e+02     6.21015e+00     3.46840e+00
    3.69587e+00     1.28952e+02     6.18486e+00     3.45252e+00
    3.69996e+00     1.28609e+02     6.17464e+00     3.43736e+00
    3.70405e+00     1.28332e+02     6.14418e+00     3.42358e+00
    3.70814e+00     1.28112e+02     6.12672e+00     3.40742e+00
    3.71223e+00     1.27789e+02     6.10659e+00     3.39186e+00
    3.71632e+00     1.27537e+02     6.10328e+00     3.37830e+00
    3.72041e+00     1.27318e+02     6.08179e+00     3.35514e+00
    3.72450e+00     1.27067e+02     6.06253e+00     3.34291e+00
    3.72859e+00     1.26751e+02     6.04360e+00     3.32687e+00
    3.73268e+00     1.26450e+02     6.03171e+00     3.31049e+00
    3.73677e+00     1.26181e+02     6.01498e+00     3.29679e+00
    3.74086e+00     1.25929e+02     5.99567e+00     3.28123e+00
    3.74495e+00     1.25718e+02     5.97695e+00     3.26765e+00
    3.74905e+00     1.25424e+02     5.96548e+00     3.25315e+00
    3.75313e+00     1.25190e+02     5.95334e+00     3.23706e+00
    3.75722e+00     1.24914e+02     5.91871e+00     3.22248e+00
    3.76131e+00     1.24596e+02     5.91070e+00     3.20840e+00
    3.76541e+00     1.24398e+02     5.89160e+00     3.19409e+00
    3.76950e+00     1.24070e+02     5.88074e+00     3.18017e+00
    3.77359e+00     1.23876e+02     5.85691e+00     3.16293e+00
    3.77768e+00     1.23566e+02     5.83396e+00     3.15023e+00
    3.78177e+00     1.23390e+02     5.81651e+00     3.13584e+00
    3.78586e+00     1.23127e+02     5.80942e+00     3.12070e+00
    3.78995e+00     1.22770e+02     5.78100e+00     3.10606e+00
    3.79404e+00     1.22578e+02     5.78663e+00     3.09387e+00
    3.79813e+00     1.22340e+02     5.75442e+00     3.07807e+00
    3.80222e+00     1.21990e+02     5.72812e+00     3.06616e+00
    3.80632e+00     1.21778e+02     5.73878e+00     3.05313e+00
    3.81040e+00     1.21581e+02     5.71176e+00     3.03889e+00
    3.81449e+00     1.21248e+02     5.68919e+00     3.02553e+00
    3.81859e+00     1.21108e+02     5.67378e+00     3.01165e+00
    3.82268e+00     1.20815e+02     5.64696e+00     2.99709e+00
    3.82677e+00     1.20735e+02     5.65459e+00     2.98268e+00
    3.83086e+00     1.20325e+02     5.62630e+00     2.97095e+00
    3.83495e+00     1.20130e+02     5.61195e+00     2.95712e+00
    3.83904e+00     1.19883e+02     5.59780e+00     2.94186e+00
    3.84313e+00     1.19637e+02     5.58365e+00     2.93144e+00
    3.84722e+00     1.19347e+02     5.57891e+00     2.92033e+00
    3.85131e+00     1.19146e+02     5.55725e+00     2.90489e+00
    3.85540e+00     1.18917e+02     5.54512e+00     2.89245e+00
    3.85949e+00     1.18549e+02     5.51318e+00     2.87882e+00
    3.86358e+00     1.18431e+02     5.50935e+00     2.86899e+00
    3.86768e+00     1.18195e+02     5.49690e+00     2.85740e+00
    3.87177e+00     1.17913e+02     5.47073e+00     2.84238e+00
    3.87585e+00     1.17711e+02     5.45310e+00     2.83078e+00
    3.87994e+00     1.17418e+02     5.45413e+00     2.81725e+00
    3.88403e+00     1.17226e+02     5.43355e+00     2.80464e+00
    3.88813e+00     1.16965e+02     5.40380e+00     2.79068e+00
    3.89222e+00     1.16739e+02     5.40250e+00     2.77980e+00
    3.89631e+00     1.16542e+02     5.38783e+00     2.76720e+00
    3.90040e+00     1.16178e+02     5.36280e+00     2.75640e+00
    3.90449e+00     1.16031e+02     5.36520e+00     2.74415e+00
    3.90858e+00     1.15708e+02     5.33973e+00     2.73527e+00
    3.91267e+00     1.15635e+02     5.33401e+00     2.72028e+00
    3.91676e+00     1.15402e+02     5.30950e+00     2.70662e+00
    3.92085e+00     1.15131e+02     5.29360e+00     2.69541e+00
    3.92494e+00     1.14843e+02     5.27544e+00     2.68463e+00
    3.92903e+00     1.14552e+02     5.26896e+00     2.67456e+00
    3.93312e+00     1.14417e+02     5.25483e+00     2.66089e+00
    3.93721e+00     1.14266e+02     5.24269e+00     2.65142e+00
    3.94130e+00     1.13919e+02     5.22790e+00     2.63972e+00
    3.94539e+00     1.13675e+02     5.21266e+00     2.63025e+00
    3.94949e+00     1.13563e+02     5.19891e+00     2.61628e+00
    3.95358e+00     1.13348e+02     5.18010e+00     2.60728e+00
    3.95767e+00     1.13087e+02     5.16037e+00     2.59402e+00
    3.96176e+00     1.12879e+02     5.15522e+00     2.58309e+00
    3.96585e+00     1.12571e+02     5.14381e+00     2.57471e+00
    3.96994e+00     1.12537e+02     5.13369e+00     2.56344e+00
    3.97403e+00     1.12099e+02     5.11376e+00     2.55061e+00
    3.97812e+00     1.12024e+02     5.09996e+00     2.54026e+00
    3.98221e+00     1.11746e+02     5.09000e+00     2.53107e+00
    3.98630e+00     1.11504e+02     5.07646e+00     2.52020e+00
    3.99039e+00     1.11325e+02     5.06374e+00     2.50947e+00
    3.99448e+00     1.11153e+02     5.05270e+00     2.49898e+00
    3.99857e+00     1.10917e+02     5.03387e+00     2.48772e+00
    4.00266e+00     1.10760e+02     5.02685e+00     2.47725e+00
    4.00675e+00     1.10434e+02     5.01255e+00     2.46757e+00
    4.01085e+00     1.10242e+02     5.00163e+00     2.45938e+00
    4.01494e+00     1.10113e+02     4.98158e+00     2.44803e+00
    4.01902e+00     1.09816e+02     4.96836e+00     2.43762e+00
    4.02312e+00     1.09702e+02     4.95075e+00     2.42534e+00
    4.02721e+00     1.09538e+02     4.94682e+00     2.41702e+00
    4.03130e+00     1.09228e+02     4.92675e+00     2.40842e+00
    4.03539e+00     1.09107e+02     4.91064e+00     2.39676e+00
    4.03948e+00     1.08846e+02     4.91325e+00     2.39028e+00
    4.04357e+00     1.08604e+02     4.89340e+00     2.37878e+00
    4.04766e+00     1.08438e+02     4.88588e+00     2.36970e+00
    4.05175e+00     1.08215e+02     4.87317e+00     2.35966e+00
    4.05584e+00     1.08009e+02     4.85033e+00     2.34904e+00
    4.05993e+00     1.07863e+02     4.85182e+00     2.34138e+00
    4.06402e+00     1.07664e+02     4.82971e+00     2.33176e+00
    4.06811e+00     1.07457e+02     4.82227e+00     2.32178e+00
    4.07220e+00     1.07268e+02     4.80912e+00     2.31416e+00
    4.07630e+00     1.07093e+02     4.79855e+00     2.30464e+00
    4.08038e+00     1.06750e+02     4.78211e+00     2.29410e+00
    4.08447e+00     1.06708e+02     4.77518e+00     2.28590e+00
    4.08857e+00     1.06460e+02     4.75700e+00     2.27743e+00
    4.09266e+00     1.06262e+02     4.74639e+00     2.26831e+00
    4.09675e+00     1.06012e+02     4.73608e+00     2.26002e+00
    4.10084e+00     1.05879e+02     4.71978e+00     2.25052e+00
    4.10493e+00     1.05711e+02     4.70981e+00     2.24160e+00
    4.10902e+00     1.05465e+02     4.69363e+00     2.23341e+00
    4.11311e+00     1.05254e+02     4.68820e+00     2.22496e+00
    4.11720e+00     1.05146e+02     4.68136e+00     2.21592e+00
    4.12129e+00     1.04909e+02     4.67432e+00     2.20717e+00
    4.12538e+00     1.04735e+02     4.66438e+00     2.20056e+00
    4.12947e+00     1.04508e+02     4.63841e+00     2.18954e+00
    4.13356e+00     1.04306e+02     4.64111e+00     2.18365e+00
    4.13765e+00     1.04215e+02     4.61469e+00     2.17454e+00
    4.14175e+00     1.04011e+02     4.60580e+00     2.16631e+00
    4.14584e+00     1.03820e+02     4.59446e+00     2.15842e+00
    4.14993e+00     1.03645e+02     4.59478e+00     2.15149e+00
    4.15402e+00     1.03433e+02     4.57961e+00     2.14219e+00
    4.15811e+00     1.03270e+02     4.57700e+00     2.13630e+00
    4.16220e+00     1.03031e+02     4.56114e+00     2.12738e+00
    4.16629e+00     1.02844e+02     4.54496e+00     2.11822e+00
    4.17038e+00     1.02695e+02     4.53551e+00     2.11059e+00
    4.17447e+00     1.02580e+02     4.53075e+00     2.10372e+00
    4.17856e+00     1.02319e+02     4.51076e+00     2.09653e+00
    4.18265e+00     1.02172e+02     4.49903e+00     2.08705e+00
    4.18674e+00     1.01975e+02     4.49828e+00     2.08198e+00
