# Real space auto- and cross-spectra.
# z=2.000, 13.000<lgM<13.500
#      k[h/Mpc]            P_hh            P_hm            P_mm
    0.00000e+00     0.00000e+00     0.00000e+00     0.00000e+00
    5.79404e-03     6.36655e+04     1.04286e+04     2.13102e+03
    1.04717e-02     1.34815e+05     2.38556e+04     5.15852e+03
    1.42665e-02     1.15368e+05     2.06198e+04     4.56776e+03
    1.81228e-02     1.23652e+05     2.16954e+04     4.49387e+03
    2.24845e-02     1.17083e+05     2.13226e+04     4.61023e+03
    2.64508e-02     9.26526e+04     1.58941e+04     3.41162e+03
    3.04474e-02     9.41147e+04     1.62985e+04     3.49583e+03
    3.47320e-02     8.00076e+04     1.33540e+04     2.88549e+03
    3.88308e-02     7.82261e+04     1.25366e+04     2.66034e+03
    4.28140e-02     7.58291e+04     1.20657e+04     2.55826e+03
    4.68856e-02     6.98539e+04     1.09391e+04     2.34136e+03
    5.09858e-02     6.36095e+04     1.01138e+04     2.21725e+03
    5.51458e-02     6.42618e+04     9.63449e+03     2.05232e+03
    5.92243e-02     5.77028e+04     8.53295e+03     1.85418e+03
    6.32864e-02     5.88017e+04     8.71499e+03     1.87752e+03
    6.73674e-02     5.78130e+04     8.35150e+03     1.78771e+03
    7.14960e-02     5.33600e+04     7.67993e+03     1.67355e+03
    7.55894e-02     5.20051e+04     7.23738e+03     1.57500e+03
    7.96660e-02     4.85744e+04     6.55686e+03     1.42139e+03
    8.38183e-02     4.76285e+04     6.26788e+03     1.33257e+03
    8.78941e-02     4.53032e+04     5.75041e+03     1.22552e+03
    9.19238e-02     4.53843e+04     5.56607e+03     1.16019e+03
    9.60446e-02     4.33123e+04     5.09911e+03     1.05715e+03
    1.00128e-01     4.13339e+04     4.67450e+03     9.70784e+02
    1.04209e-01     3.87920e+04     4.38658e+03     9.25198e+02
    1.08333e-01     3.87527e+04     4.22967e+03     8.69894e+02
    1.12448e-01     3.83693e+04     4.01594e+03     8.22884e+02
    1.16521e-01     3.66710e+04     3.88630e+03     8.10011e+02
    1.20596e-01     3.68273e+04     3.86822e+03     8.00905e+02
    1.24665e-01     3.65769e+04     3.70710e+03     7.55809e+02
    1.28771e-01     3.56069e+04     3.55198e+03     7.39450e+02
    1.32874e-01     3.56360e+04     3.55285e+03     7.21606e+02
    1.36975e-01     3.37107e+04     3.24420e+03     6.61991e+02
    1.41075e-01     3.37557e+04     3.22428e+03     6.47602e+02
    1.45172e-01     3.26165e+04     2.99430e+03     6.04655e+02
    1.49268e-01     3.24119e+04     2.88114e+03     5.73211e+02
    1.53330e-01     3.19044e+04     2.76069e+03     5.46387e+02
    1.57416e-01     3.05520e+04     2.54756e+03     5.07357e+02
    1.61514e-01     3.10657e+04     2.50974e+03     4.89157e+02
    1.65592e-01     3.07873e+04     2.45135e+03     4.71256e+02
    1.69693e-01     2.97985e+04     2.33804e+03     4.50290e+02
    1.73803e-01     2.94408e+04     2.22921e+03     4.31281e+02
    1.77905e-01     2.89960e+04     2.20856e+03     4.23130e+02
    1.82001e-01     2.86056e+04     2.11072e+03     4.05232e+02
    1.86092e-01     2.82491e+04     2.06923e+03     3.98674e+02
    1.90161e-01     2.84700e+04     2.04828e+03     3.88723e+02
    1.94237e-01     2.81545e+04     2.02314e+03     3.84565e+02
    1.98334e-01     2.78587e+04     1.94206e+03     3.65954e+02
    2.02427e-01     2.76063e+04     1.90506e+03     3.54252e+02
    2.06523e-01     2.75335e+04     1.84707e+03     3.42464e+02
    2.10626e-01     2.70272e+04     1.78237e+03     3.28891e+02
    2.14724e-01     2.67024e+04     1.69587e+03     3.14907e+02
    2.18827e-01     2.64295e+04     1.65518e+03     3.00650e+02
    2.22903e-01     2.56773e+04     1.54643e+03     2.88149e+02
    2.26990e-01     2.58296e+04     1.55444e+03     2.83509e+02
    2.31084e-01     2.56250e+04     1.50238e+03     2.70451e+02
    2.35153e-01     2.53281e+04     1.45923e+03     2.63636e+02
    2.39244e-01     2.49973e+04     1.43947e+03     2.59896e+02
    2.43338e-01     2.48315e+04     1.39606e+03     2.50901e+02
    2.47445e-01     2.48109e+04     1.37716e+03     2.45292e+02
    2.51539e-01     2.48619e+04     1.38127e+03     2.42761e+02
    2.55609e-01     2.45391e+04     1.33938e+03     2.36267e+02
    2.59718e-01     2.41713e+04     1.30168e+03     2.29710e+02
    2.63814e-01     2.40688e+04     1.27111e+03     2.22764e+02
    2.67904e-01     2.38381e+04     1.22768e+03     2.15445e+02
    2.71993e-01     2.37068e+04     1.22781e+03     2.15991e+02
    2.76068e-01     2.36053e+04     1.18479e+03     2.03193e+02
    2.80171e-01     2.36228e+04     1.16239e+03     1.99069e+02
    2.84268e-01     2.32941e+04     1.12379e+03     1.93000e+02
    2.88346e-01     2.31169e+04     1.10780e+03     1.88092e+02
    2.92426e-01     2.30655e+04     1.08967e+03     1.83799e+02
    2.96514e-01     2.28364e+04     1.07136e+03     1.78718e+02
    3.00627e-01     2.26454e+04     1.03934e+03     1.75147e+02
    3.04729e-01     2.24450e+04     1.00821e+03     1.69277e+02
    3.08821e-01     2.25364e+04     1.01175e+03     1.69170e+02
    3.12919e-01     2.26699e+04     9.97722e+02     1.63200e+02
    3.16999e-01     2.23259e+04     9.76463e+02     1.60546e+02
    3.21078e-01     2.22603e+04     9.58211e+02     1.58117e+02
    3.25167e-01     2.21386e+04     9.41390e+02     1.54664e+02
    3.29247e-01     2.20560e+04     9.31174e+02     1.50727e+02
    3.33333e-01     2.19844e+04     9.23297e+02     1.48150e+02
    3.37443e-01     2.18913e+04     8.95561e+02     1.45059e+02
    3.41545e-01     2.19154e+04     8.82931e+02     1.41929e+02
    3.45625e-01     2.16804e+04     8.78708e+02     1.38648e+02
    3.49715e-01     2.15376e+04     8.51410e+02     1.36762e+02
    3.53817e-01     2.14300e+04     8.36659e+02     1.32130e+02
    3.57906e-01     2.14749e+04     8.31567e+02     1.30124e+02
    3.61975e-01     2.12281e+04     8.18942e+02     1.28139e+02
    3.66071e-01     2.12719e+04     8.02784e+02     1.24713e+02
    3.70189e-01     2.13324e+04     7.97655e+02     1.22457e+02
    3.74277e-01     2.09670e+04     7.73955e+02     1.20003e+02
    3.78356e-01     2.10160e+04     7.67090e+02     1.18011e+02
    3.82448e-01     2.09926e+04     7.61390e+02     1.16166e+02
    3.86535e-01     2.07392e+04     7.49941e+02     1.15045e+02
    3.90624e-01     2.07656e+04     7.37345e+02     1.12337e+02
    3.94706e-01     2.05757e+04     7.24650e+02     1.10186e+02
    3.98794e-01     2.05471e+04     7.10497e+02     1.07343e+02
    4.02896e-01     2.05221e+04     7.07999e+02     1.06378e+02
    4.06986e-01     2.04774e+04     7.06342e+02     1.04507e+02
    4.11069e-01     2.03117e+04     6.86745e+02     1.02324e+02
    4.15170e-01     2.02883e+04     6.73131e+02     1.00457e+02
    4.19263e-01     2.02884e+04     6.65640e+02     9.83222e+01
    4.23353e-01     2.02387e+04     6.56836e+02     9.65006e+01
    4.27447e-01     2.01834e+04     6.53157e+02     9.52970e+01
    4.31534e-01     2.01243e+04     6.46026e+02     9.40892e+01
    4.35624e-01     1.99187e+04     6.33013e+02     9.17104e+01
    4.39718e-01     1.99449e+04     6.31578e+02     9.11282e+01
    4.43804e-01     1.99636e+04     6.25665e+02     8.97498e+01
    4.47892e-01     1.98063e+04     6.14777e+02     8.80021e+01
    4.51977e-01     1.96617e+04     6.06708e+02     8.65700e+01
    4.56067e-01     1.96735e+04     5.95802e+02     8.54397e+01
    4.60165e-01     1.97814e+04     5.97162e+02     8.43538e+01
    4.64260e-01     1.96378e+04     5.92493e+02     8.36497e+01
    4.68355e-01     1.95220e+04     5.84318e+02     8.17342e+01
    4.72450e-01     1.94217e+04     5.73016e+02     8.01043e+01
    4.76540e-01     1.94811e+04     5.72938e+02     7.91281e+01
    4.80633e-01     1.96306e+04     5.69882e+02     7.82584e+01
    4.84718e-01     1.94107e+04     5.59118e+02     7.68784e+01
    4.88794e-01     1.93935e+04     5.57627e+02     7.63642e+01
    4.92888e-01     1.92502e+04     5.50408e+02     7.50774e+01
    4.96984e-01     1.92692e+04     5.42827e+02     7.39843e+01
    5.01073e-01     1.92123e+04     5.38659e+02     7.25095e+01
    5.05169e-01     1.92334e+04     5.34656e+02     7.19716e+01
    5.09268e-01     1.90681e+04     5.22177e+02     7.04949e+01
    5.13369e-01     1.90896e+04     5.18073e+02     6.93743e+01
    5.17441e-01     1.89672e+04     5.15790e+02     6.88729e+01
    5.21516e-01     1.89665e+04     5.10042e+02     6.77552e+01
    5.25611e-01     1.88420e+04     5.04415e+02     6.67994e+01
    5.29706e-01     1.88607e+04     5.00488e+02     6.60582e+01
    5.33801e-01     1.88497e+04     4.96005e+02     6.51520e+01
    5.37888e-01     1.87930e+04     4.93156e+02     6.42770e+01
    5.41985e-01     1.88443e+04     4.91011e+02     6.37781e+01
    5.46091e-01     1.87396e+04     4.82832e+02     6.28189e+01
    5.50174e-01     1.87074e+04     4.76920e+02     6.18959e+01
    5.54252e-01     1.87034e+04     4.73405e+02     6.09718e+01
    5.58346e-01     1.86930e+04     4.69552e+02     6.02663e+01
    5.62439e-01     1.86417e+04     4.69211e+02     5.97129e+01
    5.66527e-01     1.85825e+04     4.60759e+02     5.88769e+01
    5.70616e-01     1.85062e+04     4.59679e+02     5.82747e+01
    5.74707e-01     1.85278e+04     4.54861e+02     5.75680e+01
    5.78798e-01     1.84930e+04     4.48960e+02     5.67319e+01
    5.82883e-01     1.84269e+04     4.45367e+02     5.60075e+01
    5.86977e-01     1.84746e+04     4.44195e+02     5.55512e+01
    5.91070e-01     1.83474e+04     4.36773e+02     5.44891e+01
    5.95166e-01     1.83902e+04     4.41184e+02     5.43642e+01
    5.99260e-01     1.83392e+04     4.34361e+02     5.34577e+01
    6.03349e-01     1.82824e+04     4.30435e+02     5.30959e+01
    6.07445e-01     1.82188e+04     4.28757e+02     5.25372e+01
    6.11543e-01     1.80983e+04     4.20185e+02     5.14647e+01
    6.15623e-01     1.81765e+04     4.16745e+02     5.09679e+01
    6.19704e-01     1.80655e+04     4.14605e+02     5.04810e+01
    6.23792e-01     1.81671e+04     4.13513e+02     4.99507e+01
    6.27891e-01     1.80809e+04     4.13432e+02     4.97556e+01
    6.31991e-01     1.80576e+04     4.06787e+02     4.89801e+01
    6.36073e-01     1.79478e+04     4.03049e+02     4.81936e+01
    6.40158e-01     1.79439e+04     4.00153e+02     4.76635e+01
    6.44244e-01     1.79292e+04     3.97489e+02     4.73400e+01
    6.48338e-01     1.79216e+04     3.95274e+02     4.68707e+01
    6.52432e-01     1.78295e+04     3.92088e+02     4.62164e+01
    6.56514e-01     1.78797e+04     3.89150e+02     4.56927e+01
    6.60609e-01     1.77854e+04     3.86782e+02     4.53780e+01
    6.64712e-01     1.78347e+04     3.84829e+02     4.47259e+01
    6.68801e-01     1.77865e+04     3.82364e+02     4.43398e+01
    6.72890e-01     1.77695e+04     3.80174e+02     4.39261e+01
    6.76984e-01     1.76561e+04     3.74838e+02     4.34366e+01
    6.81074e-01     1.77376e+04     3.74789e+02     4.29573e+01
    6.85160e-01     1.76573e+04     3.71932e+02     4.27485e+01
    6.89246e-01     1.76651e+04     3.67624e+02     4.19864e+01
    6.93336e-01     1.76452e+04     3.66259e+02     4.17298e+01
    6.97434e-01     1.75484e+04     3.63832e+02     4.14269e+01
    7.01528e-01     1.75783e+04     3.62326e+02     4.09784e+01
    7.05618e-01     1.74831e+04     3.58779e+02     4.05215e+01
    7.09708e-01     1.75396e+04     3.56898e+02     4.01423e+01
    7.13796e-01     1.74537e+04     3.56005e+02     3.99615e+01
    7.17892e-01     1.74582e+04     3.51526e+02     3.92625e+01
    7.21982e-01     1.73978e+04     3.52867e+02     3.91750e+01
    7.26059e-01     1.74272e+04     3.48205e+02     3.85722e+01
    7.30145e-01     1.73832e+04     3.48891e+02     3.84357e+01
    7.34240e-01     1.73142e+04     3.46237e+02     3.79694e+01
    7.38340e-01     1.72714e+04     3.42458e+02     3.76899e+01
    7.42427e-01     1.72654e+04     3.38510e+02     3.72449e+01
    7.46511e-01     1.72711e+04     3.37851e+02     3.68409e+01
    7.50614e-01     1.72900e+04     3.35230e+02     3.65470e+01
    7.54706e-01     1.71990e+04     3.33902e+02     3.62972e+01
    7.58795e-01     1.72563e+04     3.32933e+02     3.59875e+01
    7.62888e-01     1.72160e+04     3.30339e+02     3.55735e+01
    7.66986e-01     1.72057e+04     3.30272e+02     3.53911e+01
    7.71073e-01     1.71144e+04     3.26223e+02     3.49235e+01
    7.75153e-01     1.71219e+04     3.23950e+02     3.45764e+01
    7.79241e-01     1.70386e+04     3.22251e+02     3.43614e+01
    7.83335e-01     1.70046e+04     3.19632e+02     3.39869e+01
    7.87426e-01     1.69925e+04     3.18275e+02     3.38548e+01
    7.91513e-01     1.69858e+04     3.16244e+02     3.34605e+01
    7.95606e-01     1.70125e+04     3.16615e+02     3.31976e+01
    7.99702e-01     1.69993e+04     3.15183e+02     3.28895e+01
    8.03798e-01     1.68733e+04     3.10487e+02     3.25540e+01
    8.07879e-01     1.69520e+04     3.12893e+02     3.24211e+01
    8.11963e-01     1.69183e+04     3.09764e+02     3.20868e+01
    8.16059e-01     1.68661e+04     3.06638e+02     3.18078e+01
    8.20152e-01     1.67926e+04     3.05425e+02     3.16823e+01
    8.24242e-01     1.67859e+04     3.03112e+02     3.12590e+01
    8.28331e-01     1.67401e+04     3.02356e+02     3.10895e+01
    8.32425e-01     1.68177e+04     2.99450e+02     3.07044e+01
    8.36516e-01     1.67207e+04     2.98619e+02     3.06333e+01
    8.40610e-01     1.66952e+04     2.99751e+02     3.03465e+01
    8.44704e-01     1.67305e+04     2.96238e+02     3.00711e+01
    8.48790e-01     1.66762e+04     2.94112e+02     2.97652e+01
    8.52876e-01     1.66455e+04     2.93281e+02     2.95582e+01
    8.56967e-01     1.66563e+04     2.92343e+02     2.93259e+01
    8.61059e-01     1.65878e+04     2.89581e+02     2.91697e+01
    8.65147e-01     1.65963e+04     2.88581e+02     2.88091e+01
    8.69235e-01     1.65130e+04     2.86634e+02     2.86784e+01
    8.73334e-01     1.65011e+04     2.84898e+02     2.84436e+01
    8.77429e-01     1.65112e+04     2.83300e+02     2.81866e+01
    8.81512e-01     1.64931e+04     2.81194e+02     2.79797e+01
    8.85601e-01     1.64610e+04     2.81224e+02     2.77204e+01
    8.89691e-01     1.64692e+04     2.79897e+02     2.75524e+01
    8.93784e-01     1.64226e+04     2.79756e+02     2.73678e+01
    8.97875e-01     1.64214e+04     2.78182e+02     2.71181e+01
    9.01960e-01     1.63595e+04     2.77309e+02     2.69351e+01
    9.06054e-01     1.63536e+04     2.74126e+02     2.67607e+01
    9.10146e-01     1.63536e+04     2.72410e+02     2.65466e+01
    9.14237e-01     1.62931e+04     2.71778e+02     2.63093e+01
    9.18331e-01     1.62921e+04     2.70963e+02     2.60360e+01
    9.22421e-01     1.62425e+04     2.69928e+02     2.59545e+01
    9.26509e-01     1.62412e+04     2.67828e+02     2.58134e+01
    9.30598e-01     1.62092e+04     2.67919e+02     2.56087e+01
    9.34692e-01     1.62213e+04     2.65520e+02     2.53492e+01
    9.38787e-01     1.61662e+04     2.65052e+02     2.52144e+01
    9.42873e-01     1.62514e+04     2.65399e+02     2.50830e+01
    9.46961e-01     1.61100e+04     2.61963e+02     2.48220e+01
    9.51054e-01     1.61553e+04     2.62225e+02     2.46510e+01
    9.55150e-01     1.61334e+04     2.60305e+02     2.44278e+01
    9.59240e-01     1.60686e+04     2.58214e+02     2.42435e+01
    9.63327e-01     1.60770e+04     2.57118e+02     2.41557e+01
    9.67420e-01     1.60519e+04     2.56812e+02     2.39392e+01
    9.71506e-01     1.60315e+04     2.55288e+02     2.38189e+01
    9.75588e-01     1.60127e+04     2.53504e+02     2.36324e+01
    9.79678e-01     1.59718e+04     2.52256e+02     2.34864e+01
    9.83773e-01     1.59843e+04     2.52680e+02     2.33264e+01
    9.87866e-01     1.60052e+04     2.51708e+02     2.32052e+01
    9.91960e-01     1.59538e+04     2.49186e+02     2.29323e+01
    9.96055e-01     1.58972e+04     2.50066e+02     2.28975e+01
    1.00015e+00     1.59288e+04     2.49224e+02     2.26715e+01
    1.00424e+00     1.58509e+04     2.45462e+02     2.24859e+01
    1.00832e+00     1.58527e+04     2.45933e+02     2.24282e+01
    1.01242e+00     1.58675e+04     2.44385e+02     2.22012e+01
    1.01651e+00     1.58410e+04     2.45017e+02     2.20854e+01
    1.02059e+00     1.58459e+04     2.42413e+02     2.19077e+01
    1.02468e+00     1.57797e+04     2.41872e+02     2.17515e+01
    1.02878e+00     1.58125e+04     2.41455e+02     2.16236e+01
    1.03287e+00     1.57365e+04     2.39879e+02     2.15099e+01
    1.03695e+00     1.57509e+04     2.39559e+02     2.13647e+01
    1.04105e+00     1.56826e+04     2.37378e+02     2.12272e+01
    1.04515e+00     1.56914e+04     2.37871e+02     2.11105e+01
    1.04923e+00     1.56516e+04     2.35077e+02     2.09100e+01
    1.05332e+00     1.56471e+04     2.34600e+02     2.08411e+01
    1.05741e+00     1.56179e+04     2.33792e+02     2.06858e+01
    1.06150e+00     1.56458e+04     2.33734e+02     2.05352e+01
    1.06559e+00     1.56200e+04     2.31485e+02     2.03701e+01
    1.06968e+00     1.56038e+04     2.32041e+02     2.03021e+01
    1.07377e+00     1.55817e+04     2.30587e+02     2.01563e+01
    1.07786e+00     1.55307e+04     2.29022e+02     1.99865e+01
    1.08195e+00     1.55707e+04     2.29566e+02     1.98965e+01
    1.08605e+00     1.55116e+04     2.27484e+02     1.97729e+01
    1.09014e+00     1.54928e+04     2.27153e+02     1.95999e+01
    1.09422e+00     1.54564e+04     2.25577e+02     1.95527e+01
    1.09832e+00     1.54472e+04     2.26066e+02     1.94320e+01
    1.10242e+00     1.54286e+04     2.24871e+02     1.92494e+01
    1.10650e+00     1.54266e+04     2.24121e+02     1.91807e+01
    1.11059e+00     1.54012e+04     2.22880e+02     1.90584e+01
    1.11468e+00     1.53902e+04     2.20970e+02     1.89336e+01
    1.11878e+00     1.53651e+04     2.20996e+02     1.88075e+01
    1.12287e+00     1.53128e+04     2.20096e+02     1.87023e+01
    1.12695e+00     1.53170e+04     2.19112e+02     1.85488e+01
    1.13105e+00     1.52952e+04     2.18614e+02     1.85278e+01
    1.13514e+00     1.52767e+04     2.17231e+02     1.83707e+01
    1.13922e+00     1.52660e+04     2.17213e+02     1.82653e+01
    1.14331e+00     1.52619e+04     2.15889e+02     1.81448e+01
    1.14741e+00     1.52328e+04     2.15593e+02     1.80604e+01
    1.15150e+00     1.52232e+04     2.14795e+02     1.79421e+01
    1.15559e+00     1.51973e+04     2.13821e+02     1.78102e+01
    1.15968e+00     1.51928e+04     2.13680e+02     1.77683e+01
    1.16377e+00     1.51720e+04     2.12547e+02     1.76391e+01
    1.16786e+00     1.51334e+04     2.11666e+02     1.75203e+01
    1.17195e+00     1.51519e+04     2.11038e+02     1.74061e+01
    1.17604e+00     1.51054e+04     2.09672e+02     1.72856e+01
    1.18013e+00     1.51165e+04     2.09478e+02     1.72021e+01
    1.18422e+00     1.50453e+04     2.08477e+02     1.71156e+01
    1.18831e+00     1.50185e+04     2.08419e+02     1.70553e+01
    1.19240e+00     1.50624e+04     2.07645e+02     1.69165e+01
    1.19649e+00     1.50248e+04     2.07245e+02     1.68436e+01
    1.20059e+00     1.50372e+04     2.06878e+02     1.67437e+01
    1.20468e+00     1.49654e+04     2.05089e+02     1.66158e+01
    1.20877e+00     1.49471e+04     2.04264e+02     1.65285e+01
    1.21286e+00     1.49563e+04     2.03513e+02     1.64596e+01
    1.21695e+00     1.49142e+04     2.03433e+02     1.63568e+01
    1.22104e+00     1.48855e+04     2.01425e+02     1.62648e+01
    1.22513e+00     1.48567e+04     2.00187e+02     1.61489e+01
    1.22922e+00     1.48906e+04     2.01397e+02     1.60946e+01
    1.23330e+00     1.48598e+04     2.00207e+02     1.59788e+01
    1.23740e+00     1.48628e+04     1.99558e+02     1.58939e+01
    1.24149e+00     1.48197e+04     1.99329e+02     1.57951e+01
    1.24558e+00     1.47849e+04     1.97177e+02     1.56757e+01
    1.24967e+00     1.47760e+04     1.96946e+02     1.56067e+01
    1.25376e+00     1.47620e+04     1.97297e+02     1.55220e+01
    1.25785e+00     1.47822e+04     1.97533e+02     1.54909e+01
    1.26194e+00     1.46961e+04     1.94719e+02     1.53710e+01
    1.26603e+00     1.47089e+04     1.94785e+02     1.52837e+01
    1.27012e+00     1.47081e+04     1.94489e+02     1.52155e+01
    1.27422e+00     1.47060e+04     1.93686e+02     1.51191e+01
    1.27831e+00     1.46632e+04     1.93085e+02     1.50573e+01
    1.28240e+00     1.46214e+04     1.91873e+02     1.49757e+01
    1.28649e+00     1.46070e+04     1.91154e+02     1.49010e+01
    1.29058e+00     1.45879e+04     1.91104e+02     1.47927e+01
    1.29467e+00     1.45666e+04     1.90731e+02     1.47516e+01
    1.29876e+00     1.45824e+04     1.89824e+02     1.46087e+01
    1.30285e+00     1.45606e+04     1.89703e+02     1.45587e+01
    1.30694e+00     1.45109e+04     1.88016e+02     1.44746e+01
    1.31103e+00     1.44934e+04     1.87604e+02     1.44015e+01
    1.31512e+00     1.45125e+04     1.87628e+02     1.43461e+01
    1.31921e+00     1.45140e+04     1.86717e+02     1.42523e+01
    1.32331e+00     1.44407e+04     1.85145e+02     1.41635e+01
    1.32739e+00     1.44970e+04     1.86090e+02     1.41090e+01
    1.33148e+00     1.43874e+04     1.84008e+02     1.40142e+01
    1.33558e+00     1.44032e+04     1.84428e+02     1.39753e+01
    1.33967e+00     1.43787e+04     1.83422e+02     1.38640e+01
    1.34376e+00     1.43787e+04     1.83154e+02     1.38370e+01
    1.34785e+00     1.43473e+04     1.82202e+02     1.37213e+01
    1.35195e+00     1.43250e+04     1.81775e+02     1.36651e+01
    1.35603e+00     1.43237e+04     1.81893e+02     1.36029e+01
    1.36011e+00     1.42999e+04     1.81193e+02     1.35384e+01
    1.36421e+00     1.42883e+04     1.81252e+02     1.34707e+01
    1.36830e+00     1.42767e+04     1.80277e+02     1.34118e+01
    1.37239e+00     1.42040e+04     1.78758e+02     1.33090e+01
    1.37648e+00     1.42032e+04     1.78006e+02     1.32265e+01
    1.38057e+00     1.42394e+04     1.77724e+02     1.31656e+01
    1.38466e+00     1.41661e+04     1.76596e+02     1.31076e+01
    1.38875e+00     1.41631e+04     1.76722e+02     1.30392e+01
    1.39285e+00     1.41404e+04     1.75929e+02     1.29784e+01
    1.39694e+00     1.41470e+04     1.75941e+02     1.29233e+01
    1.40102e+00     1.41285e+04     1.75468e+02     1.28668e+01
    1.40512e+00     1.40888e+04     1.74728e+02     1.27931e+01
    1.40921e+00     1.40612e+04     1.73541e+02     1.27121e+01
    1.41330e+00     1.40758e+04     1.73130e+02     1.26391e+01
    1.41739e+00     1.40321e+04     1.72483e+02     1.26108e+01
    1.42148e+00     1.40566e+04     1.72514e+02     1.25558e+01
    1.42557e+00     1.40236e+04     1.71913e+02     1.24702e+01
    1.42966e+00     1.40283e+04     1.71775e+02     1.24069e+01
    1.43375e+00     1.39837e+04     1.70869e+02     1.23570e+01
    1.43784e+00     1.39821e+04     1.70373e+02     1.22839e+01
    1.44193e+00     1.39531e+04     1.70341e+02     1.22144e+01
    1.44602e+00     1.39235e+04     1.69091e+02     1.21677e+01
    1.45011e+00     1.38778e+04     1.68385e+02     1.20945e+01
    1.45420e+00     1.38757e+04     1.67582e+02     1.20370e+01
    1.45830e+00     1.38875e+04     1.68087e+02     1.19945e+01
    1.46239e+00     1.38709e+04     1.67516e+02     1.19166e+01
    1.46648e+00     1.38304e+04     1.66436e+02     1.18655e+01
    1.47056e+00     1.38559e+04     1.66965e+02     1.18040e+01
    1.47465e+00     1.37777e+04     1.65517e+02     1.17624e+01
    1.47874e+00     1.37738e+04     1.65089e+02     1.16869e+01
    1.48283e+00     1.38016e+04     1.65195e+02     1.16492e+01
    1.48693e+00     1.37845e+04     1.64331e+02     1.15805e+01
    1.49102e+00     1.37430e+04     1.63858e+02     1.15097e+01
    1.49511e+00     1.37223e+04     1.63121e+02     1.14533e+01
    1.49920e+00     1.37133e+04     1.63098e+02     1.14340e+01
    1.50329e+00     1.36898e+04     1.62475e+02     1.13670e+01
    1.50738e+00     1.36854e+04     1.62320e+02     1.13162e+01
    1.51148e+00     1.36587e+04     1.61377e+02     1.12394e+01
    1.51557e+00     1.36618e+04     1.61643e+02     1.11920e+01
    1.51965e+00     1.36325e+04     1.60903e+02     1.11398e+01
    1.52374e+00     1.36005e+04     1.60024e+02     1.10812e+01
    1.52784e+00     1.35930e+04     1.59488e+02     1.10362e+01
    1.53193e+00     1.35723e+04     1.59260e+02     1.09928e+01
    1.53602e+00     1.35388e+04     1.58943e+02     1.09642e+01
    1.54011e+00     1.35456e+04     1.58368e+02     1.08815e+01
    1.54420e+00     1.34941e+04     1.57304e+02     1.08169e+01
    1.54829e+00     1.35182e+04     1.57174e+02     1.07772e+01
    1.55238e+00     1.34709e+04     1.56527e+02     1.07391e+01
    1.55647e+00     1.34619e+04     1.56240e+02     1.06857e+01
    1.56056e+00     1.34465e+04     1.55599e+02     1.06106e+01
    1.56465e+00     1.34366e+04     1.55639e+02     1.05925e+01
    1.56874e+00     1.34125e+04     1.54323e+02     1.05133e+01
    1.57283e+00     1.33837e+04     1.54201e+02     1.04867e+01
    1.57693e+00     1.33890e+04     1.53743e+02     1.04115e+01
    1.58102e+00     1.33760e+04     1.53880e+02     1.03835e+01
    1.58510e+00     1.33353e+04     1.53033e+02     1.03310e+01
    1.58919e+00     1.33308e+04     1.52668e+02     1.02899e+01
    1.59329e+00     1.32998e+04     1.52257e+02     1.02318e+01
    1.59738e+00     1.33048e+04     1.51841e+02     1.01927e+01
    1.60147e+00     1.32905e+04     1.51354e+02     1.01367e+01
    1.60556e+00     1.32831e+04     1.51906e+02     1.01151e+01
    1.60965e+00     1.32381e+04     1.50954e+02     1.00648e+01
    1.61374e+00     1.32488e+04     1.50414e+02     1.00107e+01
    1.61783e+00     1.32058e+04     1.49844e+02     9.95991e+00
    1.62192e+00     1.31648e+04     1.49011e+02     9.91295e+00
    1.62601e+00     1.31732e+04     1.48717e+02     9.86755e+00
    1.63010e+00     1.31554e+04     1.48477e+02     9.80791e+00
    1.63419e+00     1.31457e+04     1.48186e+02     9.77305e+00
    1.63828e+00     1.31207e+04     1.47546e+02     9.73103e+00
    1.64238e+00     1.31042e+04     1.47049e+02     9.69180e+00
    1.64647e+00     1.30821e+04     1.46484e+02     9.64367e+00
    1.65055e+00     1.30598e+04     1.46422e+02     9.57938e+00
    1.65465e+00     1.30460e+04     1.45534e+02     9.54042e+00
    1.65874e+00     1.30234e+04     1.44964e+02     9.50553e+00
    1.66283e+00     1.29910e+04     1.44579e+02     9.44857e+00
    1.66691e+00     1.29914e+04     1.44320e+02     9.41859e+00
    1.67101e+00     1.29824e+04     1.44205e+02     9.37615e+00
    1.67510e+00     1.29587e+04     1.44067e+02     9.34571e+00
    1.67919e+00     1.29190e+04     1.43005e+02     9.28543e+00
    1.68328e+00     1.29105e+04     1.42563e+02     9.24190e+00
    1.68737e+00     1.29221e+04     1.42358e+02     9.20723e+00
    1.69146e+00     1.29027e+04     1.42085e+02     9.14835e+00
    1.69555e+00     1.28620e+04     1.41595e+02     9.12211e+00
    1.69964e+00     1.28493e+04     1.41166e+02     9.07761e+00
    1.70373e+00     1.28332e+04     1.41222e+02     9.05659e+00
    1.70782e+00     1.28265e+04     1.40328e+02     9.00555e+00
    1.71191e+00     1.27981e+04     1.39916e+02     8.95415e+00
    1.71600e+00     1.27939e+04     1.39768e+02     8.92016e+00
    1.72009e+00     1.27707e+04     1.38885e+02     8.86953e+00
    1.72418e+00     1.27704e+04     1.39230e+02     8.85087e+00
    1.72828e+00     1.27343e+04     1.38459e+02     8.81389e+00
    1.73237e+00     1.27236e+04     1.38083e+02     8.77307e+00
    1.73646e+00     1.26949e+04     1.37550e+02     8.71124e+00
    1.74055e+00     1.26703e+04     1.37358e+02     8.69086e+00
    1.74464e+00     1.26856e+04     1.37258e+02     8.65177e+00
    1.74874e+00     1.26357e+04     1.36480e+02     8.59582e+00
    1.75282e+00     1.26295e+04     1.36053e+02     8.56630e+00
    1.75691e+00     1.26239e+04     1.36010e+02     8.53004e+00
    1.76100e+00     1.26028e+04     1.35835e+02     8.50071e+00
    1.76509e+00     1.25625e+04     1.34843e+02     8.46026e+00
    1.76918e+00     1.25676e+04     1.34851e+02     8.42222e+00
    1.77327e+00     1.25473e+04     1.34353e+02     8.39094e+00
    1.77737e+00     1.25428e+04     1.34342e+02     8.34548e+00
    1.78146e+00     1.24942e+04     1.33217e+02     8.31661e+00
    1.78554e+00     1.24839e+04     1.33115e+02     8.27751e+00
    1.78964e+00     1.24938e+04     1.32829e+02     8.24325e+00
    1.79373e+00     1.24824e+04     1.32637e+02     8.20353e+00
    1.79782e+00     1.24360e+04     1.31841e+02     8.15577e+00
    1.80191e+00     1.24324e+04     1.31644e+02     8.12091e+00
    1.80600e+00     1.24058e+04     1.31431e+02     8.09300e+00
    1.81009e+00     1.23876e+04     1.30980e+02     8.05336e+00
    1.81418e+00     1.23717e+04     1.30575e+02     8.02508e+00
    1.81827e+00     1.23530e+04     1.30511e+02     7.98947e+00
    1.82236e+00     1.23206e+04     1.29593e+02     7.94607e+00
    1.82645e+00     1.23141e+04     1.29431e+02     7.90955e+00
    1.83054e+00     1.22955e+04     1.29029e+02     7.87921e+00
    1.83463e+00     1.22794e+04     1.28795e+02     7.84675e+00
    1.83872e+00     1.22651e+04     1.28462e+02     7.81944e+00
    1.84281e+00     1.22665e+04     1.28381e+02     7.78370e+00
    1.84691e+00     1.22362e+04     1.27609e+02     7.74730e+00
    1.85100e+00     1.21980e+04     1.27371e+02     7.71451e+00
    1.85509e+00     1.22066e+04     1.27119e+02     7.68339e+00
    1.85918e+00     1.21865e+04     1.26742e+02     7.64447e+00
    1.86327e+00     1.21522e+04     1.26503e+02     7.61646e+00
    1.86736e+00     1.21630e+04     1.26106e+02     7.58314e+00
    1.87145e+00     1.21180e+04     1.25453e+02     7.55462e+00
    1.87554e+00     1.20966e+04     1.25014e+02     7.52118e+00
    1.87963e+00     1.20975e+04     1.25258e+02     7.49077e+00
    1.88372e+00     1.20872e+04     1.24768e+02     7.44783e+00
    1.88781e+00     1.20632e+04     1.24346e+02     7.42680e+00
    1.89190e+00     1.20283e+04     1.23895e+02     7.38210e+00
    1.89599e+00     1.20163e+04     1.23775e+02     7.35678e+00
    1.90008e+00     1.20130e+04     1.23437e+02     7.32199e+00
    1.90417e+00     1.20125e+04     1.23041e+02     7.30103e+00
    1.90827e+00     1.19762e+04     1.22727e+02     7.26812e+00
    1.91236e+00     1.19609e+04     1.22295e+02     7.22538e+00
    1.91645e+00     1.19455e+04     1.22258e+02     7.20953e+00
    1.92054e+00     1.19253e+04     1.21888e+02     7.16592e+00
    1.92463e+00     1.18950e+04     1.21388e+02     7.14271e+00
    1.92872e+00     1.18836e+04     1.20913e+02     7.11835e+00
    1.93281e+00     1.18603e+04     1.20482e+02     7.07991e+00
    1.93690e+00     1.18355e+04     1.19963e+02     7.04630e+00
    1.94099e+00     1.18284e+04     1.19863e+02     7.01043e+00
    1.94508e+00     1.18047e+04     1.19335e+02     6.99294e+00
    1.94917e+00     1.17919e+04     1.19086e+02     6.95803e+00
    1.95326e+00     1.17882e+04     1.18710e+02     6.93149e+00
    1.95735e+00     1.17654e+04     1.18644e+02     6.90146e+00
    1.96144e+00     1.17410e+04     1.18099e+02     6.87368e+00
    1.96553e+00     1.17142e+04     1.17554e+02     6.83574e+00
    1.96962e+00     1.17085e+04     1.17476e+02     6.81256e+00
    1.97371e+00     1.16823e+04     1.17031e+02     6.77916e+00
    1.97781e+00     1.16788e+04     1.16936e+02     6.76144e+00
    1.98190e+00     1.16666e+04     1.16498e+02     6.72566e+00
    1.98599e+00     1.16346e+04     1.16263e+02     6.68534e+00
    1.99008e+00     1.16198e+04     1.15864e+02     6.65976e+00
    1.99417e+00     1.16088e+04     1.15590e+02     6.63931e+00
    1.99826e+00     1.15853e+04     1.14873e+02     6.60348e+00
    2.00235e+00     1.15814e+04     1.15016e+02     6.58207e+00
    2.00644e+00     1.15522e+04     1.14576e+02     6.55701e+00
    2.01053e+00     1.15402e+04     1.14111e+02     6.52583e+00
    2.01462e+00     1.15127e+04     1.14065e+02     6.50222e+00
    2.01871e+00     1.14893e+04     1.13326e+02     6.46441e+00
    2.02280e+00     1.14700e+04     1.13098e+02     6.43778e+00
    2.02689e+00     1.14650e+04     1.12973e+02     6.42422e+00
    2.03098e+00     1.14364e+04     1.12831e+02     6.38774e+00
    2.03507e+00     1.14390e+04     1.12557e+02     6.37209e+00
    2.03917e+00     1.14078e+04     1.12290e+02     6.33815e+00
    2.04325e+00     1.13966e+04     1.11942e+02     6.30896e+00
    2.04735e+00     1.13549e+04     1.11168e+02     6.28532e+00
    2.05143e+00     1.13596e+04     1.11065e+02     6.25614e+00
    2.05552e+00     1.13504e+04     1.10955e+02     6.22801e+00
    2.05962e+00     1.13169e+04     1.10395e+02     6.20225e+00
    2.06371e+00     1.12972e+04     1.09904e+02     6.16967e+00
    2.06780e+00     1.13117e+04     1.09911e+02     6.14323e+00
    2.07189e+00     1.12684e+04     1.09455e+02     6.12143e+00
    2.07598e+00     1.12667e+04     1.09364e+02     6.10445e+00
    2.08007e+00     1.12347e+04     1.08600e+02     6.06129e+00
    2.08416e+00     1.12265e+04     1.08829e+02     6.04294e+00
    2.08825e+00     1.12103e+04     1.08402e+02     6.02806e+00
    2.09234e+00     1.11906e+04     1.07976e+02     5.99722e+00
    2.09644e+00     1.11740e+04     1.07888e+02     5.97602e+00
    2.10053e+00     1.11647e+04     1.07527e+02     5.94264e+00
    2.10461e+00     1.11342e+04     1.07389e+02     5.92204e+00
    2.10870e+00     1.11097e+04     1.06747e+02     5.89720e+00
    2.11280e+00     1.10925e+04     1.06301e+02     5.86951e+00
    2.11688e+00     1.10764e+04     1.05938e+02     5.84631e+00
    2.12098e+00     1.10563e+04     1.06066e+02     5.81964e+00
    2.12507e+00     1.10483e+04     1.05609e+02     5.79875e+00
    2.12916e+00     1.10310e+04     1.05162e+02     5.76402e+00
    2.13325e+00     1.09956e+04     1.04668e+02     5.74026e+00
    2.13734e+00     1.09761e+04     1.04582e+02     5.72712e+00
    2.14143e+00     1.09865e+04     1.04550e+02     5.70509e+00
    2.14552e+00     1.09628e+04     1.04262e+02     5.68194e+00
    2.14961e+00     1.09224e+04     1.03503e+02     5.65176e+00
    2.15370e+00     1.09163e+04     1.03546e+02     5.62715e+00
    2.15779e+00     1.08876e+04     1.02971e+02     5.60465e+00
    2.16188e+00     1.08716e+04     1.02791e+02     5.57900e+00
    2.16597e+00     1.08727e+04     1.02600e+02     5.56326e+00
    2.17006e+00     1.08468e+04     1.02328e+02     5.53896e+00
    2.17416e+00     1.08249e+04     1.02093e+02     5.52210e+00
    2.17825e+00     1.08135e+04     1.01805e+02     5.49480e+00
    2.18234e+00     1.07944e+04     1.01504e+02     5.46899e+00
    2.18643e+00     1.07861e+04     1.01292e+02     5.45045e+00
    2.19052e+00     1.07467e+04     1.00727e+02     5.41513e+00
    2.19461e+00     1.07428e+04     1.00757e+02     5.40235e+00
    2.19870e+00     1.07246e+04     1.00288e+02     5.37899e+00
    2.20279e+00     1.07153e+04     1.00123e+02     5.35916e+00
    2.20688e+00     1.06845e+04     9.96249e+01     5.33661e+00
    2.21097e+00     1.06648e+04     9.93764e+01     5.30771e+00
    2.21506e+00     1.06511e+04     9.89223e+01     5.27926e+00
    2.21915e+00     1.06397e+04     9.89283e+01     5.26811e+00
    2.22324e+00     1.06196e+04     9.85695e+01     5.24607e+00
    2.22733e+00     1.06005e+04     9.83152e+01     5.22304e+00
    2.23142e+00     1.05767e+04     9.78686e+01     5.20039e+00
    2.23552e+00     1.05720e+04     9.76803e+01     5.17915e+00
    2.23961e+00     1.05440e+04     9.74146e+01     5.15343e+00
    2.24369e+00     1.05406e+04     9.72281e+01     5.13222e+00
    2.24779e+00     1.05188e+04     9.68190e+01     5.11672e+00
    2.25188e+00     1.04936e+04     9.67997e+01     5.09113e+00
    2.25597e+00     1.04916e+04     9.64952e+01     5.07338e+00
    2.26006e+00     1.04561e+04     9.59651e+01     5.05850e+00
    2.26415e+00     1.04470e+04     9.56950e+01     5.02815e+00
    2.26824e+00     1.04368e+04     9.56704e+01     5.01530e+00
    2.27233e+00     1.04153e+04     9.51913e+01     4.99229e+00
    2.27642e+00     1.03988e+04     9.48755e+01     4.96571e+00
    2.28051e+00     1.03709e+04     9.44913e+01     4.94526e+00
    2.28460e+00     1.03648e+04     9.44042e+01     4.92974e+00
    2.28869e+00     1.03344e+04     9.42782e+01     4.90826e+00
    2.29278e+00     1.03354e+04     9.41336e+01     4.89771e+00
    2.29687e+00     1.02996e+04     9.35716e+01     4.86842e+00
    2.30096e+00     1.02870e+04     9.32948e+01     4.84574e+00
    2.30506e+00     1.02780e+04     9.30165e+01     4.83080e+00
    2.30915e+00     1.02612e+04     9.29543e+01     4.80835e+00
    2.31324e+00     1.02315e+04     9.25884e+01     4.78595e+00
    2.31733e+00     1.02144e+04     9.21794e+01     4.76503e+00
    2.32142e+00     1.02052e+04     9.18816e+01     4.74080e+00
    2.32551e+00     1.01799e+04     9.16715e+01     4.72814e+00
    2.32960e+00     1.01797e+04     9.15218e+01     4.71017e+00
    2.33369e+00     1.01651e+04     9.12292e+01     4.68596e+00
    2.33778e+00     1.01253e+04     9.07720e+01     4.66305e+00
    2.34187e+00     1.01200e+04     9.05659e+01     4.65303e+00
    2.34596e+00     1.00960e+04     9.04142e+01     4.62857e+00
    2.35005e+00     1.00994e+04     9.03007e+01     4.61413e+00
    2.35414e+00     1.00616e+04     9.00265e+01     4.59606e+00
    2.35823e+00     1.00577e+04     8.96516e+01     4.57455e+00
    2.36232e+00     1.00345e+04     8.92594e+01     4.55439e+00
    2.36641e+00     1.00296e+04     8.93206e+01     4.54386e+00
    2.37051e+00     1.00048e+04     8.88810e+01     4.52245e+00
    2.37460e+00     9.96584e+03     8.85923e+01     4.49711e+00
    2.37869e+00     9.95888e+03     8.83362e+01     4.47985e+00
    2.38278e+00     9.94057e+03     8.78782e+01     4.45876e+00
    2.38687e+00     9.92284e+03     8.77770e+01     4.44406e+00
    2.39096e+00     9.90280e+03     8.73933e+01     4.42251e+00
    2.39505e+00     9.89087e+03     8.73011e+01     4.40170e+00
    2.39914e+00     9.86302e+03     8.68793e+01     4.38244e+00
    2.40323e+00     9.85771e+03     8.69073e+01     4.37156e+00
    2.40732e+00     9.84430e+03     8.66041e+01     4.35257e+00
    2.41141e+00     9.83843e+03     8.62239e+01     4.33223e+00
    2.41550e+00     9.80694e+03     8.59646e+01     4.31301e+00
    2.41959e+00     9.78941e+03     8.57441e+01     4.29789e+00
    2.42368e+00     9.77101e+03     8.55225e+01     4.27948e+00
    2.42777e+00     9.75295e+03     8.52348e+01     4.26165e+00
    2.43187e+00     9.73652e+03     8.48850e+01     4.24144e+00
    2.43596e+00     9.71899e+03     8.48432e+01     4.23211e+00
    2.44004e+00     9.69845e+03     8.42555e+01     4.20504e+00
    2.44414e+00     9.68396e+03     8.41831e+01     4.18811e+00
    2.44823e+00     9.68433e+03     8.40936e+01     4.17777e+00
    2.45232e+00     9.64927e+03     8.36258e+01     4.16022e+00
    2.45640e+00     9.65011e+03     8.35579e+01     4.13873e+00
    2.46050e+00     9.60323e+03     8.31736e+01     4.12425e+00
    2.46459e+00     9.59187e+03     8.29868e+01     4.10411e+00
    2.46868e+00     9.58253e+03     8.27279e+01     4.09138e+00
    2.47277e+00     9.56492e+03     8.24950e+01     4.07472e+00
    2.47686e+00     9.53176e+03     8.20945e+01     4.05409e+00
    2.48095e+00     9.53347e+03     8.20846e+01     4.04040e+00
    2.48504e+00     9.50189e+03     8.16273e+01     4.02063e+00
    2.48913e+00     9.50633e+03     8.16657e+01     4.00901e+00
    2.49322e+00     9.47295e+03     8.10812e+01     3.98304e+00
    2.49731e+00     9.45375e+03     8.08644e+01     3.96975e+00
    2.50141e+00     9.45546e+03     8.09926e+01     3.96035e+00
    2.50550e+00     9.42739e+03     8.05469e+01     3.94048e+00
    2.50959e+00     9.41695e+03     8.01626e+01     3.91943e+00
    2.51368e+00     9.40270e+03     8.00546e+01     3.90898e+00
    2.51777e+00     9.37495e+03     7.97202e+01     3.88949e+00
    2.52186e+00     9.36344e+03     7.94894e+01     3.87308e+00
    2.52595e+00     9.33387e+03     7.91079e+01     3.85864e+00
    2.53004e+00     9.33120e+03     7.91405e+01     3.84627e+00
    2.53413e+00     9.30696e+03     7.88453e+01     3.83041e+00
    2.53822e+00     9.29369e+03     7.87916e+01     3.81379e+00
    2.54231e+00     9.28054e+03     7.83329e+01     3.78880e+00
    2.54640e+00     9.26546e+03     7.82477e+01     3.78056e+00
    2.55049e+00     9.23962e+03     7.78041e+01     3.76195e+00
    2.55458e+00     9.22546e+03     7.76952e+01     3.74704e+00
    2.55867e+00     9.20698e+03     7.74501e+01     3.73317e+00
    2.56276e+00     9.19898e+03     7.71615e+01     3.71515e+00
    2.56685e+00     9.16786e+03     7.68074e+01     3.69985e+00
    2.57095e+00     9.15280e+03     7.66853e+01     3.68598e+00
    2.57504e+00     9.14861e+03     7.65978e+01     3.67225e+00
    2.57913e+00     9.12758e+03     7.62212e+01     3.65545e+00
    2.58322e+00     9.10466e+03     7.59408e+01     3.63798e+00
    2.58731e+00     9.08834e+03     7.58471e+01     3.62677e+00
    2.59140e+00     9.08474e+03     7.54769e+01     3.60793e+00
    2.59549e+00     9.06283e+03     7.53609e+01     3.59455e+00
    2.59958e+00     9.05009e+03     7.52766e+01     3.58262e+00
    2.60367e+00     9.02656e+03     7.48672e+01     3.56644e+00
    2.60776e+00     9.01656e+03     7.48272e+01     3.55328e+00
    2.61185e+00     8.99787e+03     7.45040e+01     3.53604e+00
    2.61594e+00     8.97112e+03     7.41603e+01     3.52075e+00
    2.62003e+00     8.96533e+03     7.41154e+01     3.51144e+00
    2.62412e+00     8.93757e+03     7.38124e+01     3.49192e+00
    2.62821e+00     8.92402e+03     7.33600e+01     3.47438e+00
    2.63230e+00     8.90059e+03     7.33259e+01     3.46505e+00
    2.63640e+00     8.89245e+03     7.30045e+01     3.44885e+00
    2.64049e+00     8.87352e+03     7.29344e+01     3.43837e+00
    2.64457e+00     8.85717e+03     7.25828e+01     3.41963e+00
    2.64867e+00     8.85658e+03     7.27305e+01     3.41031e+00
    2.65276e+00     8.82505e+03     7.21230e+01     3.39484e+00
    2.65685e+00     8.80710e+03     7.18613e+01     3.37443e+00
    2.66094e+00     8.78558e+03     7.17087e+01     3.36474e+00
    2.66503e+00     8.77772e+03     7.14813e+01     3.35030e+00
    2.66912e+00     8.76463e+03     7.12971e+01     3.33919e+00
    2.67321e+00     8.75738e+03     7.10983e+01     3.32321e+00
    2.67730e+00     8.72874e+03     7.09200e+01     3.30975e+00
    2.68139e+00     8.70369e+03     7.05295e+01     3.29862e+00
    2.68548e+00     8.69440e+03     7.05588e+01     3.28620e+00
    2.68957e+00     8.68100e+03     7.01974e+01     3.26873e+00
    2.69366e+00     8.64828e+03     6.99573e+01     3.25713e+00
    2.69776e+00     8.64469e+03     6.97350e+01     3.24390e+00
    2.70185e+00     8.62110e+03     6.94291e+01     3.22734e+00
    2.70594e+00     8.61658e+03     6.92966e+01     3.21569e+00
    2.71003e+00     8.59041e+03     6.89541e+01     3.19815e+00
    2.71412e+00     8.58618e+03     6.90273e+01     3.18872e+00
    2.71821e+00     8.56264e+03     6.86759e+01     3.17553e+00
    2.72230e+00     8.54206e+03     6.85275e+01     3.16387e+00
    2.72639e+00     8.53103e+03     6.82358e+01     3.14897e+00
    2.73048e+00     8.51720e+03     6.80319e+01     3.13243e+00
    2.73457e+00     8.49357e+03     6.78062e+01     3.12087e+00
    2.73866e+00     8.48271e+03     6.75524e+01     3.10826e+00
    2.74275e+00     8.46103e+03     6.73557e+01     3.09395e+00
    2.74684e+00     8.45239e+03     6.72351e+01     3.08380e+00
    2.75093e+00     8.44095e+03     6.69150e+01     3.07206e+00
    2.75502e+00     8.41538e+03     6.68528e+01     3.06192e+00
    2.75911e+00     8.39929e+03     6.64089e+01     3.04427e+00
    2.76320e+00     8.38387e+03     6.63975e+01     3.03339e+00
    2.76730e+00     8.37551e+03     6.61568e+01     3.01704e+00
    2.77139e+00     8.35567e+03     6.60508e+01     3.00997e+00
    2.77548e+00     8.33451e+03     6.56896e+01     2.99273e+00
    2.77957e+00     8.32381e+03     6.55308e+01     2.98379e+00
    2.78366e+00     8.30929e+03     6.53626e+01     2.97038e+00
    2.78775e+00     8.28236e+03     6.51297e+01     2.95775e+00
    2.79184e+00     8.26914e+03     6.47682e+01     2.94620e+00
    2.79593e+00     8.25779e+03     6.46811e+01     2.93327e+00
    2.80002e+00     8.24383e+03     6.44338e+01     2.92000e+00
    2.80411e+00     8.22757e+03     6.42465e+01     2.90798e+00
    2.80820e+00     8.20447e+03     6.39722e+01     2.89830e+00
    2.81229e+00     8.18658e+03     6.38470e+01     2.88353e+00
    2.81638e+00     8.18309e+03     6.38013e+01     2.87288e+00
    2.82047e+00     8.15583e+03     6.35135e+01     2.86258e+00
    2.82457e+00     8.13752e+03     6.31255e+01     2.84557e+00
    2.82866e+00     8.12550e+03     6.30272e+01     2.83480e+00
    2.83275e+00     8.10940e+03     6.29165e+01     2.82318e+00
    2.83684e+00     8.09029e+03     6.25784e+01     2.81138e+00
    2.84093e+00     8.07471e+03     6.24368e+01     2.79961e+00
    2.84502e+00     8.06165e+03     6.21804e+01     2.78946e+00
    2.84911e+00     8.03731e+03     6.19311e+01     2.77819e+00
    2.85320e+00     8.02782e+03     6.18656e+01     2.76710e+00
    2.85729e+00     8.01373e+03     6.15453e+01     2.75522e+00
    2.86138e+00     8.00548e+03     6.15812e+01     2.74424e+00
    2.86547e+00     7.98459e+03     6.12922e+01     2.73288e+00
    2.86956e+00     7.96532e+03     6.10129e+01     2.72147e+00
    2.87365e+00     7.95018e+03     6.08775e+01     2.70923e+00
    2.87774e+00     7.93226e+03     6.06436e+01     2.69754e+00
    2.88183e+00     7.91477e+03     6.05344e+01     2.69045e+00
    2.88592e+00     7.90861e+03     6.03451e+01     2.67410e+00
    2.89001e+00     7.89059e+03     6.02004e+01     2.66667e+00
    2.89410e+00     7.86602e+03     5.98375e+01     2.65249e+00
    2.89820e+00     7.85939e+03     5.97867e+01     2.64634e+00
    2.90229e+00     7.83689e+03     5.94635e+01     2.63277e+00
    2.90638e+00     7.82499e+03     5.93400e+01     2.62112e+00
    2.91047e+00     7.80640e+03     5.90568e+01     2.61052e+00
    2.91456e+00     7.80015e+03     5.90250e+01     2.60255e+00
    2.91865e+00     7.77482e+03     5.87580e+01     2.58855e+00
    2.92274e+00     7.76137e+03     5.84965e+01     2.57655e+00
    2.92683e+00     7.74246e+03     5.84066e+01     2.56841e+00
    2.93092e+00     7.73304e+03     5.82054e+01     2.55955e+00
    2.93501e+00     7.71537e+03     5.80214e+01     2.54773e+00
    2.93910e+00     7.69908e+03     5.77671e+01     2.53436e+00
    2.94319e+00     7.67790e+03     5.75062e+01     2.52392e+00
    2.94728e+00     7.66343e+03     5.73539e+01     2.51444e+00
    2.95137e+00     7.64931e+03     5.71441e+01     2.50202e+00
    2.95546e+00     7.63823e+03     5.70016e+01     2.49224e+00
    2.95955e+00     7.61860e+03     5.68088e+01     2.48257e+00
    2.96364e+00     7.60651e+03     5.66760e+01     2.47138e+00
    2.96774e+00     7.59170e+03     5.64041e+01     2.46041e+00
    2.97183e+00     7.57453e+03     5.62794e+01     2.45100e+00
    2.97592e+00     7.55080e+03     5.60070e+01     2.43968e+00
    2.98001e+00     7.53778e+03     5.58809e+01     2.43040e+00
    2.98410e+00     7.53165e+03     5.57575e+01     2.42088e+00
    2.98819e+00     7.51474e+03     5.55363e+01     2.41206e+00
    2.99228e+00     7.50126e+03     5.53661e+01     2.40013e+00
    2.99637e+00     7.47572e+03     5.50517e+01     2.38867e+00
    3.00046e+00     7.46029e+03     5.50141e+01     2.38053e+00
    3.00455e+00     7.45692e+03     5.48396e+01     2.36938e+00
    3.00864e+00     7.43994e+03     5.46768e+01     2.36090e+00
    3.01273e+00     7.43150e+03     5.44994e+01     2.35126e+00
    3.01682e+00     7.41883e+03     5.42843e+01     2.34022e+00
    3.02091e+00     7.39032e+03     5.40807e+01     2.33115e+00
    3.02500e+00     7.36532e+03     5.38036e+01     2.32211e+00
    3.02910e+00     7.36125e+03     5.37768e+01     2.31266e+00
    3.03319e+00     7.34462e+03     5.36022e+01     2.30379e+00
    3.03728e+00     7.33217e+03     5.33293e+01     2.29218e+00
    3.04137e+00     7.31390e+03     5.31651e+01     2.28085e+00
    3.04546e+00     7.30454e+03     5.29681e+01     2.27260e+00
    3.04955e+00     7.28885e+03     5.28944e+01     2.26376e+00
    3.05364e+00     7.27798e+03     5.27824e+01     2.25601e+00
    3.05773e+00     7.25204e+03     5.24982e+01     2.24618e+00
    3.06182e+00     7.23632e+03     5.22935e+01     2.23517e+00
    3.06591e+00     7.22320e+03     5.20750e+01     2.22359e+00
    3.07000e+00     7.21020e+03     5.19757e+01     2.21761e+00
    3.07409e+00     7.19519e+03     5.18185e+01     2.20775e+00
    3.07818e+00     7.17499e+03     5.15815e+01     2.19795e+00
    3.08227e+00     7.16617e+03     5.14489e+01     2.19077e+00
    3.08636e+00     7.14638e+03     5.11231e+01     2.17807e+00
    3.09045e+00     7.13432e+03     5.10673e+01     2.17224e+00
    3.09454e+00     7.11184e+03     5.07886e+01     2.16094e+00
    3.09863e+00     7.10680e+03     5.07958e+01     2.15412e+00
    3.10272e+00     7.09063e+03     5.05888e+01     2.14501e+00
    3.10682e+00     7.08141e+03     5.04958e+01     2.13792e+00
    3.11091e+00     7.06304e+03     5.02552e+01     2.12709e+00
    3.11500e+00     7.04745e+03     5.00774e+01     2.11770e+00
    3.11909e+00     7.02468e+03     4.98567e+01     2.10859e+00
    3.12318e+00     7.01497e+03     4.96919e+01     2.09916e+00
    3.12727e+00     7.00554e+03     4.96091e+01     2.09129e+00
    3.13136e+00     6.98475e+03     4.94105e+01     2.08211e+00
    3.13545e+00     6.98015e+03     4.92881e+01     2.07188e+00
    3.13954e+00     6.95861e+03     4.90615e+01     2.06621e+00
    3.14363e+00     6.94438e+03     4.89258e+01     2.05570e+00
    3.14772e+00     6.93100e+03     4.87820e+01     2.04834e+00
    3.15181e+00     6.91821e+03     4.85970e+01     2.04009e+00
    3.15590e+00     6.89882e+03     4.83215e+01     2.02942e+00
    3.16000e+00     6.88510e+03     4.83094e+01     2.02396e+00
    3.16409e+00     6.87186e+03     4.81689e+01     2.01391e+00
    3.16818e+00     6.86055e+03     4.79369e+01     2.00388e+00
    3.17227e+00     6.83669e+03     4.76182e+01     1.99441e+00
    3.17636e+00     6.82679e+03     4.75265e+01     1.98694e+00
    3.18045e+00     6.81232e+03     4.73807e+01     1.97912e+00
    3.18454e+00     6.80115e+03     4.73093e+01     1.97194e+00
    3.18863e+00     6.78573e+03     4.71297e+01     1.96396e+00
    3.19272e+00     6.77005e+03     4.69000e+01     1.95687e+00
    3.19681e+00     6.75348e+03     4.67400e+01     1.94819e+00
    3.20090e+00     6.74569e+03     4.66537e+01     1.94060e+00
    3.20499e+00     6.71700e+03     4.63710e+01     1.93033e+00
    3.20908e+00     6.70989e+03     4.62631e+01     1.92334e+00
    3.21317e+00     6.70066e+03     4.60850e+01     1.91455e+00
    3.21726e+00     6.68768e+03     4.60205e+01     1.90750e+00
    3.22135e+00     6.67444e+03     4.58110e+01     1.89966e+00
    3.22545e+00     6.65828e+03     4.56970e+01     1.89233e+00
    3.22954e+00     6.64585e+03     4.55097e+01     1.88179e+00
    3.23363e+00     6.62862e+03     4.53985e+01     1.87725e+00
    3.23772e+00     6.61478e+03     4.51788e+01     1.86870e+00
    3.24181e+00     6.59878e+03     4.50357e+01     1.86042e+00
    3.24590e+00     6.58922e+03     4.49065e+01     1.85395e+00
    3.24999e+00     6.57004e+03     4.47614e+01     1.84596e+00
    3.25408e+00     6.56211e+03     4.46257e+01     1.83978e+00
    3.25817e+00     6.54786e+03     4.43868e+01     1.82882e+00
    3.26226e+00     6.53348e+03     4.43696e+01     1.82209e+00
    3.26635e+00     6.50964e+03     4.40869e+01     1.81483e+00
    3.27044e+00     6.50396e+03     4.39974e+01     1.80659e+00
    3.27453e+00     6.49021e+03     4.38213e+01     1.79918e+00
    3.27862e+00     6.48054e+03     4.36316e+01     1.79071e+00
    3.28271e+00     6.46733e+03     4.35380e+01     1.78423e+00
    3.28681e+00     6.44923e+03     4.33245e+01     1.77604e+00
    3.29090e+00     6.43620e+03     4.32908e+01     1.76944e+00
    3.29499e+00     6.42444e+03     4.31843e+01     1.76299e+00
    3.29908e+00     6.41045e+03     4.29465e+01     1.75432e+00
    3.30317e+00     6.39310e+03     4.27249e+01     1.74612e+00
    3.30725e+00     6.38205e+03     4.26860e+01     1.74106e+00
    3.31135e+00     6.36964e+03     4.24932e+01     1.73357e+00
    3.31544e+00     6.35497e+03     4.23121e+01     1.72659e+00
    3.31953e+00     6.33837e+03     4.21748e+01     1.71841e+00
    3.32362e+00     6.33061e+03     4.20862e+01     1.71247e+00
    3.32771e+00     6.31753e+03     4.19571e+01     1.70632e+00
    3.33180e+00     6.29857e+03     4.17219e+01     1.69727e+00
    3.33589e+00     6.28820e+03     4.16371e+01     1.69082e+00
    3.33998e+00     6.27342e+03     4.15031e+01     1.68396e+00
    3.34407e+00     6.26194e+03     4.14450e+01     1.67821e+00
    3.34816e+00     6.24616e+03     4.11985e+01     1.66979e+00
    3.35226e+00     6.23589e+03     4.11057e+01     1.66451e+00
    3.35634e+00     6.22039e+03     4.08722e+01     1.65510e+00
    3.36043e+00     6.20754e+03     4.07738e+01     1.64918e+00
    3.36453e+00     6.19434e+03     4.06282e+01     1.64179e+00
    3.36862e+00     6.18066e+03     4.05250e+01     1.63490e+00
    3.37271e+00     6.17094e+03     4.03918e+01     1.62903e+00
    3.37680e+00     6.15139e+03     4.01800e+01     1.62203e+00
    3.38089e+00     6.14427e+03     4.00701e+01     1.61532e+00
    3.38498e+00     6.12946e+03     3.98896e+01     1.60907e+00
    3.38907e+00     6.12366e+03     3.98473e+01     1.60191e+00
    3.39316e+00     6.10409e+03     3.96668e+01     1.59562e+00
    3.39725e+00     6.09075e+03     3.95372e+01     1.58893e+00
    3.40134e+00     6.07823e+03     3.93693e+01     1.58223e+00
    3.40543e+00     6.06777e+03     3.92863e+01     1.57561e+00
    3.40952e+00     6.05409e+03     3.90913e+01     1.56905e+00
    3.41362e+00     6.03849e+03     3.89905e+01     1.56383e+00
    3.41770e+00     6.03032e+03     3.88716e+01     1.55694e+00
    3.42179e+00     6.01232e+03     3.87100e+01     1.54946e+00
    3.42588e+00     6.00561e+03     3.85814e+01     1.54385e+00
    3.42997e+00     5.99144e+03     3.84856e+01     1.53719e+00
    3.43406e+00     5.97806e+03     3.82993e+01     1.53116e+00
    3.43816e+00     5.96436e+03     3.82415e+01     1.52583e+00
    3.44225e+00     5.95327e+03     3.80666e+01     1.51926e+00
    3.44634e+00     5.93601e+03     3.78579e+01     1.51215e+00
    3.45043e+00     5.92030e+03     3.77302e+01     1.50715e+00
    3.45452e+00     5.91348e+03     3.76481e+01     1.50055e+00
    3.45861e+00     5.90313e+03     3.75228e+01     1.49328e+00
    3.46270e+00     5.88619e+03     3.73577e+01     1.48689e+00
    3.46679e+00     5.87615e+03     3.72825e+01     1.48116e+00
    3.47088e+00     5.86330e+03     3.71368e+01     1.47632e+00
    3.47497e+00     5.84983e+03     3.70045e+01     1.47009e+00
    3.47906e+00     5.83850e+03     3.68666e+01     1.46318e+00
    3.48315e+00     5.82074e+03     3.66679e+01     1.45743e+00
    3.48725e+00     5.81087e+03     3.65905e+01     1.45142e+00
    3.49134e+00     5.79915e+03     3.64528e+01     1.44595e+00
    3.49543e+00     5.78707e+03     3.63117e+01     1.43936e+00
    3.49952e+00     5.77795e+03     3.62312e+01     1.43432e+00
    3.50361e+00     5.76433e+03     3.61514e+01     1.42885e+00
    3.50770e+00     5.74853e+03     3.58981e+01     1.42150e+00
    3.51179e+00     5.73646e+03     3.58069e+01     1.41533e+00
    3.51588e+00     5.72390e+03     3.56768e+01     1.41087e+00
    3.51997e+00     5.71137e+03     3.55233e+01     1.40490e+00
    3.52406e+00     5.69973e+03     3.54328e+01     1.39782e+00
    3.52815e+00     5.69234e+03     3.53495e+01     1.39321e+00
    3.53224e+00     5.67582e+03     3.51876e+01     1.38784e+00
    3.53633e+00     5.66564e+03     3.51149e+01     1.38225e+00
    3.54042e+00     5.65540e+03     3.49765e+01     1.37737e+00
    3.54451e+00     5.64109e+03     3.48536e+01     1.37162e+00
    3.54860e+00     5.63445e+03     3.47445e+01     1.36567e+00
    3.55270e+00     5.62147e+03     3.46275e+01     1.35953e+00
    3.55679e+00     5.60994e+03     3.44777e+01     1.35466e+00
    3.56088e+00     5.59486e+03     3.44290e+01     1.35070e+00
    3.56497e+00     5.58198e+03     3.43247e+01     1.34488e+00
    3.56906e+00     5.57061e+03     3.41707e+01     1.33848e+00
    3.57315e+00     5.56319e+03     3.40644e+01     1.33420e+00
    3.57724e+00     5.54803e+03     3.39370e+01     1.32835e+00
    3.58133e+00     5.53741e+03     3.38209e+01     1.32279e+00
    3.58542e+00     5.52466e+03     3.36730e+01     1.31653e+00
    3.58951e+00     5.51366e+03     3.35936e+01     1.31248e+00
    3.59360e+00     5.50662e+03     3.34692e+01     1.30770e+00
    3.59769e+00     5.49370e+03     3.33404e+01     1.30134e+00
    3.60178e+00     5.47844e+03     3.32395e+01     1.29602e+00
    3.60587e+00     5.46587e+03     3.31047e+01     1.29084e+00
    3.60996e+00     5.45630e+03     3.30015e+01     1.28703e+00
    3.61405e+00     5.44164e+03     3.29140e+01     1.28088e+00
    3.61814e+00     5.43441e+03     3.28083e+01     1.27636e+00
    3.62224e+00     5.42115e+03     3.26745e+01     1.27039e+00
    3.62633e+00     5.40714e+03     3.25455e+01     1.26526e+00
    3.63042e+00     5.39824e+03     3.24557e+01     1.26121e+00
    3.63451e+00     5.38791e+03     3.23351e+01     1.25567e+00
    3.63860e+00     5.37883e+03     3.22192e+01     1.24980e+00
    3.64269e+00     5.36239e+03     3.21111e+01     1.24615e+00
    3.64678e+00     5.35755e+03     3.19684e+01     1.23973e+00
    3.65087e+00     5.34097e+03     3.18662e+01     1.23545e+00
    3.65496e+00     5.32933e+03     3.17636e+01     1.23038e+00
    3.65905e+00     5.31625e+03     3.16306e+01     1.22564e+00
    3.66314e+00     5.30980e+03     3.15251e+01     1.22103e+00
    3.66723e+00     5.29895e+03     3.14516e+01     1.21615e+00
    3.67132e+00     5.28343e+03     3.13096e+01     1.21166e+00
    3.67541e+00     5.28104e+03     3.12582e+01     1.20683e+00
    3.67950e+00     5.26313e+03     3.10996e+01     1.20140e+00
    3.68359e+00     5.25463e+03     3.09881e+01     1.19700e+00
    3.68769e+00     5.24525e+03     3.09043e+01     1.19289e+00
    3.69177e+00     5.23098e+03     3.07701e+01     1.18714e+00
    3.69587e+00     5.21818e+03     3.06832e+01     1.18280e+00
    3.69996e+00     5.20849e+03     3.05425e+01     1.17804e+00
    3.70405e+00     5.19978e+03     3.04800e+01     1.17363e+00
    3.70814e+00     5.18768e+03     3.03436e+01     1.16912e+00
    3.71223e+00     5.17713e+03     3.02588e+01     1.16544e+00
    3.71632e+00     5.16292e+03     3.01480e+01     1.15955e+00
    3.72041e+00     5.15633e+03     3.00365e+01     1.15590e+00
    3.72450e+00     5.14164e+03     2.99273e+01     1.15108e+00
    3.72859e+00     5.13420e+03     2.98452e+01     1.14720e+00
    3.73268e+00     5.12240e+03     2.97639e+01     1.14265e+00
    3.73677e+00     5.11321e+03     2.96905e+01     1.13777e+00
    3.74086e+00     5.10120e+03     2.95201e+01     1.13377e+00
    3.74495e+00     5.09594e+03     2.94859e+01     1.12918e+00
    3.74905e+00     5.08116e+03     2.93349e+01     1.12458e+00
    3.75313e+00     5.06879e+03     2.92532e+01     1.12109e+00
    3.75722e+00     5.05933e+03     2.91393e+01     1.11648e+00
    3.76131e+00     5.04736e+03     2.90240e+01     1.11119e+00
    3.76541e+00     5.03661e+03     2.89135e+01     1.10683e+00
    3.76950e+00     5.02495e+03     2.88120e+01     1.10293e+00
    3.77359e+00     5.01985e+03     2.87645e+01     1.09841e+00
    3.77768e+00     5.00906e+03     2.86457e+01     1.09408e+00
    3.78177e+00     4.99928e+03     2.85354e+01     1.09053e+00
    3.78586e+00     4.99351e+03     2.85267e+01     1.08701e+00
    3.78995e+00     4.97968e+03     2.83811e+01     1.08291e+00
    3.79404e+00     4.96849e+03     2.82697e+01     1.07856e+00
    3.79813e+00     4.95921e+03     2.81710e+01     1.07457e+00
    3.80222e+00     4.94629e+03     2.81009e+01     1.06945e+00
    3.80632e+00     4.93455e+03     2.79536e+01     1.06550e+00
    3.81040e+00     4.92783e+03     2.78986e+01     1.06282e+00
    3.81449e+00     4.91583e+03     2.77815e+01     1.05814e+00
    3.81859e+00     4.90824e+03     2.76712e+01     1.05340e+00
    3.82268e+00     4.89835e+03     2.76436e+01     1.05001e+00
    3.82677e+00     4.88709e+03     2.75288e+01     1.04615e+00
    3.83086e+00     4.87764e+03     2.74277e+01     1.04193e+00
    3.83495e+00     4.86971e+03     2.73522e+01     1.03758e+00
    3.83904e+00     4.85961e+03     2.72720e+01     1.03458e+00
    3.84313e+00     4.84840e+03     2.71474e+01     1.03112e+00
    3.84722e+00     4.84246e+03     2.70936e+01     1.02688e+00
    3.85131e+00     4.82899e+03     2.69441e+01     1.02260e+00
    3.85540e+00     4.81936e+03     2.68573e+01     1.01860e+00
    3.85949e+00     4.80911e+03     2.68041e+01     1.01544e+00
    3.86358e+00     4.80213e+03     2.66952e+01     1.01122e+00
    3.86768e+00     4.78722e+03     2.65785e+01     1.00745e+00
    3.87177e+00     4.78345e+03     2.65209e+01     1.00386e+00
    3.87585e+00     4.77103e+03     2.64425e+01     1.00087e+00
    3.87994e+00     4.76532e+03     2.63858e+01     9.96113e-01
    3.88403e+00     4.75208e+03     2.63212e+01     9.93533e-01
    3.88813e+00     4.74268e+03     2.61802e+01     9.89790e-01
    3.89222e+00     4.73591e+03     2.61059e+01     9.85760e-01
    3.89631e+00     4.72211e+03     2.60130e+01     9.82061e-01
    3.90040e+00     4.71453e+03     2.59424e+01     9.78034e-01
    3.90449e+00     4.70442e+03     2.58496e+01     9.75033e-01
    3.90858e+00     4.69369e+03     2.57620e+01     9.71587e-01
    3.91267e+00     4.68614e+03     2.56830e+01     9.68482e-01
    3.91676e+00     4.67700e+03     2.55784e+01     9.64488e-01
    3.92085e+00     4.66932e+03     2.54576e+01     9.61154e-01
    3.92494e+00     4.65994e+03     2.54025e+01     9.56693e-01
    3.92903e+00     4.65389e+03     2.53631e+01     9.54131e-01
    3.93312e+00     4.64206e+03     2.52647e+01     9.50876e-01
    3.93721e+00     4.63217e+03     2.52073e+01     9.47548e-01
    3.94130e+00     4.62358e+03     2.51089e+01     9.44087e-01
    3.94539e+00     4.61816e+03     2.50519e+01     9.40890e-01
    3.94949e+00     4.60507e+03     2.49431e+01     9.37061e-01
    3.95358e+00     4.59510e+03     2.48476e+01     9.33421e-01
    3.95767e+00     4.58805e+03     2.47908e+01     9.29541e-01
    3.96176e+00     4.58034e+03     2.47094e+01     9.27118e-01
    3.96585e+00     4.56850e+03     2.46309e+01     9.23901e-01
    3.96994e+00     4.55852e+03     2.45349e+01     9.20614e-01
    3.97403e+00     4.55451e+03     2.44637e+01     9.16901e-01
    3.97812e+00     4.54283e+03     2.43943e+01     9.14142e-01
    3.98221e+00     4.53734e+03     2.43318e+01     9.11308e-01
    3.98630e+00     4.52603e+03     2.42313e+01     9.07630e-01
    3.99039e+00     4.51996e+03     2.41677e+01     9.04451e-01
    3.99448e+00     4.50938e+03     2.40511e+01     9.01295e-01
    3.99857e+00     4.50025e+03     2.40098e+01     8.97906e-01
    4.00266e+00     4.49438e+03     2.39359e+01     8.95114e-01
    4.00675e+00     4.48228e+03     2.38532e+01     8.91927e-01
    4.01085e+00     4.47601e+03     2.37632e+01     8.88423e-01
    4.01494e+00     4.46901e+03     2.37346e+01     8.86031e-01
    4.01902e+00     4.45597e+03     2.36372e+01     8.82701e-01
    4.02312e+00     4.45053e+03     2.35561e+01     8.79947e-01
    4.02721e+00     4.43923e+03     2.34617e+01     8.76389e-01
    4.03130e+00     4.43198e+03     2.34078e+01     8.73829e-01
    4.03539e+00     4.42285e+03     2.33292e+01     8.70731e-01
    4.03948e+00     4.41352e+03     2.32264e+01     8.67743e-01
    4.04357e+00     4.41021e+03     2.32083e+01     8.64655e-01
    4.04766e+00     4.40046e+03     2.31189e+01     8.61765e-01
    4.05175e+00     4.39149e+03     2.30274e+01     8.58449e-01
    4.05584e+00     4.38293e+03     2.29642e+01     8.55950e-01
    4.05993e+00     4.37560e+03     2.29100e+01     8.53359e-01
    4.06402e+00     4.37118e+03     2.28483e+01     8.49956e-01
    4.06811e+00     4.36148e+03     2.27812e+01     8.47374e-01
    4.07220e+00     4.35216e+03     2.26991e+01     8.44499e-01
    4.07630e+00     4.34054e+03     2.26062e+01     8.41492e-01
    4.08038e+00     4.33791e+03     2.25903e+01     8.39924e-01
    4.08447e+00     4.32936e+03     2.24941e+01     8.36262e-01
    4.08857e+00     4.31935e+03     2.24468e+01     8.34012e-01
    4.09266e+00     4.31255e+03     2.23795e+01     8.31046e-01
    4.09675e+00     4.30349e+03     2.22846e+01     8.28239e-01
    4.10084e+00     4.29514e+03     2.22567e+01     8.26130e-01
    4.10493e+00     4.28831e+03     2.21590e+01     8.22963e-01
    4.10902e+00     4.28049e+03     2.20984e+01     8.20392e-01
    4.11311e+00     4.27354e+03     2.20661e+01     8.18497e-01
    4.11720e+00     4.26274e+03     2.19684e+01     8.15309e-01
    4.12129e+00     4.25874e+03     2.18803e+01     8.11829e-01
    4.12538e+00     4.25184e+03     2.18311e+01     8.09478e-01
    4.12947e+00     4.24354e+03     2.17790e+01     8.06841e-01
    4.13356e+00     4.23544e+03     2.17087e+01     8.04741e-01
    4.13765e+00     4.23060e+03     2.16579e+01     8.01896e-01
    4.14175e+00     4.22493e+03     2.16329e+01     8.00111e-01
    4.14584e+00     4.21490e+03     2.15500e+01     7.96970e-01
    4.14993e+00     4.20540e+03     2.14675e+01     7.94396e-01
    4.15402e+00     4.19776e+03     2.13824e+01     7.91859e-01
    4.15811e+00     4.19119e+03     2.13259e+01     7.89748e-01
    4.16220e+00     4.18540e+03     2.12920e+01     7.87432e-01
    4.16629e+00     4.17565e+03     2.11956e+01     7.84544e-01
    4.17038e+00     4.16946e+03     2.11889e+01     7.82267e-01
    4.17447e+00     4.16297e+03     2.10871e+01     7.79907e-01
    4.17856e+00     4.15431e+03     2.10018e+01     7.76871e-01
    4.18265e+00     4.14973e+03     2.10053e+01     7.75719e-01
    4.18674e+00     4.14098e+03     2.09255e+01     7.72961e-01
