# Real space h-h auto- and h-m cross-spectra.
# z=3.000, 12.000<lgM<12.500
#      k[h/Mpc]            P_hh            P_hm
    0.00000e+00     0.00000e+00     0.00000e+00
    5.79404e-03     1.86218e+04     4.35286e+03
    1.04717e-02     3.54927e+04     9.30573e+03
    1.42665e-02     3.66159e+04     9.23088e+03
    1.81228e-02     4.27079e+04     1.09912e+04
    2.24845e-02     3.68292e+04     9.23877e+03
    2.64508e-02     3.13870e+04     7.90708e+03
    3.04474e-02     2.81218e+04     7.09346e+03
    3.47320e-02     2.83729e+04     7.22406e+03
    3.88308e-02     2.37013e+04     5.87451e+03
    4.28140e-02     2.32186e+04     5.71874e+03
    4.68856e-02     2.03680e+04     5.06798e+03
    5.09858e-02     1.75250e+04     4.26743e+03
    5.51458e-02     1.74517e+04     4.23855e+03
    5.92243e-02     1.74775e+04     4.19892e+03
    6.32864e-02     1.68777e+04     4.08691e+03
    6.73674e-02     1.55749e+04     3.68198e+03
    7.14960e-02     1.52455e+04     3.60807e+03
    7.55894e-02     1.44219e+04     3.39874e+03
    7.96660e-02     1.35656e+04     3.13972e+03
    8.38183e-02     1.29360e+04     2.99668e+03
    8.78941e-02     1.21103e+04     2.75529e+03
    9.19238e-02     1.09551e+04     2.48055e+03
    9.60446e-02     1.04416e+04     2.32403e+03
    1.00128e-01     9.80349e+03     2.15150e+03
    1.04209e-01     9.60736e+03     2.08411e+03
    1.08333e-01     9.04500e+03     1.93863e+03
    1.12448e-01     8.34491e+03     1.79443e+03
    1.16521e-01     8.39412e+03     1.77330e+03
    1.20596e-01     8.25715e+03     1.73149e+03
    1.24665e-01     7.84892e+03     1.64417e+03
    1.28771e-01     7.89492e+03     1.63561e+03
    1.32874e-01     7.77636e+03     1.58469e+03
    1.36975e-01     7.29382e+03     1.48249e+03
    1.41075e-01     6.98315e+03     1.40883e+03
    1.45172e-01     6.67278e+03     1.33023e+03
    1.49268e-01     6.51961e+03     1.27710e+03
    1.53330e-01     6.29558e+03     1.20463e+03
    1.57416e-01     6.10372e+03     1.15841e+03
    1.61514e-01     5.78505e+03     1.07148e+03
    1.65592e-01     5.54906e+03     1.02300e+03
    1.69693e-01     5.42187e+03     9.98158e+02
    1.73803e-01     5.30790e+03     9.61067e+02
    1.77905e-01     5.30104e+03     9.55714e+02
    1.82001e-01     5.15611e+03     9.15140e+02
    1.86092e-01     5.07515e+03     8.99521e+02
    1.90161e-01     5.02380e+03     8.86767e+02
    1.94237e-01     4.93713e+03     8.59121e+02
    1.98334e-01     4.77084e+03     8.29942e+02
    2.02427e-01     4.67108e+03     7.97495e+02
    2.06523e-01     4.49874e+03     7.56264e+02
    2.10626e-01     4.49117e+03     7.51251e+02
    2.14724e-01     4.31796e+03     7.05924e+02
    2.18827e-01     4.21428e+03     6.76378e+02
    2.22903e-01     4.11205e+03     6.57206e+02
    2.26990e-01     4.04412e+03     6.34106e+02
    2.31084e-01     3.95944e+03     6.11440e+02
    2.35153e-01     3.92643e+03     6.03272e+02
    2.39244e-01     3.88460e+03     5.93595e+02
    2.43338e-01     3.78043e+03     5.70742e+02
    2.47445e-01     3.71640e+03     5.58401e+02
    2.51539e-01     3.72364e+03     5.52456e+02
    2.55609e-01     3.67598e+03     5.38098e+02
    2.59718e-01     3.64585e+03     5.31034e+02
    2.63814e-01     3.59684e+03     5.19996e+02
    2.67904e-01     3.55602e+03     5.06938e+02
    2.71993e-01     3.46375e+03     4.87417e+02
    2.76068e-01     3.39532e+03     4.74390e+02
    2.80171e-01     3.32752e+03     4.58006e+02
    2.84268e-01     3.28759e+03     4.45099e+02
    2.88346e-01     3.26402e+03     4.41085e+02
    2.92426e-01     3.22095e+03     4.22722e+02
    2.96514e-01     3.17900e+03     4.16906e+02
    3.00627e-01     3.14311e+03     4.09887e+02
    3.04729e-01     3.08299e+03     3.99957e+02
    3.08821e-01     3.07882e+03     3.94294e+02
    3.12919e-01     3.01709e+03     3.83027e+02
    3.16999e-01     2.99683e+03     3.76256e+02
    3.21078e-01     2.95559e+03     3.68167e+02
    3.25167e-01     2.94522e+03     3.61658e+02
    3.29247e-01     2.89155e+03     3.52324e+02
    3.33333e-01     2.86338e+03     3.46804e+02
    3.37443e-01     2.84858e+03     3.39887e+02
    3.41545e-01     2.80030e+03     3.31520e+02
    3.45625e-01     2.77053e+03     3.23823e+02
    3.49715e-01     2.77317e+03     3.21831e+02
    3.53817e-01     2.74465e+03     3.13548e+02
    3.57906e-01     2.69735e+03     3.06188e+02
    3.61975e-01     2.67948e+03     3.01717e+02
    3.66071e-01     2.68041e+03     2.99745e+02
    3.70189e-01     2.65257e+03     2.92946e+02
    3.74277e-01     2.61873e+03     2.87215e+02
    3.78356e-01     2.60329e+03     2.82379e+02
    3.82448e-01     2.55796e+03     2.74734e+02
    3.86535e-01     2.55102e+03     2.71955e+02
    3.90624e-01     2.52763e+03     2.66988e+02
    3.94706e-01     2.52038e+03     2.64554e+02
    3.98794e-01     2.49637e+03     2.59438e+02
    4.02896e-01     2.47001e+03     2.52705e+02
    4.06986e-01     2.46820e+03     2.52091e+02
    4.11069e-01     2.44049e+03     2.46267e+02
    4.15170e-01     2.42056e+03     2.40903e+02
    4.19263e-01     2.39677e+03     2.38374e+02
    4.23353e-01     2.38762e+03     2.35199e+02
    4.27447e-01     2.36713e+03     2.30448e+02
    4.31534e-01     2.36112e+03     2.27333e+02
    4.35624e-01     2.32955e+03     2.21883e+02
    4.39718e-01     2.31244e+03     2.18873e+02
    4.43804e-01     2.31629e+03     2.18422e+02
    4.47892e-01     2.28400e+03     2.13078e+02
    4.51977e-01     2.27899e+03     2.11595e+02
    4.56067e-01     2.26558e+03     2.08883e+02
    4.60165e-01     2.26078e+03     2.06168e+02
    4.64260e-01     2.22909e+03     2.01614e+02
    4.68355e-01     2.23122e+03     2.00825e+02
    4.72450e-01     2.20457e+03     1.96058e+02
    4.76540e-01     2.20453e+03     1.95073e+02
    4.80633e-01     2.18761e+03     1.91633e+02
    4.84718e-01     2.17400e+03     1.89458e+02
    4.88794e-01     2.14730e+03     1.84953e+02
    4.92888e-01     2.15772e+03     1.85466e+02
    4.96984e-01     2.11830e+03     1.79599e+02
    5.01073e-01     2.12345e+03     1.77775e+02
    5.05169e-01     2.11740e+03     1.77166e+02
    5.09268e-01     2.10736e+03     1.74634e+02
    5.13369e-01     2.09532e+03     1.72861e+02
    5.17441e-01     2.08453e+03     1.71023e+02
    5.21516e-01     2.08269e+03     1.69030e+02
    5.25611e-01     2.07353e+03     1.66536e+02
    5.29706e-01     2.06194e+03     1.64238e+02
    5.33801e-01     2.03615e+03     1.61457e+02
    5.37888e-01     2.03222e+03     1.60601e+02
    5.41985e-01     2.01190e+03     1.56998e+02
    5.46091e-01     2.02291e+03     1.56883e+02
    5.50174e-01     1.99982e+03     1.52975e+02
    5.54252e-01     1.99400e+03     1.52372e+02
    5.58346e-01     1.98365e+03     1.50138e+02
    5.62439e-01     1.97163e+03     1.48839e+02
    5.66527e-01     1.97076e+03     1.47506e+02
    5.70616e-01     1.95672e+03     1.45348e+02
    5.74707e-01     1.95043e+03     1.43506e+02
    5.78798e-01     1.94830e+03     1.42291e+02
    5.82883e-01     1.93518e+03     1.40749e+02
    5.86977e-01     1.93218e+03     1.40277e+02
    5.91070e-01     1.91793e+03     1.37596e+02
    5.95166e-01     1.90588e+03     1.35711e+02
    5.99260e-01     1.90378e+03     1.33796e+02
    6.03349e-01     1.89137e+03     1.32893e+02
    6.07445e-01     1.88879e+03     1.32670e+02
    6.11543e-01     1.88228e+03     1.30678e+02
    6.15623e-01     1.87504e+03     1.29398e+02
    6.19704e-01     1.87143e+03     1.28186e+02
    6.23792e-01     1.85105e+03     1.25900e+02
    6.27891e-01     1.85245e+03     1.25927e+02
    6.31991e-01     1.85210e+03     1.24509e+02
    6.36073e-01     1.83068e+03     1.21572e+02
    6.40158e-01     1.82812e+03     1.21595e+02
    6.44244e-01     1.82235e+03     1.20520e+02
    6.48338e-01     1.80988e+03     1.18373e+02
    6.52432e-01     1.81825e+03     1.18431e+02
    6.56514e-01     1.80641e+03     1.16609e+02
    6.60609e-01     1.79541e+03     1.15615e+02
    6.64712e-01     1.80483e+03     1.15185e+02
    6.68801e-01     1.79196e+03     1.13585e+02
    6.72890e-01     1.77442e+03     1.11913e+02
    6.76984e-01     1.76794e+03     1.10658e+02
    6.81074e-01     1.76612e+03     1.10054e+02
    6.85160e-01     1.76604e+03     1.09523e+02
    6.89246e-01     1.75908e+03     1.08350e+02
    6.93336e-01     1.74686e+03     1.06981e+02
    6.97434e-01     1.74095e+03     1.05967e+02
    7.01528e-01     1.73913e+03     1.05049e+02
    7.05618e-01     1.73388e+03     1.04303e+02
    7.09708e-01     1.72935e+03     1.03322e+02
    7.13796e-01     1.72064e+03     1.02073e+02
    7.17892e-01     1.72883e+03     1.02457e+02
    7.21982e-01     1.71141e+03     1.00865e+02
    7.26059e-01     1.70966e+03     1.00164e+02
    7.30145e-01     1.70372e+03     9.92201e+01
    7.34240e-01     1.69956e+03     9.86497e+01
    7.38340e-01     1.69452e+03     9.81240e+01
    7.42427e-01     1.69254e+03     9.68941e+01
    7.46511e-01     1.68547e+03     9.61587e+01
    7.50614e-01     1.68196e+03     9.49913e+01
    7.54706e-01     1.67145e+03     9.41106e+01
    7.58795e-01     1.67586e+03     9.39965e+01
    7.62888e-01     1.67062e+03     9.29216e+01
    7.66986e-01     1.65810e+03     9.15269e+01
    7.71073e-01     1.65657e+03     9.14985e+01
    7.75153e-01     1.64874e+03     9.03565e+01
    7.79241e-01     1.64191e+03     8.90868e+01
    7.83335e-01     1.64201e+03     8.91527e+01
    7.87426e-01     1.64339e+03     8.85851e+01
    7.91513e-01     1.63392e+03     8.73864e+01
    7.95606e-01     1.63130e+03     8.69059e+01
    7.99702e-01     1.62564e+03     8.64087e+01
    8.03798e-01     1.62594e+03     8.57610e+01
    8.07879e-01     1.61217e+03     8.45854e+01
    8.11963e-01     1.61026e+03     8.43773e+01
    8.16059e-01     1.60652e+03     8.33904e+01
    8.20152e-01     1.60391e+03     8.29537e+01
    8.24242e-01     1.60155e+03     8.25625e+01
    8.28331e-01     1.60094e+03     8.24790e+01
    8.32425e-01     1.59100e+03     8.11358e+01
    8.36516e-01     1.59527e+03     8.07980e+01
    8.40610e-01     1.58209e+03     7.98635e+01
    8.44704e-01     1.58187e+03     7.94373e+01
    8.48790e-01     1.57488e+03     7.89581e+01
    8.52876e-01     1.57760e+03     7.85339e+01
    8.56967e-01     1.56963e+03     7.76938e+01
    8.61059e-01     1.56651e+03     7.71504e+01
    8.65147e-01     1.55987e+03     7.69766e+01
    8.69235e-01     1.55521e+03     7.61805e+01
    8.73334e-01     1.55101e+03     7.54542e+01
    8.77429e-01     1.55419e+03     7.54654e+01
    8.81512e-01     1.54563e+03     7.45718e+01
    8.85601e-01     1.54041e+03     7.37694e+01
    8.89691e-01     1.54598e+03     7.37047e+01
    8.93784e-01     1.53692e+03     7.32420e+01
    8.97875e-01     1.53408e+03     7.30588e+01
    9.01960e-01     1.52859e+03     7.21181e+01
    9.06054e-01     1.52225e+03     7.12527e+01
    9.10146e-01     1.52081e+03     7.11037e+01
    9.14237e-01     1.52204e+03     7.04046e+01
    9.18331e-01     1.51173e+03     7.00065e+01
    9.22421e-01     1.50923e+03     6.96973e+01
    9.26509e-01     1.51122e+03     6.95258e+01
    9.30598e-01     1.50545e+03     6.90019e+01
    9.34692e-01     1.50570e+03     6.84574e+01
    9.38787e-01     1.49711e+03     6.76758e+01
    9.42873e-01     1.49283e+03     6.72377e+01
    9.46961e-01     1.49220e+03     6.70392e+01
    9.51054e-01     1.48136e+03     6.63124e+01
    9.55150e-01     1.48916e+03     6.64770e+01
    9.59240e-01     1.48232e+03     6.57394e+01
    9.63327e-01     1.47933e+03     6.54856e+01
    9.67420e-01     1.47531e+03     6.48714e+01
    9.71506e-01     1.46990e+03     6.43341e+01
    9.75588e-01     1.46978e+03     6.42331e+01
    9.79678e-01     1.46575e+03     6.36800e+01
    9.83773e-01     1.46483e+03     6.34592e+01
    9.87866e-01     1.45809e+03     6.27769e+01
    9.91960e-01     1.45663e+03     6.25416e+01
    9.96055e-01     1.45578e+03     6.23839e+01
    1.00015e+00     1.45050e+03     6.18083e+01
    1.00424e+00     1.44521e+03     6.12296e+01
    1.00832e+00     1.44838e+03     6.11691e+01
    1.01242e+00     1.44489e+03     6.07019e+01
    1.01651e+00     1.44151e+03     6.03231e+01
    1.02059e+00     1.43392e+03     5.97821e+01
    1.02468e+00     1.43550e+03     5.98010e+01
    1.02878e+00     1.43195e+03     5.91258e+01
    1.03287e+00     1.42838e+03     5.90129e+01
    1.03695e+00     1.42615e+03     5.86854e+01
    1.04105e+00     1.42394e+03     5.83145e+01
    1.04515e+00     1.41968e+03     5.80442e+01
    1.04923e+00     1.41428e+03     5.73750e+01
    1.05332e+00     1.41462e+03     5.71494e+01
    1.05741e+00     1.40900e+03     5.68148e+01
    1.06150e+00     1.40884e+03     5.67376e+01
    1.06559e+00     1.40509e+03     5.61886e+01
    1.06968e+00     1.40317e+03     5.61944e+01
    1.07377e+00     1.39810e+03     5.58624e+01
    1.07786e+00     1.39729e+03     5.55241e+01
    1.08195e+00     1.39673e+03     5.52927e+01
    1.08605e+00     1.39129e+03     5.48850e+01
    1.09014e+00     1.39234e+03     5.45796e+01
    1.09422e+00     1.38884e+03     5.41949e+01
    1.09832e+00     1.38252e+03     5.36911e+01
    1.10242e+00     1.38347e+03     5.36105e+01
    1.10650e+00     1.38241e+03     5.33706e+01
    1.11059e+00     1.37455e+03     5.29660e+01
    1.11468e+00     1.37228e+03     5.27009e+01
    1.11878e+00     1.37058e+03     5.23452e+01
    1.12287e+00     1.36964e+03     5.22084e+01
    1.12695e+00     1.37042e+03     5.19160e+01
    1.13105e+00     1.35955e+03     5.13484e+01
    1.13514e+00     1.36389e+03     5.13851e+01
    1.13922e+00     1.36250e+03     5.13014e+01
    1.14331e+00     1.35644e+03     5.04907e+01
    1.14741e+00     1.35600e+03     5.06458e+01
    1.15150e+00     1.35276e+03     5.01278e+01
    1.15559e+00     1.34614e+03     4.98688e+01
    1.15968e+00     1.34788e+03     4.96986e+01
    1.16377e+00     1.34478e+03     4.94649e+01
    1.16786e+00     1.34030e+03     4.92199e+01
    1.17195e+00     1.33857e+03     4.87691e+01
    1.17604e+00     1.33626e+03     4.86414e+01
    1.18013e+00     1.33293e+03     4.83612e+01
    1.18422e+00     1.33047e+03     4.80690e+01
    1.18831e+00     1.32807e+03     4.79224e+01
    1.19240e+00     1.32579e+03     4.77112e+01
    1.19649e+00     1.32578e+03     4.74019e+01
    1.20059e+00     1.32239e+03     4.73835e+01
    1.20468e+00     1.32180e+03     4.70035e+01
    1.20877e+00     1.31757e+03     4.66355e+01
    1.21286e+00     1.31693e+03     4.64749e+01
    1.21695e+00     1.30905e+03     4.62042e+01
    1.22104e+00     1.31079e+03     4.60608e+01
    1.22513e+00     1.30779e+03     4.59739e+01
    1.22922e+00     1.30680e+03     4.57046e+01
    1.23330e+00     1.30743e+03     4.56615e+01
    1.23740e+00     1.30017e+03     4.50922e+01
    1.24149e+00     1.30031e+03     4.51067e+01
    1.24558e+00     1.29729e+03     4.48318e+01
    1.24967e+00     1.29747e+03     4.45392e+01
    1.25376e+00     1.29243e+03     4.44317e+01
    1.25785e+00     1.29216e+03     4.42038e+01
    1.26194e+00     1.28388e+03     4.37038e+01
    1.26603e+00     1.28523e+03     4.35561e+01
    1.27012e+00     1.28250e+03     4.35182e+01
    1.27422e+00     1.28037e+03     4.31006e+01
    1.27831e+00     1.27641e+03     4.29535e+01
    1.28240e+00     1.27443e+03     4.29120e+01
    1.28649e+00     1.27317e+03     4.27246e+01
    1.29058e+00     1.26980e+03     4.24730e+01
    1.29467e+00     1.27155e+03     4.24838e+01
    1.29876e+00     1.26749e+03     4.21838e+01
    1.30285e+00     1.26520e+03     4.16991e+01
    1.30694e+00     1.26437e+03     4.17643e+01
    1.31103e+00     1.26060e+03     4.14157e+01
    1.31512e+00     1.25775e+03     4.12459e+01
    1.31921e+00     1.25415e+03     4.10107e+01
    1.32331e+00     1.25434e+03     4.09450e+01
    1.32739e+00     1.25267e+03     4.08537e+01
    1.33148e+00     1.24916e+03     4.05544e+01
    1.33558e+00     1.24836e+03     4.03533e+01
    1.33967e+00     1.24540e+03     4.01174e+01
    1.34376e+00     1.24436e+03     3.98689e+01
    1.34785e+00     1.24256e+03     3.98403e+01
    1.35195e+00     1.23922e+03     3.95930e+01
    1.35603e+00     1.23775e+03     3.94860e+01
    1.36011e+00     1.23468e+03     3.93885e+01
    1.36421e+00     1.23581e+03     3.92167e+01
    1.36830e+00     1.23146e+03     3.89558e+01
    1.37239e+00     1.22921e+03     3.87856e+01
    1.37648e+00     1.22534e+03     3.85277e+01
    1.38057e+00     1.22539e+03     3.85110e+01
    1.38466e+00     1.22396e+03     3.81785e+01
    1.38875e+00     1.21914e+03     3.80509e+01
    1.39285e+00     1.21909e+03     3.78748e+01
    1.39694e+00     1.21525e+03     3.76717e+01
    1.40102e+00     1.21319e+03     3.74907e+01
    1.40512e+00     1.20965e+03     3.72849e+01
    1.40921e+00     1.21012e+03     3.73495e+01
    1.41330e+00     1.20570e+03     3.69792e+01
    1.41739e+00     1.20548e+03     3.69201e+01
    1.42148e+00     1.20493e+03     3.68407e+01
    1.42557e+00     1.20262e+03     3.66700e+01
    1.42966e+00     1.19995e+03     3.64973e+01
    1.43375e+00     1.19860e+03     3.63511e+01
    1.43784e+00     1.19652e+03     3.61830e+01
    1.44193e+00     1.19219e+03     3.60016e+01
    1.44602e+00     1.19057e+03     3.57632e+01
    1.45011e+00     1.18946e+03     3.57523e+01
    1.45420e+00     1.18684e+03     3.55233e+01
    1.45830e+00     1.18425e+03     3.53437e+01
    1.46239e+00     1.18439e+03     3.52859e+01
    1.46648e+00     1.18043e+03     3.50493e+01
    1.47056e+00     1.18026e+03     3.50107e+01
    1.47465e+00     1.17851e+03     3.48124e+01
    1.47874e+00     1.17484e+03     3.46303e+01
    1.48283e+00     1.17444e+03     3.46157e+01
    1.48693e+00     1.16903e+03     3.43042e+01
    1.49102e+00     1.17101e+03     3.43647e+01
    1.49511e+00     1.16793e+03     3.40911e+01
    1.49920e+00     1.16669e+03     3.39229e+01
    1.50329e+00     1.16413e+03     3.37731e+01
    1.50738e+00     1.16334e+03     3.37024e+01
    1.51148e+00     1.15902e+03     3.35346e+01
    1.51557e+00     1.15766e+03     3.34230e+01
    1.51965e+00     1.15677e+03     3.33290e+01
    1.52374e+00     1.15355e+03     3.31678e+01
    1.52784e+00     1.15028e+03     3.29633e+01
    1.53193e+00     1.15025e+03     3.27917e+01
    1.53602e+00     1.14676e+03     3.26709e+01
    1.54011e+00     1.14369e+03     3.23980e+01
    1.54420e+00     1.14523e+03     3.24651e+01
    1.54829e+00     1.14338e+03     3.23231e+01
    1.55238e+00     1.14072e+03     3.21824e+01
    1.55647e+00     1.13898e+03     3.20523e+01
    1.56056e+00     1.13546e+03     3.20171e+01
    1.56465e+00     1.13284e+03     3.17718e+01
    1.56874e+00     1.13523e+03     3.18438e+01
    1.57283e+00     1.13045e+03     3.15000e+01
    1.57693e+00     1.12608e+03     3.13132e+01
    1.58102e+00     1.12642e+03     3.13235e+01
    1.58510e+00     1.12546e+03     3.11573e+01
    1.58919e+00     1.12427e+03     3.11547e+01
    1.59329e+00     1.12002e+03     3.09033e+01
    1.59738e+00     1.11890e+03     3.08953e+01
    1.60147e+00     1.11526e+03     3.06799e+01
    1.60556e+00     1.11587e+03     3.05353e+01
    1.60965e+00     1.11286e+03     3.04403e+01
    1.61374e+00     1.11211e+03     3.03534e+01
    1.61783e+00     1.10911e+03     3.02179e+01
    1.62192e+00     1.10847e+03     3.00543e+01
    1.62601e+00     1.10386e+03     2.98845e+01
    1.63010e+00     1.10368e+03     2.99668e+01
    1.63419e+00     1.09963e+03     2.97132e+01
    1.63828e+00     1.10026e+03     2.96225e+01
    1.64238e+00     1.09714e+03     2.94577e+01
    1.64647e+00     1.09597e+03     2.93340e+01
    1.65055e+00     1.09353e+03     2.92852e+01
    1.65465e+00     1.09409e+03     2.92603e+01
    1.65874e+00     1.09126e+03     2.90929e+01
    1.66283e+00     1.08960e+03     2.89922e+01
    1.66691e+00     1.08624e+03     2.88227e+01
    1.67101e+00     1.08595e+03     2.87373e+01
    1.67510e+00     1.08352e+03     2.86083e+01
    1.67919e+00     1.08294e+03     2.85877e+01
    1.68328e+00     1.08075e+03     2.84228e+01
    1.68737e+00     1.08050e+03     2.83753e+01
    1.69146e+00     1.07537e+03     2.81276e+01
    1.69555e+00     1.07552e+03     2.80942e+01
    1.69964e+00     1.07288e+03     2.80211e+01
    1.70373e+00     1.07084e+03     2.79167e+01
    1.70782e+00     1.06857e+03     2.78484e+01
    1.71191e+00     1.06805e+03     2.77095e+01
    1.71600e+00     1.06613e+03     2.75731e+01
    1.72009e+00     1.06267e+03     2.74199e+01
    1.72418e+00     1.06051e+03     2.72995e+01
    1.72828e+00     1.05882e+03     2.72362e+01
    1.73237e+00     1.05776e+03     2.71480e+01
    1.73646e+00     1.05522e+03     2.70681e+01
    1.74055e+00     1.05523e+03     2.69650e+01
    1.74464e+00     1.05185e+03     2.68688e+01
    1.74874e+00     1.05233e+03     2.67643e+01
    1.75282e+00     1.04954e+03     2.66491e+01
    1.75691e+00     1.04645e+03     2.65256e+01
    1.76100e+00     1.04554e+03     2.64788e+01
    1.76509e+00     1.04321e+03     2.62883e+01
    1.76918e+00     1.04284e+03     2.62851e+01
    1.77327e+00     1.04034e+03     2.62091e+01
    1.77737e+00     1.03882e+03     2.60742e+01
    1.78146e+00     1.03583e+03     2.60272e+01
    1.78554e+00     1.03621e+03     2.59264e+01
    1.78964e+00     1.03109e+03     2.57497e+01
    1.79373e+00     1.03190e+03     2.56746e+01
    1.79782e+00     1.02973e+03     2.55756e+01
    1.80191e+00     1.02678e+03     2.54503e+01
    1.80600e+00     1.02698e+03     2.54443e+01
    1.81009e+00     1.02209e+03     2.52472e+01
    1.81418e+00     1.02262e+03     2.52037e+01
    1.81827e+00     1.01939e+03     2.50206e+01
    1.82236e+00     1.01773e+03     2.49967e+01
    1.82645e+00     1.01835e+03     2.49970e+01
    1.83054e+00     1.01617e+03     2.48488e+01
    1.83463e+00     1.01403e+03     2.48060e+01
    1.83872e+00     1.01112e+03     2.46886e+01
    1.84281e+00     1.01196e+03     2.46317e+01
    1.84691e+00     1.00830e+03     2.45033e+01
    1.85100e+00     1.00590e+03     2.44105e+01
    1.85509e+00     1.00406e+03     2.43169e+01
    1.85918e+00     1.00318e+03     2.41935e+01
    1.86327e+00     1.00020e+03     2.41178e+01
    1.86736e+00     9.98852e+02     2.40242e+01
    1.87145e+00     9.97348e+02     2.39229e+01
    1.87554e+00     9.95822e+02     2.38788e+01
    1.87963e+00     9.94091e+02     2.37852e+01
    1.88372e+00     9.92166e+02     2.37070e+01
    1.88781e+00     9.90487e+02     2.36254e+01
    1.89190e+00     9.89325e+02     2.35647e+01
    1.89599e+00     9.87850e+02     2.34973e+01
    1.90008e+00     9.86895e+02     2.34492e+01
    1.90417e+00     9.83520e+02     2.32674e+01
    1.90827e+00     9.83066e+02     2.33182e+01
    1.91236e+00     9.81587e+02     2.31766e+01
    1.91645e+00     9.77719e+02     2.30305e+01
    1.92054e+00     9.75772e+02     2.30161e+01
    1.92463e+00     9.74114e+02     2.28279e+01
    1.92872e+00     9.73945e+02     2.28512e+01
    1.93281e+00     9.71053e+02     2.27366e+01
    1.93690e+00     9.69436e+02     2.26858e+01
    1.94099e+00     9.68562e+02     2.26112e+01
    1.94508e+00     9.67610e+02     2.25524e+01
    1.94917e+00     9.63899e+02     2.23334e+01
    1.95326e+00     9.62270e+02     2.22983e+01
    1.95735e+00     9.60888e+02     2.21859e+01
    1.96144e+00     9.59311e+02     2.22090e+01
    1.96553e+00     9.58723e+02     2.21075e+01
    1.96962e+00     9.55835e+02     2.19911e+01
    1.97371e+00     9.55040e+02     2.19950e+01
    1.97781e+00     9.52832e+02     2.18713e+01
    1.98190e+00     9.51693e+02     2.18005e+01
    1.98599e+00     9.50181e+02     2.16937e+01
    1.99008e+00     9.47453e+02     2.16437e+01
    1.99417e+00     9.45028e+02     2.15425e+01
    1.99826e+00     9.45061e+02     2.15094e+01
    2.00235e+00     9.42243e+02     2.14133e+01
    2.00644e+00     9.42408e+02     2.13605e+01
    2.01053e+00     9.39681e+02     2.12456e+01
    2.01462e+00     9.37755e+02     2.12054e+01
    2.01871e+00     9.35968e+02     2.11365e+01
    2.02280e+00     9.34757e+02     2.10370e+01
    2.02689e+00     9.31513e+02     2.09347e+01
    2.03098e+00     9.31713e+02     2.08887e+01
    2.03507e+00     9.29218e+02     2.08147e+01
    2.03917e+00     9.28428e+02     2.07722e+01
    2.04325e+00     9.26322e+02     2.06601e+01
    2.04735e+00     9.23461e+02     2.06064e+01
    2.05143e+00     9.23268e+02     2.05558e+01
    2.05552e+00     9.21232e+02     2.04789e+01
    2.05962e+00     9.20023e+02     2.04315e+01
    2.06371e+00     9.17905e+02     2.03601e+01
    2.06780e+00     9.16033e+02     2.02582e+01
    2.07189e+00     9.14586e+02     2.01959e+01
    2.07598e+00     9.13866e+02     2.01179e+01
    2.08007e+00     9.11115e+02     2.00741e+01
    2.08416e+00     9.10106e+02     1.99577e+01
    2.08825e+00     9.06575e+02     1.98890e+01
    2.09234e+00     9.06094e+02     1.98645e+01
    2.09644e+00     9.05162e+02     1.98096e+01
    2.10053e+00     9.03094e+02     1.97208e+01
    2.10461e+00     9.00652e+02     1.96432e+01
    2.10870e+00     8.99416e+02     1.96024e+01
    2.11280e+00     8.97681e+02     1.95148e+01
    2.11688e+00     8.95174e+02     1.94191e+01
    2.12098e+00     8.94702e+02     1.93748e+01
    2.12507e+00     8.93006e+02     1.93112e+01
    2.12916e+00     8.90751e+02     1.92575e+01
    2.13325e+00     8.90335e+02     1.91982e+01
    2.13734e+00     8.87254e+02     1.90625e+01
    2.14143e+00     8.86306e+02     1.90272e+01
    2.14552e+00     8.85569e+02     1.89981e+01
    2.14961e+00     8.82922e+02     1.89300e+01
    2.15370e+00     8.79943e+02     1.88463e+01
    2.15779e+00     8.80131e+02     1.88260e+01
    2.16188e+00     8.77583e+02     1.87226e+01
    2.16597e+00     8.76236e+02     1.86693e+01
    2.17006e+00     8.75169e+02     1.85993e+01
    2.17416e+00     8.73527e+02     1.85493e+01
    2.17825e+00     8.71012e+02     1.84830e+01
    2.18234e+00     8.70359e+02     1.84061e+01
    2.18643e+00     8.68137e+02     1.83512e+01
    2.19052e+00     8.66501e+02     1.82986e+01
    2.19461e+00     8.64668e+02     1.82603e+01
    2.19870e+00     8.62858e+02     1.81836e+01
    2.20279e+00     8.62991e+02     1.81319e+01
    2.20688e+00     8.59521e+02     1.80041e+01
    2.21097e+00     8.57427e+02     1.79695e+01
    2.21506e+00     8.57312e+02     1.79249e+01
    2.21915e+00     8.55332e+02     1.78834e+01
    2.22324e+00     8.53253e+02     1.77863e+01
    2.22733e+00     8.53149e+02     1.77379e+01
    2.23142e+00     8.50755e+02     1.76887e+01
    2.23552e+00     8.49455e+02     1.76267e+01
    2.23961e+00     8.46588e+02     1.75425e+01
    2.24369e+00     8.45535e+02     1.75207e+01
    2.24779e+00     8.44588e+02     1.74794e+01
    2.25188e+00     8.42701e+02     1.73833e+01
    2.25597e+00     8.40438e+02     1.73388e+01
    2.26006e+00     8.38902e+02     1.72638e+01
    2.26415e+00     8.37617e+02     1.72102e+01
    2.26824e+00     8.36773e+02     1.71855e+01
    2.27233e+00     8.34084e+02     1.71208e+01
    2.27642e+00     8.33447e+02     1.70175e+01
    2.28051e+00     8.31837e+02     1.69486e+01
    2.28460e+00     8.30212e+02     1.69493e+01
    2.28869e+00     8.28549e+02     1.68849e+01
    2.29278e+00     8.26654e+02     1.68016e+01
    2.29687e+00     8.24912e+02     1.67852e+01
    2.30096e+00     8.23851e+02     1.66954e+01
    2.30506e+00     8.22412e+02     1.66774e+01
    2.30915e+00     8.19890e+02     1.65868e+01
    2.31324e+00     8.18903e+02     1.65240e+01
    2.31733e+00     8.17453e+02     1.65383e+01
    2.32142e+00     8.15318e+02     1.64106e+01
    2.32551e+00     8.13395e+02     1.63780e+01
    2.32960e+00     8.13151e+02     1.63536e+01
    2.33369e+00     8.10406e+02     1.62772e+01
    2.33778e+00     8.09711e+02     1.62469e+01
    2.34187e+00     8.07877e+02     1.61407e+01
    2.34596e+00     8.06663e+02     1.60842e+01
    2.35005e+00     8.04435e+02     1.60464e+01
    2.35414e+00     8.03512e+02     1.59895e+01
    2.35823e+00     8.00760e+02     1.59476e+01
    2.36232e+00     7.99919e+02     1.58859e+01
    2.36641e+00     7.98312e+02     1.58370e+01
    2.37051e+00     7.97172e+02     1.57959e+01
    2.37460e+00     7.95051e+02     1.57509e+01
    2.37869e+00     7.93054e+02     1.56811e+01
    2.38278e+00     7.91911e+02     1.56225e+01
    2.38687e+00     7.90586e+02     1.55848e+01
    2.39096e+00     7.88446e+02     1.54850e+01
    2.39505e+00     7.87944e+02     1.54669e+01
    2.39914e+00     7.86294e+02     1.54056e+01
    2.40323e+00     7.84509e+02     1.53581e+01
    2.40732e+00     7.83094e+02     1.53238e+01
    2.41141e+00     7.80656e+02     1.52416e+01
    2.41550e+00     7.79187e+02     1.51991e+01
    2.41959e+00     7.78317e+02     1.51852e+01
    2.42368e+00     7.77228e+02     1.51361e+01
    2.42777e+00     7.74267e+02     1.50443e+01
    2.43187e+00     7.73249e+02     1.50346e+01
    2.43596e+00     7.71892e+02     1.49783e+01
    2.44004e+00     7.70708e+02     1.49274e+01
    2.44414e+00     7.69751e+02     1.49209e+01
    2.44823e+00     7.67688e+02     1.47873e+01
    2.45232e+00     7.66201e+02     1.47570e+01
    2.45640e+00     7.64859e+02     1.47393e+01
    2.46050e+00     7.63431e+02     1.46817e+01
    2.46459e+00     7.61855e+02     1.46492e+01
    2.46868e+00     7.60105e+02     1.46154e+01
    2.47277e+00     7.58918e+02     1.45258e+01
    2.47686e+00     7.56605e+02     1.44633e+01
    2.48095e+00     7.55080e+02     1.44454e+01
    2.48504e+00     7.54931e+02     1.44223e+01
    2.48913e+00     7.52056e+02     1.43453e+01
    2.49322e+00     7.51425e+02     1.42999e+01
    2.49731e+00     7.49549e+02     1.42267e+01
    2.50141e+00     7.47824e+02     1.41847e+01
    2.50550e+00     7.46027e+02     1.41298e+01
    2.50959e+00     7.45362e+02     1.40990e+01
    2.51368e+00     7.43090e+02     1.40350e+01
    2.51777e+00     7.41735e+02     1.40051e+01
    2.52186e+00     7.40267e+02     1.39699e+01
    2.52595e+00     7.38820e+02     1.39011e+01
    2.53004e+00     7.37519e+02     1.38827e+01
    2.53413e+00     7.35352e+02     1.38425e+01
    2.53822e+00     7.34685e+02     1.37898e+01
    2.54231e+00     7.33918e+02     1.37632e+01
    2.54640e+00     7.31585e+02     1.37144e+01
    2.55049e+00     7.30749e+02     1.36494e+01
    2.55458e+00     7.27855e+02     1.35579e+01
    2.55867e+00     7.27511e+02     1.35387e+01
    2.56276e+00     7.26219e+02     1.35389e+01
    2.56685e+00     7.23885e+02     1.34664e+01
    2.57095e+00     7.22519e+02     1.34163e+01
    2.57504e+00     7.21316e+02     1.33933e+01
    2.57913e+00     7.19089e+02     1.33307e+01
    2.58322e+00     7.17917e+02     1.33000e+01
    2.58731e+00     7.17020e+02     1.32475e+01
    2.59140e+00     7.15188e+02     1.32032e+01
    2.59549e+00     7.14777e+02     1.31922e+01
    2.59958e+00     7.13265e+02     1.31484e+01
    2.60367e+00     7.10949e+02     1.30555e+01
    2.60776e+00     7.10064e+02     1.30432e+01
    2.61185e+00     7.07930e+02     1.29921e+01
    2.61594e+00     7.06175e+02     1.29271e+01
    2.62003e+00     7.05083e+02     1.28944e+01
    2.62412e+00     7.03488e+02     1.28700e+01
    2.62821e+00     7.02477e+02     1.28345e+01
    2.63230e+00     7.01082e+02     1.27592e+01
    2.63640e+00     6.98918e+02     1.27401e+01
    2.64049e+00     6.98372e+02     1.26913e+01
    2.64457e+00     6.96740e+02     1.26649e+01
    2.64867e+00     6.94994e+02     1.26282e+01
    2.65276e+00     6.94625e+02     1.25950e+01
    2.65685e+00     6.92196e+02     1.25142e+01
    2.66094e+00     6.91055e+02     1.24751e+01
    2.66503e+00     6.89727e+02     1.24508e+01
    2.66912e+00     6.87881e+02     1.24143e+01
    2.67321e+00     6.86627e+02     1.23896e+01
    2.67730e+00     6.85350e+02     1.23304e+01
    2.68139e+00     6.84371e+02     1.23032e+01
    2.68548e+00     6.81859e+02     1.22245e+01
    2.68957e+00     6.80319e+02     1.21709e+01
    2.69366e+00     6.79967e+02     1.21719e+01
    2.69776e+00     6.77901e+02     1.21133e+01
    2.70185e+00     6.76181e+02     1.20733e+01
    2.70594e+00     6.75856e+02     1.20550e+01
    2.71003e+00     6.73584e+02     1.20091e+01
    2.71412e+00     6.72678e+02     1.19568e+01
    2.71821e+00     6.70539e+02     1.19145e+01
    2.72230e+00     6.69935e+02     1.19164e+01
    2.72639e+00     6.67958e+02     1.18345e+01
    2.73048e+00     6.66807e+02     1.18162e+01
    2.73457e+00     6.65939e+02     1.17846e+01
    2.73866e+00     6.63996e+02     1.17505e+01
    2.74275e+00     6.62556e+02     1.16761e+01
    2.74684e+00     6.60831e+02     1.16425e+01
    2.75093e+00     6.60223e+02     1.16279e+01
    2.75502e+00     6.58440e+02     1.15842e+01
    2.75911e+00     6.57209e+02     1.15235e+01
    2.76320e+00     6.56199e+02     1.14952e+01
    2.76730e+00     6.54576e+02     1.14728e+01
    2.77139e+00     6.54110e+02     1.14497e+01
    2.77548e+00     6.51918e+02     1.13859e+01
    2.77957e+00     6.50322e+02     1.13552e+01
    2.78366e+00     6.49299e+02     1.13235e+01
    2.78775e+00     6.47547e+02     1.12714e+01
    2.79184e+00     6.46123e+02     1.12308e+01
    2.79593e+00     6.44799e+02     1.11921e+01
    2.80002e+00     6.43377e+02     1.11739e+01
    2.80411e+00     6.42461e+02     1.11601e+01
    2.80820e+00     6.40542e+02     1.10952e+01
    2.81229e+00     6.39332e+02     1.10766e+01
    2.81638e+00     6.37758e+02     1.10231e+01
    2.82047e+00     6.36618e+02     1.09843e+01
    2.82457e+00     6.35066e+02     1.09385e+01
    2.82866e+00     6.34264e+02     1.09356e+01
    2.83275e+00     6.33173e+02     1.09058e+01
    2.83684e+00     6.31270e+02     1.08351e+01
    2.84093e+00     6.30046e+02     1.08228e+01
    2.84502e+00     6.28714e+02     1.07668e+01
    2.84911e+00     6.26973e+02     1.07366e+01
    2.85320e+00     6.25919e+02     1.07113e+01
    2.85729e+00     6.24085e+02     1.06586e+01
    2.86138e+00     6.22739e+02     1.06420e+01
    2.86547e+00     6.21605e+02     1.06111e+01
    2.86956e+00     6.19952e+02     1.05538e+01
    2.87365e+00     6.18509e+02     1.05099e+01
    2.87774e+00     6.18266e+02     1.05001e+01
    2.88183e+00     6.16937e+02     1.04584e+01
    2.88592e+00     6.15755e+02     1.04250e+01
    2.89001e+00     6.14198e+02     1.03680e+01
    2.89410e+00     6.12945e+02     1.03728e+01
    2.89820e+00     6.11679e+02     1.03376e+01
    2.90229e+00     6.10486e+02     1.02982e+01
    2.90638e+00     6.08081e+02     1.02557e+01
    2.91047e+00     6.07536e+02     1.02541e+01
    2.91456e+00     6.06359e+02     1.02017e+01
    2.91865e+00     6.05314e+02     1.01742e+01
    2.92274e+00     6.03771e+02     1.01211e+01
    2.92683e+00     6.02498e+02     1.00900e+01
    2.93092e+00     6.01059e+02     1.00660e+01
    2.93501e+00     5.99635e+02     1.00310e+01
    2.93910e+00     5.97890e+02     9.97938e+00
    2.94319e+00     5.97924e+02     9.97916e+00
    2.94728e+00     5.96232e+02     9.93393e+00
    2.95137e+00     5.94457e+02     9.91533e+00
    2.95546e+00     5.93320e+02     9.85799e+00
    2.95955e+00     5.92491e+02     9.84647e+00
    2.96364e+00     5.90248e+02     9.80492e+00
    2.96774e+00     5.89641e+02     9.77352e+00
    2.97183e+00     5.88183e+02     9.73448e+00
    2.97592e+00     5.86902e+02     9.71189e+00
    2.98001e+00     5.86124e+02     9.68599e+00
    2.98410e+00     5.84242e+02     9.65147e+00
    2.98819e+00     5.83149e+02     9.60631e+00
    2.99228e+00     5.82122e+02     9.58262e+00
    2.99637e+00     5.80297e+02     9.55983e+00
    3.00046e+00     5.79461e+02     9.52134e+00
    3.00455e+00     5.78632e+02     9.50631e+00
    3.00864e+00     5.76307e+02     9.45006e+00
    3.01273e+00     5.75662e+02     9.42884e+00
    3.01682e+00     5.74686e+02     9.40353e+00
    3.02091e+00     5.72756e+02     9.35769e+00
    3.02500e+00     5.71809e+02     9.34308e+00
    3.02910e+00     5.70596e+02     9.30650e+00
    3.03319e+00     5.69711e+02     9.27573e+00
    3.03728e+00     5.68238e+02     9.24948e+00
    3.04137e+00     5.66480e+02     9.20422e+00
    3.04546e+00     5.65544e+02     9.18276e+00
    3.04955e+00     5.64566e+02     9.14580e+00
    3.05364e+00     5.63635e+02     9.11859e+00
    3.05773e+00     5.62031e+02     9.09909e+00
    3.06182e+00     5.60775e+02     9.07041e+00
    3.06591e+00     5.59648e+02     9.04444e+00
    3.07000e+00     5.58041e+02     9.01039e+00
    3.07409e+00     5.57035e+02     8.98308e+00
    3.07818e+00     5.55679e+02     8.95313e+00
    3.08227e+00     5.54688e+02     8.91736e+00
    3.08636e+00     5.53346e+02     8.88747e+00
    3.09045e+00     5.51712e+02     8.85743e+00
    3.09454e+00     5.51041e+02     8.84208e+00
    3.09863e+00     5.49344e+02     8.80036e+00
    3.10272e+00     5.48948e+02     8.78549e+00
    3.10682e+00     5.46990e+02     8.74145e+00
    3.11091e+00     5.46300e+02     8.72023e+00
    3.11500e+00     5.44742e+02     8.67983e+00
    3.11909e+00     5.44163e+02     8.65866e+00
    3.12318e+00     5.42211e+02     8.62238e+00
    3.12727e+00     5.41668e+02     8.60681e+00
    3.13136e+00     5.40463e+02     8.57805e+00
    3.13545e+00     5.39033e+02     8.55430e+00
    3.13954e+00     5.37815e+02     8.52094e+00
    3.14363e+00     5.36611e+02     8.49944e+00
    3.14772e+00     5.34984e+02     8.44995e+00
    3.15181e+00     5.34388e+02     8.43165e+00
    3.15590e+00     5.33341e+02     8.43287e+00
    3.16000e+00     5.31471e+02     8.38646e+00
    3.16409e+00     5.30641e+02     8.35944e+00
    3.16818e+00     5.29597e+02     8.33231e+00
    3.17227e+00     5.28400e+02     8.30252e+00
    3.17636e+00     5.27336e+02     8.26969e+00
    3.18045e+00     5.26233e+02     8.25497e+00
    3.18454e+00     5.25058e+02     8.22474e+00
    3.18863e+00     5.23614e+02     8.19211e+00
    3.19272e+00     5.22995e+02     8.18459e+00
    3.19681e+00     5.22044e+02     8.16176e+00
    3.20090e+00     5.20741e+02     8.13213e+00
    3.20499e+00     5.19292e+02     8.10182e+00
    3.20908e+00     5.18348e+02     8.07524e+00
    3.21317e+00     5.16500e+02     8.03224e+00
    3.21726e+00     5.15822e+02     8.01523e+00
    3.22135e+00     5.14661e+02     7.98888e+00
    3.22545e+00     5.13683e+02     7.96570e+00
    3.22954e+00     5.12561e+02     7.95195e+00
    3.23363e+00     5.11029e+02     7.91052e+00
    3.23772e+00     5.10110e+02     7.88080e+00
    3.24181e+00     5.08848e+02     7.85831e+00
    3.24590e+00     5.08213e+02     7.83977e+00
    3.24999e+00     5.06625e+02     7.81217e+00
    3.25408e+00     5.05844e+02     7.78284e+00
    3.25817e+00     5.04546e+02     7.76971e+00
    3.26226e+00     5.03857e+02     7.74761e+00
    3.26635e+00     5.02490e+02     7.71627e+00
    3.27044e+00     5.01410e+02     7.69916e+00
    3.27453e+00     4.99838e+02     7.65634e+00
    3.27862e+00     4.98998e+02     7.62826e+00
    3.28271e+00     4.98006e+02     7.62201e+00
    3.28681e+00     4.96527e+02     7.58655e+00
    3.29090e+00     4.95708e+02     7.56337e+00
    3.29499e+00     4.95025e+02     7.54914e+00
    3.29908e+00     4.93677e+02     7.51748e+00
    3.30317e+00     4.92647e+02     7.49573e+00
    3.30725e+00     4.91395e+02     7.46769e+00
    3.31135e+00     4.90338e+02     7.45115e+00
    3.31544e+00     4.88986e+02     7.42096e+00
    3.31953e+00     4.88151e+02     7.40623e+00
    3.32362e+00     4.87085e+02     7.37504e+00
    3.32771e+00     4.85910e+02     7.35411e+00
    3.33180e+00     4.84883e+02     7.32994e+00
    3.33589e+00     4.83741e+02     7.30176e+00
    3.33998e+00     4.82431e+02     7.27355e+00
    3.34407e+00     4.81504e+02     7.25583e+00
    3.34816e+00     4.80407e+02     7.22885e+00
    3.35226e+00     4.79893e+02     7.21812e+00
    3.35634e+00     4.78781e+02     7.18801e+00
    3.36043e+00     4.77566e+02     7.16925e+00
    3.36453e+00     4.76425e+02     7.13432e+00
    3.36862e+00     4.75213e+02     7.11970e+00
    3.37271e+00     4.73778e+02     7.08427e+00
    3.37680e+00     4.72838e+02     7.07123e+00
    3.38089e+00     4.72236e+02     7.04554e+00
    3.38498e+00     4.71329e+02     7.03261e+00
    3.38907e+00     4.70076e+02     7.01099e+00
    3.39316e+00     4.69267e+02     6.97899e+00
    3.39725e+00     4.68083e+02     6.96327e+00
    3.40134e+00     4.67205e+02     6.94178e+00
    3.40543e+00     4.65730e+02     6.91306e+00
    3.40952e+00     4.64971e+02     6.88970e+00
    3.41362e+00     4.63865e+02     6.87584e+00
    3.41770e+00     4.62830e+02     6.85767e+00
    3.42179e+00     4.61589e+02     6.83734e+00
    3.42588e+00     4.61105e+02     6.80930e+00
    3.42997e+00     4.59954e+02     6.79241e+00
    3.43406e+00     4.58601e+02     6.75057e+00
    3.43816e+00     4.57886e+02     6.74295e+00
    3.44225e+00     4.56849e+02     6.72109e+00
    3.44634e+00     4.55966e+02     6.70539e+00
    3.45043e+00     4.54553e+02     6.67845e+00
    3.45452e+00     4.53611e+02     6.64865e+00
    3.45861e+00     4.53042e+02     6.64127e+00
    3.46270e+00     4.51841e+02     6.61727e+00
    3.46679e+00     4.51246e+02     6.60058e+00
    3.47088e+00     4.50055e+02     6.58145e+00
    3.47497e+00     4.48791e+02     6.55353e+00
    3.47906e+00     4.48254e+02     6.54202e+00
    3.48315e+00     4.47354e+02     6.52296e+00
    3.48725e+00     4.46127e+02     6.49335e+00
    3.49134e+00     4.44958e+02     6.47406e+00
    3.49543e+00     4.44293e+02     6.46156e+00
    3.49952e+00     4.42890e+02     6.42792e+00
    3.50361e+00     4.41942e+02     6.40827e+00
    3.50770e+00     4.41052e+02     6.39326e+00
    3.51179e+00     4.39813e+02     6.36462e+00
    3.51588e+00     4.39253e+02     6.35471e+00
    3.51997e+00     4.38298e+02     6.33011e+00
    3.52406e+00     4.37355e+02     6.31697e+00
    3.52815e+00     4.36453e+02     6.30344e+00
    3.53224e+00     4.35092e+02     6.26525e+00
    3.53633e+00     4.34201e+02     6.25760e+00
    3.54042e+00     4.33449e+02     6.24030e+00
    3.54451e+00     4.32426e+02     6.21234e+00
    3.54860e+00     4.31649e+02     6.20512e+00
    3.55270e+00     4.30531e+02     6.18042e+00
    3.55679e+00     4.29754e+02     6.16631e+00
    3.56088e+00     4.28755e+02     6.14176e+00
    3.56497e+00     4.27625e+02     6.12550e+00
    3.56906e+00     4.26578e+02     6.09877e+00
    3.57315e+00     4.26104e+02     6.09008e+00
    3.57724e+00     4.24890e+02     6.05484e+00
    3.58133e+00     4.24256e+02     6.04311e+00
    3.58542e+00     4.23145e+02     6.02289e+00
    3.58951e+00     4.22206e+02     6.00330e+00
    3.59360e+00     4.21230e+02     5.99098e+00
    3.59769e+00     4.20629e+02     5.97053e+00
    3.60178e+00     4.19553e+02     5.94767e+00
    3.60587e+00     4.18783e+02     5.93219e+00
    3.60996e+00     4.17519e+02     5.91322e+00
    3.61405e+00     4.16582e+02     5.89588e+00
    3.61814e+00     4.16356e+02     5.88485e+00
    3.62224e+00     4.15338e+02     5.86480e+00
    3.62633e+00     4.14564e+02     5.85123e+00
    3.63042e+00     4.13097e+02     5.82318e+00
    3.63451e+00     4.12403e+02     5.81167e+00
    3.63860e+00     4.11462e+02     5.78808e+00
    3.64269e+00     4.10364e+02     5.76404e+00
    3.64678e+00     4.09575e+02     5.75688e+00
    3.65087e+00     4.09022e+02     5.74351e+00
    3.65496e+00     4.07998e+02     5.72013e+00
    3.65905e+00     4.07329e+02     5.71009e+00
    3.66314e+00     4.06319e+02     5.68960e+00
    3.66723e+00     4.05482e+02     5.66919e+00
    3.67132e+00     4.04706e+02     5.65674e+00
    3.67541e+00     4.03679e+02     5.63285e+00
    3.67950e+00     4.02769e+02     5.61692e+00
    3.68359e+00     4.02005e+02     5.60532e+00
    3.68769e+00     4.01016e+02     5.58904e+00
    3.69177e+00     4.00400e+02     5.56909e+00
    3.69587e+00     3.99479e+02     5.54540e+00
    3.69996e+00     3.98320e+02     5.53335e+00
    3.70405e+00     3.97351e+02     5.51396e+00
    3.70814e+00     3.97008e+02     5.50221e+00
    3.71223e+00     3.96109e+02     5.49740e+00
    3.71632e+00     3.95167e+02     5.46658e+00
    3.72041e+00     3.94603e+02     5.45428e+00
    3.72450e+00     3.93503e+02     5.44096e+00
    3.72859e+00     3.92775e+02     5.43608e+00
    3.73268e+00     3.91730e+02     5.40745e+00
    3.73677e+00     3.91179e+02     5.38652e+00
    3.74086e+00     3.90193e+02     5.36290e+00
    3.74495e+00     3.89758e+02     5.36262e+00
    3.74905e+00     3.88498e+02     5.34338e+00
    3.75313e+00     3.87766e+02     5.32846e+00
    3.75722e+00     3.86869e+02     5.30762e+00
    3.76131e+00     3.86478e+02     5.29149e+00
    3.76541e+00     3.85093e+02     5.27345e+00
    3.76950e+00     3.84462e+02     5.25848e+00
    3.77359e+00     3.83330e+02     5.24242e+00
    3.77768e+00     3.82897e+02     5.23769e+00
    3.78177e+00     3.82284e+02     5.22505e+00
    3.78586e+00     3.81041e+02     5.20173e+00
    3.78995e+00     3.80682e+02     5.18699e+00
    3.79404e+00     3.79712e+02     5.17007e+00
    3.79813e+00     3.79116e+02     5.16415e+00
    3.80222e+00     3.78226e+02     5.14420e+00
    3.80632e+00     3.77286e+02     5.12227e+00
    3.81040e+00     3.76834e+02     5.11144e+00
    3.81449e+00     3.76007e+02     5.10299e+00
    3.81859e+00     3.75033e+02     5.09227e+00
    3.82268e+00     3.74319e+02     5.06788e+00
    3.82677e+00     3.73588e+02     5.05362e+00
    3.83086e+00     3.72523e+02     5.04189e+00
    3.83495e+00     3.71975e+02     5.02980e+00
    3.83904e+00     3.71285e+02     5.01089e+00
    3.84313e+00     3.70489e+02     4.99454e+00
    3.84722e+00     3.69720e+02     4.98604e+00
    3.85131e+00     3.69149e+02     4.97879e+00
    3.85540e+00     3.68326e+02     4.96081e+00
    3.85949e+00     3.67496e+02     4.94401e+00
    3.86358e+00     3.66619e+02     4.92985e+00
    3.86768e+00     3.65970e+02     4.91361e+00
    3.87177e+00     3.64951e+02     4.89426e+00
    3.87585e+00     3.64707e+02     4.88972e+00
    3.87994e+00     3.63532e+02     4.86970e+00
    3.88403e+00     3.63060e+02     4.86070e+00
    3.88813e+00     3.62314e+02     4.84397e+00
    3.89222e+00     3.61711e+02     4.82812e+00
    3.89631e+00     3.60649e+02     4.81510e+00
    3.90040e+00     3.60321e+02     4.81506e+00
    3.90449e+00     3.59168e+02     4.78369e+00
    3.90858e+00     3.58957e+02     4.77555e+00
    3.91267e+00     3.58131e+02     4.76633e+00
    3.91676e+00     3.57358e+02     4.75215e+00
    3.92085e+00     3.56801e+02     4.73582e+00
    3.92494e+00     3.55943e+02     4.72270e+00
    3.92903e+00     3.55073e+02     4.70642e+00
    3.93312e+00     3.54405e+02     4.69588e+00
    3.93721e+00     3.53730e+02     4.68243e+00
    3.94130e+00     3.53283e+02     4.67590e+00
    3.94539e+00     3.52245e+02     4.66116e+00
    3.94949e+00     3.51616e+02     4.64450e+00
    3.95358e+00     3.50897e+02     4.63203e+00
    3.95767e+00     3.50015e+02     4.61888e+00
    3.96176e+00     3.49613e+02     4.61010e+00
    3.96585e+00     3.48875e+02     4.59174e+00
    3.96994e+00     3.48409e+02     4.57995e+00
    3.97403e+00     3.47298e+02     4.57111e+00
    3.97812e+00     3.47101e+02     4.55828e+00
    3.98221e+00     3.46275e+02     4.55337e+00
    3.98630e+00     3.45543e+02     4.53644e+00
    3.99039e+00     3.44973e+02     4.52678e+00
    3.99448e+00     3.44403e+02     4.51429e+00
    3.99857e+00     3.43629e+02     4.49940e+00
    4.00266e+00     3.42880e+02     4.48860e+00
    4.00675e+00     3.42215e+02     4.47887e+00
    4.01085e+00     3.41761e+02     4.46531e+00
    4.01494e+00     3.40910e+02     4.45255e+00
    4.01902e+00     3.40083e+02     4.43934e+00
    4.02312e+00     3.39722e+02     4.42749e+00
    4.02721e+00     3.39144e+02     4.41754e+00
    4.03130e+00     3.38536e+02     4.41328e+00
    4.03539e+00     3.37700e+02     4.39914e+00
    4.03948e+00     3.37086e+02     4.38168e+00
    4.04357e+00     3.36430e+02     4.37163e+00
    4.04766e+00     3.35946e+02     4.36110e+00
    4.05175e+00     3.35274e+02     4.35104e+00
    4.05584e+00     3.34765e+02     4.34068e+00
    4.05993e+00     3.34025e+02     4.32786e+00
    4.06402e+00     3.33541e+02     4.31859e+00
    4.06811e+00     3.32792e+02     4.30221e+00
    4.07220e+00     3.32034e+02     4.29905e+00
    4.07630e+00     3.31424e+02     4.27761e+00
    4.08038e+00     3.31050e+02     4.27615e+00
    4.08447e+00     3.30428e+02     4.26681e+00
    4.08857e+00     3.29830e+02     4.25173e+00
    4.09266e+00     3.29000e+02     4.24429e+00
    4.09675e+00     3.28358e+02     4.22563e+00
    4.10084e+00     3.28016e+02     4.22486e+00
    4.10493e+00     3.27477e+02     4.20876e+00
    4.10902e+00     3.26606e+02     4.19708e+00
    4.11311e+00     3.26253e+02     4.18698e+00
    4.11720e+00     3.25464e+02     4.18077e+00
    4.12129e+00     3.25022e+02     4.16707e+00
    4.12538e+00     3.24213e+02     4.15740e+00
    4.12947e+00     3.23796e+02     4.14404e+00
    4.13356e+00     3.23137e+02     4.13514e+00
    4.13765e+00     3.22784e+02     4.12796e+00
    4.14175e+00     3.22240e+02     4.11721e+00
    4.14584e+00     3.21554e+02     4.10845e+00
    4.14993e+00     3.21070e+02     4.10420e+00
    4.15402e+00     3.20444e+02     4.08789e+00
    4.15811e+00     3.19908e+02     4.07805e+00
    4.16220e+00     3.19354e+02     4.06876e+00
    4.16629e+00     3.18561e+02     4.06019e+00
    4.17038e+00     3.17883e+02     4.04631e+00
    4.17447e+00     3.17543e+02     4.04036e+00
    4.17856e+00     3.16936e+02     4.02767e+00
    4.18265e+00     3.16285e+02     4.01978e+00
    4.18674e+00     3.16102e+02     4.01548e+00
