# k | Phh | Phm
5.794040000000000301e-03 1.884760423114240621e+04 1.023571263420047035e+04
1.047170000000000045e-02 2.374540568766802971e+04 1.310641208053809169e+04
1.426649999999999967e-02 2.739726588105699921e+04 1.526748042158132739e+04
1.812280000000000141e-02 2.887196444132392935e+04 1.614854541278502620e+04
2.248450000000000101e-02 2.664880181204713881e+04 1.485526769858617081e+04
2.645080000000000001e-02 2.418491294149333044e+04 1.339939165454672548e+04
3.044739999999999946e-02 2.248467043847792957e+04 1.241259314616087613e+04
3.473199999999999898e-02 1.999491789154293656e+04 1.094236578818047383e+04
3.883079999999999865e-02 1.806520464524846102e+04 9.804322891491137852e+03
4.281399999999999789e-02 1.673427648794707420e+04 9.022480673975302125e+03
4.688559999999999950e-02 1.544913342132658909e+04 8.270917483201938012e+03
5.098579999999999779e-02 1.460680413097305609e+04 7.775735372696154627e+03
5.514580000000000176e-02 1.379474761424785902e+04 7.300165564689561506e+03
5.922430000000000055e-02 1.333740824053529832e+04 7.030143017093048911e+03
6.328640000000000654e-02 1.270936394536331682e+04 6.664372697402553968e+03
6.736739999999999395e-02 1.212991886714149223e+04 6.324614370764890737e+03
7.149600000000000399e-02 1.147487883868933750e+04 5.939076121401249111e+03
7.558940000000000103e-02 1.097698221522133827e+04 5.647564430148275278e+03
7.966600000000000070e-02 1.025498232883686433e+04 5.220220202503156543e+03
8.381829999999999836e-02 9.662800952838992089e+03 4.874440516230168214e+03
8.789410000000000278e-02 8.932690076121325546e+03 4.442040498867318092e+03
9.192379999999999995e-02 8.399594025684116787e+03 4.128268981850053024e+03
9.604459999999999387e-02 7.873102414967492223e+03 3.819733677734826415e+03
1.001279999999999948e-01 7.421320825078088092e+03 3.556693482299775042e+03
1.042089999999999961e-01 7.045332567640998604e+03 3.335081019636107612e+03
1.083329999999999987e-01 6.742589383181160883e+03 3.160760799671346376e+03
1.124480000000000063e-01 6.568427410042251722e+03 3.060052443486537413e+03
1.165209999999999996e-01 6.420175435545284927e+03 2.972269184943200798e+03
1.205959999999999949e-01 6.200214715857850024e+03 2.845374113712088274e+03
1.246649999999999980e-01 6.026096407101658770e+03 2.746008141854930727e+03
1.287709999999999966e-01 5.929849384004328385e+03 2.689894718648186426e+03
1.328739999999999921e-01 5.782314350769258454e+03 2.605996282143119515e+03
1.369750000000000134e-01 5.566311847665972891e+03 2.480574671524046607e+03
1.410750000000000060e-01 5.368993799052279428e+03 2.364436259303536644e+03
1.451719999999999955e-01 5.141097279717920173e+03 2.230567503285124531e+03
1.492680000000000118e-01 4.933123529461861835e+03 2.108595778378939940e+03
1.533299999999999941e-01 4.776178628810255759e+03 2.017954152992722584e+03
1.574160000000000004e-01 4.590312569010116931e+03 1.909681977628870072e+03
1.615139999999999909e-01 4.435748903124411299e+03 1.820017299712711065e+03
1.655919999999999892e-01 4.341291050735664612e+03 1.765367399720006915e+03
1.696930000000000105e-01 4.190187225665800725e+03 1.678628287522715937e+03
1.738030000000000130e-01 4.101786962229320125e+03 1.628384995104715927e+03
1.779050000000000076e-01 4.031476680918002330e+03 1.589650597442412391e+03
1.820009999999999961e-01 3.950718096457154843e+03 1.544675070523016757e+03
1.860920000000000074e-01 3.878926749167294929e+03 1.504728167210490028e+03
1.901609999999999967e-01 3.812672791677874557e+03 1.466644980060557373e+03
1.942369999999999930e-01 3.731104489180091605e+03 1.420558831966863636e+03
1.983340000000000103e-01 3.657220210280836909e+03 1.378202773628150453e+03
2.024269999999999958e-01 3.583852865919580836e+03 1.336355715801926408e+03
2.065230000000000121e-01 3.509807517207757883e+03 1.295083201414966197e+03
2.106260000000000077e-01 3.430072458028305391e+03 1.249665679355549400e+03
2.147239999999999982e-01 3.350608537199682360e+03 1.203679962322943311e+03
2.188269999999999937e-01 3.281986586273313605e+03 1.164183722272848399e+03
2.229029999999999900e-01 3.214681255434219111e+03 1.125440198370478583e+03
2.269899999999999973e-01 3.170985284237523956e+03 1.101074699852670165e+03
2.310840000000000116e-01 3.104842433593212263e+03 1.063935898929828227e+03
2.351530000000000009e-01 3.046863904817178536e+03 1.031333429472278340e+03
2.392440000000000122e-01 3.007399843972514191e+03 1.010634897736375706e+03
2.433379999999999987e-01 2.965797564991989020e+03 9.876460305430700828e+02
2.474449999999999983e-01 2.921577475336553562e+03 9.628787689317167633e+02
2.515390000000000126e-01 2.886449192541347202e+03 9.439979031394033200e+02
2.556089999999999751e-01 2.845009642249116041e+03 9.205639591368646961e+02
2.597180000000000044e-01 2.809576711843313205e+03 9.014597162386968421e+02
2.638139999999999930e-01 2.768866991976501595e+03 8.787252756439227142e+02
2.679039999999999755e-01 2.724921783656170646e+03 8.543303738608228741e+02
2.719929999999999848e-01 2.693278293365030095e+03 8.372123952784696712e+02
2.760679999999999801e-01 2.653567003078690959e+03 8.145742341966239337e+02
2.801710000000000034e-01 2.620412865915953262e+03 7.960762634502661967e+02
2.842680000000000207e-01 2.582471544588652250e+03 7.749759766221833388e+02
2.883459999999999912e-01 2.555364083322975603e+03 7.601754947460168523e+02
2.924260000000000193e-01 2.521622454065583497e+03 7.412935790616048735e+02
2.965139999999999998e-01 2.491721275697735109e+03 7.252344721484846559e+02
3.006269999999999776e-01 2.465672062538865703e+03 7.111737547674969164e+02
3.047290000000000276e-01 2.438121501534335039e+03 6.962628385260941286e+02
3.088210000000000122e-01 2.415894144420805787e+03 6.847763123405009082e+02
3.129190000000000027e-01 2.387859491815947877e+03 6.693575088156283073e+02
3.169989999999999752e-01 2.363530341676242188e+03 6.563354854540897350e+02
3.210779999999999745e-01 2.341565917185971557e+03 6.441009971011136486e+02
3.251669999999999838e-01 2.318681851107770854e+03 6.318965904093627159e+02
3.292470000000000119e-01 2.293527842727701682e+03 6.182150799330181599e+02
3.333329999999999904e-01 2.271762171329638932e+03 6.063131489971506198e+02
3.374429999999999930e-01 2.252834277614863822e+03 5.965658295493579999e+02
3.415449999999999875e-01 2.232822828493104680e+03 5.855311141051157620e+02
3.456250000000000155e-01 2.211668132249895280e+03 5.741686927816923571e+02
3.497149999999999981e-01 2.192798634155943091e+03 5.644578843042849030e+02
3.538169999999999926e-01 2.171278965025100661e+03 5.524101415512964195e+02
3.579060000000000019e-01 2.154965257005536841e+03 5.437696409467480407e+02
3.619749999999999912e-01 2.137122968301585843e+03 5.342476790973303196e+02
3.660709999999999797e-01 2.120594260533305714e+03 5.254990478446034103e+02
3.701889999999999903e-01 2.102911615257825815e+03 5.162038762707237538e+02
3.742770000000000263e-01 2.085573806106361644e+03 5.072122790772472172e+02
3.783560000000000256e-01 2.070409180013561581e+03 4.989173734865282199e+02
3.824480000000000102e-01 2.054118997370432226e+03 4.903295499806146154e+02
3.865350000000000175e-01 2.037615456079412979e+03 4.816316184421047524e+02
3.906240000000000268e-01 2.025735196723207082e+03 4.758279007847077651e+02
3.947060000000000013e-01 2.010638590747212220e+03 4.673421069535044126e+02
3.987939999999999818e-01 1.998867194372212225e+03 4.614748060872364590e+02
4.028959999999999764e-01 1.982822674435681847e+03 4.528676403572717390e+02
4.069860000000000144e-01 1.968865391880616698e+03 4.456300519903810482e+02
4.110690000000000177e-01 1.956318198581669094e+03 4.389144117891574410e+02
4.151699999999999835e-01 1.942723573963035506e+03 4.319890441822671505e+02
4.192629999999999968e-01 1.932040803935752592e+03 4.261465300750028291e+02
4.233529999999999793e-01 1.918342402473776474e+03 4.191778865080279388e+02
4.274470000000000214e-01 1.907868604604818756e+03 4.136199725214929686e+02
4.315339999999999732e-01 1.896537511219921953e+03 4.075926574171440961e+02
4.356240000000000112e-01 1.883609389529091004e+03 4.010884647555484435e+02
4.397179999999999978e-01 1.873543431474980480e+03 3.957467215338490405e+02
4.438039999999999763e-01 1.864183432036689510e+03 3.912281493246097170e+02
4.478920000000000123e-01 1.851734065019570380e+03 3.846667152839924029e+02
4.519770000000000176e-01 1.841863452750588294e+03 3.793548038094663752e+02
4.560670000000000002e-01 1.831191424323068759e+03 3.739408156020443812e+02
4.601649999999999907e-01 1.822802031159064882e+03 3.696456933123113799e+02
4.642600000000000060e-01 1.813604908795042775e+03 3.650746604909351163e+02
4.683550000000000213e-01 1.802089206067974374e+03 3.590161188383270883e+02
4.724499999999999811e-01 1.793547190421686537e+03 3.547276535613561919e+02
4.765400000000000191e-01 1.784377970159624283e+03 3.497470163984067995e+02
4.806329999999999769e-01 1.776236948901701680e+03 3.458467232819870105e+02
4.847179999999999822e-01 1.767745636052620284e+03 3.413060223082304105e+02
4.887940000000000063e-01 1.758164504326147608e+03 3.367137745277235581e+02
4.928879999999999928e-01 1.750724852823610490e+03 3.328423247129385913e+02
4.969839999999999813e-01 1.743264861926191088e+03 3.291059560921305547e+02
5.010729999999999906e-01 1.734253845622851259e+03 3.243177964770073913e+02
5.051689999999999792e-01 1.727377753787752681e+03 3.207693546328275147e+02
5.092680000000000540e-01 1.719311070819875567e+03 3.168850533418867030e+02
5.133689999999999642e-01 1.712113417734304221e+03 3.130500940803906929e+02
5.174410000000000398e-01 1.705218045522032753e+03 3.096994292881070692e+02
5.215159999999999796e-01 1.698372107013210552e+03 3.062692730540076127e+02
5.256110000000000504e-01 1.689957957577995330e+03 3.017092771236011686e+02
5.297060000000000102e-01 1.683591730786014978e+03 2.988804128750580844e+02
5.338009999999999700e-01 1.676980207596740456e+03 2.952481528537698523e+02
5.378880000000000328e-01 1.670700525952813223e+03 2.923890458563848824e+02
5.419850000000000501e-01 1.662722655977198428e+03 2.883282915697637918e+02
5.460909999999999931e-01 1.656778945491559625e+03 2.852115910148072544e+02
5.501740000000000519e-01 1.650280416043531886e+03 2.819582842234198097e+02
5.542519999999999669e-01 1.644482331277826006e+03 2.790096911221348819e+02
5.583460000000000090e-01 1.638134196748378145e+03 2.757884916315982196e+02
5.624390000000000223e-01 1.631800752186992440e+03 2.727704372535864081e+02
5.665270000000000028e-01 1.626480552746122612e+03 2.699170269486397160e+02
5.706160000000000121e-01 1.620450627168231676e+03 2.670411965873233271e+02
5.747069999999999679e-01 1.614849691950968463e+03 2.642721507398184713e+02
5.787980000000000347e-01 1.608901485750520123e+03 2.611710066851897523e+02
5.828830000000000400e-01 1.603195468202558686e+03 2.583976900486222803e+02
5.869769999999999710e-01 1.597701523419012574e+03 2.557008936010964248e+02
5.910699999999999843e-01 1.592077887641129792e+03 2.529575135504109369e+02
5.951659999999999728e-01 1.587157616147256704e+03 2.505909687606351497e+02
5.992600000000000149e-01 1.582034249913466283e+03 2.479849701515631750e+02
6.033490000000000242e-01 1.577555349743508486e+03 2.455550534989500306e+02
6.074450000000000127e-01 1.572282706259236647e+03 2.431267250529007811e+02
6.115429999999999477e-01 1.567548405000062075e+03 2.406438969010224014e+02
6.156230000000000313e-01 1.562901218017622796e+03 2.384708160616903569e+02
6.197040000000000326e-01 1.557820662851668658e+03 2.359242943056563888e+02
6.237920000000000131e-01 1.552998698771514000e+03 2.336675763893734086e+02
6.278909999999999769e-01 1.548262259713674212e+03 2.312823402831459987e+02
6.319909999999999695e-01 1.543544747037892876e+03 2.288282096153451164e+02
6.360729999999999995e-01 1.538642654973642948e+03 2.264782395212418749e+02
6.401580000000000048e-01 1.534894630477436067e+03 2.244745694382433214e+02
6.442440000000000389e-01 1.530735229824397038e+03 2.225129697561808086e+02
6.483379999999999699e-01 1.526646752064648354e+03 2.204884280724266716e+02
6.524320000000000119e-01 1.522619810123636398e+03 2.186446753876145124e+02
6.565140000000000420e-01 1.518448015331610577e+03 2.165167188737970037e+02
6.606090000000000018e-01 1.513838353455479364e+03 2.142607144128856760e+02
6.647119999999999695e-01 1.510336193983002886e+03 2.125759042123618485e+02
6.688009999999999788e-01 1.505895158681638350e+03 2.102611694767871882e+02
6.728899999999999881e-01 1.502291565557399281e+03 2.085670344069857833e+02
6.769840000000000302e-01 1.498144083348788854e+03 2.065160101966077093e+02
6.810739999999999572e-01 1.494422359734618567e+03 2.048363304024252614e+02
6.851599999999999913e-01 1.490820488665521680e+03 2.030328367709254564e+02
6.892460000000000253e-01 1.486991842719791293e+03 2.010960050939037274e+02
6.933359999999999523e-01 1.483171706856938727e+03 1.993589430181036164e+02
6.974339999999999984e-01 1.479730368478990613e+03 1.975864628497859314e+02
7.015280000000000404e-01 1.476584293893816721e+03 1.959509638519105295e+02
7.056179999999999675e-01 1.472422312912851794e+03 1.940806930985329473e+02
7.097080000000000055e-01 1.469217806871119592e+03 1.924699294811066750e+02
7.137959999999999861e-01 1.466109588356066979e+03 1.909064636391264287e+02
7.178919999999999746e-01 1.462745084568314269e+03 1.893111912098450489e+02
7.219820000000000126e-01 1.459253776268802085e+03 1.875794871780753681e+02
7.260590000000000099e-01 1.455921065257761484e+03 1.861244219242394138e+02
7.301450000000000440e-01 1.452572646572932626e+03 1.844385856985549594e+02
7.342400000000000038e-01 1.449723123302628665e+03 1.831123747462031588e+02
7.383399999999999963e-01 1.446002100060895827e+03 1.812379251956814414e+02
7.424269999999999481e-01 1.443050891089883407e+03 1.798797271880308699e+02
7.465110000000000356e-01 1.440321255983429410e+03 1.784509235221334507e+02
7.506140000000000034e-01 1.436900343300944087e+03 1.767206799790149887e+02
7.547059999999999880e-01 1.434023664557022585e+03 1.753691295036845474e+02
7.587949999999999973e-01 1.431291382566818811e+03 1.742055140107885336e+02
7.628880000000000106e-01 1.428275001740920288e+03 1.725597938674013108e+02
7.669859999999999456e-01 1.425775472619781794e+03 1.714060946123750284e+02
7.710730000000000084e-01 1.423161997433677698e+03 1.700487613438928918e+02
7.751529999999999809e-01 1.420016899825533528e+03 1.686133023851268149e+02
7.792409999999999615e-01 1.417297241658112853e+03 1.673512564612370568e+02
7.833350000000000035e-01 1.414825514773757277e+03 1.661047251026286915e+02
7.874259999999999593e-01 1.411614590910888182e+03 1.646629110490300150e+02
7.915130000000000221e-01 1.408636886313818422e+03 1.630854772497650629e+02
7.956060000000000354e-01 1.406864829549054548e+03 1.622297137502908129e+02
7.997020000000000239e-01 1.404183231330284571e+03 1.610050300782232000e+02
8.037980000000000125e-01 1.401358809542556401e+03 1.596715872963837626e+02
8.078790000000000138e-01 1.398774879710275172e+03 1.584177238544052386e+02
8.119629999999999903e-01 1.396543159957990838e+03 1.573254441749315333e+02
8.160589999999999788e-01 1.393844781489354318e+03 1.559720918744286280e+02
8.201519999999999921e-01 1.391830831698734755e+03 1.549694119247184290e+02
8.242420000000000302e-01 1.388942101358637728e+03 1.537200111257251365e+02
8.283310000000000395e-01 1.386630073602197399e+03 1.525398877309436898e+02
8.324249999999999705e-01 1.384323516682519767e+03 1.513468312722590667e+02
8.365160000000000373e-01 1.382322396176140728e+03 1.504326314668243754e+02
8.406099999999999683e-01 1.379411287558188860e+03 1.490272591359843091e+02
8.447040000000000104e-01 1.376956291051767494e+03 1.479646421426210736e+02
8.487900000000000444e-01 1.375332770263798466e+03 1.469944037737602116e+02
8.528759999999999675e-01 1.372924155087672489e+03 1.459771019278290680e+02
8.569670000000000343e-01 1.370934913433086649e+03 1.449435111792832913e+02
8.610590000000000188e-01 1.368405014320146620e+03 1.437944444785919131e+02
8.651469999999999994e-01 1.366347305689867881e+03 1.428023491315690308e+02
8.692349999999999799e-01 1.364470142906485762e+03 1.418372953593776913e+02
8.733340000000000547e-01 1.362290604100394830e+03 1.408650787190869380e+02
8.774290000000000145e-01 1.359818438067977468e+03 1.396426133426788283e+02
8.815119999999999623e-01 1.358091160683457474e+03 1.388461459584194131e+02
8.856009999999999716e-01 1.355968524202721710e+03 1.378143182637191444e+02
8.896910000000000096e-01 1.354239570482251565e+03 1.369701272485937409e+02
8.937840000000000229e-01 1.352235002290598914e+03 1.360800241565611657e+02
8.978749999999999787e-01 1.349799856126232953e+03 1.348782828060135444e+02
9.019599999999999840e-01 1.347962971297186186e+03 1.339754091447033204e+02
9.060540000000000260e-01 1.345976086218252931e+03 1.331129968592270245e+02
9.101460000000000106e-01 1.344577753372438565e+03 1.323053506621721453e+02
9.142369999999999663e-01 1.342276737291634845e+03 1.312672018293014560e+02
9.183310000000000084e-01 1.340204312478302427e+03 1.302991778243313377e+02
9.224210000000000464e-01 1.338603439337007330e+03 1.294922023022648716e+02
9.265090000000000270e-01 1.336542917185279066e+03 1.284917109822079624e+02
9.305980000000000363e-01 1.334827998611113571e+03 1.277640749731475154e+02
9.346919999999999673e-01 1.332745149099094988e+03 1.267167362010739851e+02
9.387870000000000381e-01 1.331364165664858774e+03 1.260229409551432695e+02
9.428729999999999611e-01 1.329466386254488270e+03 1.251237416423524706e+02
9.469610000000000527e-01 1.327820397157313437e+03 1.242885558069191774e+02
9.510539999999999550e-01 1.326217585526972925e+03 1.235452806514558262e+02
9.551500000000000545e-01 1.324262265944331602e+03 1.226492164815383035e+02
9.592399999999999816e-01 1.322639403707852125e+03 1.218142690119447877e+02
9.633270000000000444e-01 1.320761815074548394e+03 1.209547162565210243e+02
9.674199999999999466e-01 1.319290496177116665e+03 1.202958570302011481e+02
9.715059999999999807e-01 1.317645655842618680e+03 1.194334251952920312e+02
9.755880000000000107e-01 1.316054534817317062e+03 1.186263803023991272e+02
9.796780000000000488e-01 1.314246899185491202e+03 1.178907147895112217e+02
9.837730000000000086e-01 1.312874666495021984e+03 1.170985232296874443e+02
9.878660000000000219e-01 1.311142683171998669e+03 1.163090874299759747e+02
9.919599999999999529e-01 1.309644528065212626e+03 1.156055864547777219e+02
9.960550000000000237e-01 1.307955355425779089e+03 1.148604409869439706e+02
1.000150000000000095e+00 1.306681693730602774e+03 1.141471521497140884e+02
1.004240000000000022e+00 1.304971282386028861e+03 1.133442107430934982e+02
1.008320000000000105e+00 1.303267176074819872e+03 1.126073620063139060e+02
1.012420000000000098e+00 1.301875368155401702e+03 1.119057048652073831e+02
1.016510000000000025e+00 1.300301028759923156e+03 1.112384511094261939e+02
1.020590000000000108e+00 1.298661779438270742e+03 1.103414437258217617e+02
1.024680000000000035e+00 1.297581899012253871e+03 1.098439971389976080e+02
1.028780000000000028e+00 1.295747148784194678e+03 1.089804356004244852e+02
1.032869999999999955e+00 1.294473452380882009e+03 1.083479510313427312e+02
1.036950000000000038e+00 1.293287681935001046e+03 1.077575814739979592e+02
1.041050000000000031e+00 1.291614977945844657e+03 1.070014028147300138e+02
1.045150000000000023e+00 1.290292805450731066e+03 1.063534445257714225e+02
1.049230000000000107e+00 1.288900030394411260e+03 1.056953649878879418e+02
1.053320000000000034e+00 1.287682286391926027e+03 1.050478473373778456e+02
1.057409999999999961e+00 1.286051369628873999e+03 1.043475071967309162e+02
1.061500000000000110e+00 1.284519642941434768e+03 1.036489699878489716e+02
1.065590000000000037e+00 1.283718278499478401e+03 1.031507492640572252e+02
1.069679999999999964e+00 1.282239703655595122e+03 1.024804715004760851e+02
1.073769999999999891e+00 1.280869985807252988e+03 1.018334320851117667e+02
1.077860000000000040e+00 1.279910884823855667e+03 1.012823410708755603e+02
1.081949999999999967e+00 1.278414249895283319e+03 1.006243873284452377e+02
1.086049999999999960e+00 1.277161978354740540e+03 9.999053422264397284e+01
1.090140000000000109e+00 1.275786661255594254e+03 9.934164084464705979e+01
1.094219999999999970e+00 1.274764243543520251e+03 9.880924576716722640e+01
1.098319999999999963e+00 1.273212132753351170e+03 9.820166622424349612e+01
1.102419999999999956e+00 1.272206703079280487e+03 9.763351317296152843e+01
1.106500000000000039e+00 1.270974396801626654e+03 9.705009136211000964e+01
1.110589999999999966e+00 1.269691051454069338e+03 9.636817588190332629e+01
1.114679999999999893e+00 1.268656951422607563e+03 9.589665963652726077e+01
1.118780000000000108e+00 1.267227217756435948e+03 9.523496501633205469e+01
1.122870000000000035e+00 1.266119761983763283e+03 9.473284916119824572e+01
1.126949999999999896e+00 1.265007123222837436e+03 9.412092153495275682e+01
1.131050000000000111e+00 1.264010496384172484e+03 9.359522842998092074e+01
1.135140000000000038e+00 1.262937952523607919e+03 9.308724677389706414e+01
1.139219999999999899e+00 1.261371419481269186e+03 9.244632691635897004e+01
1.143310000000000048e+00 1.260604432935401519e+03 9.196267699925792272e+01
1.147410000000000041e+00 1.259261747605150731e+03 9.134812964184122563e+01
1.151499999999999968e+00 1.258317093121057496e+03 9.089583208605174036e+01
1.155589999999999895e+00 1.257141135727062192e+03 9.031818911097963110e+01
1.159680000000000044e+00 1.255977077158842121e+03 8.981066003449770108e+01
1.163769999999999971e+00 1.255167194840970978e+03 8.929143878463526107e+01
1.167859999999999898e+00 1.254032282323743175e+03 8.878195078643068427e+01
1.171950000000000047e+00 1.252590567623487004e+03 8.819236149168496297e+01
1.176039999999999974e+00 1.251497180736972950e+03 8.762298391367041006e+01
1.180129999999999901e+00 1.250370728419790339e+03 8.711759183880349156e+01
1.184220000000000050e+00 1.249770476178400713e+03 8.672578237639035592e+01
1.188309999999999977e+00 1.248337585125338819e+03 8.612835863063970976e+01
1.192399999999999904e+00 1.247585475675096632e+03 8.568396025836996444e+01
1.196490000000000054e+00 1.246498889789753321e+03 8.518395279997675118e+01
1.200590000000000046e+00 1.245461583561890166e+03 8.468788237363123983e+01
1.204679999999999973e+00 1.244320743996289366e+03 8.414852428271061058e+01
1.208769999999999900e+00 1.243696234442821606e+03 8.370437262866150263e+01
1.212860000000000049e+00 1.242492667657506445e+03 8.320560636252858444e+01
1.216949999999999976e+00 1.241406298646928235e+03 8.272626929827896447e+01
1.221039999999999903e+00 1.240426561268684509e+03 8.224549867291109706e+01
1.225130000000000052e+00 1.239740936707945139e+03 8.184436761996549592e+01
1.229219999999999979e+00 1.238966772577881329e+03 8.145932537018452990e+01
1.233300000000000063e+00 1.237669577925254998e+03 8.084315372102688002e+01
1.237400000000000055e+00 1.236852054442807230e+03 8.034580861441844490e+01
1.241489999999999982e+00 1.235892087627634282e+03 7.998079196229853949e+01
1.245579999999999909e+00 1.234930121684708183e+03 7.950968921716703619e+01
1.249670000000000059e+00 1.233908910222545728e+03 7.905000136232976615e+01
1.253759999999999986e+00 1.233091537469471859e+03 7.863461600124348649e+01
1.257849999999999913e+00 1.232229647234439653e+03 7.815967427638490506e+01
1.261940000000000062e+00 1.231372480775615713e+03 7.774157062321391720e+01
1.266029999999999989e+00 1.230415906162412512e+03 7.730929495094437698e+01
1.270119999999999916e+00 1.229774389626984430e+03 7.693595725899525917e+01
1.274219999999999908e+00 1.228614197130481443e+03 7.641268845535697096e+01
1.278310000000000057e+00 1.227879034038841382e+03 7.603321702892489498e+01
1.282399999999999984e+00 1.227042071565331071e+03 7.561974921812743844e+01
1.286489999999999911e+00 1.226081524209101872e+03 7.509396171395212605e+01
1.290580000000000060e+00 1.225249766871958400e+03 7.472040069893913028e+01
1.294669999999999987e+00 1.224521935546130635e+03 7.430946876742639517e+01
1.298759999999999915e+00 1.223562275386723286e+03 7.386170460055200238e+01
1.302850000000000064e+00 1.222770012407767581e+03 7.350152157978197920e+01
1.306939999999999991e+00 1.221815797807969147e+03 7.301711192297292996e+01
1.311029999999999918e+00 1.221278602432451862e+03 7.268641504490551597e+01
1.315120000000000067e+00 1.220347667718582215e+03 7.221973754462804607e+01
1.319209999999999994e+00 1.219420505431108268e+03 7.183424573809671188e+01
1.323309999999999986e+00 1.218684593085744154e+03 7.141990196786346701e+01
1.327390000000000070e+00 1.217817846476554223e+03 7.103214978941828406e+01
1.331479999999999997e+00 1.217093635211263063e+03 7.066855208266592570e+01
1.335579999999999989e+00 1.216449121176878634e+03 7.031283613620981043e+01
1.339669999999999916e+00 1.215665865365572245e+03 6.994136133333259409e+01
1.343760000000000066e+00 1.214737806513668602e+03 6.952526306361799868e+01
1.347849999999999993e+00 1.214024987252277015e+03 6.909755250060936760e+01
1.351949999999999985e+00 1.213285873976785297e+03 6.874757883936476333e+01
1.356030000000000069e+00 1.212490836495795065e+03 6.835686974895163814e+01
1.360109999999999930e+00 1.211793083688341540e+03 6.798289969716091719e+01
1.364209999999999923e+00 1.210970536757744867e+03 6.761840720667250082e+01
1.368300000000000072e+00 1.210628908268977284e+03 6.727184065116236411e+01
1.372389999999999999e+00 1.209505036161978978e+03 6.682014091936126476e+01
1.376479999999999926e+00 1.208862641990870998e+03 6.654208906627492581e+01
1.380570000000000075e+00 1.208125431928233411e+03 6.615802843655598053e+01
1.384660000000000002e+00 1.207386740201251996e+03 6.575771937502746312e+01
1.388749999999999929e+00 1.206792937093008277e+03 6.544498660148231295e+01
1.392849999999999921e+00 1.206149940317503933e+03 6.512960775394087420e+01
1.396940000000000071e+00 1.205215986064054732e+03 6.466978894496413943e+01
1.401019999999999932e+00 1.204612888294036566e+03 6.429898364447028314e+01
1.405119999999999925e+00 1.204003817933486971e+03 6.403499413268023943e+01
1.409210000000000074e+00 1.203189094716824002e+03 6.363204007540994667e+01
1.413300000000000001e+00 1.202627186535690726e+03 6.335980851140491410e+01
1.417389999999999928e+00 1.201896645610810083e+03 6.297291795350924559e+01
1.421480000000000077e+00 1.201372507748032604e+03 6.262714163333301798e+01
1.425570000000000004e+00 1.200562254082782601e+03 6.230056465010846267e+01
1.429659999999999931e+00 1.199814428442872440e+03 6.192014587428337080e+01
1.433750000000000080e+00 1.199219341386596625e+03 6.157635118464758506e+01
1.437840000000000007e+00 1.198594286852164714e+03 6.127967242371654777e+01
1.441929999999999934e+00 1.198055762014311313e+03 6.096385568291803736e+01
1.446020000000000083e+00 1.197256148212461085e+03 6.060000766727129218e+01
1.450110000000000010e+00 1.196566802177105501e+03 6.026581007113064459e+01
1.454199999999999937e+00 1.195888709738660509e+03 5.992385006298343342e+01
1.458299999999999930e+00 1.195398485133992153e+03 5.962892270120681815e+01
1.462390000000000079e+00 1.194667355413581618e+03 5.930159149817279740e+01
1.466480000000000006e+00 1.194248202818975187e+03 5.899735044548928187e+01
1.470560000000000089e+00 1.193567950019815726e+03 5.864815684991932443e+01
1.474650000000000016e+00 1.192945401831856998e+03 5.839493253892522517e+01
1.478739999999999943e+00 1.192260798330288708e+03 5.804898850308151026e+01
1.482830000000000092e+00 1.191752629816010312e+03 5.771272657187736144e+01
1.486930000000000085e+00 1.191227336913121235e+03 5.744220758303507068e+01
1.491020000000000012e+00 1.190494991556300647e+03 5.710910453303711876e+01
1.495109999999999939e+00 1.189994638765359923e+03 5.681304925375800963e+01
1.499200000000000088e+00 1.189423737561076905e+03 5.652555898383788247e+01
1.503290000000000015e+00 1.188861944221021758e+03 5.623213399936162205e+01
1.507379999999999942e+00 1.188354364859072803e+03 5.591219782466440336e+01
1.511479999999999935e+00 1.187744187083704219e+03 5.558798357453504480e+01
1.515570000000000084e+00 1.187187036399746603e+03 5.529032331828447155e+01
1.519649999999999945e+00 1.186499451156037594e+03 5.496790196849119070e+01
1.523740000000000094e+00 1.186074900745419427e+03 5.468900733300501571e+01
1.527840000000000087e+00 1.185433496001018057e+03 5.441045121665634809e+01
1.531930000000000014e+00 1.184957033305551022e+03 5.414048978709782745e+01
1.536019999999999941e+00 1.184550552247425003e+03 5.387810274988142112e+01
1.540110000000000090e+00 1.183818584164122740e+03 5.353999934821957396e+01
1.544200000000000017e+00 1.183387608794374046e+03 5.330474865006667784e+01
1.548289999999999944e+00 1.182694352566326643e+03 5.296210242298683823e+01
1.552380000000000093e+00 1.182128490046541629e+03 5.263873788104947948e+01
1.556470000000000020e+00 1.181769923587147787e+03 5.242334747136540329e+01
1.560559999999999947e+00 1.181219487564354949e+03 5.216633334896335583e+01
1.564650000000000096e+00 1.180583064759820672e+03 5.184876952501595326e+01
1.568740000000000023e+00 1.180190183010265173e+03 5.161572670694054921e+01
1.572829999999999950e+00 1.179585485652780335e+03 5.130896872707123890e+01
1.576929999999999943e+00 1.179329925103011874e+03 5.110833942086019022e+01
1.581020000000000092e+00 1.178607798655226816e+03 5.077465770575125248e+01
1.585099999999999953e+00 1.178285190504479033e+03 5.053378951836799615e+01
1.589190000000000103e+00 1.177618084374474620e+03 5.020566151037819225e+01
1.593290000000000095e+00 1.177185082150682319e+03 5.000056104004583801e+01
1.597380000000000022e+00 1.176802379117723603e+03 4.975492220490971107e+01
1.601469999999999949e+00 1.176143272429350418e+03 4.942997782001148011e+01
1.605560000000000098e+00 1.175809598159911275e+03 4.920326172142724630e+01
1.609650000000000025e+00 1.175324059946628495e+03 4.894463937655549302e+01
1.613739999999999952e+00 1.174759736592635136e+03 4.866742581499092068e+01
1.617830000000000101e+00 1.174156320476054589e+03 4.839060440827820742e+01
1.621920000000000028e+00 1.173739184825258235e+03 4.812419364764904373e+01
1.626009999999999955e+00 1.173310433393559379e+03 4.787249245389337915e+01
1.630100000000000104e+00 1.172760488405373508e+03 4.759296609919942256e+01
1.634190000000000031e+00 1.172452721292647311e+03 4.736800663458618743e+01
1.638279999999999959e+00 1.172096988948096168e+03 4.714112427965689278e+01
1.642379999999999951e+00 1.171428733287953492e+03 4.686337708194292162e+01
1.646470000000000100e+00 1.170952056027187382e+03 4.659477273467518899e+01
1.650549999999999962e+00 1.170618601158628053e+03 4.640062065954684556e+01
1.654649999999999954e+00 1.170276014251426204e+03 4.611450348753422190e+01
1.658740000000000103e+00 1.169686759151410797e+03 4.587288648820792503e+01
1.662830000000000030e+00 1.169351417513948263e+03 4.566411120458421635e+01
1.666909999999999892e+00 1.169032806474830750e+03 4.545378434261062495e+01
1.671010000000000106e+00 1.168506395030776048e+03 4.516585579554017471e+01
1.675100000000000033e+00 1.168076696697243051e+03 4.494844896795209621e+01
1.679189999999999960e+00 1.167469235704889343e+03 4.464428956878678889e+01
1.683280000000000109e+00 1.167160795134095679e+03 4.444132809323745903e+01
1.687370000000000037e+00 1.166824831868957745e+03 4.419712821833938676e+01
1.691459999999999964e+00 1.166294018396482215e+03 4.395420895579123766e+01
1.695549999999999891e+00 1.165929057295694975e+03 4.374604845493306726e+01
1.699640000000000040e+00 1.165524865377887863e+03 4.349794550061706389e+01
1.703729999999999967e+00 1.165174053378590543e+03 4.328953704261751767e+01
1.707819999999999894e+00 1.164811259954541583e+03 4.306697784590541289e+01
1.711910000000000043e+00 1.164336355840326860e+03 4.283855928302582328e+01
1.715999999999999970e+00 1.163947447071168881e+03 4.259215430042442563e+01
1.720089999999999897e+00 1.163567261340697087e+03 4.237201987319330954e+01
1.724180000000000046e+00 1.163120806482263333e+03 4.212052637180953951e+01
1.728280000000000038e+00 1.162849149528531825e+03 4.192736658855931609e+01
1.732369999999999965e+00 1.162399213996860453e+03 4.169188400883763279e+01
1.736459999999999892e+00 1.161898525817085783e+03 4.145409472853797439e+01
1.740550000000000042e+00 1.161547786551667741e+03 4.123505658468938861e+01
1.744639999999999969e+00 1.161144325007821863e+03 4.102668050492439278e+01
1.748739999999999961e+00 1.160682578052478220e+03 4.078019592760305301e+01
1.752820000000000045e+00 1.160473269354302602e+03 4.061086964460969284e+01
1.756909999999999972e+00 1.160172900804024721e+03 4.040804009259534979e+01
1.760999999999999899e+00 1.159823533025734150e+03 4.016158041888493102e+01
1.765090000000000048e+00 1.159397792686222601e+03 3.998569756183012913e+01
1.769179999999999975e+00 1.159139165415841035e+03 3.977375429562707154e+01
1.773269999999999902e+00 1.158745044725797470e+03 3.956231301587388316e+01
1.777369999999999894e+00 1.158470938599598412e+03 3.935057156747323859e+01
1.781460000000000043e+00 1.157917347771488039e+03 3.911028613234581286e+01
1.785539999999999905e+00 1.157591611604073478e+03 3.892364898736561685e+01
1.789639999999999898e+00 1.157247642276618308e+03 3.870285940357899079e+01
1.793730000000000047e+00 1.156977299794425562e+03 3.853062912775618543e+01
1.797819999999999974e+00 1.156540133500433285e+03 3.826711018602826897e+01
1.801909999999999901e+00 1.156184096882376025e+03 3.808555521528645471e+01
1.806000000000000050e+00 1.155976380436153477e+03 3.789704071185663281e+01
1.810089999999999977e+00 1.155619115284479903e+03 3.771414384596697289e+01
1.814179999999999904e+00 1.155204528102093036e+03 3.748397747111808798e+01
1.818270000000000053e+00 1.154894304924292328e+03 3.729375094707006610e+01
1.822359999999999980e+00 1.154585100476955859e+03 3.710786924841235646e+01
1.826449999999999907e+00 1.154308247695623550e+03 3.687734866359885189e+01
1.830540000000000056e+00 1.153873496337010010e+03 3.667594379257293014e+01
1.834629999999999983e+00 1.153610886195720241e+03 3.651892046590190688e+01
1.838719999999999910e+00 1.153280170785205200e+03 3.628418717995681675e+01
1.842810000000000059e+00 1.153044201165738741e+03 3.612250387334783852e+01
1.846910000000000052e+00 1.152755376971749456e+03 3.594542298657858481e+01
1.850999999999999979e+00 1.152238547567795877e+03 3.567575648089196960e+01
1.855089999999999906e+00 1.152006621408028650e+03 3.554119129662953469e+01
1.859180000000000055e+00 1.151801789945533983e+03 3.535752913011104681e+01
1.863269999999999982e+00 1.151402908066452937e+03 3.515994520931686651e+01
1.867359999999999909e+00 1.151112316306169305e+03 3.496888118127608891e+01
1.871450000000000058e+00 1.150752629542780369e+03 3.477984025885133690e+01
1.875539999999999985e+00 1.150433376268995062e+03 3.457889611606299951e+01
1.879629999999999912e+00 1.150182116415100836e+03 3.441422859675874690e+01
1.883720000000000061e+00 1.149995058998245895e+03 3.422563796419212423e+01
1.887809999999999988e+00 1.149625603520910317e+03 3.405245456166811380e+01
1.891899999999999915e+00 1.149326524595591991e+03 3.385974278858401476e+01
1.895990000000000064e+00 1.149031375623042322e+03 3.367541703631083294e+01
1.900079999999999991e+00 1.148684670960987660e+03 3.349299844444354335e+01
1.904169999999999918e+00 1.148581671758689481e+03 3.333398289272755477e+01
1.908269999999999911e+00 1.148210022442325226e+03 3.314477970889875991e+01
1.912360000000000060e+00 1.148099124255309107e+03 3.301043893503575077e+01
1.916449999999999987e+00 1.147612792395214228e+03 3.278629484319272080e+01
1.920539999999999914e+00 1.147431479552235032e+03 3.263386456224493060e+01
1.924630000000000063e+00 1.147115514214956875e+03 3.243422821275550660e+01
1.928719999999999990e+00 1.146984381296573702e+03 3.227876250890196985e+01
1.932809999999999917e+00 1.146739109335055446e+03 3.212786228226277530e+01
1.936900000000000066e+00 1.146396507480197215e+03 3.193295507217074913e+01
1.940989999999999993e+00 1.146115116958920225e+03 3.175963342562726410e+01
1.945079999999999920e+00 1.145696402745993737e+03 3.154443291539860184e+01
1.949170000000000069e+00 1.145481478607096278e+03 3.140935453841958136e+01
1.953259999999999996e+00 1.145312001158083376e+03 3.125966388124966144e+01
1.957349999999999923e+00 1.145068411448703728e+03 3.108287949853714238e+01
1.961440000000000072e+00 1.144635327732891710e+03 3.089657195314841331e+01
1.965529999999999999e+00 1.144484820085432830e+03 3.073755345715113307e+01
1.969619999999999926e+00 1.144160476558528899e+03 3.054802192942836214e+01
1.973710000000000075e+00 1.143929176056956294e+03 3.038072839654757828e+01
1.977810000000000068e+00 1.143762341103301424e+03 3.024945140186871484e+01
1.981899999999999995e+00 1.143461529809153944e+03 3.006863374265042310e+01
1.985989999999999922e+00 1.143231579942964800e+03 2.991050753940223927e+01
1.990080000000000071e+00 1.143095517084148241e+03 2.977623495285917343e+01
1.994169999999999998e+00 1.142867682316664741e+03 2.962624889389662286e+01
1.998259999999999925e+00 1.142548957025099980e+03 2.944144327483258294e+01
2.002349999999999852e+00 1.142384939254799747e+03 2.930936375518270509e+01
2.006440000000000001e+00 1.142116897436586214e+03 2.911525313085640576e+01
2.010530000000000150e+00 1.141835913825316538e+03 2.896458340930098529e+01
2.014619999999999855e+00 1.141744117933393909e+03 2.883492877251602593e+01
2.018710000000000004e+00 1.141364308879725513e+03 2.864907085828273381e+01
2.022800000000000153e+00 1.141119525012052009e+03 2.848871012793873803e+01
2.026889999999999858e+00 1.141074061312591311e+03 2.837995218754128857e+01
2.030980000000000008e+00 1.140774538663141357e+03 2.820401880894583968e+01
2.035070000000000157e+00 1.140496974027158558e+03 2.802761951273073393e+01
2.039169999999999927e+00 1.140356012767289258e+03 2.789349693113519280e+01
2.043250000000000011e+00 1.140060595471509714e+03 2.770847744485421060e+01
2.047349999999999781e+00 1.139878649975276403e+03 2.758598369877491407e+01
2.051429999999999865e+00 1.139614712179630033e+03 2.741727576829977409e+01
2.055520000000000014e+00 1.139437863079127965e+03 2.728441932160228234e+01
2.059619999999999784e+00 1.139375530936720224e+03 2.716201872126994843e+01
2.063709999999999933e+00 1.139036282403844098e+03 2.698787585016714985e+01
2.067800000000000082e+00 1.138806645311576176e+03 2.684100872530970250e+01
2.071889999999999787e+00 1.138578044076147080e+03 2.670092133014324887e+01
2.075979999999999936e+00 1.138388047835767566e+03 2.653154294092161081e+01
2.080070000000000086e+00 1.138255722959059995e+03 2.641615047132026106e+01
2.084159999999999791e+00 1.138075329022678943e+03 2.627561511236835301e+01
2.088249999999999940e+00 1.137866010982243779e+03 2.612977801566851355e+01
2.092340000000000089e+00 1.137614711212527254e+03 2.597556234586535595e+01
2.096439999999999859e+00 1.137517901102203041e+03 2.583965784120406894e+01
2.100530000000000008e+00 1.137245588676251828e+03 2.570084871686279016e+01
2.104610000000000092e+00 1.137064248123078187e+03 2.555336544750124972e+01
2.108699999999999797e+00 1.136875706317205186e+03 2.541355374763067942e+01
2.112800000000000011e+00 1.136720840788879514e+03 2.528792982765586572e+01
2.116880000000000095e+00 1.136600177767946207e+03 2.513962432256520074e+01
2.120979999999999865e+00 1.136219739893569567e+03 2.498031190524946510e+01
2.125070000000000014e+00 1.136099168973783208e+03 2.485777010316173374e+01
2.129160000000000164e+00 1.136047266075889866e+03 2.474108552662566751e+01
2.133249999999999869e+00 1.135891065557101001e+03 2.461825091494205253e+01
2.137340000000000018e+00 1.135683801127957395e+03 2.445766010125341694e+01
2.141430000000000167e+00 1.135417249636690258e+03 2.431735323953376238e+01
2.145519999999999872e+00 1.135247876763011391e+03 2.418816879892680305e+01
2.149610000000000021e+00 1.135156276441846330e+03 2.407702523586810273e+01
2.153700000000000170e+00 1.134987756792630989e+03 2.394151606793028719e+01
2.157789999999999875e+00 1.134659028249008770e+03 2.377544421804022434e+01
2.161880000000000024e+00 1.134656002498900534e+03 2.368195099780093571e+01
2.165970000000000173e+00 1.134269638565056539e+03 2.350938817063420672e+01
2.170059999999999878e+00 1.134265262660667076e+03 2.340863055563667317e+01
2.174160000000000093e+00 1.134061803327414964e+03 2.327619474735398342e+01
2.178249999999999797e+00 1.133927354047392100e+03 2.314637134150195408e+01
2.182339999999999947e+00 1.133862995996091968e+03 2.302814442457789923e+01
2.186430000000000096e+00 1.133575625101816513e+03 2.288685835761370768e+01
2.190519999999999801e+00 1.133396841995499699e+03 2.276524811474163812e+01
2.194609999999999950e+00 1.133383357454875295e+03 2.266104430923157409e+01
2.198700000000000099e+00 1.133193055357638059e+03 2.251170055491883915e+01
2.202789999999999804e+00 1.132924786084815423e+03 2.237801996300686724e+01
2.206879999999999953e+00 1.132830068651576994e+03 2.226440251744568855e+01
2.210970000000000102e+00 1.132700163795024309e+03 2.214546942435321952e+01
2.215059999999999807e+00 1.132518628447661058e+03 2.202044606259768855e+01
2.219149999999999956e+00 1.132366233072054911e+03 2.190283748990453105e+01
2.223240000000000105e+00 1.132238688184490002e+03 2.177695841175189173e+01
2.227329999999999810e+00 1.132050158542339432e+03 2.166160695098977129e+01
2.231419999999999959e+00 1.131978486149409491e+03 2.155154753749916807e+01
2.235520000000000174e+00 1.131847699023024916e+03 2.142773664735369366e+01
2.239609999999999879e+00 1.131647140291516735e+03 2.130161110287139792e+01
2.243689999999999962e+00 1.131513239841518271e+03 2.117914241555820709e+01
2.247790000000000177e+00 1.131419382991261955e+03 2.107293357593932370e+01
2.251879999999999882e+00 1.131244600130026356e+03 2.094165056972120453e+01
2.255970000000000031e+00 1.131085692526090270e+03 2.082635790996873482e+01
2.260060000000000180e+00 1.130947661758716322e+03 2.072084537069978083e+01
2.264149999999999885e+00 1.130803511728574676e+03 2.060320813821088848e+01
2.268240000000000034e+00 1.130619438730852835e+03 2.047185003846552931e+01
2.272330000000000183e+00 1.130616696987545765e+03 2.037127923724911227e+01
2.276419999999999888e+00 1.130452212407847583e+03 2.024484842389045625e+01
2.280510000000000037e+00 1.130340111974599949e+03 2.013057699094916941e+01
2.284600000000000186e+00 1.130180412549048015e+03 2.002295806901821251e+01
2.288689999999999891e+00 1.130047120620889928e+03 1.991225648975289175e+01
2.292780000000000040e+00 1.129935758369192627e+03 1.981229938444947436e+01
2.296870000000000189e+00 1.129895530455323069e+03 1.970502834286394744e+01
2.300959999999999894e+00 1.129701067302002912e+03 1.959627767155677702e+01
2.305060000000000109e+00 1.129561661607158612e+03 1.947024864729891647e+01
2.309149999999999814e+00 1.129454876446014623e+03 1.936793457150539766e+01
2.313239999999999963e+00 1.129285763339761615e+03 1.925369087570285487e+01
2.317330000000000112e+00 1.129212478128314388e+03 1.914692520182445890e+01
2.321419999999999817e+00 1.129016627537768272e+03 1.902503836177971763e+01
2.325509999999999966e+00 1.128848612760466267e+03 1.890056218390305887e+01
2.329600000000000115e+00 1.128785858159775671e+03 1.881340436074412636e+01
2.333689999999999820e+00 1.128711993611659182e+03 1.871059951499634977e+01
2.337779999999999969e+00 1.128551135869533482e+03 1.859229188389429410e+01
2.341870000000000118e+00 1.128451516142004039e+03 1.850099879174624462e+01
2.345959999999999823e+00 1.128385605642562496e+03 1.840386192466090876e+01
2.350049999999999972e+00 1.128364784027522774e+03 1.831235490714080427e+01
2.354140000000000121e+00 1.128167163691803125e+03 1.819849261699521037e+01
2.358229999999999826e+00 1.128063702229935643e+03 1.808999655684895203e+01
2.362319999999999975e+00 1.127909072277860787e+03 1.798496627447830676e+01
2.366410000000000124e+00 1.127779950024623759e+03 1.787341758931212254e+01
2.370509999999999895e+00 1.127808662438224474e+03 1.778578979719242881e+01
2.374600000000000044e+00 1.127744746704336876e+03 1.769743047034289063e+01
2.378690000000000193e+00 1.127517527623836713e+03 1.757775709691390631e+01
2.382779999999999898e+00 1.127442961291208348e+03 1.748525895940952068e+01
2.386870000000000047e+00 1.127357213991922663e+03 1.738321966914317684e+01
2.390960000000000196e+00 1.127155666811817127e+03 1.728332785213610023e+01
2.395049999999999901e+00 1.127088362501284109e+03 1.717821402926092489e+01
2.399140000000000050e+00 1.127124565026030496e+03 1.710438168691926464e+01
2.403230000000000199e+00 1.126960323875881159e+03 1.698899725554747775e+01
2.407319999999999904e+00 1.126786057893602219e+03 1.688338461992068673e+01
2.411410000000000053e+00 1.126759039213928872e+03 1.679831774154121504e+01
2.415500000000000203e+00 1.126711397320414562e+03 1.670544899115570203e+01
2.419589999999999907e+00 1.126647234933790060e+03 1.661439299175846429e+01
2.423680000000000057e+00 1.126561452177657202e+03 1.651961241229827593e+01
2.427770000000000206e+00 1.126384847621911604e+03 1.641288723183596687e+01
2.431869999999999976e+00 1.126372481325001672e+03 1.634209561297718594e+01
2.435960000000000125e+00 1.126236030392480643e+03 1.623091745308000711e+01
2.440040000000000209e+00 1.126182280188774030e+03 1.614269246717912765e+01
2.444139999999999979e+00 1.126035016420643842e+03 1.603744298737744955e+01
2.448230000000000128e+00 1.125994047211262114e+03 1.595078926992486323e+01
2.452319999999999833e+00 1.125892871491879532e+03 1.586755559909109969e+01
2.456399999999999917e+00 1.125727977525020833e+03 1.575777989166792281e+01
2.460500000000000131e+00 1.125736257690705543e+03 1.567993960843034884e+01
2.464589999999999836e+00 1.125619141139205794e+03 1.558144232277205710e+01
2.468679999999999986e+00 1.125597796218785788e+03 1.550687101651584143e+01
2.472770000000000135e+00 1.125443295586313525e+03 1.540813935145086866e+01
2.476859999999999840e+00 1.125365579315089462e+03 1.531217766119743828e+01
2.480949999999999989e+00 1.125359415365551286e+03 1.523490464332939887e+01
2.485040000000000138e+00 1.125268875908270957e+03 1.513961792357214442e+01
2.489129999999999843e+00 1.125224373635733627e+03 1.505883806623073440e+01
2.493219999999999992e+00 1.125132576416796837e+03 1.497567344348854590e+01
2.497310000000000141e+00 1.125034058557977687e+03 1.488611369782775107e+01
2.501409999999999911e+00 1.124879672403130144e+03 1.478007977801556727e+01
2.505500000000000060e+00 1.124924921425074899e+03 1.471124382717395918e+01
2.509590000000000209e+00 1.124871441777648670e+03 1.462935835410764085e+01
2.513679999999999914e+00 1.124777921792293228e+03 1.453853547500176191e+01
2.517770000000000064e+00 1.124659770185907064e+03 1.445529659067652517e+01
2.521860000000000213e+00 1.124637376944259813e+03 1.437473121025682588e+01
2.525949999999999918e+00 1.124599990067085628e+03 1.429434287529213066e+01
2.530040000000000067e+00 1.124490045628713233e+03 1.420335370252408502e+01
2.534130000000000216e+00 1.124414915511068784e+03 1.412017754865746610e+01
2.538219999999999921e+00 1.124408136899142164e+03 1.404272756129570254e+01
2.542310000000000070e+00 1.124317982263879230e+03 1.396122962447596194e+01
2.546400000000000219e+00 1.124262656097234867e+03 1.387677272218394720e+01
2.550489999999999924e+00 1.124099835425401807e+03 1.378055394380596432e+01
2.554580000000000073e+00 1.124091207750982676e+03 1.371007478754252240e+01
2.558670000000000222e+00 1.124064411215848395e+03 1.363600155128379754e+01
2.562759999999999927e+00 1.123937751013135539e+03 1.354580162539544830e+01
2.566850000000000076e+00 1.123964003809820724e+03 1.347892740822786273e+01
2.570949999999999847e+00 1.123850977702935779e+03 1.339173625896279596e+01
2.575039999999999996e+00 1.123741960064345449e+03 1.330118283832988446e+01
2.579130000000000145e+00 1.123657659511492511e+03 1.322268616912159267e+01
2.583219999999999850e+00 1.123700085235798724e+03 1.316297214599942045e+01
2.587309999999999999e+00 1.123576843144734312e+03 1.306873258314899822e+01
2.591400000000000148e+00 1.123516627060705559e+03 1.299209512901386887e+01
2.595489999999999853e+00 1.123483239961921981e+03 1.291955610663252330e+01
2.599580000000000002e+00 1.123446410988938851e+03 1.284574174051658169e+01
2.603670000000000151e+00 1.123422569704195666e+03 1.278185542367876160e+01
2.607759999999999856e+00 1.123379701702327793e+03 1.269631657669908797e+01
2.611850000000000005e+00 1.123299261316266211e+03 1.262555087741853832e+01
2.615940000000000154e+00 1.123293791149187427e+03 1.255116610041375047e+01
2.620029999999999859e+00 1.123173166963481890e+03 1.246651858649693523e+01
2.624120000000000008e+00 1.123063718462368570e+03 1.238008185459071520e+01
2.628210000000000157e+00 1.123083714305840658e+03 1.232114768731741350e+01
2.632299999999999862e+00 1.123054116072682518e+03 1.224645924173080402e+01
2.636400000000000077e+00 1.122973357156962948e+03 1.216642337686583275e+01
2.640489999999999782e+00 1.122946000835493805e+03 1.209800987914506543e+01
2.644569999999999865e+00 1.122977326925881698e+03 1.203769801001563344e+01
2.648670000000000080e+00 1.122855898896713825e+03 1.195827190758470948e+01
2.652759999999999785e+00 1.122917402581668057e+03 1.189971030756825421e+01
2.656849999999999934e+00 1.122822368396006823e+03 1.182006788282524923e+01
2.660940000000000083e+00 1.122688229380390339e+03 1.173180175810740877e+01
2.665029999999999788e+00 1.122654473018244516e+03 1.166422835194127394e+01
2.669119999999999937e+00 1.122619666147887528e+03 1.160072513840115604e+01
2.673210000000000086e+00 1.122570763452195251e+03 1.152633835259548789e+01
2.677299999999999791e+00 1.122541784088845816e+03 1.145514661480162388e+01
2.681389999999999940e+00 1.122493042498424529e+03 1.139018474220005572e+01
2.685480000000000089e+00 1.122414071545383877e+03 1.130853885702772388e+01
2.689569999999999794e+00 1.122521100339428358e+03 1.126979241493964423e+01
2.693659999999999943e+00 1.122339511858875312e+03 1.117766662776356945e+01
2.697760000000000158e+00 1.122404386717483703e+03 1.112875344783242504e+01
2.701849999999999863e+00 1.122344851447439623e+03 1.105928833684027701e+01
2.705940000000000012e+00 1.122265419827400365e+03 1.098123323424302988e+01
2.710030000000000161e+00 1.122292540691228623e+03 1.092411436114740297e+01
2.714119999999999866e+00 1.122223573307130664e+03 1.085844325735757643e+01
2.718210000000000015e+00 1.122247258881212474e+03 1.079941059712489348e+01
2.722300000000000164e+00 1.122173999571579998e+03 1.072495870559547271e+01
2.726389999999999869e+00 1.122173459819674918e+03 1.067095223479391208e+01
2.730480000000000018e+00 1.122097058236392286e+03 1.059601449187510447e+01
2.734570000000000167e+00 1.122118269648299020e+03 1.053985635391157771e+01
2.738659999999999872e+00 1.122030396875476526e+03 1.046205575080992567e+01
2.742750000000000021e+00 1.122040786524734358e+03 1.040551277252751561e+01
2.746840000000000170e+00 1.121969222223441875e+03 1.033452026594125961e+01
2.750929999999999875e+00 1.121963143854089367e+03 1.027907413935384362e+01
2.755020000000000024e+00 1.121946598588237066e+03 1.022044385718697690e+01
2.759110000000000174e+00 1.121865523118917963e+03 1.014849544279966587e+01
2.763199999999999878e+00 1.121878747226638325e+03 1.009123413489531629e+01
2.767300000000000093e+00 1.121876460516384668e+03 1.003525552139692678e+01
2.771389999999999798e+00 1.121834379454947111e+03 9.968394874046264675e+00
2.775479999999999947e+00 1.121772063491327799e+03 9.903081872221861204e+00
2.779570000000000096e+00 1.121757215911327421e+03 9.840070952339637245e+00
2.783659999999999801e+00 1.121754263835300890e+03 9.789870834509368791e+00
2.787749999999999950e+00 1.121680193701126427e+03 9.720782384976915935e+00
2.791840000000000099e+00 1.121655081955527749e+03 9.659063176363174463e+00
2.795929999999999804e+00 1.121673678519490522e+03 9.602080409418295659e+00
2.800019999999999953e+00 1.121679606738729490e+03 9.549671297951887183e+00
2.804110000000000102e+00 1.121650857126065830e+03 9.485632031047281032e+00
2.808199999999999807e+00 1.121567734071649284e+03 9.422465936180984158e+00
2.812289999999999957e+00 1.121575510263603974e+03 9.368045243864225213e+00
2.816380000000000106e+00 1.121580886111524251e+03 9.311641794354278190e+00
2.820469999999999811e+00 1.121505288648877013e+03 9.242435190415605462e+00
2.824570000000000025e+00 1.121479408253317843e+03 9.185309229697647737e+00
2.828660000000000174e+00 1.121483376410513529e+03 9.132871864475779589e+00
2.832749999999999879e+00 1.121449141894193872e+03 9.078955165206929578e+00
2.836840000000000028e+00 1.121484922116401549e+03 9.027338123779477641e+00
2.840930000000000177e+00 1.121449162481265603e+03 8.965164278498580330e+00
2.845019999999999882e+00 1.121430426317589308e+03 8.909138584910410330e+00
2.849110000000000031e+00 1.121394191475524622e+03 8.853418863159301821e+00
2.853200000000000180e+00 1.121414914296553661e+03 8.801292675946687183e+00
2.857289999999999885e+00 1.121381840947339469e+03 8.744302740945643748e+00
2.861380000000000035e+00 1.121334860570426827e+03 8.684502903958954079e+00
2.865470000000000184e+00 1.121361272353884715e+03 8.639035295027147399e+00
2.869559999999999889e+00 1.121407855732010376e+03 8.596607258800407436e+00
2.873650000000000038e+00 1.121314850964875404e+03 8.521966248935108013e+00
2.877740000000000187e+00 1.121318747744696566e+03 8.474116297469047154e+00
2.881829999999999892e+00 1.121326553406051062e+03 8.422470291124900754e+00
2.885920000000000041e+00 1.121270054323067143e+03 8.364761938885902026e+00
2.890010000000000190e+00 1.121247497811881431e+03 8.308016039042708911e+00
2.894099999999999895e+00 1.121252273783545206e+03 8.260699818579091414e+00
2.898200000000000109e+00 1.121278507768841564e+03 8.213016546221840741e+00
2.902289999999999814e+00 1.121267167181604918e+03 8.162266518352705447e+00
2.906379999999999963e+00 1.121248275427868748e+03 8.106996443526618634e+00
2.910470000000000113e+00 1.121236557930541949e+03 8.059034088161508791e+00
2.914559999999999818e+00 1.121215453343182617e+03 8.007739449094870565e+00
2.918649999999999967e+00 1.121223820422791732e+03 7.952481544892741283e+00
2.922740000000000116e+00 1.121170723562090870e+03 7.901580649465379302e+00
2.926829999999999821e+00 1.121143935372928581e+03 7.848437046154348451e+00
2.930919999999999970e+00 1.121165090577169622e+03 7.797469843998916517e+00
2.935010000000000119e+00 1.121123398502698592e+03 7.746418638008422342e+00
2.939099999999999824e+00 1.121136048954854232e+03 7.698246646001376092e+00
2.943189999999999973e+00 1.121209100064793802e+03 7.667921580825386663e+00
2.947280000000000122e+00 1.121176939247255405e+03 7.610388867570019755e+00
2.951369999999999827e+00 1.121152834408869467e+03 7.565511153551265799e+00
2.955459999999999976e+00 1.121152191246603934e+03 7.510781767742213511e+00
2.959550000000000125e+00 1.121157423191336193e+03 7.469150265609147077e+00
2.963639999999999830e+00 1.121133337582524746e+03 7.414342011949553779e+00
2.967740000000000045e+00 1.121135944447904421e+03 7.366353832792043477e+00
2.971830000000000194e+00 1.121085704723810522e+03 7.313116336294332775e+00
2.975919999999999899e+00 1.121141188891335787e+03 7.278588261306099483e+00
2.980010000000000048e+00 1.121169783303172153e+03 7.231027315062043215e+00
2.984100000000000197e+00 1.121172620141692732e+03 7.186784077269850357e+00
2.988189999999999902e+00 1.121059121302341737e+03 7.126839596572558833e+00
2.992280000000000051e+00 1.121148448028023722e+03 7.091905595526789341e+00
2.996370000000000200e+00 1.121100003941567138e+03 7.040163000371137514e+00
3.000459999999999905e+00 1.121136366775659781e+03 7.003122692930666027e+00
3.004550000000000054e+00 1.121118520696129053e+03 6.951033777579669781e+00
3.008640000000000203e+00 1.121108029181885968e+03 6.903766929537576758e+00
3.012729999999999908e+00 1.121082074906145635e+03 6.854268836268176734e+00
3.016820000000000057e+00 1.121116001333788745e+03 6.816386641756955633e+00
3.020910000000000206e+00 1.121130338879331930e+03 6.774612728613229606e+00
3.024999999999999911e+00 1.121120830336242534e+03 6.729873471215460867e+00
3.029100000000000126e+00 1.121126583258134815e+03 6.685768128861250048e+00
3.033189999999999831e+00 1.121134109344902527e+03 6.643715626583100331e+00
3.037279999999999980e+00 1.121148168565856849e+03 6.596910863155762250e+00
3.041370000000000129e+00 1.121082490543769609e+03 6.547472124065092380e+00
3.045459999999999834e+00 1.121117643618921420e+03 6.504666518053605628e+00
3.049549999999999983e+00 1.121152328385959208e+03 6.470672018761427502e+00
3.053640000000000132e+00 1.121110982596024769e+03 6.419110725606334000e+00
3.057729999999999837e+00 1.121213271513106974e+03 6.393251771616468737e+00
3.061819999999999986e+00 1.121160354045470740e+03 6.343384188715545768e+00
3.065910000000000135e+00 1.121136205934584495e+03 6.297355455803441693e+00
3.069999999999999840e+00 1.121143705959238559e+03 6.257242351757527743e+00
3.074089999999999989e+00 1.121147278163888132e+03 6.213840782524732376e+00
3.078180000000000138e+00 1.121209133574241832e+03 6.183251929723832419e+00
3.082269999999999843e+00 1.121170504706198926e+03 6.135416855794992408e+00
3.086359999999999992e+00 1.121141728667387270e+03 6.089873835086421217e+00
3.090450000000000141e+00 1.121218060967458541e+03 6.060725917160238119e+00
3.094539999999999846e+00 1.121217816560437313e+03 6.018070453887508720e+00
3.098629999999999995e+00 1.121197251715580478e+03 5.973870173039419029e+00
3.102720000000000145e+00 1.121235074977416389e+03 5.939889716384161744e+00
3.106819999999999915e+00 1.121247731676839749e+03 5.901798727090810992e+00
3.110910000000000064e+00 1.121254977158450174e+03 5.866059474381677852e+00
3.115000000000000213e+00 1.121232408168137681e+03 5.821110980394120560e+00
3.119089999999999918e+00 1.121279479914819831e+03 5.787669757560338191e+00
3.123180000000000067e+00 1.121260077326889586e+03 5.744857246071109813e+00
3.127270000000000216e+00 1.121275596341407208e+03 5.703494022740213332e+00
3.131359999999999921e+00 1.121271017759372171e+03 5.665362339587225016e+00
3.135450000000000070e+00 1.121228266788325300e+03 5.616662597949202862e+00
3.139540000000000219e+00 1.121317309352728898e+03 5.593834987715857743e+00
3.143629999999999924e+00 1.121274308515444318e+03 5.547693460835904311e+00
3.147720000000000073e+00 1.121298417741232470e+03 5.515384492986115994e+00
3.151809999999999778e+00 1.121343441072409178e+03 5.480374502780311907e+00
3.155899999999999928e+00 1.121297148500500498e+03 5.436806727072081458e+00
3.160000000000000142e+00 1.121318325385646176e+03 5.402591951124602332e+00
3.164089999999999847e+00 1.121352593679638858e+03 5.367506784760785798e+00
3.168179999999999996e+00 1.121410882920790527e+03 5.336353656839971649e+00
3.172270000000000145e+00 1.121370944598014148e+03 5.295924080011760182e+00
3.176359999999999850e+00 1.121390813382330862e+03 5.263386360739660930e+00
3.180449999999999999e+00 1.121404146251109296e+03 5.221352793927742653e+00
3.184540000000000148e+00 1.121378763495701378e+03 5.184450159280675763e+00
3.188629999999999853e+00 1.121436493192898070e+03 5.154591288284530393e+00
3.192720000000000002e+00 1.121435115830198811e+03 5.121188745227224892e+00
3.196810000000000151e+00 1.121436710130764141e+03 5.081177852240303494e+00
3.200899999999999856e+00 1.121469035489921680e+03 5.051580201843554718e+00
3.204990000000000006e+00 1.121467892021620628e+03 5.016500893374018943e+00
3.209080000000000155e+00 1.121515384037263175e+03 4.984510702132703308e+00
3.213169999999999860e+00 1.121503017980273398e+03 4.944622302588086882e+00
3.217260000000000009e+00 1.121504625308207551e+03 4.910476711641460490e+00
3.221350000000000158e+00 1.121497162499257001e+03 4.873519604925644622e+00
3.225449999999999928e+00 1.121513347179895163e+03 4.841271930098455023e+00
3.229540000000000077e+00 1.121556839594846224e+03 4.814261826575710224e+00
3.233629999999999782e+00 1.121620877420669785e+03 4.783017165713217445e+00
3.237719999999999931e+00 1.121586223951072270e+03 4.748395596812251540e+00
3.241810000000000080e+00 1.121638671190459036e+03 4.715888314471806453e+00
3.245899999999999785e+00 1.121630509716498409e+03 4.681926648941937330e+00
3.249989999999999934e+00 1.121644035550116541e+03 4.650889497560612540e+00
3.254080000000000084e+00 1.121632329640456646e+03 4.615120070685808429e+00
3.258169999999999789e+00 1.121700392203953470e+03 4.589052090416223528e+00
3.262259999999999938e+00 1.121710429738627226e+03 4.557361563152563910e+00
3.266350000000000087e+00 1.121719982321940506e+03 4.522242029366460692e+00
3.270439999999999792e+00 1.121723210360185249e+03 4.489947160033080920e+00
3.274529999999999941e+00 1.121742782736376057e+03 4.458423876439265854e+00
3.278620000000000090e+00 1.121767603942254709e+03 4.432805116199618034e+00
3.282709999999999795e+00 1.121805417095497432e+03 4.402780485235126662e+00
3.286810000000000009e+00 1.121816633245194225e+03 4.372483761227676347e+00
3.290900000000000158e+00 1.121832541230257220e+03 4.337860055205004173e+00
3.294989999999999863e+00 1.121869006840567636e+03 4.311637096818745185e+00
3.299080000000000013e+00 1.121877491773135489e+03 4.278095491073347745e+00
3.303170000000000162e+00 1.121889508198578142e+03 4.246797975307088358e+00
3.307249999999999801e+00 1.121869505191363714e+03 4.213437455690001165e+00
3.311350000000000016e+00 1.121924225962279024e+03 4.188900228981673024e+00
3.315440000000000165e+00 1.121957712336956774e+03 4.161395860981553341e+00
3.319529999999999870e+00 1.121963426383761544e+03 4.130793814011750165e+00
3.323620000000000019e+00 1.121973513472441709e+03 4.097959627559108142e+00
3.327710000000000168e+00 1.122035879625576172e+03 4.076926208326751677e+00
3.331799999999999873e+00 1.122005769777828618e+03 4.042215602808012065e+00
3.335890000000000022e+00 1.122023577467535915e+03 4.014072565054068065e+00
3.339980000000000171e+00 1.122046057052433525e+03 3.986073419018132391e+00
3.344069999999999876e+00 1.122099968476130925e+03 3.963041080343713496e+00
3.348160000000000025e+00 1.122113168391175350e+03 3.932376885309043502e+00
3.352259999999999796e+00 1.122096659896718847e+03 3.899684184362016470e+00
3.356339999999999879e+00 1.122156141793702091e+03 3.876724016920274796e+00
3.360430000000000028e+00 1.122178294159220741e+03 3.850246064027883275e+00
3.364529999999999799e+00 1.122180193321126808e+03 3.819448046435535815e+00
3.368619999999999948e+00 1.122171944262429179e+03 3.786380306593874145e+00
3.372710000000000097e+00 1.122218756797987226e+03 3.763602974459884010e+00
3.376799999999999802e+00 1.122261480107579700e+03 3.740011616090129110e+00
3.380889999999999951e+00 1.122297837013395792e+03 3.717461977821288954e+00
3.384980000000000100e+00 1.122272701250287810e+03 3.683770783116866454e+00
3.389069999999999805e+00 1.122294109357346315e+03 3.655532153290588226e+00
3.393159999999999954e+00 1.122370194077269389e+03 3.638850737086019915e+00
3.397250000000000103e+00 1.122364429653268189e+03 3.609680011451736004e+00
3.401339999999999808e+00 1.122387652549373342e+03 3.580899105233764423e+00
3.405429999999999957e+00 1.122386539416514324e+03 3.552425881354912995e+00
3.409520000000000106e+00 1.122441064760140080e+03 3.531075833608556369e+00
3.413619999999999877e+00 1.122450937468356642e+03 3.504877315158468676e+00
3.417699999999999960e+00 1.122500247511309908e+03 3.485393394785376131e+00
3.421790000000000109e+00 1.122513944265085911e+03 3.457469016322225475e+00
3.425879999999999814e+00 1.122523794506551667e+03 3.431107665759855596e+00
3.429969999999999963e+00 1.122529229847535589e+03 3.403287990487411374e+00
3.434060000000000112e+00 1.122584068505467485e+03 3.380799595945436220e+00
3.438159999999999883e+00 1.122604433457577443e+03 3.354732242926846020e+00
3.442250000000000032e+00 1.122630728762895387e+03 3.334292194639411733e+00
3.446340000000000181e+00 1.122648853268157154e+03 3.307832414973475910e+00
3.450429999999999886e+00 1.122714902121555497e+03 3.288129313522937913e+00
3.454520000000000035e+00 1.122692192552081451e+03 3.262358358915185441e+00
3.458610000000000184e+00 1.122722609469853751e+03 3.233369280138897128e+00
3.462699999999999889e+00 1.122745527351496094e+03 3.213511895820783337e+00
3.466790000000000038e+00 1.122764038409384739e+03 3.190112990113097347e+00
3.470880000000000187e+00 1.122787685645508191e+03 3.164045742518986959e+00
3.474969999999999892e+00 1.122792667769987474e+03 3.138441093361194589e+00
3.479060000000000041e+00 1.122871438616037722e+03 3.123493374994256833e+00
3.483150000000000190e+00 1.122887476993153314e+03 3.101399052169611537e+00
3.487249999999999961e+00 1.122885577884305576e+03 3.071012156315705344e+00
3.491340000000000110e+00 1.122904372543988757e+03 3.049116510973936656e+00
3.495429999999999815e+00 1.122938826038903471e+03 3.026186364181725708e+00
3.499519999999999964e+00 1.122958135110448893e+03 3.002480140654683272e+00
3.503610000000000113e+00 1.122974692107083683e+03 2.979462396217059883e+00
3.507699999999999818e+00 1.123028281059004485e+03 2.959280183490221816e+00
3.511789999999999967e+00 1.123048239571587374e+03 2.939705068826489853e+00
3.515880000000000116e+00 1.123055231755561863e+03 2.915510501160899715e+00
3.519969999999999821e+00 1.123113439708365377e+03 2.898810127544463544e+00
3.524059999999999970e+00 1.123130767128252955e+03 2.875513764884505719e+00
3.528150000000000119e+00 1.123139912468261173e+03 2.852457713726418653e+00
3.532239999999999824e+00 1.123160461808754008e+03 2.831315015580399219e+00
3.536329999999999973e+00 1.123182206150350339e+03 2.809341574779024242e+00
3.540420000000000122e+00 1.123204502054864861e+03 2.785799646478263281e+00
3.544509999999999827e+00 1.123249939097386687e+03 2.769415832729556382e+00
3.548599999999999977e+00 1.123312747772315106e+03 2.752074532710716781e+00
3.552700000000000191e+00 1.123326222842993275e+03 2.731995429994951152e+00
3.556789999999999896e+00 1.123379894283133808e+03 2.712930993334279339e+00
3.560880000000000045e+00 1.123386815275506251e+03 2.691530093849734850e+00
3.564970000000000194e+00 1.123393870072920663e+03 2.669731582889798727e+00
3.569059999999999899e+00 1.123430120945197814e+03 2.650677379745709050e+00
3.573150000000000048e+00 1.123455026557888459e+03 2.629430200690493713e+00
3.577240000000000197e+00 1.123461888014893020e+03 2.605011579515290610e+00
3.581329999999999902e+00 1.123485530308485750e+03 2.584301353885069208e+00
3.585420000000000051e+00 1.123514233620017649e+03 2.567393393419413528e+00
3.589510000000000201e+00 1.123558778848124120e+03 2.549918944095383111e+00
3.593599999999999905e+00 1.123596498232994691e+03 2.531880140045727146e+00
3.597690000000000055e+00 1.123620381187788780e+03 2.511987050466249372e+00
3.601780000000000204e+00 1.123641808749487382e+03 2.491134322831179748e+00
3.605869999999999909e+00 1.123657981932386974e+03 2.471382474618034841e+00
3.609960000000000058e+00 1.123709529994696595e+03 2.455696015726185344e+00
3.614050000000000207e+00 1.123712459844780597e+03 2.433490291117494042e+00
3.618139999999999912e+00 1.123732949361164628e+03 2.413578872826503741e+00
3.622240000000000126e+00 1.123779306675317230e+03 2.397783595814678925e+00
3.626329999999999831e+00 1.123805852039960428e+03 2.378907015002165615e+00
3.630419999999999980e+00 1.123815729145714386e+03 2.359940268136550223e+00
3.634510000000000129e+00 1.123873361504047352e+03 2.345115990873956502e+00
3.638599999999999834e+00 1.123885283315969900e+03 2.324263196670766973e+00
3.642689999999999984e+00 1.123903413461655191e+03 2.306729794949302192e+00
3.646780000000000133e+00 1.123953672797485069e+03 2.291048487052290472e+00
3.650869999999999838e+00 1.123983233241555581e+03 2.274128271510074129e+00
3.654959999999999987e+00 1.123995762607350116e+03 2.255438776597876060e+00
3.659050000000000136e+00 1.124028806467241338e+03 2.238300954159752276e+00
3.663139999999999841e+00 1.124055617413200707e+03 2.220191768057193205e+00
3.667229999999999990e+00 1.124079825178302372e+03 2.203060102735195258e+00
3.671320000000000139e+00 1.124097901650570975e+03 2.184271532164252072e+00
3.675409999999999844e+00 1.124129342379061427e+03 2.168274204287883311e+00
3.679499999999999993e+00 1.124159730887607566e+03 2.151492339953890109e+00
3.683590000000000142e+00 1.124180026128501140e+03 2.133172729947743651e+00
3.687689999999999912e+00 1.124201752119099183e+03 2.115481357441680199e+00
3.691769999999999996e+00 1.124257691821257595e+03 2.103705545149807676e+00
3.695870000000000211e+00 1.124274308194934747e+03 2.084307740513776874e+00
3.699959999999999916e+00 1.124308258277636469e+03 2.069365312134379131e+00
3.704050000000000065e+00 1.124356584538947118e+03 2.056664531777721017e+00
3.708140000000000214e+00 1.124359311742979116e+03 2.035456611562778573e+00
3.712229999999999919e+00 1.124385446975572222e+03 2.019823746312224610e+00
3.716320000000000068e+00 1.124421500775314826e+03 2.006116126455172122e+00
3.720410000000000217e+00 1.124461268899292918e+03 1.992055348889418376e+00
3.724499999999999922e+00 1.124475134826233671e+03 1.974093298509314920e+00
3.728590000000000071e+00 1.124502758975193046e+03 1.958245741000460782e+00
3.732680000000000220e+00 1.124528498806231937e+03 1.941712273885807694e+00
3.736769999999999925e+00 1.124570832244646226e+03 1.928664824640097253e+00
3.740860000000000074e+00 1.124601191181710874e+03 1.914666676201938644e+00
3.744949999999999779e+00 1.124626853837059116e+03 1.898531843918941142e+00
3.749049999999999994e+00 1.124652233948381308e+03 1.882376490425810456e+00
3.753130000000000077e+00 1.124687398679624266e+03 1.868709695537172033e+00
3.757219999999999782e+00 1.124723610890430564e+03 1.854595087820315236e+00
3.761309999999999931e+00 1.124747340541219728e+03 1.840713284453816989e+00
3.765410000000000146e+00 1.124773191479177740e+03 1.826311131080857297e+00
3.769499999999999851e+00 1.124802528658605979e+03 1.811321725911328784e+00
3.773590000000000000e+00 1.124831930472145814e+03 1.797385177677724322e+00
3.777680000000000149e+00 1.124855454991370834e+03 1.783440122565083552e+00
3.781769999999999854e+00 1.124899703362065793e+03 1.769893269065283548e+00
3.785860000000000003e+00 1.124913876905075767e+03 1.753319301551829357e+00
3.789950000000000152e+00 1.124940573004591670e+03 1.738624929659862817e+00
3.794039999999999857e+00 1.124989248873043152e+03 1.727698748342232360e+00
3.798130000000000006e+00 1.125003590439523805e+03 1.711664382182515043e+00
3.802220000000000155e+00 1.125037790419669591e+03 1.699065928035013773e+00
3.806319999999999926e+00 1.125071903901681026e+03 1.686208452702446570e+00
3.810400000000000009e+00 1.125085493166228161e+03 1.670186110442837268e+00
3.814490000000000158e+00 1.125090292031409717e+03 1.653879520892610921e+00
3.818589999999999929e+00 1.125145318897782772e+03 1.644995133193410730e+00
3.822680000000000078e+00 1.125170166788529286e+03 1.631250036326250541e+00
3.826769999999999783e+00 1.125213198518299805e+03 1.619902645830215038e+00
3.830859999999999932e+00 1.125245560888245564e+03 1.606570059599684797e+00
3.834950000000000081e+00 1.125281552874278077e+03 1.595987235830688133e+00
3.839039999999999786e+00 1.125286956936698516e+03 1.579230449936791070e+00
3.843129999999999935e+00 1.125344813910920493e+03 1.571183102783943575e+00
3.847220000000000084e+00 1.125357670466043373e+03 1.556859378668897786e+00
3.851309999999999789e+00 1.125387257596421023e+03 1.543584000897357811e+00
3.855399999999999938e+00 1.125400980057981315e+03 1.528428556841097574e+00
3.859490000000000087e+00 1.125442142289010917e+03 1.518465681505821951e+00
3.863579999999999792e+00 1.125481102920280364e+03 1.507471487171202940e+00
3.867680000000000007e+00 1.125476009764849550e+03 1.490445613665477120e+00
3.871770000000000156e+00 1.125534994913082528e+03 1.481403186306478714e+00
3.875849999999999795e+00 1.125537547682688228e+03 1.466638481497425817e+00
3.879939999999999944e+00 1.125573951205921276e+03 1.455434823340724160e+00
3.884030000000000094e+00 1.125628481866624497e+03 1.447039464811224363e+00
3.888129999999999864e+00 1.125664617150976483e+03 1.437474497369872317e+00
3.892220000000000013e+00 1.125667198860137205e+03 1.421471418433022160e+00
3.896310000000000162e+00 1.125703211543427187e+03 1.411173935083199771e+00
3.900399999999999867e+00 1.125736611058737708e+03 1.400099371437842244e+00
3.904490000000000016e+00 1.125745520901395821e+03 1.385811412102773810e+00
3.908580000000000165e+00 1.125808572462493885e+03 1.380564517993987161e+00
3.912669999999999870e+00 1.125819405512890398e+03 1.367060346975080165e+00
3.916760000000000019e+00 1.125858420589919206e+03 1.357276391493616785e+00
3.920850000000000168e+00 1.125875662340926283e+03 1.343911554648428375e+00
3.924939999999999873e+00 1.125897976728027970e+03 1.332444578561361004e+00
3.929030000000000022e+00 1.125934046535267271e+03 1.321956154758802127e+00
3.933120000000000172e+00 1.125969880639908524e+03 1.312251880763869227e+00
3.937209999999999877e+00 1.125996996250973325e+03 1.300581645759635085e+00
3.941300000000000026e+00 1.126021425320355320e+03 1.289894067830041458e+00
3.945390000000000175e+00 1.126032072680671718e+03 1.278828339843178785e+00
3.949489999999999945e+00 1.126104373227216684e+03 1.273215176108497770e+00
3.953580000000000094e+00 1.126091563420471630e+03 1.256443899597541547e+00
3.957669999999999799e+00 1.126129554925735647e+03 1.248168984024409900e+00
3.961759999999999948e+00 1.126177059443205735e+03 1.239762655539856429e+00
3.965850000000000097e+00 1.126181642297364306e+03 1.226333023473894501e+00
3.969939999999999802e+00 1.126216494645344937e+03 1.218060441579361219e+00
3.974029999999999951e+00 1.126259679444902531e+03 1.208821239951213489e+00
3.978120000000000100e+00 1.126276270359817318e+03 1.198294485622554806e+00
3.982209999999999805e+00 1.126326984006233488e+03 1.190638488192509392e+00
3.986299999999999955e+00 1.126343697579459104e+03 1.179115701396137084e+00
3.990390000000000104e+00 1.126359103936249994e+03 1.168795901175261109e+00
3.994479999999999809e+00 1.126391076819634236e+03 1.160126929010609764e+00
3.998569999999999958e+00 1.126419451183265892e+03 1.149468374791139613e+00
4.002659999999999663e+00 1.126445108332222389e+03 1.139983613491607040e+00
4.006750000000000256e+00 1.126475268399923834e+03 1.131985911775539533e+00
4.010849999999999582e+00 1.126502749665713282e+03 1.120304397813104869e+00
4.014940000000000175e+00 1.126531742785763754e+03 1.113494780342042523e+00
4.019020000000000259e+00 1.126566367613973398e+03 1.105091732726879439e+00
4.023119999999999585e+00 1.126600332203296830e+03 1.096669155412905994e+00
4.027210000000000178e+00 1.126626406102398960e+03 1.087574928829425858e+00
4.031299999999999883e+00 1.126643553218829766e+03 1.076977659305570434e+00
4.035389999999999588e+00 1.126674715348432073e+03 1.068520063465874914e+00
4.039480000000000182e+00 1.126708182564938852e+03 1.060438657039987964e+00
4.043569999999999887e+00 1.126733643102947099e+03 1.051703568756294560e+00
4.047659999999999592e+00 1.126762989305971359e+03 1.044012409367745864e+00
4.051750000000000185e+00 1.126778220500625366e+03 1.032062174381325415e+00
4.055839999999999890e+00 1.126813442211174106e+03 1.026895041937388786e+00
4.059929999999999595e+00 1.126858182107044968e+03 1.020316238856046942e+00
4.064020000000000188e+00 1.126871972979171005e+03 1.009594080644843794e+00
4.068109999999999893e+00 1.126906420814793591e+03 1.001766248433708872e+00
4.072199999999999598e+00 1.126914866885662150e+03 9.920953606096860611e-01
4.076299999999999812e+00 1.126951895831135744e+03 9.850512440842917883e-01
4.080379999999999896e+00 1.126986550627531642e+03 9.768346027135662579e-01
4.084469999999999601e+00 1.127021726834235324e+03 9.708668192232444705e-01
4.088569999999999816e+00 1.127057566180559434e+03 9.643616961552814448e-01
4.092660000000000409e+00 1.127069772688975490e+03 9.545164483025132540e-01
4.096750000000000114e+00 1.127095519335133304e+03 9.462214215083105673e-01
4.100839999999999819e+00 1.127136242401560821e+03 9.409374511301613619e-01
4.104930000000000412e+00 1.127140957363633333e+03 9.298805755387536953e-01
4.109020000000000117e+00 1.127174460517661146e+03 9.227002742998932083e-01
4.113109999999999822e+00 1.127187937751169102e+03 9.139834997372735526e-01
4.117200000000000415e+00 1.127240290172521327e+03 9.105247751887990404e-01
4.121290000000000120e+00 1.127244666502040445e+03 8.994192463759385081e-01
4.125379999999999825e+00 1.127272625438878777e+03 8.932224161828347109e-01
4.129470000000000418e+00 1.127323432941209148e+03 8.885546688629828438e-01
4.133560000000000123e+00 1.127333738869084527e+03 8.806633851773196797e-01
4.137649999999999828e+00 1.127365542868244120e+03 8.730366380918134217e-01
4.141750000000000043e+00 1.127391084986729993e+03 8.672373053898257966e-01
4.145839999999999748e+00 1.127419951107214501e+03 8.598035761122853060e-01
4.149930000000000341e+00 1.127445616781640865e+03 8.522391466321552755e-01
4.154020000000000046e+00 1.127461286083468849e+03 8.447239569670350612e-01
4.158109999999999751e+00 1.127515966346446703e+03 8.410003248333898229e-01
4.162200000000000344e+00 1.127518751178113007e+03 8.316541356052145062e-01
4.166290000000000049e+00 1.127553116682094924e+03 8.257211364871374082e-01
4.170379999999999754e+00 1.127588258969496110e+03 8.212925442793339581e-01
4.174470000000000347e+00 1.127590442277174816e+03 8.115508716959624058e-01
4.178560000000000052e+00 1.127637890635366148e+03 8.074022083533956007e-01
4.182649999999999757e+00 1.127669913695863215e+03 8.015797032630522789e-01
4.186740000000000350e+00 1.127686382234459415e+03 7.934256311862606381e-01
