# k pk/ 
0.0000e+00 0.0000e+00 0.0000e+00
8.6911e-03 1.7017e+05 7.2717e+04
1.4726e-02 1.2309e+05 5.2102e+04
2.0945e-02 1.2671e+05 5.3481e+04
2.7184e-02 9.9059e+04 4.0662e+04
3.3546e-02 1.1575e+05 4.7248e+04
3.9530e-02 9.2844e+04 3.7391e+04
4.5671e-02 7.9814e+04 3.1970e+04
5.1900e-02 7.3840e+04 2.9368e+04
5.8100e-02 7.2673e+04 2.7987e+04
6.4221e-02 6.8339e+04 2.6352e+04
7.0280e-02 5.8638e+04 2.1960e+04
7.6510e-02 5.8937e+04 2.1943e+04
8.2770e-02 5.0883e+04 1.8558e+04
8.8836e-02 4.8641e+04 1.7250e+04
9.4930e-02 4.3603e+04 1.5350e+04
1.0109e-01 4.1987e+04 1.4427e+04
1.0723e-01 3.9004e+04 1.3260e+04
1.1335e-01 3.5739e+04 1.2012e+04
1.1950e-01 3.5775e+04 1.1845e+04
1.2570e-01 3.4216e+04 1.1215e+04
1.3182e-01 3.3056e+04 1.0584e+04
1.3789e-01 3.1751e+04 1.0013e+04
1.4406e-01 3.1889e+04 9.9274e+03
1.5021e-01 2.9165e+04 8.9024e+03
1.5636e-01 2.8823e+04 8.6427e+03
1.6252e-01 2.7145e+04 8.0697e+03
1.6868e-01 2.6463e+04 7.7278e+03
1.7479e-01 2.6309e+04 7.5295e+03
1.8090e-01 2.4929e+04 7.1127e+03
1.8700e-01 2.4135e+04 6.8249e+03
1.9316e-01 2.4214e+04 6.7507e+03
1.9936e-01 2.3212e+04 6.3813e+03
2.0552e-01 2.3422e+04 6.3459e+03
2.1163e-01 2.2498e+04 6.0411e+03
2.1775e-01 2.1996e+04 5.8427e+03
2.2390e-01 2.1095e+04 5.5065e+03
2.3000e-01 2.1307e+04 5.5220e+03
2.3612e-01 2.0785e+04 5.2971e+03
2.4227e-01 2.0354e+04 5.1403e+03
2.4839e-01 2.0336e+04 5.0737e+03
2.5453e-01 1.9987e+04 4.9628e+03
2.6068e-01 1.9488e+04 4.7939e+03
2.6684e-01 1.8967e+04 4.6194e+03
2.7301e-01 1.8694e+04 4.4915e+03
2.7915e-01 1.8658e+04 4.4684e+03
2.8527e-01 1.8303e+04 4.3089e+03
2.9138e-01 1.8133e+04 4.2296e+03
2.9750e-01 1.7650e+04 4.0932e+03
3.0365e-01 1.7465e+04 4.0056e+03
3.0980e-01 1.7176e+04 3.8959e+03
3.1595e-01 1.7118e+04 3.8761e+03
3.2209e-01 1.6925e+04 3.7839e+03
3.2824e-01 1.6858e+04 3.7370e+03
3.3438e-01 1.6561e+04 3.6510e+03
3.4050e-01 1.6204e+04 3.5382e+03
3.4662e-01 1.6288e+04 3.5197e+03
3.5273e-01 1.6148e+04 3.4666e+03
3.5887e-01 1.6042e+04 3.4141e+03
3.6500e-01 1.5796e+04 3.3381e+03
3.7117e-01 1.5697e+04 3.3074e+03
3.7731e-01 1.5371e+04 3.2064e+03
3.8345e-01 1.5396e+04 3.1891e+03
3.8961e-01 1.5181e+04 3.1241e+03
3.9572e-01 1.4878e+04 3.0351e+03
4.0187e-01 1.4670e+04 2.9736e+03
4.0800e-01 1.4651e+04 2.9395e+03
4.1410e-01 1.4481e+04 2.9073e+03
4.2026e-01 1.4403e+04 2.8662e+03
4.2641e-01 1.4333e+04 2.8334e+03
4.3254e-01 1.4096e+04 2.7608e+03
4.3865e-01 1.4052e+04 2.7309e+03
4.4477e-01 1.4080e+04 2.7340e+03
4.5094e-01 1.3925e+04 2.6671e+03
4.5710e-01 1.3625e+04 2.6049e+03
4.6323e-01 1.3549e+04 2.5811e+03
4.6938e-01 1.3435e+04 2.5418e+03
4.7550e-01 1.3346e+04 2.4988e+03
4.8162e-01 1.3184e+04 2.4572e+03
4.8775e-01 1.3012e+04 2.4049e+03
4.9386e-01 1.2935e+04 2.3873e+03
4.9999e-01 1.2825e+04 2.3575e+03
5.0618e-01 1.2733e+04 2.3251e+03
5.1233e-01 1.2760e+04 2.3176e+03
5.1844e-01 1.2521e+04 2.2588e+03
5.2458e-01 1.2443e+04 2.2262e+03
5.3072e-01 1.2408e+04 2.2169e+03
5.3686e-01 1.2267e+04 2.1732e+03
5.4298e-01 1.2276e+04 2.1632e+03
5.4912e-01 1.2096e+04 2.1196e+03
5.5528e-01 1.1944e+04 2.0809e+03
5.6141e-01 1.1890e+04 2.0592e+03
5.6753e-01 1.1694e+04 2.0109e+03
5.7368e-01 1.1621e+04 1.9936e+03
5.7982e-01 1.1609e+04 1.9795e+03
5.8594e-01 1.1404e+04 1.9345e+03
5.9206e-01 1.1386e+04 1.9269e+03
5.9819e-01 1.1329e+04 1.9005e+03
6.0437e-01 1.1212e+04 1.8702e+03
6.1051e-01 1.1105e+04 1.8428e+03
6.1661e-01 1.1097e+04 1.8295e+03
6.2276e-01 1.0960e+04 1.8064e+03
6.2889e-01 1.0898e+04 1.7819e+03
6.3503e-01 1.0744e+04 1.7496e+03
6.4119e-01 1.0722e+04 1.7303e+03
6.4732e-01 1.0603e+04 1.7084e+03
6.5344e-01 1.0590e+04 1.6953e+03
6.5958e-01 1.0437e+04 1.6621e+03
6.6571e-01 1.0353e+04 1.6405e+03
6.7184e-01 1.0238e+04 1.6164e+03
6.7798e-01 1.0250e+04 1.6074e+03
6.8410e-01 1.0097e+04 1.5781e+03
6.9025e-01 1.0038e+04 1.5605e+03
6.9639e-01 9.9309e+03 1.5354e+03
7.0254e-01 9.8077e+03 1.5098e+03
7.0869e-01 9.7530e+03 1.4954e+03
7.1481e-01 9.6167e+03 1.4652e+03
7.2095e-01 9.6350e+03 1.4586e+03
7.2708e-01 9.4996e+03 1.4323e+03
7.3319e-01 9.4147e+03 1.4098e+03
7.3934e-01 9.3337e+03 1.3968e+03
7.4549e-01 9.2384e+03 1.3733e+03
7.5162e-01 9.2354e+03 1.3638e+03
7.5776e-01 9.1663e+03 1.3506e+03
7.6390e-01 9.0523e+03 1.3235e+03
7.7006e-01 8.9912e+03 1.3098e+03
7.7618e-01 8.9205e+03 1.2958e+03
7.8228e-01 8.7298e+03 1.2578e+03
7.8841e-01 8.7029e+03 1.2481e+03
7.9456e-01 8.6438e+03 1.2373e+03
8.0071e-01 8.5743e+03 1.2193e+03
8.0684e-01 8.4881e+03 1.2002e+03
8.1299e-01 8.3846e+03 1.1806e+03
8.1915e-01 8.3166e+03 1.1635e+03
8.2526e-01 8.2032e+03 1.1434e+03
8.3138e-01 8.1954e+03 1.1340e+03
8.3753e-01 8.1174e+03 1.1186e+03
8.4366e-01 8.0326e+03 1.1018e+03
8.4979e-01 7.9735e+03 1.0861e+03
8.5592e-01 7.9047e+03 1.0751e+03
8.6206e-01 7.8095e+03 1.0547e+03
8.6820e-01 7.7927e+03 1.0490e+03
8.7433e-01 7.6613e+03 1.0273e+03
8.8047e-01 7.6092e+03 1.0135e+03
8.8661e-01 7.5589e+03 1.0017e+03
8.9275e-01 7.4773e+03 9.8447e+02
8.9891e-01 7.4109e+03 9.6992e+02
9.0504e-01 7.3424e+03 9.5800e+02
9.1117e-01 7.2435e+03 9.4248e+02
9.1731e-01 7.2038e+03 9.2892e+02
9.2344e-01 7.1261e+03 9.1522e+02
9.2956e-01 7.0491e+03 8.9955e+02
9.3569e-01 6.9882e+03 8.8970e+02
9.4184e-01 6.9237e+03 8.7697e+02
9.4799e-01 6.8392e+03 8.6170e+02
9.5411e-01 6.8159e+03 8.5214e+02
9.6024e-01 6.6913e+03 8.3415e+02
9.6637e-01 6.6484e+03 8.2595e+02
9.7252e-01 6.6083e+03 8.1551e+02
9.7866e-01 6.5122e+03 7.9895e+02
9.8477e-01 6.4596e+03 7.9071e+02
9.9092e-01 6.4023e+03 7.7895e+02
9.9706e-01 6.2900e+03 7.6040e+02
1.0032e+00 6.2795e+03 7.5422e+02
1.0093e+00 6.1963e+03 7.4257e+02
1.0155e+00 6.1777e+03 7.3421e+02
1.0216e+00 6.0906e+03 7.1983e+02
1.0277e+00 6.0125e+03 7.0783e+02
1.0339e+00 5.9756e+03 6.9943e+02
1.0400e+00 5.9136e+03 6.8905e+02
1.0462e+00 5.8648e+03 6.7916e+02
1.0523e+00 5.7864e+03 6.6631e+02
1.0584e+00 5.7515e+03 6.5861e+02
1.0646e+00 5.6596e+03 6.4516e+02
1.0707e+00 5.6389e+03 6.3901e+02
1.0768e+00 5.5597e+03 6.2733e+02
1.0830e+00 5.4846e+03 6.1550e+02
1.0891e+00 5.4426e+03 6.0674e+02
1.0952e+00 5.3662e+03 5.9642e+02
1.1014e+00 5.3371e+03 5.8783e+02
1.1075e+00 5.2747e+03 5.7926e+02
1.1136e+00 5.2068e+03 5.6880e+02
1.1198e+00 5.1636e+03 5.6035e+02
1.1259e+00 5.1017e+03 5.5072e+02
1.1321e+00 5.0558e+03 5.4237e+02
1.1382e+00 5.0221e+03 5.3605e+02
1.1443e+00 4.9301e+03 5.2379e+02
1.1505e+00 4.8876e+03 5.1629e+02
1.1566e+00 4.8357e+03 5.0864e+02
1.1627e+00 4.7886e+03 5.0017e+02
1.1689e+00 4.7351e+03 4.9247e+02
1.1750e+00 4.6715e+03 4.8342e+02
1.1811e+00 4.6198e+03 4.7514e+02
1.1873e+00 4.5831e+03 4.6698e+02
1.1934e+00 4.5252e+03 4.5927e+02
1.1996e+00 4.4903e+03 4.5311e+02
1.2057e+00 4.4284e+03 4.4462e+02
1.2118e+00 4.3852e+03 4.3736e+02
1.2180e+00 4.3398e+03 4.3073e+02
1.2241e+00 4.2834e+03 4.2353e+02
1.2302e+00 4.2211e+03 4.1364e+02
1.2364e+00 4.2042e+03 4.1025e+02
1.2425e+00 4.1256e+03 3.9966e+02
1.2486e+00 4.1043e+03 3.9642e+02
1.2548e+00 4.0423e+03 3.8796e+02
1.2609e+00 4.0125e+03 3.8276e+02
1.2671e+00 3.9859e+03 3.7850e+02
1.2732e+00 3.9153e+03 3.6904e+02
1.2793e+00 3.8837e+03 3.6413e+02
1.2855e+00 3.8412e+03 3.5742e+02
1.2916e+00 3.7918e+03 3.5123e+02
1.2977e+00 3.7536e+03 3.4607e+02
1.3039e+00 3.7102e+03 3.3963e+02
1.3100e+00 3.6760e+03 3.3459e+02
1.3161e+00 3.6366e+03 3.2919e+02
1.3223e+00 3.5959e+03 3.2329e+02
1.3284e+00 3.5546e+03 3.1743e+02
1.3345e+00 3.5175e+03 3.1261e+02
1.3407e+00 3.4828e+03 3.0779e+02
1.3468e+00 3.4380e+03 3.0139e+02
1.3529e+00 3.4097e+03 2.9752e+02
1.3591e+00 3.3737e+03 2.9298e+02
1.3652e+00 3.3249e+03 2.8694e+02
1.3714e+00 3.2930e+03 2.8289e+02
1.3775e+00 3.2586e+03 2.7705e+02
1.3836e+00 3.2366e+03 2.7428e+02
1.3898e+00 3.1969e+03 2.6944e+02
1.3959e+00 3.1711e+03 2.6564e+02
1.4020e+00 3.1305e+03 2.6059e+02
1.4082e+00 3.0963e+03 2.5634e+02
1.4143e+00 3.0697e+03 2.5270e+02
1.4205e+00 3.0287e+03 2.4780e+02
1.4266e+00 2.9994e+03 2.4392e+02
1.4327e+00 2.9642e+03 2.3970e+02
1.4389e+00 2.9399e+03 2.3635e+02
1.4450e+00 2.9106e+03 2.3268e+02
1.4511e+00 2.8825e+03 2.2879e+02
1.4573e+00 2.8507e+03 2.2513e+02
1.4634e+00 2.8281e+03 2.2224e+02
1.4695e+00 2.7978e+03 2.1826e+02
1.4757e+00 2.7831e+03 2.1633e+02
1.4818e+00 2.7499e+03 2.1201e+02
1.4879e+00 2.7202e+03 2.0905e+02
1.4941e+00 2.6802e+03 2.0469e+02
1.5002e+00 2.6627e+03 2.0231e+02
1.5064e+00 2.6447e+03 2.0008e+02
1.5125e+00 2.6240e+03 1.9693e+02
1.5186e+00 2.5864e+03 1.9317e+02
1.5248e+00 2.5700e+03 1.9104e+02
1.5309e+00 2.5423e+03 1.8801e+02
1.5370e+00 2.5237e+03 1.8552e+02
1.5432e+00 2.5029e+03 1.8314e+02
1.5493e+00 2.4746e+03 1.8004e+02
1.5554e+00 2.4574e+03 1.7843e+02
1.5616e+00 2.4335e+03 1.7516e+02
1.5677e+00 2.4151e+03 1.7326e+02
