# k / 1, b1, b2, bg, bk
0.0000e+00 0.0000e+00 0.0000e+00 0.0000e+00 0.0000e+00 0.0000e+00 0.0000e+00 0.0000e+00 0.0000e+00 0.0000e+00 0.0000e+00 0.0000e+00 0.0000e+00 0.0000e+00 0.0000e+00 0.0000e+00
8.6911e-03 3.1745e+04 3.2871e+04 -1.9582e+03 -1.5652e+03 -1.5986e+02 3.4038e+04 -1.9702e+03 -1.5875e+03 -1.6551e+02 7.6706e+03 4.9210e+03 1.0652e+01 3.1728e+03 8.3309e+00 8.0731e-01
1.5033e-02 2.4356e+04 2.5330e+04 -1.5396e+03 -1.4496e+03 -1.2966e+02 2.6351e+04 -1.4531e+03 -1.4396e+03 -1.3487e+02 7.4858e+03 4.4781e+03 9.5884e+00 2.7651e+03 8.4469e+00 7.0535e-01
2.1045e-02 2.2494e+04 2.3281e+04 -5.0733e+02 -1.8030e+02 -1.2595e+02 2.4114e+04 -3.4400e+02 -1.2377e+02 -1.3056e+02 6.2585e+03 3.6011e+03 1.7148e+00 2.2203e+03 5.6801e-01 7.2552e-01
2.7184e-02 1.7338e+04 1.8017e+04 -2.3953e+02 -2.7928e+02 -9.9653e+01 1.8753e+04 6.3744e+00 -2.1539e+02 -1.0384e+02 6.9881e+03 3.8007e+03 8.7597e-01 2.2952e+03 1.7131e+00 6.0136e-01
3.3593e-02 1.9841e+04 2.0801e+04 9.4979e+02 5.2353e+01 -1.2718e+02 2.1840e+04 1.2242e+03 9.7612e+01 -1.3360e+02 5.7200e+03 2.9903e+03 -4.8961e+00 1.8562e+03 8.1517e-01 8.5005e-01
3.9678e-02 1.5540e+04 1.6276e+04 9.5060e+02 3.3974e+02 -1.0409e+02 1.7096e+04 1.3466e+03 4.2183e+02 -1.0929e+02 5.7854e+03 2.6205e+03 -5.5367e+00 1.5331e+03 -1.5285e+00 7.3938e-01
4.5731e-02 1.3482e+04 1.4128e+04 -3.2605e+01 -1.8070e+02 -9.8428e+01 1.4871e+04 3.7607e+02 -1.3211e+02 -1.0372e+02 5.9464e+03 2.5640e+03 1.1681e+00 1.5424e+03 2.8486e+00 7.8319e-01
5.1869e-02 1.2277e+04 1.2937e+04 1.9722e+02 -1.8676e+02 -9.7355e+01 1.3707e+04 6.8075e+02 -1.3402e+02 -1.0293e+02 6.1913e+03 2.4454e+03 2.0357e+00 1.4361e+03 3.9044e+00 8.4647e-01
5.8080e-02 1.1539e+04 1.2225e+04 5.0368e+02 -1.3688e+02 -9.9612e+01 1.3038e+04 1.0353e+03 -9.3856e+01 -1.0606e+02 5.5747e+03 1.9638e+03 -2.0744e+00 1.1802e+03 3.2135e+00 9.4573e-01
6.4221e-02 1.0858e+04 1.1507e+04 2.4492e+02 -2.1547e+02 -1.0449e+02 1.2285e+04 7.7460e+02 -1.8677e+02 -1.1119e+02 5.3264e+03 1.7340e+03 1.0556e+00 1.0531e+03 4.5082e+00 1.1019e+00
7.0292e-02 8.8550e+03 9.4678e+03 5.6775e+02 -1.9748e+02 -9.0846e+01 1.0227e+04 1.1888e+03 -1.7082e+02 -9.7894e+01 5.5974e+03 1.6400e+03 -3.5733e+00 9.9493e+02 4.5861e+00 1.0485e+00
7.6570e-02 8.8193e+03 9.4482e+03 5.6455e+02 -2.1489e+02 -9.7694e+01 1.0226e+04 1.1867e+03 -1.8948e+02 -1.0507e+02 5.4377e+03 1.5301e+03 -9.4611e-01 9.2475e+02 5.7500e+00 1.2109e+00
8.2833e-02 7.3852e+03 7.9497e+03 6.7911e+02 -1.2993e+02 -8.9936e+01 8.6733e+03 1.3355e+03 -1.2148e+02 -9.7369e+01 5.3488e+03 1.3662e+03 -2.7668e+00 8.9010e+02 5.4380e+00 1.2484e+00
8.8863e-02 6.7575e+03 7.3574e+03 8.5083e+02 -2.1620e+02 -9.0918e+01 8.1278e+03 1.5396e+03 -2.1314e+02 -9.9405e+01 5.3810e+03 1.3241e+03 -4.3409e+00 8.6731e+02 7.3813e+00 1.3964e+00
9.4935e-02 6.0532e+03 6.5836e+03 6.8416e+02 -2.3217e+02 -8.6016e+01 7.2752e+03 1.3182e+03 -2.5281e+02 -9.3887e+01 4.8553e+03 1.0677e+03 -1.5958e+00 7.6494e+02 7.9358e+00 1.4208e+00
1.0105e-01 5.5657e+03 6.0907e+03 8.7341e+02 -2.0795e+02 -8.4856e+01 6.7865e+03 1.5586e+03 -2.1967e+02 -9.3106e+01 4.9367e+03 1.0422e+03 -3.9414e+00 7.3253e+02 8.2220e+00 1.5366e+00
1.0719e-01 5.0730e+03 5.5650e+03 7.7906e+02 -2.1042e+02 -8.3918e+01 6.2225e+03 1.4343e+03 -2.2475e+02 -9.2129e+01 4.6206e+03 9.0390e+02 -2.3271e+00 6.4683e+02 8.7155e+00 1.6569e+00
1.1336e-01 4.5978e+03 5.0552e+03 7.3306e+02 -1.9118e+02 -8.1035e+01 5.6833e+03 1.3988e+03 -2.1545e+02 -8.9206e+01 4.4940e+03 7.9424e+02 -1.8536e+00 6.0400e+02 8.8670e+00 1.7229e+00
1.1952e-01 4.5204e+03 4.9894e+03 8.1725e+02 -1.9511e+02 -8.5858e+01 5.6342e+03 1.4963e+03 -2.2253e+02 -9.4733e+01 4.4011e+03 7.1595e+02 -3.7374e+00 5.7489e+02 9.1479e+00 1.9629e+00
1.2567e-01 4.2229e+03 4.7032e+03 8.7946e+02 -2.2677e+02 -8.6943e+01 5.3674e+03 1.5814e+03 -2.5592e+02 -9.6737e+01 4.4140e+03 6.8278e+02 -5.2625e+00 5.4558e+02 1.0488e+01 2.1677e+00
1.3179e-01 3.9200e+03 4.3772e+03 9.1002e+02 -1.6993e+02 -8.4567e+01 5.0112e+03 1.5788e+03 -2.0091e+02 -9.4169e+01 4.1615e+03 6.0488e+02 -4.8005e+00 5.0787e+02 1.0038e+01 2.2499e+00
1.3789e-01 3.6927e+03 4.1355e+03 8.9227e+02 -1.8287e+02 -8.4023e+01 4.7624e+03 1.5930e+03 -2.1366e+02 -9.3803e+01 4.2055e+03 5.5351e+02 -4.9752e+00 4.7532e+02 1.0685e+01 2.4035e+00
1.4406e-01 3.5991e+03 4.0641e+03 1.0321e+03 -1.8142e+02 -8.6881e+01 4.7212e+03 1.7594e+03 -2.1379e+02 -9.7564e+01 4.2199e+03 5.2014e+02 -8.0542e+00 4.5307e+02 1.1334e+01 2.6314e+00
1.5018e-01 3.2165e+03 3.6343e+03 9.5424e+02 -1.6259e+02 -8.1458e+01 4.2332e+03 1.6397e+03 -1.9739e+02 -9.1245e+01 3.9162e+03 4.3708e+02 -6.2325e+00 4.1718e+02 1.0892e+01 2.6555e+00
1.5634e-01 3.0644e+03 3.4922e+03 1.0523e+03 -1.6154e+02 -8.1122e+01 4.1070e+03 1.7539e+03 -1.9954e+02 -9.1638e+01 3.8804e+03 3.8304e+02 -9.5622e+00 3.9122e+02 1.1238e+01 2.8032e+00
1.6254e-01 2.8455e+03 3.2460e+03 9.7203e+02 -1.6688e+02 -8.0396e+01 3.8326e+03 1.6704e+03 -2.0437e+02 -9.0705e+01 3.8344e+03 3.8447e+02 -8.4007e+00 3.9151e+02 1.1701e+01 2.9640e+00
1.6869e-01 2.7016e+03 3.1042e+03 9.9686e+02 -1.7713e+02 -8.0161e+01 3.6934e+03 1.6798e+03 -2.2332e+02 -9.0975e+01 3.6586e+03 3.2435e+02 -9.2098e+00 3.7179e+02 1.2789e+01 3.1400e+00
1.7480e-01 2.6019e+03 2.9980e+03 1.0380e+03 -1.5804e+02 -7.9616e+01 3.5852e+03 1.7442e+03 -2.0217e+02 -9.0492e+01 3.6841e+03 2.8448e+02 -1.0670e+01 3.4353e+02 1.2195e+01 3.2671e+00
1.8091e-01 2.4428e+03 2.8186e+03 9.8837e+02 -1.5019e+02 -7.8093e+01 3.3806e+03 1.6757e+03 -1.8967e+02 -8.8489e+01 3.5501e+03 2.7448e+02 -8.7902e+00 3.2910e+02 1.2469e+01 3.4175e+00
1.8701e-01 2.3492e+03 2.7159e+03 9.7745e+02 -1.5028e+02 -7.8474e+01 3.2651e+03 1.6482e+03 -1.9024e+02 -8.9033e+01 3.4180e+03 2.3096e+02 -9.5744e+00 2.9823e+02 1.2466e+01 3.5908e+00
1.9316e-01 2.2919e+03 2.6642e+03 1.0284e+03 -1.4855e+02 -7.9792e+01 3.2233e+03 1.7062e+03 -1.9321e+02 -9.0857e+01 3.3788e+03 2.0947e+02 -1.1811e+01 2.9750e+02 1.2918e+01 3.8232e+00
1.9933e-01 2.1482e+03 2.5082e+03 1.0039e+03 -1.3919e+02 -7.7675e+01 3.0550e+03 1.6862e+03 -1.7944e+02 -8.8630e+01 3.3671e+03 1.9941e+02 -1.1575e+01 2.8335e+02 1.2692e+01 3.9302e+00
2.0548e-01 2.0968e+03 2.4707e+03 1.0902e+03 -1.4211e+02 -7.8538e+01 3.0357e+03 1.7856e+03 -1.8606e+02 -9.0288e+01 3.3860e+03 1.7165e+02 -1.4854e+01 2.7012e+02 1.3181e+01 4.1389e+00
2.1163e-01 1.9932e+03 2.3461e+03 1.0242e+03 -1.3556e+02 -7.7378e+01 2.8853e+03 1.6905e+03 -1.8268e+02 -8.8872e+01 3.1810e+03 1.3617e+02 -1.4073e+01 2.5315e+02 1.2930e+01 4.2565e+00
2.1776e-01 1.9118e+03 2.2586e+03 1.0289e+03 -1.3871e+02 -7.7082e+01 2.7878e+03 1.6842e+03 -1.8318e+02 -8.8801e+01 3.1162e+03 1.3596e+02 -1.6043e+01 2.4913e+02 1.3429e+01 4.4335e+00
2.2390e-01 1.7791e+03 2.1099e+03 9.9996e+02 -1.2336e+02 -7.3749e+01 2.6206e+03 1.6453e+03 -1.6608e+02 -8.4822e+01 3.0240e+03 1.1601e+02 -1.4428e+01 2.3486e+02 1.2919e+01 4.4746e+00
2.3001e-01 1.7661e+03 2.1045e+03 1.0287e+03 -1.2732e+02 -7.4981e+01 2.6265e+03 1.6819e+03 -1.7115e+02 -8.6688e+01 3.0140e+03 1.0538e+02 -1.6959e+01 2.2757e+02 1.3127e+01 4.6473e+00
2.3615e-01 1.6723e+03 1.9954e+03 1.0161e+03 -1.2072e+02 -7.2790e+01 2.4991e+03 1.6616e+03 -1.6321e+02 -8.4014e+01 2.9634e+03 9.2387e+01 -1.6646e+01 2.1572e+02 1.3032e+01 4.7296e+00
2.4229e-01 1.6191e+03 1.9375e+03 9.9806e+02 -1.1788e+02 -7.2300e+01 2.4358e+03 1.6390e+03 -1.6035e+02 -8.3398e+01 2.9077e+03 7.8567e+01 -1.5827e+01 2.0566e+02 1.3013e+01 4.8711e+00
2.4841e-01 1.5738e+03 1.8948e+03 1.0175e+03 -1.1688e+02 -7.2206e+01 2.3947e+03 1.6488e+03 -1.5947e+02 -8.3920e+01 2.8319e+03 6.9244e+01 -1.8807e+01 1.9951e+02 1.2982e+01 4.9908e+00
2.5454e-01 1.5291e+03 1.8450e+03 1.0184e+03 -1.1161e+02 -7.2027e+01 2.3390e+03 1.6479e+03 -1.5413e+02 -8.3820e+01 2.8052e+03 5.9488e+01 -1.9875e+01 1.9114e+02 1.2892e+01 5.1535e+00
2.6069e-01 1.4737e+03 1.7837e+03 1.0066e+03 -1.1089e+02 -7.1276e+01 2.2709e+03 1.6359e+03 -1.5190e+02 -8.2847e+01 2.7816e+03 4.6211e+01 -1.9895e+01 1.8066e+02 1.2818e+01 5.2649e+00
2.6686e-01 1.4040e+03 1.7088e+03 1.0061e+03 -1.0510e+02 -6.9256e+01 2.1897e+03 1.6274e+03 -1.4502e+02 -8.0779e+01 2.7206e+03 4.5195e+01 -2.0893e+01 1.7544e+02 1.2623e+01 5.3090e+00
2.7300e-01 1.3555e+03 1.6513e+03 9.7649e+02 -1.0240e+02 -6.7694e+01 2.1193e+03 1.5808e+03 -1.4332e+02 -7.9167e+01 2.6240e+03 3.3514e+01 -2.0910e+01 1.7137e+02 1.2472e+01 5.3577e+00
2.7914e-01 1.3374e+03 1.6358e+03 9.9096e+02 -1.0163e+02 -6.9176e+01 2.1056e+03 1.5910e+03 -1.4196e+02 -8.1002e+01 2.5814e+03 2.5858e+01 -2.2502e+01 1.6194e+02 1.2516e+01 5.6085e+00
2.8524e-01 1.2754e+03 1.5671e+03 9.8314e+02 -9.8150e+01 -6.6855e+01 2.0312e+03 1.5854e+03 -1.3856e+02 -7.8377e+01 2.5741e+03 2.0706e+01 -2.2630e+01 1.5757e+02 1.2226e+01 5.5735e+00
2.9135e-01 1.2428e+03 1.5274e+03 9.6543e+02 -9.3626e+01 -6.6406e+01 1.9827e+03 1.5603e+03 -1.3225e+02 -7.7842e+01 2.5172e+03 1.6826e+01 -2.3302e+01 1.5033e+02 1.1980e+01 5.6849e+00
2.9751e-01 1.1970e+03 1.4799e+03 9.6766e+02 -9.3758e+01 -6.4610e+01 1.9331e+03 1.5616e+03 -1.3294e+02 -7.5974e+01 2.5020e+03 1.0599e+01 -2.3579e+01 1.4734e+02 1.2169e+01 5.6765e+00
3.0365e-01 1.1607e+03 1.4394e+03 9.5421e+02 -8.8936e+01 -6.4535e+01 1.8861e+03 1.5385e+03 -1.2712e+02 -7.6090e+01 2.4452e+03 8.7960e+00 -2.4610e+01 1.4351e+02 1.1811e+01 5.8146e+00
3.0979e-01 1.1212e+03 1.3937e+03 9.3745e+02 -8.8788e+01 -6.3204e+01 1.8346e+03 1.5201e+03 -1.2746e+02 -7.4325e+01 2.4172e+03 9.6076e-02 -2.3646e+01 1.3610e+02 1.1791e+01 5.8770e+00
3.1595e-01 1.1097e+03 1.3848e+03 9.5735e+02 -8.5687e+01 -6.3225e+01 1.8281e+03 1.5420e+03 -1.2300e+02 -7.4726e+01 2.4152e+03 -1.2893e+00 -2.6113e+01 1.3253e+02 1.1583e+01 5.9425e+00
3.2211e-01 1.0698e+03 1.3401e+03 9.3913e+02 -8.4620e+01 -6.2151e+01 1.7766e+03 1.5130e+03 -1.2181e+02 -7.3701e+01 2.3526e+03 -6.4768e+00 -2.6398e+01 1.2895e+02 1.1561e+01 5.9908e+00
3.2826e-01 1.0484e+03 1.3154e+03 9.3146e+02 -8.2778e+01 -6.1376e+01 1.7467e+03 1.4982e+03 -1.2044e+02 -7.2713e+01 2.3130e+03 -1.1354e+01 -2.6493e+01 1.2385e+02 1.1204e+01 5.9886e+00
3.3435e-01 1.0208e+03 1.2833e+03 9.1795e+02 -8.2257e+01 -6.1014e+01 1.7085e+03 1.4770e+03 -1.1949e+02 -7.2448e+01 2.2709e+03 -1.5628e+01 -2.7142e+01 1.1965e+02 1.1159e+01 6.0826e+00
3.4048e-01 9.8632e+02 1.2434e+03 9.0373e+02 -7.7168e+01 -5.9983e+01 1.6610e+03 1.4564e+03 -1.1284e+02 -7.1108e+01 2.2384e+03 -1.5177e+01 -2.6857e+01 1.1509e+02 1.0661e+01 6.1522e+00
3.4663e-01 9.6638e+02 1.2243e+03 9.0949e+02 -7.6570e+01 -5.9435e+01 1.6434e+03 1.4650e+03 -1.1169e+02 -7.0947e+01 2.2353e+03 -1.7181e+01 -2.8734e+01 1.1317e+02 1.0671e+01 6.1674e+00
3.5273e-01 9.4397e+02 1.2017e+03 9.1529e+02 -7.4805e+01 -5.8616e+01 1.6213e+03 1.4722e+03 -1.0984e+02 -7.0239e+01 2.2308e+03 -2.0089e+01 -2.9698e+01 1.0945e+02 1.0756e+01 6.2122e+00
3.5887e-01 9.2278e+02 1.1755e+03 8.9782e+02 -7.4728e+01 -5.8040e+01 1.5865e+03 1.4440e+03 -1.0883e+02 -6.9353e+01 2.1849e+03 -2.1220e+01 -2.9014e+01 1.0616e+02 1.0629e+01 6.2413e+00
3.6501e-01 8.9553e+02 1.1441e+03 8.8575e+02 -7.3368e+01 -5.6768e+01 1.5500e+03 1.4258e+03 -1.0819e+02 -6.8014e+01 2.1460e+03 -2.5655e+01 -2.9409e+01 1.0443e+02 1.0313e+01 6.1989e+00
3.7117e-01 8.8323e+02 1.1324e+03 8.8165e+02 -7.3761e+01 -5.6937e+01 1.5384e+03 1.4169e+03 -1.0892e+02 -6.8450e+01 2.1080e+03 -3.0304e+01 -3.0278e+01 1.0069e+02 1.0375e+01 6.3010e+00
3.7731e-01 8.5043e+02 1.0931e+03 8.6852e+02 -7.0257e+01 -5.5477e+01 1.4892e+03 1.3952e+03 -1.0376e+02 -6.6933e+01 2.0829e+03 -2.7210e+01 -3.1155e+01 9.8654e+01 1.0133e+01 6.2388e+00
3.8342e-01 8.4049e+02 1.0841e+03 8.7584e+02 -7.0138e+01 -5.5158e+01 1.4820e+03 1.4053e+03 -1.0415e+02 -6.6626e+01 2.0866e+03 -3.3542e+01 -3.1885e+01 9.4841e+01 9.9178e+00 6.2716e+00
3.8958e-01 8.1650e+02 1.0565e+03 8.6102e+02 -6.8380e+01 -5.4055e+01 1.4491e+03 1.3841e+03 -1.0154e+02 -6.5401e+01 2.0542e+03 -3.1910e+01 -3.1534e+01 9.2561e+01 9.6949e+00 6.2440e+00
3.9572e-01 7.9013e+02 1.0237e+03 8.3493e+02 -6.7208e+01 -5.2883e+01 1.4060e+03 1.3430e+03 -9.9735e+01 -6.3969e+01 1.9895e+03 -3.1950e+01 -3.0641e+01 9.0083e+01 9.6682e+00 6.2259e+00
4.0186e-01 7.7212e+02 1.0019e+03 8.3119e+02 -6.1721e+01 -5.2090e+01 1.3799e+03 1.3393e+03 -9.2893e+01 -6.3074e+01 1.9835e+03 -3.1265e+01 -3.1490e+01 8.6946e+01 9.1376e+00 6.1948e+00
4.0800e-01 7.5492e+02 9.8408e+02 8.2390e+02 -6.3552e+01 -5.1588e+01 1.3614e+03 1.3300e+03 -9.5016e+01 -6.2640e+01 1.9695e+03 -3.3549e+01 -3.1247e+01 8.4908e+01 9.3014e+00 6.2509e+00
4.1411e-01 7.4399e+02 9.7249e+02 8.2169e+02 -6.3037e+01 -5.1251e+01 1.3478e+03 1.3226e+03 -9.5003e+01 -6.2518e+01 1.9424e+03 -3.7038e+01 -3.2613e+01 8.3506e+01 9.1155e+00 6.2054e+00
4.2026e-01 7.2817e+02 9.5374e+02 8.1413e+02 -6.1303e+01 -5.0288e+01 1.3249e+03 1.3123e+03 -9.1878e+01 -6.1325e+01 1.9310e+03 -3.5031e+01 -3.2276e+01 8.0917e+01 9.0137e+00 6.1961e+00
4.2641e-01 7.1463e+02 9.3871e+02 8.1108e+02 -6.0848e+01 -5.0205e+01 1.3071e+03 1.3031e+03 -9.2335e+01 -6.1569e+01 1.9002e+03 -3.9324e+01 -3.3839e+01 7.9558e+01 8.9473e+00 6.2248e+00
4.3253e-01 6.9215e+02 9.1185e+02 7.9300e+02 -5.9833e+01 -4.8939e+01 1.2738e+03 1.2792e+03 -9.0234e+01 -6.0180e+01 1.8758e+03 -3.9078e+01 -3.3547e+01 7.6448e+01 8.7733e+00 6.1391e+00
4.3864e-01 6.8024e+02 8.9956e+02 7.9203e+02 -5.8864e+01 -4.8267e+01 1.2608e+03 1.2769e+03 -8.8865e+01 -5.9387e+01 1.8649e+03 -3.8058e+01 -3.3361e+01 7.5180e+01 8.6334e+00 6.1179e+00
4.4477e-01 6.7600e+02 8.9550e+02 7.9357e+02 -5.7868e+01 -4.8776e+01 1.2563e+03 1.2761e+03 -8.7837e+01 -6.0323e+01 1.8492e+03 -4.0583e+01 -3.5351e+01 7.3016e+01 8.4905e+00 6.1925e+00
4.5094e-01 6.5321e+02 8.6810e+02 7.7832e+02 -5.4846e+01 -4.6957e+01 1.2228e+03 1.2569e+03 -8.3207e+01 -5.7961e+01 1.8353e+03 -3.6396e+01 -3.3664e+01 7.0756e+01 8.1178e+00 6.0639e+00
4.5710e-01 6.3708e+02 8.4693e+02 7.6085e+02 -5.3932e+01 -4.6317e+01 1.1937e+03 1.2290e+03 -8.2044e+01 -5.7259e+01 1.7940e+03 -3.7865e+01 -3.3666e+01 6.8856e+01 7.9961e+00 6.0292e+00
4.6324e-01 6.2919e+02 8.3924e+02 7.6019e+02 -5.4548e+01 -4.6019e+01 1.1863e+03 1.2280e+03 -8.3126e+01 -5.7100e+01 1.7838e+03 -4.0593e+01 -3.4372e+01 6.7789e+01 7.9181e+00 6.0082e+00
4.6938e-01 6.1495e+02 8.2340e+02 7.5418e+02 -5.3522e+01 -4.5255e+01 1.1678e+03 1.2183e+03 -8.1379e+01 -5.6398e+01 1.7681e+03 -3.9257e+01 -3.4686e+01 6.6146e+01 7.8601e+00 5.9451e+00
4.7550e-01 5.9963e+02 8.0392e+02 7.4036e+02 -5.2327e+01 -4.4601e+01 1.1422e+03 1.1983e+03 -8.0026e+01 -5.5622e+01 1.7401e+03 -4.0950e+01 -3.4652e+01 6.4353e+01 7.6552e+00 5.9194e+00
4.8161e-01 5.8742e+02 7.9046e+02 7.3508e+02 -5.0321e+01 -4.3860e+01 1.1267e+03 1.1911e+03 -7.7247e+01 -5.4898e+01 1.7343e+03 -3.8682e+01 -3.4832e+01 6.3034e+01 7.5075e+00 5.8643e+00
4.8774e-01 5.7107e+02 7.7045e+02 7.2232e+02 -4.9282e+01 -4.2771e+01 1.1019e+03 1.1735e+03 -7.6088e+01 -5.3562e+01 1.7094e+03 -4.0272e+01 -3.4212e+01 6.1051e+01 7.2428e+00 5.7664e+00
4.9386e-01 5.6408e+02 7.6221e+02 7.1949e+02 -4.9246e+01 -4.2446e+01 1.0905e+03 1.1652e+03 -7.5663e+01 -5.3399e+01 1.6893e+03 -4.0050e+01 -3.5055e+01 5.9956e+01 7.2200e+00 5.7295e+00
5.0000e-01 5.5565e+02 7.5224e+02 7.1125e+02 -4.8586e+01 -4.2141e+01 1.0784e+03 1.1547e+03 -7.4515e+01 -5.2998e+01 1.6771e+03 -3.9426e+01 -3.4677e+01 5.8425e+01 7.1797e+00 5.7374e+00
5.0617e-01 5.4375e+02 7.3777e+02 7.0364e+02 -4.8006e+01 -4.1361e+01 1.0598e+03 1.1421e+03 -7.4134e+01 -5.2238e+01 1.6577e+03 -4.0781e+01 -3.5020e+01 5.7622e+01 6.9951e+00 5.6479e+00
5.1232e-01 5.3840e+02 7.3336e+02 7.0607e+02 -4.7411e+01 -4.1033e+01 1.0566e+03 1.1457e+03 -7.3247e+01 -5.1936e+01 1.6580e+03 -4.1502e+01 -3.5223e+01 5.6276e+01 6.9164e+00 5.6286e+00
5.1844e-01 5.2251e+02 7.1302e+02 6.8855e+02 -4.6048e+01 -4.0011e+01 1.0296e+03 1.1207e+03 -7.1099e+01 -5.0713e+01 1.6290e+03 -4.0477e+01 -3.4696e+01 5.4219e+01 6.6493e+00 5.5156e+00
5.2458e-01 5.1080e+02 6.9915e+02 6.8005e+02 -4.5002e+01 -3.9353e+01 1.0123e+03 1.1073e+03 -6.9704e+01 -5.0099e+01 1.6061e+03 -4.0064e+01 -3.4887e+01 5.3113e+01 6.5543e+00 5.4652e+00
5.3073e-01 5.0664e+02 6.9542e+02 6.8105e+02 -4.5396e+01 -3.9278e+01 1.0094e+03 1.1097e+03 -7.0427e+01 -5.0136e+01 1.6090e+03 -4.1790e+01 -3.5330e+01 5.2534e+01 6.5720e+00 5.4799e+00
5.3687e-01 4.9369e+02 6.7870e+02 6.6748e+02 -4.3830e+01 -3.8309e+01 9.8662e+02 1.0886e+03 -6.8149e+01 -4.8977e+01 1.5792e+03 -4.0009e+01 -3.4676e+01 5.1419e+01 6.4322e+00 5.3612e+00
5.4296e-01 4.8800e+02 6.7283e+02 6.6759e+02 -4.3243e+01 -3.8145e+01 9.8011e+02 1.0877e+03 -6.7439e+01 -4.8967e+01 1.5753e+03 -4.1051e+01 -3.5536e+01 5.0038e+01 6.2454e+00 5.3453e+00
5.4911e-01 4.7627e+02 6.5770e+02 6.5414e+02 -4.3284e+01 -3.7549e+01 9.5956e+02 1.0677e+03 -6.6944e+01 -4.8325e+01 1.5496e+03 -4.0262e+01 -3.5263e+01 4.9095e+01 6.3096e+00 5.2991e+00
5.5528e-01 4.6512e+02 6.4384e+02 6.4559e+02 -4.1495e+01 -3.6786e+01 9.4137e+02 1.0535e+03 -6.4836e+01 -4.7448e+01 1.5290e+03 -3.9501e+01 -3.5113e+01 4.8005e+01 6.0432e+00 5.2187e+00
5.6141e-01 4.5789e+02 6.3503e+02 6.3925e+02 -4.1567e+01 -3.6371e+01 9.3046e+02 1.0458e+03 -6.4802e+01 -4.6939e+01 1.5217e+03 -4.0407e+01 -3.4807e+01 4.6987e+01 6.0355e+00 5.1816e+00
5.6754e-01 4.4589e+02 6.1876e+02 6.2324e+02 -4.0446e+01 -3.5537e+01 9.0745e+02 1.0208e+03 -6.3197e+01 -4.5920e+01 1.4866e+03 -3.9159e+01 -3.4263e+01 4.5880e+01 5.8001e+00 5.0766e+00
5.7367e-01 4.3903e+02 6.1134e+02 6.2036e+02 -3.9224e+01 -3.4970e+01 8.9901e+02 1.0169e+03 -6.1393e+01 -4.5371e+01 1.4806e+03 -3.8241e+01 -3.4264e+01 4.5069e+01 5.7084e+00 5.0101e+00
5.7981e-01 4.3312e+02 6.0504e+02 6.1934e+02 -3.9219e+01 -3.4790e+01 8.9206e+02 1.0153e+03 -6.1510e+01 -4.5357e+01 1.4770e+03 -3.9406e+01 -3.5058e+01 4.4291e+01 5.6509e+00 4.9820e+00
5.8594e-01 4.2188e+02 5.9003e+02 6.0554e+02 -3.8558e+01 -3.4096e+01 8.7070e+02 9.9280e+02 -6.0354e+01 -4.4524e+01 1.4459e+03 -3.8480e+01 -3.4615e+01 4.3125e+01 5.5531e+00 4.9097e+00
5.9206e-01 4.1852e+02 5.8662e+02 6.0437e+02 -3.8373e+01 -3.3921e+01 8.6709e+02 9.9085e+02 -6.0210e+01 -4.4410e+01 1.4393e+03 -3.9269e+01 -3.4842e+01 4.2224e+01 5.5352e+00 4.8918e+00
5.9819e-01 4.0994e+02 5.7620e+02 5.9837e+02 -3.7015e+01 -3.3057e+01 8.5386e+02 9.8260e+02 -5.8145e+01 -4.3329e+01 1.4319e+03 -3.7970e+01 -3.4172e+01 4.1273e+01 5.3537e+00 4.7835e+00
6.0436e-01 4.0118e+02 5.6489e+02 5.8794e+02 -3.6805e+01 -3.2689e+01 8.3886e+02 9.6777e+02 -5.8020e+01 -4.2995e+01 1.4128e+03 -3.8481e+01 -3.4309e+01 4.0868e+01 5.2427e+00 4.7351e+00
6.1049e-01 3.9447e+02 5.5643e+02 5.8095e+02 -3.6673e+01 -3.2120e+01 8.2747e+02 9.5671e+02 -5.7557e+01 -4.2325e+01 1.3962e+03 -3.8392e+01 -3.3943e+01 3.9769e+01 5.2118e+00 4.6690e+00
6.1661e-01 3.8789e+02 5.4836e+02 5.7546e+02 -3.6369e+01 -3.1828e+01 8.1684e+02 9.4771e+02 -5.7255e+01 -4.2073e+01 1.3825e+03 -3.8932e+01 -3.4082e+01 3.9136e+01 5.1507e+00 4.6346e+00
6.2276e-01 3.8287e+02 5.4165e+02 5.6895e+02 -3.5686e+01 -3.1596e+01 8.0715e+02 9.3704e+02 -5.6067e+01 -4.1832e+01 1.3666e+03 -3.8016e+01 -3.4059e+01 3.8120e+01 5.0572e+00 4.6053e+00
6.2890e-01 3.7508e+02 5.3255e+02 5.6340e+02 -3.5186e+01 -3.1122e+01 7.9618e+02 9.2955e+02 -5.5422e+01 -4.1358e+01 1.3581e+03 -3.7824e+01 -3.4082e+01 3.7582e+01 5.0043e+00 4.5520e+00
6.3503e-01 3.6743e+02 5.2245e+02 5.5486e+02 -3.4557e+01 -3.0477e+01 7.8236e+02 9.1672e+02 -5.4615e+01 -4.0592e+01 1.3415e+03 -3.7985e+01 -3.3651e+01 3.6685e+01 4.8961e+00 4.4621e+00
6.4117e-01 3.6017e+02 5.1334e+02 5.4725e+02 -3.3895e+01 -2.9990e+01 7.7063e+02 9.0644e+02 -5.3687e+01 -4.0003e+01 1.3292e+03 -3.7868e+01 -3.3410e+01 3.5985e+01 4.7321e+00 4.4050e+00
6.4731e-01 3.5432e+02 5.0676e+02 5.4378e+02 -3.3892e+01 -2.9595e+01 7.6261e+02 9.0049e+02 -5.3527e+01 -3.9654e+01 1.3184e+03 -3.7683e+01 -3.3504e+01 3.5387e+01 4.7849e+00 4.3563e+00
6.5344e-01 3.4968e+02 5.0045e+02 5.3932e+02 -3.2925e+01 -2.9231e+01 7.5350e+02 8.9310e+02 -5.2157e+01 -3.9193e+01 1.3099e+03 -3.6879e+01 -3.3281e+01 3.4828e+01 4.6750e+00 4.3053e+00
6.5958e-01 3.4150e+02 4.8998e+02 5.2957e+02 -3.2486e+01 -2.8759e+01 7.3957e+02 8.7877e+02 -5.1557e+01 -3.8724e+01 1.2905e+03 -3.6920e+01 -3.3262e+01 3.4052e+01 4.5728e+00 4.2389e+00
6.6571e-01 3.3553e+02 4.8200e+02 5.2294e+02 -3.2348e+01 -2.8317e+01 7.2831e+02 8.6831e+02 -5.1251e+01 -3.8173e+01 1.2777e+03 -3.6841e+01 -3.2902e+01 3.3433e+01 4.5230e+00 4.1892e+00
6.7184e-01 3.2961e+02 4.7460e+02 5.1669e+02 -3.1652e+01 -2.7798e+01 7.1883e+02 8.5988e+02 -5.0113e+01 -3.7537e+01 1.2676e+03 -3.5834e+01 -3.2463e+01 3.2820e+01 4.4289e+00 4.1209e+00
6.7797e-01 3.2485e+02 4.6886e+02 5.1298e+02 -3.1646e+01 -2.7545e+01 7.1122e+02 8.5317e+02 -5.0242e+01 -3.7375e+01 1.2560e+03 -3.6930e+01 -3.2836e+01 3.2304e+01 4.3885e+00 4.0739e+00
6.8410e-01 3.1892e+02 4.6073e+02 5.0467e+02 -3.1073e+01 -2.7142e+01 6.9972e+02 8.4063e+02 -4.9429e+01 -3.6855e+01 1.2395e+03 -3.6260e+01 -3.2356e+01 3.1722e+01 4.3260e+00 4.0394e+00
6.9025e-01 3.1364e+02 4.5424e+02 4.9946e+02 -3.0577e+01 -2.6847e+01 6.9139e+02 8.3311e+02 -4.8616e+01 -3.6573e+01 1.2285e+03 -3.5913e+01 -3.2423e+01 3.1035e+01 4.2582e+00 3.9938e+00
6.9639e-01 3.0706e+02 4.4542e+02 4.9205e+02 -3.0089e+01 -2.6293e+01 6.7911e+02 8.2194e+02 -4.7946e+01 -3.5884e+01 1.2155e+03 -3.5923e+01 -3.1996e+01 3.0449e+01 4.1738e+00 3.9199e+00
7.0254e-01 3.0104e+02 4.3723e+02 4.8411e+02 -2.9511e+01 -2.5807e+01 6.6712e+02 8.0848e+02 -4.7160e+01 -3.5306e+01 1.1955e+03 -3.5451e+01 -3.1688e+01 2.9996e+01 4.0878e+00 3.8615e+00
7.0868e-01 2.9687e+02 4.3197e+02 4.7906e+02 -2.9347e+01 -2.5654e+01 6.6019e+02 8.0118e+02 -4.6724e+01 -3.5162e+01 1.1852e+03 -3.5075e+01 -3.1632e+01 2.9255e+01 4.0734e+00 3.8429e+00
7.1481e-01 2.8930e+02 4.2141e+02 4.6900e+02 -2.8680e+01 -2.5037e+01 6.4488e+02 7.8546e+02 -4.5682e+01 -3.4380e+01 1.1657e+03 -3.4380e+01 -3.1132e+01 2.8766e+01 3.9849e+00 3.7598e+00
7.2095e-01 2.8679e+02 4.1888e+02 4.6827e+02 -2.8348e+01 -2.4783e+01 6.4238e+02 7.8456e+02 -4.5355e+01 -3.4157e+01 1.1628e+03 -3.4653e+01 -3.1200e+01 2.8180e+01 3.8990e+00 3.7088e+00
7.2708e-01 2.8003e+02 4.0994e+02 4.6020e+02 -2.7926e+01 -2.4364e+01 6.3007e+02 7.7280e+02 -4.4579e+01 -3.3634e+01 1.1495e+03 -3.4080e+01 -3.0842e+01 2.7767e+01 3.8433e+00 3.6726e+00
7.3319e-01 2.7457e+02 4.0224e+02 4.5263e+02 -2.7088e+01 -2.4010e+01 6.1881e+02 7.6073e+02 -4.3370e+01 -3.3206e+01 1.1338e+03 -3.3149e+01 -3.0647e+01 2.7057e+01 3.7567e+00 3.6249e+00
7.3934e-01 2.7101e+02 3.9808e+02 4.4997e+02 -2.7231e+01 -2.3691e+01 6.1362e+02 7.5662e+02 -4.3543e+01 -3.2873e+01 1.1270e+03 -3.3652e+01 -3.0546e+01 2.6740e+01 3.7435e+00 3.5683e+00
7.4548e-01 2.6568e+02 3.9083e+02 4.4294e+02 -2.6610e+01 -2.3261e+01 6.0349e+02 7.4623e+02 -4.2659e+01 -3.2311e+01 1.1143e+03 -3.3039e+01 -3.0046e+01 2.6351e+01 3.6881e+00 3.5246e+00
7.5161e-01 2.6180e+02 3.8603e+02 4.3876e+02 -2.6628e+01 -2.2993e+01 5.9722e+02 7.3985e+02 -4.2791e+01 -3.2054e+01 1.1046e+03 -3.3741e+01 -3.0047e+01 2.5837e+01 3.6570e+00 3.4754e+00
7.5776e-01 2.5863e+02 3.8202e+02 4.3536e+02 -2.6414e+01 -2.2823e+01 5.9171e+02 7.3413e+02 -4.2434e+01 -3.1936e+01 1.0952e+03 -3.3530e+01 -3.0241e+01 2.5584e+01 3.6149e+00 3.4400e+00
7.6390e-01 2.5222e+02 3.7306e+02 4.2641e+02 -2.5783e+01 -2.2324e+01 5.7892e+02 7.2090e+02 -4.1410e+01 -3.1244e+01 1.0798e+03 -3.2825e+01 -2.9571e+01 2.4930e+01 3.5330e+00 3.3867e+00
7.7006e-01 2.4841e+02 3.6791e+02 4.2113e+02 -2.5771e+01 -2.2018e+01 5.7157e+02 7.1251e+02 -4.1369e+01 -3.0866e+01 1.0673e+03 -3.3251e+01 -2.9297e+01 2.4477e+01 3.5057e+00 3.3445e+00
7.7616e-01 2.4474e+02 3.6315e+02 4.1723e+02 -2.5193e+01 -2.1827e+01 5.6500e+02 7.0621e+02 -4.0477e+01 -3.0701e+01 1.0582e+03 -3.2414e+01 -2.9388e+01 2.4111e+01 3.4548e+00 3.3092e+00
7.8228e-01 2.3733e+02 3.5257e+02 4.0603e+02 -2.4410e+01 -2.1178e+01 5.4934e+02 6.8837e+02 -3.9235e+01 -2.9833e+01 1.0343e+03 -3.1208e+01 -2.8681e+01 2.3545e+01 3.3388e+00 3.2259e+00
7.8842e-01 2.3404e+02 3.4857e+02 4.0339e+02 -2.4244e+01 -2.0956e+01 5.4450e+02 6.8529e+02 -3.9057e+01 -2.9599e+01 1.0322e+03 -3.1324e+01 -2.8604e+01 2.3224e+01 3.3268e+00 3.2024e+00
7.9456e-01 2.3137e+02 3.4515e+02 4.0056e+02 -2.4134e+01 -2.0820e+01 5.3969e+02 6.8039e+02 -3.8856e+01 -2.9505e+01 1.0240e+03 -3.1703e+01 -2.8770e+01 2.2718e+01 3.3128e+00 3.1731e+00
8.0070e-01 2.2685e+02 3.3852e+02 3.9265e+02 -2.3601e+01 -2.0438e+01 5.2952e+02 6.6735e+02 -3.8006e+01 -2.8963e+01 1.0055e+03 -3.0691e+01 -2.8141e+01 2.2401e+01 3.2401e+00 3.1249e+00
8.0683e-01 2.2209e+02 3.3225e+02 3.8693e+02 -2.3497e+01 -2.0067e+01 5.2092e+02 6.5877e+02 -3.7796e+01 -2.8531e+01 9.9436e+02 -3.0637e+01 -2.7939e+01 2.2069e+01 3.1978e+00 3.0732e+00
8.1298e-01 2.1797e+02 3.2636e+02 3.8055e+02 -2.3079e+01 -1.9797e+01 5.1239e+02 6.4928e+02 -3.7159e+01 -2.8165e+01 9.8261e+02 -3.0248e+01 -2.7583e+01 2.1579e+01 3.1619e+00 3.0467e+00
8.1914e-01 2.1378e+02 3.2086e+02 3.7579e+02 -2.2780e+01 -1.9419e+01 5.0489e+02 6.4206e+02 -3.6728e+01 -2.7720e+01 9.7305e+02 -3.0101e+01 -2.7359e+01 2.1267e+01 3.1020e+00 2.9914e+00
8.2526e-01 2.0930e+02 3.1464e+02 3.6950e+02 -2.2225e+01 -1.9051e+01 4.9587e+02 6.3206e+02 -3.5945e+01 -2.7254e+01 9.5929e+02 -2.9575e+01 -2.7013e+01 2.0913e+01 3.0481e+00 2.9405e+00
8.3138e-01 2.0626e+02 3.1070e+02 3.6628e+02 -2.2023e+01 -1.8860e+01 4.9052e+02 6.2740e+02 -3.5558e+01 -2.7051e+01 9.5454e+02 -2.9391e+01 -2.6977e+01 2.0475e+01 3.0082e+00 2.9068e+00
8.3752e-01 2.0319e+02 3.0625e+02 3.6097e+02 -2.1791e+01 -1.8615e+01 4.8372e+02 6.1820e+02 -3.5309e+01 -2.6752e+01 9.3880e+02 -2.9532e+01 -2.6758e+01 2.0120e+01 2.9609e+00 2.8728e+00
8.4366e-01 1.9911e+02 3.0072e+02 3.5569e+02 -2.1442e+01 -1.8341e+01 4.7589e+02 6.0994e+02 -3.4721e+01 -2.6445e+01 9.2768e+02 -2.9018e+01 -2.6628e+01 1.9786e+01 2.9267e+00 2.8395e+00
8.4979e-01 1.9505e+02 2.9499e+02 3.4986e+02 -2.1078e+01 -1.7999e+01 4.6768e+02 6.0139e+02 -3.4163e+01 -2.5957e+01 9.1774e+02 -2.8704e+01 -2.6144e+01 1.9481e+01 2.8792e+00 2.7910e+00
8.5593e-01 1.9295e+02 2.9194e+02 3.4647e+02 -2.0808e+01 -1.7833e+01 4.6281e+02 5.9492e+02 -3.3751e+01 -2.5765e+01 9.0662e+02 -2.8418e+01 -2.6061e+01 1.9124e+01 2.8198e+00 2.7616e+00
8.6206e-01 1.8796e+02 2.8518e+02 3.4015e+02 -2.0567e+01 -1.7397e+01 4.5345e+02 5.8575e+02 -3.3335e+01 -2.5212e+01 8.9623e+02 -2.8077e+01 -2.5648e+01 1.8878e+01 2.7922e+00 2.7061e+00
8.6820e-01 1.8648e+02 2.8333e+02 3.3857e+02 -2.0435e+01 -1.7368e+01 4.5091e+02 5.8301e+02 -3.3123e+01 -2.5238e+01 8.9130e+02 -2.8254e+01 -2.5820e+01 1.8481e+01 2.7720e+00 2.6957e+00
8.7433e-01 1.8228e+02 2.7727e+02 3.3224e+02 -1.9856e+01 -1.7001e+01 4.4188e+02 5.7281e+02 -3.2289e+01 -2.4747e+01 8.7760e+02 -2.7543e+01 -2.5409e+01 1.8120e+01 2.6916e+00 2.6489e+00
8.8046e-01 1.7884e+02 2.7242e+02 3.2685e+02 -1.9607e+01 -1.6754e+01 4.3488e+02 5.6470e+02 -3.1830e+01 -2.4443e+01 8.6706e+02 -2.7151e+01 -2.5168e+01 1.7853e+01 2.6699e+00 2.6138e+00
8.8661e-01 1.7590e+02 2.6841e+02 3.2299e+02 -1.9322e+01 -1.6477e+01 4.2909e+02 5.5824e+02 -3.1414e+01 -2.4092e+01 8.5707e+02 -2.6966e+01 -2.4925e+01 1.7463e+01 2.6241e+00 2.5705e+00
8.9275e-01 1.7242e+02 2.6352e+02 3.1771e+02 -1.9226e+01 -1.6227e+01 4.2213e+02 5.5034e+02 -3.1318e+01 -2.3778e+01 8.4678e+02 -2.7153e+01 -2.4661e+01 1.7239e+01 2.6075e+00 2.5453e+00
8.9890e-01 1.6888e+02 2.5849e+02 3.1248e+02 -1.8815e+01 -1.5934e+01 4.1472e+02 5.4208e+02 -3.0645e+01 -2.3387e+01 8.3596e+02 -2.6542e+01 -2.4332e+01 1.6914e+01 2.5629e+00 2.5034e+00
9.0503e-01 1.6643e+02 2.5505e+02 3.0888e+02 -1.8655e+01 -1.5748e+01 4.0966e+02 5.3621e+02 -3.0396e+01 -2.3175e+01 8.2731e+02 -2.6423e+01 -2.4249e+01 1.6702e+01 2.5265e+00 2.4757e+00
9.1117e-01 1.6330e+02 2.5061e+02 3.0431e+02 -1.8302e+01 -1.5474e+01 4.0310e+02 5.2898e+02 -2.9797e+01 -2.2793e+01 8.1831e+02 -2.5908e+01 -2.3861e+01 1.6357e+01 2.4771e+00 2.4370e+00
9.1731e-01 1.5983e+02 2.4547e+02 2.9798e+02 -1.8180e+01 -1.5240e+01 3.9530e+02 5.1876e+02 -2.9648e+01 -2.2490e+01 8.0301e+02 -2.5919e+01 -2.3583e+01 1.6144e+01 2.4624e+00 2.4093e+00
9.2344e-01 1.5696e+02 2.4140e+02 2.9382e+02 -1.8045e+01 -1.5025e+01 3.8923e+02 5.1175e+02 -2.9438e+01 -2.2240e+01 7.9248e+02 -2.5940e+01 -2.3483e+01 1.5872e+01 2.4340e+00 2.3757e+00
9.2956e-01 1.5374e+02 2.3707e+02 2.9006e+02 -1.7450e+01 -1.4707e+01 3.8333e+02 5.0645e+02 -2.8520e+01 -2.1826e+01 7.8725e+02 -2.5065e+01 -2.3172e+01 1.5592e+01 2.3676e+00 2.3305e+00
9.3569e-01 1.5160e+02 2.3391e+02 2.8619e+02 -1.7365e+01 -1.4529e+01 3.7835e+02 4.9959e+02 -2.8400e+01 -2.1587e+01 7.7616e+02 -2.5070e+01 -2.2887e+01 1.5381e+01 2.3548e+00 2.3054e+00
9.4183e-01 1.4904e+02 2.3040e+02 2.8288e+02 -1.7121e+01 -1.4331e+01 3.7352e+02 4.9491e+02 -2.8032e+01 -2.1355e+01 7.7063e+02 -2.5019e+01 -2.2810e+01 1.5058e+01 2.3165e+00 2.2746e+00
9.4799e-01 1.4575e+02 2.2562e+02 2.7750e+02 -1.6697e+01 -1.4046e+01 3.6632e+02 4.8617e+02 -2.7352e+01 -2.0977e+01 7.5823e+02 -2.4340e+01 -2.2475e+01 1.4759e+01 2.2635e+00 2.2367e+00
9.5411e-01 1.4326e+02 2.2205e+02 2.7376e+02 -1.6585e+01 -1.3864e+01 3.6100e+02 4.7998e+02 -2.7143e+01 -2.0742e+01 7.4949e+02 -2.4193e+01 -2.2255e+01 1.4534e+01 2.2589e+00 2.2150e+00
9.6024e-01 1.4000e+02 2.1727e+02 2.6840e+02 -1.6182e+01 -1.3626e+01 3.5379e+02 4.7133e+02 -2.6591e+01 -2.0423e+01 7.3740e+02 -2.3856e+01 -2.1986e+01 1.4283e+01 2.2178e+00 2.1860e+00
9.6637e-01 1.3811e+02 2.1466e+02 2.6599e+02 -1.5964e+01 -1.3444e+01 3.4999e+02 4.6751e+02 -2.6148e+01 -2.0194e+01 7.3294e+02 -2.3357e+01 -2.1838e+01 1.4030e+01 2.1809e+00 2.1526e+00
9.7251e-01 1.3572e+02 2.1107e+02 2.6150e+02 -1.5774e+01 -1.3270e+01 3.4453e+02 4.6030e+02 -2.5891e+01 -1.9958e+01 7.2197e+02 -2.3329e+01 -2.1601e+01 1.3814e+01 2.1379e+00 2.1302e+00
9.7865e-01 1.3258e+02 2.0658e+02 2.5658e+02 -1.5666e+01 -1.2976e+01 3.3788e+02 4.5240e+02 -2.5773e+01 -1.9574e+01 7.1082e+02 -2.3488e+01 -2.1287e+01 1.3602e+01 2.1199e+00 2.0865e+00
9.8477e-01 1.3086e+02 2.0391e+02 2.5346e+02 -1.5352e+01 -1.2843e+01 3.3346e+02 4.4645e+02 -2.5241e+01 -1.9393e+01 7.0108e+02 -2.2863e+01 -2.1119e+01 1.3360e+01 2.0865e+00 2.0690e+00
9.9092e-01 1.2826e+02 2.0024e+02 2.4942e+02 -1.5222e+01 -1.2643e+01 3.2823e+02 4.4049e+02 -2.4981e+01 -1.9148e+01 6.9366e+02 -2.2674e+01 -2.0948e+01 1.3145e+01 2.0672e+00 2.0390e+00
9.9706e-01 1.2488e+02 1.9525e+02 2.4386e+02 -1.4949e+01 -1.2356e+01 3.2063e+02 4.3132e+02 -2.4627e+01 -1.8748e+01 6.8068e+02 -2.2593e+01 -2.0557e+01 1.2928e+01 2.0367e+00 2.0056e+00
1.0032e+00 1.2326e+02 1.9293e+02 2.4150e+02 -1.4648e+01 -1.2212e+01 3.1728e+02 4.2780e+02 -2.4148e+01 -1.8562e+01 6.7669e+02 -2.2136e+01 -2.0409e+01 1.2664e+01 1.9977e+00 1.9805e+00
1.0093e+00 1.2119e+02 1.8995e+02 2.3827e+02 -1.4536e+01 -1.2053e+01 3.1285e+02 4.2257e+02 -2.3966e+01 -1.8355e+01 6.6931e+02 -2.2148e+01 -2.0222e+01 1.2484e+01 1.9787e+00 1.9585e+00
1.0155e+00 1.1893e+02 1.8679e+02 2.3495e+02 -1.4386e+01 -1.1828e+01 3.0833e+02 4.1744e+02 -2.3743e+01 -1.8078e+01 6.6227e+02 -2.2000e+01 -2.0018e+01 1.2294e+01 1.9560e+00 1.9249e+00
1.0216e+00 1.1623e+02 1.8265e+02 2.3013e+02 -1.4004e+01 -1.1620e+01 3.0180e+02 4.0926e+02 -2.3138e+01 -1.7778e+01 6.5060e+02 -2.1409e+01 -1.9710e+01 1.2114e+01 1.9207e+00 1.9044e+00
1.0277e+00 1.1401e+02 1.7941e+02 2.2636e+02 -1.3861e+01 -1.1429e+01 2.9692e+02 4.0310e+02 -2.2951e+01 -1.7535e+01 6.4165e+02 -2.1386e+01 -1.9513e+01 1.1910e+01 1.8865e+00 1.8758e+00
1.0339e+00 1.1225e+02 1.7675e+02 2.2327e+02 -1.3666e+01 -1.1297e+01 2.9278e+02 3.9801e+02 -2.2603e+01 -1.7352e+01 6.3449e+02 -2.1089e+01 -1.9343e+01 1.1718e+01 1.8591e+00 1.8557e+00
1.0400e+00 1.1019e+02 1.7385e+02 2.2036e+02 -1.3449e+01 -1.1115e+01 2.8858e+02 3.9329e+02 -2.2276e+01 -1.7123e+01 6.2768e+02 -2.0832e+01 -1.9194e+01 1.1492e+01 1.8349e+00 1.8306e+00
1.0462e+00 1.0807e+02 1.7068e+02 2.1687e+02 -1.3208e+01 -1.0929e+01 2.8376e+02 3.8766e+02 -2.1833e+01 -1.6864e+01 6.2044e+02 -2.0446e+01 -1.8937e+01 1.1238e+01 1.8064e+00 1.8043e+00
1.0523e+00 1.0567e+02 1.6700e+02 2.1228e+02 -1.2945e+01 -1.0739e+01 2.7801e+02 3.8014e+02 -2.1458e+01 -1.6597e+01 6.0964e+02 -2.0112e+01 -1.8651e+01 1.1123e+01 1.7863e+00 1.7784e+00
1.0584e+00 1.0399e+02 1.6462e+02 2.0977e+02 -1.2783e+01 -1.0571e+01 2.7452e+02 3.7593e+02 -2.1211e+01 -1.6372e+01 6.0297e+02 -1.9969e+01 -1.8455e+01 1.0933e+01 1.7597e+00 1.7518e+00
1.0646e+00 1.0161e+02 1.6102e+02 2.0552e+02 -1.2546e+01 -1.0361e+01 2.6894e+02 3.6900e+02 -2.0824e+01 -1.6089e+01 5.9373e+02 -1.9679e+01 -1.8164e+01 1.0700e+01 1.7185e+00 1.7281e+00
1.0707e+00 1.0027e+02 1.5913e+02 2.0334e+02 -1.2492e+01 -1.0255e+01 2.6617e+02 3.6532e+02 -2.0740e+01 -1.5957e+01 5.8759e+02 -1.9634e+01 -1.8050e+01 1.0588e+01 1.7141e+00 1.7108e+00
1.0768e+00 9.8123e+01 1.5589e+02 1.9992e+02 -1.2217e+01 -1.0078e+01 2.6113e+02 3.5961e+02 -2.0228e+01 -1.5724e+01 5.8000e+02 -1.9141e+01 -1.7917e+01 1.0366e+01 1.6796e+00 1.6853e+00
1.0830e+00 9.5970e+01 1.5266e+02 1.9614e+02 -1.1911e+01 -9.8742e+00 2.5626e+02 3.5366e+02 -1.9840e+01 -1.5426e+01 5.7204e+02 -1.8942e+01 -1.7553e+01 1.0178e+01 1.6441e+00 1.6586e+00
1.0891e+00 9.4269e+01 1.4997e+02 1.9277e+02 -1.1879e+01 -9.7416e+00 2.5182e+02 3.4755e+02 -1.9758e+01 -1.5251e+01 5.6254e+02 -1.8893e+01 -1.7434e+01 1.0049e+01 1.6348e+00 1.6388e+00
1.0952e+00 9.2384e+01 1.4719e+02 1.8945e+02 -1.1692e+01 -9.5686e+00 2.4767e+02 3.4223e+02 -1.9457e+01 -1.5014e+01 5.5455e+02 -1.8703e+01 -1.7194e+01 9.8698e+00 1.6100e+00 1.6134e+00
1.1014e+00 9.0439e+01 1.4443e+02 1.8648e+02 -1.1491e+01 -9.3880e+00 2.4367e+02 3.3765e+02 -1.9165e+01 -1.4779e+01 5.4878e+02 -1.8468e+01 -1.6964e+01 9.7345e+00 1.5843e+00 1.5877e+00
1.1075e+00 8.8990e+01 1.4222e+02 1.8396e+02 -1.1316e+01 -9.2771e+00 2.4024e+02 3.3345e+02 -1.8887e+01 -1.4629e+01 5.4283e+02 -1.8254e+01 -1.6841e+01 9.5768e+00 1.5648e+00 1.5744e+00
1.1136e+00 8.7067e+01 1.3938e+02 1.8071e+02 -1.1142e+01 -9.0980e+00 2.3595e+02 3.2806e+02 -1.8634e+01 -1.4387e+01 5.3500e+02 -1.8095e+01 -1.6593e+01 9.3988e+00 1.5379e+00 1.5490e+00
1.1198e+00 8.5474e+01 1.3689e+02 1.7756e+02 -1.1007e+01 -8.9621e+00 2.3196e+02 3.2271e+02 -1.8383e+01 -1.4200e+01 5.2696e+02 -1.7828e+01 -1.6400e+01 9.2350e+00 1.5213e+00 1.5305e+00
1.1259e+00 8.3746e+01 1.3419e+02 1.7443e+02 -1.0772e+01 -8.8023e+00 2.2771e+02 3.1747e+02 -1.8008e+01 -1.3968e+01 5.1968e+02 -1.7525e+01 -1.6180e+01 9.0934e+00 1.4940e+00 1.5076e+00
1.1321e+00 8.2126e+01 1.3176e+02 1.7159e+02 -1.0638e+01 -8.6426e+00 2.2391e+02 3.1261e+02 -1.7819e+01 -1.3750e+01 5.1264e+02 -1.7451e+01 -1.5967e+01 8.9545e+00 1.4767e+00 1.4852e+00
1.1382e+00 8.0790e+01 1.2982e+02 1.6946e+02 -1.0560e+01 -8.5513e+00 2.2105e+02 3.0918e+02 -1.7707e+01 -1.3636e+01 5.0765e+02 -1.7481e+01 -1.5883e+01 8.8147e+00 1.4624e+00 1.4717e+00
1.1443e+00 7.8912e+01 1.2689e+02 1.6587e+02 -1.0277e+01 -8.3586e+00 2.1637e+02 3.0309e+02 -1.7203e+01 -1.3351e+01 4.9901e+02 -1.6850e+01 -1.5565e+01 8.6496e+00 1.4248e+00 1.4475e+00
1.1505e+00 7.7359e+01 1.2447e+02 1.6279e+02 -1.0183e+01 -8.2269e+00 2.1259e+02 2.9798e+02 -1.7064e+01 -1.3173e+01 4.9153e+02 -1.6767e+01 -1.5376e+01 8.5440e+00 1.4179e+00 1.4278e+00
1.1566e+00 7.5985e+01 1.2244e+02 1.6049e+02 -9.9439e+00 -8.1047e+00 2.0945e+02 2.9394e+02 -1.6704e+01 -1.3012e+01 4.8508e+02 -1.6456e+01 -1.5229e+01 8.3926e+00 1.3874e+00 1.4120e+00
1.1627e+00 7.4282e+01 1.1983e+02 1.5762e+02 -9.7618e+00 -7.9220e+00 2.0541e+02 2.8921e+02 -1.6417e+01 -1.2756e+01 4.7880e+02 -1.6303e+01 -1.5006e+01 8.2323e+00 1.3588e+00 1.3845e+00
1.1689e+00 7.3000e+01 1.1785e+02 1.5505e+02 -9.6408e+00 -7.8237e+00 2.0224e+02 2.8468e+02 -1.6212e+01 -1.2616e+01 4.7158e+02 -1.6126e+01 -1.4833e+01 8.0954e+00 1.3437e+00 1.3713e+00
1.1750e+00 7.1582e+01 1.1566e+02 1.5241e+02 -9.4701e+00 -7.7107e+00 1.9885e+02 2.8037e+02 -1.5939e+01 -1.2471e+01 4.6542e+02 -1.5859e+01 -1.4704e+01 7.9478e+00 1.3283e+00 1.3573e+00
1.1811e+00 7.0097e+01 1.1334e+02 1.4964e+02 -9.3229e+00 -7.5553e+00 1.9516e+02 2.7570e+02 -1.5707e+01 -1.2239e+01 4.5889e+02 -1.5699e+01 -1.4462e+01 7.8285e+00 1.3024e+00 1.3324e+00
1.1873e+00 6.8428e+01 1.1081e+02 1.4667e+02 -9.1688e+00 -7.3912e+00 1.9128e+02 2.7090e+02 -1.5476e+01 -1.2000e+01 4.5236e+02 -1.5561e+01 -1.4200e+01 7.7227e+00 1.2864e+00 1.3094e+00
1.1934e+00 6.7147e+01 1.0880e+02 1.4426e+02 -8.9754e+00 -7.2924e+00 1.8802e+02 2.6653e+02 -1.5152e+01 -1.1867e+01 4.4542e+02 -1.5206e+01 -1.4083e+01 7.5636e+00 1.2580e+00 1.2965e+00
1.1996e+00 6.6054e+01 1.0716e+02 1.4223e+02 -8.8716e+00 -7.1894e+00 1.8554e+02 2.6319e+02 -1.4990e+01 -1.1727e+01 4.4063e+02 -1.5086e+01 -1.3916e+01 7.4687e+00 1.2463e+00 1.2816e+00
1.2057e+00 6.4552e+01 1.0477e+02 1.3924e+02 -8.7052e+00 -7.0547e+00 1.8166e+02 2.5800e+02 -1.4726e+01 -1.1534e+01 4.3294e+02 -1.4873e+01 -1.3721e+01 7.3129e+00 1.2257e+00 1.2644e+00
1.2118e+00 6.3305e+01 1.0291e+02 1.3717e+02 -8.5929e+00 -6.9102e+00 1.7884e+02 2.5453e+02 -1.4553e+01 -1.1341e+01 4.2781e+02 -1.4756e+01 -1.3533e+01 7.2221e+00 1.2103e+00 1.2423e+00
1.2179e+00 6.2039e+01 1.0088e+02 1.3467e+02 -8.4401e+00 -6.8066e+00 1.7550e+02 2.5012e+02 -1.4293e+01 -1.1185e+01 4.2123e+02 -1.4521e+01 -1.3393e+01 7.0879e+00 1.1883e+00 1.2266e+00
1.2241e+00 6.0985e+01 9.9294e+01 1.3271e+02 -8.3093e+00 -6.7183e+00 1.7309e+02 2.4693e+02 -1.4110e+01 -1.1069e+01 4.1666e+02 -1.4418e+01 -1.3255e+01 6.9826e+00 1.1761e+00 1.2159e+00
1.2302e+00 5.9331e+01 9.6639e+01 1.2941e+02 -8.0799e+00 -6.5376e+00 1.6879e+02 2.4124e+02 -1.3727e+01 -1.0797e+01 4.0845e+02 -1.4066e+01 -1.2938e+01 6.8543e+00 1.1427e+00 1.1902e+00
1.2364e+00 5.8558e+01 9.5504e+01 1.2794e+02 -8.0668e+00 -6.4946e+00 1.6708e+02 2.3880e+02 -1.3690e+01 -1.0755e+01 4.0444e+02 -1.4034e+01 -1.2916e+01 6.7694e+00 1.1426e+00 1.1848e+00
1.2425e+00 5.6938e+01 9.2986e+01 1.2497e+02 -7.8633e+00 -6.3267e+00 1.6314e+02 2.3384e+02 -1.3390e+01 -1.0510e+01 3.9767e+02 -1.3745e+01 -1.2651e+01 6.6383e+00 1.1204e+00 1.1631e+00
1.2486e+00 5.6203e+01 9.1848e+01 1.2367e+02 -7.7588e+00 -6.2623e+00 1.6132e+02 2.3152e+02 -1.3197e+01 -1.0427e+01 3.9384e+02 -1.3566e+01 -1.2603e+01 6.5427e+00 1.1048e+00 1.1504e+00
1.2548e+00 5.4864e+01 8.9713e+01 1.2100e+02 -7.5985e+00 -6.1208e+00 1.5793e+02 2.2694e+02 -1.2945e+01 -1.0217e+01 3.8734e+02 -1.3331e+01 -1.2335e+01 6.4412e+00 1.0833e+00 1.1317e+00
1.2609e+00 5.3873e+01 8.8183e+01 1.1914e+02 -7.4923e+00 -6.0263e+00 1.5550e+02 2.2376e+02 -1.2790e+01 -1.0082e+01 3.8236e+02 -1.3278e+01 -1.2201e+01 6.3209e+00 1.0673e+00 1.1176e+00
1.2671e+00 5.3114e+01 8.6925e+01 1.1753e+02 -7.4309e+00 -5.9666e+00 1.5327e+02 2.2061e+02 -1.2671e+01 -9.9899e+00 3.7729e+02 -1.3138e+01 -1.2112e+01 6.2439e+00 1.0661e+00 1.1077e+00
1.2732e+00 5.1651e+01 8.4699e+01 1.1478e+02 -7.2431e+00 -5.8077e+00 1.4992e+02 2.1625e+02 -1.2369e+01 -9.7698e+00 3.7115e+02 -1.2875e+01 -1.1858e+01 6.1310e+00 1.0360e+00 1.0862e+00
1.2793e+00 5.0747e+01 8.3250e+01 1.1307e+02 -7.1389e+00 -5.7257e+00 1.4756e+02 2.1321e+02 -1.2208e+01 -9.6545e+00 3.6690e+02 -1.2768e+01 -1.1755e+01 6.0187e+00 1.0204e+00 1.0743e+00
1.2855e+00 4.9590e+01 8.1376e+01 1.1077e+02 -6.9697e+00 -5.5970e+00 1.4450e+02 2.0924e+02 -1.1933e+01 -9.4534e+00 3.6136e+02 -1.2495e+01 -1.1511e+01 5.9101e+00 9.9788e-01 1.0546e+00
1.2916e+00 4.8649e+01 7.9966e+01 1.0904e+02 -6.8805e+00 -5.5240e+00 1.4236e+02 2.0627e+02 -1.1795e+01 -9.3702e+00 3.5638e+02 -1.2414e+01 -1.1451e+01 5.8369e+00 9.8750e-01 1.0467e+00
1.2977e+00 4.7777e+01 7.8533e+01 1.0721e+02 -6.7788e+00 -5.4347e+00 1.3997e+02 2.0304e+02 -1.1615e+01 -9.2309e+00 3.5184e+02 -1.2227e+01 -1.1285e+01 5.7468e+00 9.7661e-01 1.0322e+00
1.3039e+00 4.6722e+01 7.6887e+01 1.0519e+02 -6.6706e+00 -5.3315e+00 1.3735e+02 1.9953e+02 -1.1455e+01 -9.0844e+00 3.4645e+02 -1.2123e+01 -1.1123e+01 5.6463e+00 9.6041e-01 1.0189e+00
1.3100e+00 4.5870e+01 7.5554e+01 1.0347e+02 -6.5163e+00 -5.2456e+00 1.3523e+02 1.9657e+02 -1.1201e+01 -8.9583e+00 3.4173e+02 -1.1837e+01 -1.0974e+01 5.5605e+00 9.4266e-01 1.0065e+00
1.3161e+00 4.5026e+01 7.4142e+01 1.0163e+02 -6.4339e+00 -5.1669e+00 1.3283e+02 1.9319e+02 -1.1071e+01 -8.8425e+00 3.3641e+02 -1.1773e+01 -1.0858e+01 5.4672e+00 9.3026e-01 9.9488e-01
1.3223e+00 4.3998e+01 7.2549e+01 9.9743e+01 -6.3084e+00 -5.0606e+00 1.3034e+02 1.9004e+02 -1.0860e+01 -8.6918e+00 3.3225e+02 -1.1553e+01 -1.0694e+01 5.3725e+00 9.1428e-01 9.7853e-01
1.3284e+00 4.3092e+01 7.1126e+01 9.7958e+01 -6.2017e+00 -4.9744e+00 1.2808e+02 1.8705e+02 -1.0705e+01 -8.5629e+00 3.2773e+02 -1.1430e+01 -1.0550e+01 5.3048e+00 9.0141e-01 9.6733e-01
1.3345e+00 4.2250e+01 6.9789e+01 9.6404e+01 -6.0802e+00 -4.8838e+00 1.2589e+02 1.8418e+02 -1.0499e+01 -8.4371e+00 3.2337e+02 -1.1217e+01 -1.0429e+01 5.1961e+00 8.8450e-01 9.5300e-01
1.3407e+00 4.1472e+01 6.8508e+01 9.4603e+01 -6.0116e+00 -4.8118e+00 1.2375e+02 1.8097e+02 -1.0390e+01 -8.3279e+00 3.1823e+02 -1.1107e+01 -1.0284e+01 5.1467e+00 8.7572e-01 9.4270e-01
1.3468e+00 4.0508e+01 6.6963e+01 9.2660e+01 -5.8610e+00 -4.7119e+00 1.2128e+02 1.7765e+02 -1.0141e+01 -8.1814e+00 3.1347e+02 -1.0868e+01 -1.0109e+01 5.0445e+00 8.5789e-01 9.2994e-01
1.3529e+00 3.9806e+01 6.5859e+01 9.1281e+01 -5.7897e+00 -4.6418e+00 1.1953e+02 1.7533e+02 -1.0013e+01 -8.0802e+00 3.0995e+02 -1.0792e+01 -1.0007e+01 4.9630e+00 8.4279e-01 9.1820e-01
1.3591e+00 3.9093e+01 6.4708e+01 8.9871e+01 -5.7348e+00 -4.5681e+00 1.1757e+02 1.7264e+02 -9.9522e+00 -7.9733e+00 3.0569e+02 -1.0779e+01 -9.8917e+00 4.9060e+00 8.3997e-01 9.0876e-01
1.3652e+00 3.8214e+01 6.3271e+01 8.7959e+01 -5.6033e+00 -4.4824e+00 1.1521e+02 1.6932e+02 -9.7285e+00 -7.8390e+00 3.0062e+02 -1.0531e+01 -9.7217e+00 4.8279e+00 8.2492e-01 8.9612e-01
1.3714e+00 3.7551e+01 6.2254e+01 8.6712e+01 -5.5366e+00 -4.4196e+00 1.1363e+02 1.6718e+02 -9.6104e+00 -7.7562e+00 2.9738e+02 -1.0402e+01 -9.6436e+00 4.7774e+00 8.1367e-01 8.8623e-01
1.3775e+00 3.6658e+01 6.0786e+01 8.4867e+01 -5.4031e+00 -4.3284e+00 1.1114e+02 1.6386e+02 -9.3947e+00 -7.6167e+00 2.9224e+02 -1.0234e+01 -9.4971e+00 4.6741e+00 7.9758e-01 8.7320e-01
1.3836e+00 3.6160e+01 6.0015e+01 8.4001e+01 -5.3443e+00 -4.2736e+00 1.0994e+02 1.6231e+02 -9.3157e+00 -7.5379e+00 2.9016e+02 -1.0208e+01 -9.3999e+00 4.6164e+00 7.8925e-01 8.6440e-01
1.3898e+00 3.5404e+01 5.8760e+01 8.2304e+01 -5.2526e+00 -4.1977e+00 1.0785e+02 1.5928e+02 -9.1551e+00 -7.4258e+00 2.8520e+02 -1.0044e+01 -9.2716e+00 4.5382e+00 7.7636e-01 8.5342e-01
1.3959e+00 3.4766e+01 5.7728e+01 8.0939e+01 -5.1360e+00 -4.1311e+00 1.0613e+02 1.5684e+02 -8.9562e+00 -7.3254e+00 2.8137e+02 -9.7932e+00 -9.1568e+00 4.4640e+00 7.6452e-01 8.4401e-01
1.4020e+00 3.3984e+01 5.6459e+01 7.9424e+01 -5.0738e+00 -4.0423e+00 1.0405e+02 1.5417e+02 -8.8723e+00 -7.1934e+00 2.7751e+02 -9.7888e+00 -9.0132e+00 4.4150e+00 7.5068e-01 8.3068e-01
1.4082e+00 3.3346e+01 5.5440e+01 7.8054e+01 -4.9783e+00 -3.9766e+00 1.0239e+02 1.5169e+02 -8.7088e+00 -7.0936e+00 2.7339e+02 -9.5882e+00 -8.8896e+00 4.3445e+00 7.3896e-01 8.2066e-01
1.4143e+00 3.2760e+01 5.4487e+01 7.6855e+01 -4.9089e+00 -3.9213e+00 1.0087e+02 1.4972e+02 -8.5819e+00 -7.0150e+00 2.7064e+02 -9.4749e+00 -8.8117e+00 4.2735e+00 7.3177e-01 8.1249e-01
1.4204e+00 3.2053e+01 5.3365e+01 7.5430e+01 -4.7949e+00 -3.8415e+00 9.9029e+01 1.4719e+02 -8.4028e+00 -6.8995e+00 2.6665e+02 -9.3307e+00 -8.6792e+00 4.2028e+00 7.1427e-01 8.0090e-01
1.4266e+00 3.1471e+01 5.2410e+01 7.4198e+01 -4.7402e+00 -3.7870e+00 9.7439e+01 1.4495e+02 -8.3174e+00 -6.8144e+00 2.6309e+02 -9.2587e+00 -8.5836e+00 4.1480e+00 7.0596e-01 7.9252e-01
1.4327e+00 3.0835e+01 5.1360e+01 7.2791e+01 -4.6468e+00 -3.7242e+00 9.5614e+01 1.4236e+02 -8.1585e+00 -6.7184e+00 2.5918e+02 -9.0746e+00 -8.4612e+00 4.0807e+00 6.9597e-01 7.8500e-01
1.4389e+00 3.0324e+01 5.0549e+01 7.1707e+01 -4.5871e+00 -3.6672e+00 9.4355e+01 1.4051e+02 -8.0758e+00 -6.6419e+00 2.5604e+02 -9.0190e+00 -8.3703e+00 4.0306e+00 6.9197e-01 7.7597e-01
1.4450e+00 2.9737e+01 4.9607e+01 7.0562e+01 -4.4881e+00 -3.6072e+00 9.2820e+01 1.3850e+02 -7.9029e+00 -6.5514e+00 2.5331e+02 -8.8506e+00 -8.2756e+00 3.9647e+00 6.7817e-01 7.6678e-01
1.4511e+00 2.9131e+01 4.8606e+01 6.9276e+01 -4.4181e+00 -3.5394e+00 9.1092e+01 1.3616e+02 -7.8047e+00 -6.4427e+00 2.4958e+02 -8.7897e+00 -8.1499e+00 3.9158e+00 6.6756e-01 7.5508e-01
1.4573e+00 2.8593e+01 4.7702e+01 6.8086e+01 -4.3415e+00 -3.4767e+00 8.9552e+01 1.3391e+02 -7.6728e+00 -6.3482e+00 2.4589e+02 -8.6349e+00 -8.0367e+00 3.8554e+00 6.5490e-01 7.4677e-01
1.4634e+00 2.8139e+01 4.6930e+01 6.7054e+01 -4.2815e+00 -3.4268e+00 8.8208e+01 1.3198e+02 -7.5815e+00 -6.2659e+00 2.4292e+02 -8.5541e+00 -7.9348e+00 3.8062e+00 6.4814e-01 7.3719e-01
1.4695e+00 2.7575e+01 4.6082e+01 6.5966e+01 -4.2149e+00 -3.3749e+00 8.6922e+01 1.3019e+02 -7.4736e+00 -6.1970e+00 2.4006e+02 -8.4474e+00 -7.8592e+00 3.7465e+00 6.4064e-01 7.2977e-01
1.4757e+00 2.7187e+01 4.5437e+01 6.5162e+01 -4.1688e+00 -3.3345e+00 8.5793e+01 1.2870e+02 -7.3954e+00 -6.1309e+00 2.3791e+02 -8.3833e+00 -7.7881e+00 3.7014e+00 6.3244e-01 7.2342e-01
1.4818e+00 2.6544e+01 4.4360e+01 6.3789e+01 -4.0743e+00 -3.2648e+00 8.3958e+01 1.2616e+02 -7.2325e+00 -6.0233e+00 2.3392e+02 -8.2104e+00 -7.6719e+00 3.6515e+00 6.2259e-01 7.1326e-01
1.4879e+00 2.6164e+01 4.3759e+01 6.2981e+01 -4.0446e+00 -3.2236e+00 8.2984e+01 1.2477e+02 -7.1952e+00 -5.9634e+00 2.3146e+02 -8.2170e+00 -7.5951e+00 3.6096e+00 6.1661e-01 7.0663e-01
1.4941e+00 2.5584e+01 4.2783e+01 6.1691e+01 -3.9558e+00 -3.1558e+00 8.1320e+01 1.2242e+02 -7.0384e+00 -5.8594e+00 2.2790e+02 -8.0032e+00 -7.4625e+00 3.5615e+00 6.0726e-01 6.9752e-01
1.5002e+00 2.5197e+01 4.2161e+01 6.0812e+01 -3.9050e+00 -3.1211e+00 8.0276e+01 1.2088e+02 -6.9572e+00 -5.8019e+00 2.2540e+02 -7.9209e+00 -7.3944e+00 3.5162e+00 6.0007e-01 6.9034e-01
1.5064e+00 2.4813e+01 4.1532e+01 6.0038e+01 -3.8583e+00 -3.0791e+00 7.9214e+01 1.1937e+02 -6.8732e+00 -5.7428e+00 2.2306e+02 -7.8408e+00 -7.3278e+00 3.4653e+00 5.9252e-01 6.8454e-01
1.5125e+00 2.4341e+01 4.0730e+01 5.8998e+01 -3.7613e+00 -3.0234e+00 7.7825e+01 1.1754e+02 -6.7255e+00 -5.6522e+00 2.2011e+02 -7.7326e+00 -7.2329e+00 3.4148e+00 5.7857e-01 6.7564e-01
1.5186e+00 2.3857e+01 3.9940e+01 5.7896e+01 -3.6990e+00 -2.9679e+00 7.6481e+01 1.1553e+02 -6.6273e+00 -5.5642e+00 2.1680e+02 -7.6160e+00 -7.1129e+00 3.3693e+00 5.7291e-01 6.6728e-01
1.5248e+00 2.3491e+01 3.9367e+01 5.7201e+01 -3.6624e+00 -2.9329e+00 7.5610e+01 1.1435e+02 -6.5707e+00 -5.5205e+00 2.1496e+02 -7.5747e+00 -7.0755e+00 3.3300e+00 5.6750e-01 6.6212e-01
1.5309e+00 2.3100e+01 3.8692e+01 5.6256e+01 -3.5983e+00 -2.8845e+00 7.4373e+01 1.1251e+02 -6.4582e+00 -5.4395e+00 2.1197e+02 -7.4495e+00 -6.9654e+00 3.2868e+00 5.5671e-01 6.5418e-01
1.5370e+00 2.2721e+01 3.8091e+01 5.5506e+01 -3.5575e+00 -2.8444e+00 7.3399e+01 1.1125e+02 -6.3957e+00 -5.3748e+00 2.1009e+02 -7.4023e+00 -6.8966e+00 3.2492e+00 5.5190e-01 6.4613e-01
1.5432e+00 2.2319e+01 3.7433e+01 5.4578e+01 -3.4972e+00 -2.8036e+00 7.2244e+01 1.0949e+02 -6.2911e+00 -5.3081e+00 2.0706e+02 -7.2737e+00 -6.8116e+00 3.2109e+00 5.4437e-01 6.4088e-01
1.5493e+00 2.1936e+01 3.6773e+01 5.3675e+01 -3.4343e+00 -2.7513e+00 7.1114e+01 1.0788e+02 -6.1913e+00 -5.2266e+00 2.0447e+02 -7.1815e+00 -6.7108e+00 3.1701e+00 5.3568e-01 6.3210e-01
1.5554e+00 2.1686e+01 3.6380e+01 5.3209e+01 -3.4244e+00 -2.7314e+00 7.0451e+01 1.0707e+02 -6.1780e+00 -5.1996e+00 2.0314e+02 -7.1900e+00 -6.6949e+00 3.1435e+00 5.3571e-01 6.2902e-01
1.5616e+00 2.1261e+01 3.5676e+01 5.2270e+01 -3.3390e+00 -2.6836e+00 6.9194e+01 1.0525e+02 -6.0357e+00 -5.1191e+00 2.0036e+02 -6.9975e+00 -6.5937e+00 3.0986e+00 5.2494e-01 6.2078e-01
1.5677e+00 2.0970e+01 3.5202e+01 5.1580e+01 -3.3114e+00 -2.6601e+00 6.8404e+01 1.0397e+02 -6.0002e+00 -5.0869e+00 1.9794e+02 -7.0019e+00 -6.5544e+00 3.0612e+00 5.1981e-01 6.1807e-01
