# k / 1, b1, b2, bg, bk
0.0000e+00 0.0000e+00 0.0000e+00 0.0000e+00 0.0000e+00 0.0000e+00 0.0000e+00 0.0000e+00 0.0000e+00 0.0000e+00 0.0000e+00 0.0000e+00 0.0000e+00 0.0000e+00 0.0000e+00 0.0000e+00
8.6911e-03 3.1745e+04 3.3392e+04 -1.8135e+03 -1.5479e+03 -4.4439e+02 3.5127e+04 -1.8459e+03 -1.5920e+03 -4.6744e+02 1.0435e+04 6.7443e+03 2.7334e+01 4.3772e+03 2.2789e+01 6.2395e+00
1.5033e-02 2.4356e+04 2.5747e+04 -1.9074e+03 -1.7398e+03 -3.5265e+02 2.7227e+04 -1.8594e+03 -1.7655e+03 -3.7302e+02 9.9583e+03 6.0753e+03 3.0804e+01 3.8032e+03 2.6790e+01 5.2285e+00
2.1045e-02 2.2494e+04 2.3680e+04 -7.1821e+02 -3.6256e+02 -3.3349e+02 2.4949e+04 -5.8168e+02 -3.2565e+02 -3.5182e+02 7.7642e+03 4.6122e+03 7.9556e+00 2.9086e+03 4.3662e+00 5.1074e+00
2.7184e-02 1.7338e+04 1.8327e+04 -4.5926e+02 -4.5928e+02 -2.5470e+02 1.9403e+04 -2.0787e+02 -3.9985e+02 -2.7025e+02 9.9707e+03 5.6970e+03 3.2106e+00 3.5168e+03 5.6874e+00 3.9537e+00
3.3593e-02 1.9841e+04 2.1186e+04 9.9580e+02 3.1643e+01 -3.1105e+02 2.2657e+04 1.2866e+03 6.8784e+01 -3.3310e+02 8.0338e+03 4.4992e+03 -1.4242e+01 2.8664e+03 1.2157e+00 5.1220e+00
3.9678e-02 1.5540e+04 1.6584e+04 1.0311e+03 3.6119e+02 -2.4445e+02 1.7749e+04 1.4776e+03 4.6252e+02 -2.6195e+02 8.1863e+03 4.0707e+03 -1.7517e+01 2.4429e+03 -5.9713e+00 4.1412e+00
4.5731e-02 1.3482e+04 1.4412e+04 -6.8050e+01 -2.3155e+02 -2.2129e+02 1.5476e+04 3.5733e+02 -1.8777e+02 -2.3865e+02 8.2701e+03 3.9713e+03 -5.9738e-01 2.4418e+03 5.2293e+00 4.0589e+00
5.1869e-02 1.2277e+04 1.3211e+04 7.1953e+00 -3.3913e+02 -2.0954e+02 1.4294e+04 4.7957e+02 -3.1259e+02 -2.2716e+02 8.4709e+03 3.8460e+03 5.3336e+00 2.3600e+03 1.0117e+01 4.0550e+00
5.8080e-02 1.1539e+04 1.2498e+04 4.4072e+02 -2.0788e+02 -2.0382e+02 1.3627e+04 1.0006e+03 -1.7314e+02 -2.2292e+02 7.9384e+03 3.3361e+03 -5.4245e+00 2.0457e+03 7.0187e+00 4.1297e+00
6.4221e-02 1.0858e+04 1.1787e+04 2.5677e+02 -2.3378e+02 -2.0480e+02 1.2891e+04 8.0246e+02 -2.2017e+02 -2.2449e+02 7.4298e+03 2.9710e+03 -5.2824e-01 1.8640e+03 8.5443e+00 4.4119e+00
7.0292e-02 8.8550e+03 9.7062e+03 5.5112e+02 -2.3987e+02 -1.7074e+02 1.0749e+04 1.2156e+03 -2.2242e+02 -1.8996e+02 8.0001e+03 2.9900e+03 -1.0305e+01 1.8507e+03 7.8741e+00 3.9081e+00
7.6570e-02 8.8193e+03 9.6991e+03 5.5259e+02 -2.5182e+02 -1.7598e+02 1.0775e+04 1.2161e+03 -2.3594e+02 -1.9581e+02 7.8503e+03 2.8460e+03 -4.2153e+00 1.7349e+03 1.0911e+01 4.1300e+00
8.2833e-02 7.3852e+03 8.1776e+03 6.3210e+02 -1.8821e+02 -1.5735e+02 9.1762e+03 1.3383e+03 -1.8960e+02 -1.7694e+02 7.6896e+03 2.6151e+03 -7.7767e+00 1.6716e+03 1.0073e+01 4.0265e+00
8.8863e-02 6.7575e+03 7.5841e+03 8.2165e+02 -2.7864e+02 -1.5375e+02 8.6339e+03 1.5594e+03 -2.9638e+02 -1.7525e+02 7.8675e+03 2.6573e+03 -9.1912e+00 1.7072e+03 1.4702e+01 4.2306e+00
9.4935e-02 6.0532e+03 6.7947e+03 6.0333e+02 -3.1439e+02 -1.4061e+02 7.7459e+03 1.2648e+03 -3.6596e+02 -1.6019e+02 7.0100e+03 2.2176e+03 -3.0756e+00 1.5198e+03 1.5000e+01 4.0100e+00
1.0105e-01 5.5657e+03 6.2961e+03 8.4821e+02 -2.6370e+02 -1.3456e+02 7.2480e+03 1.5800e+03 -3.0117e+02 -1.5480e+02 7.2673e+03 2.2649e+03 -7.1586e+00 1.5174e+03 1.5790e+01 4.1028e+00
1.0719e-01 5.0730e+03 5.7662e+03 7.8499e+02 -2.4164e+02 -1.3014e+02 6.6754e+03 1.4887e+03 -2.7965e+02 -1.5030e+02 6.8765e+03 2.0409e+03 -4.5898e+00 1.3641e+03 1.6074e+01 4.2256e+00
1.1336e-01 4.5978e+03 5.2476e+03 6.8207e+02 -2.5859e+02 -1.2296e+02 6.1188e+03 1.3921e+03 -3.1209e+02 -1.4311e+02 6.6347e+03 1.8392e+03 -3.8193e+00 1.2693e+03 1.6981e+01 4.2275e+00
1.1952e-01 4.5204e+03 5.1916e+03 8.2403e+02 -2.2822e+02 -1.2796e+02 6.0933e+03 1.5637e+03 -2.7992e+02 -1.4960e+02 6.6726e+03 1.8176e+03 -7.1934e+00 1.2725e+03 1.6914e+01 4.6152e+00
1.2567e-01 4.2229e+03 4.9066e+03 8.4869e+02 -2.9352e+02 -1.2719e+02 5.8340e+03 1.6096e+03 -3.5714e+02 -1.5072e+02 6.6074e+03 1.7348e+03 -9.0674e+00 1.2247e+03 2.0011e+01 4.9418e+00
1.3179e-01 3.9200e+03 4.5734e+03 9.2728e+02 -1.9867e+02 -1.2155e+02 5.4621e+03 1.6564e+03 -2.6040e+02 -1.4449e+02 6.4253e+03 1.6756e+03 -7.2259e+00 1.1903e+03 1.9020e+01 4.9261e+00
1.3789e-01 3.6927e+03 4.3297e+03 8.5416e+02 -2.4851e+02 -1.1949e+02 5.2110e+03 1.6189e+03 -3.1282e+02 -1.4304e+02 6.4131e+03 1.5413e+03 -6.2303e+00 1.0937e+03 2.1043e+01 5.1686e+00
1.4406e-01 3.5991e+03 4.2638e+03 1.0675e+03 -2.0928e+02 -1.2211e+02 5.1860e+03 1.8808e+03 -2.7157e+02 -1.4751e+02 6.5315e+03 1.5331e+03 -1.2181e+01 1.0833e+03 2.1589e+01 5.5146e+00
1.5018e-01 3.2165e+03 3.8203e+03 9.3919e+02 -2.2041e+02 -1.1265e+02 4.6658e+03 1.6940e+03 -2.9094e+02 -1.3620e+02 6.1311e+03 1.4085e+03 -6.1858e+00 1.0351e+03 2.2108e+01 5.4137e+00
1.5634e-01 3.0644e+03 3.6769e+03 1.0792e+03 -1.9711e+02 -1.1127e+02 4.5412e+03 1.8633e+03 -2.7168e+02 -1.3623e+02 6.1287e+03 1.3438e+03 -1.1559e+01 1.0023e+03 2.2499e+01 5.6630e+00
1.6254e-01 2.8455e+03 3.4285e+03 9.9351e+02 -2.0894e+02 -1.0923e+02 4.2617e+03 1.7845e+03 -2.7849e+02 -1.3418e+02 6.1065e+03 1.3164e+03 -9.8703e+00 9.7016e+02 2.3214e+01 5.8951e+00
1.6869e-01 2.7016e+03 3.2856e+03 1.0056e+03 -2.2482e+02 -1.0803e+02 4.1233e+03 1.7691e+03 -3.1427e+02 -1.3388e+02 5.8796e+03 1.2502e+03 -8.3056e+00 9.6646e+02 2.5935e+01 6.1465e+00
1.7480e-01 2.6019e+03 3.1781e+03 1.0711e+03 -1.9660e+02 -1.0711e+02 4.0136e+03 1.8741e+03 -2.7902e+02 -1.3351e+02 5.9306e+03 1.1695e+03 -1.1130e+01 9.0423e+02 2.5333e+01 6.3949e+00
1.8091e-01 2.4428e+03 2.9949e+03 1.0083e+03 -1.9240e+02 -1.0443e+02 3.7998e+03 1.7872e+03 -2.7192e+02 -1.3044e+02 5.7410e+03 1.1260e+03 -7.4251e+00 8.7514e+02 2.6228e+01 6.6242e+00
1.8701e-01 2.3492e+03 2.8925e+03 1.0147e+03 -1.8726e+02 -1.0412e+02 3.6863e+03 1.7850e+03 -2.6488e+02 -1.3066e+02 5.6067e+03 1.0503e+03 -8.7029e+00 8.1195e+02 2.6092e+01 6.8793e+00
1.9316e-01 2.2919e+03 2.8435e+03 1.0589e+03 -1.9482e+02 -1.0535e+02 3.6533e+03 1.8362e+03 -2.8453e+02 -1.3330e+02 5.5455e+03 1.0216e+03 -1.0461e+01 8.2549e+02 2.8088e+01 7.3297e+00
1.9933e-01 2.1482e+03 2.6833e+03 1.0292e+03 -1.8810e+02 -1.0299e+02 3.4765e+03 1.8168e+03 -2.7041e+02 -1.3107e+02 5.5788e+03 1.0121e+03 -8.3524e+00 8.0536e+02 2.8636e+01 7.6273e+00
2.0548e-01 2.0968e+03 2.6474e+03 1.1431e+03 -1.8562e+02 -1.0368e+02 3.4653e+03 1.9560e+03 -2.7444e+02 -1.3340e+02 5.5739e+03 9.3961e+02 -1.3548e+01 7.7121e+02 2.9584e+01 8.0125e+00
2.1163e-01 1.9932e+03 2.5203e+03 1.0735e+03 -1.7557e+02 -1.0191e+02 3.3090e+03 1.8492e+03 -2.6940e+02 -1.3157e+02 5.3209e+03 8.8736e+02 -1.1075e+01 7.4565e+02 2.9492e+01 8.2566e+00
2.1776e-01 1.9118e+03 2.4320e+03 1.0721e+03 -1.9131e+02 -1.0130e+02 3.2117e+03 1.8460e+03 -2.8393e+02 -1.3162e+02 5.3001e+03 8.9090e+02 -1.2531e+01 7.4313e+02 3.1441e+01 8.6248e+00
2.2390e-01 1.7791e+03 2.2759e+03 1.0470e+03 -1.6972e+02 -9.7008e+01 3.0273e+03 1.8043e+03 -2.6031e+02 -1.2672e+02 5.1158e+03 8.2046e+02 -1.0329e+01 6.9978e+02 3.0743e+01 8.7763e+00
2.3001e-01 1.7661e+03 2.2731e+03 1.0910e+03 -1.6297e+02 -9.8074e+01 3.0415e+03 1.8714e+03 -2.5117e+02 -1.2886e+02 5.1762e+03 8.2002e+02 -1.2464e+01 6.9163e+02 3.1326e+01 9.0873e+00
2.3615e-01 1.6723e+03 2.1592e+03 1.0917e+03 -1.5534e+02 -9.5287e+01 2.9029e+03 1.8687e+03 -2.4237e+02 -1.2586e+02 5.1238e+03 7.7897e+02 -1.2567e+01 6.6276e+02 3.1363e+01 9.4074e+00
2.4229e-01 1.6191e+03 2.1004e+03 1.0568e+03 -1.5755e+02 -9.4790e+01 2.8380e+03 1.8181e+03 -2.4878e+02 -1.2567e+02 5.0062e+03 7.4495e+02 -7.1749e+00 6.4763e+02 3.3183e+01 9.8530e+00
2.4841e-01 1.5738e+03 2.0574e+03 1.0871e+03 -1.5670e+02 -9.4481e+01 2.7998e+03 1.8477e+03 -2.4951e+02 -1.2653e+02 4.8952e+03 7.0969e+02 -1.1702e+01 6.3512e+02 3.3445e+01 1.0163e+01
2.5454e-01 1.5291e+03 2.0076e+03 1.0859e+03 -1.5450e+02 -9.4643e+01 2.7453e+03 1.8486e+03 -2.4769e+02 -1.2739e+02 4.8617e+03 6.8113e+02 -1.3445e+01 6.1242e+02 3.3459e+01 1.0553e+01
2.6069e-01 1.4737e+03 1.9450e+03 1.0792e+03 -1.5436e+02 -9.4036e+01 2.6746e+03 1.8422e+03 -2.4851e+02 -1.2716e+02 4.8426e+03 6.4830e+02 -1.2865e+01 5.9671e+02 3.4372e+01 1.1018e+01
2.6686e-01 1.4040e+03 1.8655e+03 1.0865e+03 -1.4650e+02 -9.1115e+01 2.5839e+03 1.8433e+03 -2.3905e+02 -1.2418e+02 4.7707e+03 6.4475e+02 -1.2136e+01 5.8687e+02 3.5084e+01 1.1245e+01
2.7300e-01 1.3555e+03 1.8045e+03 1.0543e+03 -1.3880e+02 -8.9145e+01 2.5071e+03 1.7948e+03 -2.3211e+02 -1.2258e+02 4.6170e+03 6.0328e+02 -1.3634e+01 5.7130e+02 3.4498e+01 1.1486e+01
2.7914e-01 1.3374e+03 1.7929e+03 1.0731e+03 -1.4344e+02 -9.1900e+01 2.5045e+03 1.8130e+03 -2.3876e+02 -1.2687e+02 4.5321e+03 5.6803e+02 -1.6112e+01 5.4979e+02 3.5121e+01 1.2218e+01
2.8524e-01 1.2754e+03 1.7191e+03 1.0677e+03 -1.3795e+02 -8.8742e+01 2.4179e+03 1.8141e+03 -2.3120e+02 -1.2315e+02 4.5855e+03 5.6631e+02 -1.4276e+01 5.3968e+02 3.5396e+01 1.2277e+01
2.9135e-01 1.2428e+03 1.6786e+03 1.0502e+03 -1.3474e+02 -8.8307e+01 2.3682e+03 1.7919e+03 -2.2631e+02 -1.2308e+02 4.4763e+03 5.3497e+02 -1.5539e+01 5.1999e+02 3.5496e+01 1.2741e+01
2.9751e-01 1.1970e+03 1.6269e+03 1.0555e+03 -1.3243e+02 -8.5802e+01 2.3099e+03 1.7959e+03 -2.2544e+02 -1.2052e+02 4.4720e+03 5.3233e+02 -1.3427e+01 5.1889e+02 3.6825e+01 1.2984e+01
3.0365e-01 1.1607e+03 1.5870e+03 1.0517e+03 -1.2685e+02 -8.6670e+01 2.2662e+03 1.7888e+03 -2.1871e+02 -1.2258e+02 4.4542e+03 5.2936e+02 -1.4132e+01 5.1413e+02 3.7361e+01 1.3677e+01
3.0979e-01 1.1212e+03 1.5382e+03 1.0274e+03 -1.2815e+02 -8.4661e+01 2.2069e+03 1.7576e+03 -2.2146e+02 -1.2024e+02 4.3737e+03 4.9977e+02 -1.1486e+01 4.9729e+02 3.7942e+01 1.4035e+01
3.1595e-01 1.1097e+03 1.5298e+03 1.0453e+03 -1.2804e+02 -8.5255e+01 2.2038e+03 1.7816e+03 -2.2225e+02 -1.2190e+02 4.3361e+03 4.6982e+02 -1.4513e+01 4.8031e+02 3.8286e+01 1.4460e+01
3.2211e-01 1.0698e+03 1.4827e+03 1.0269e+03 -1.2716e+02 -8.3827e+01 2.1482e+03 1.7548e+03 -2.2032e+02 -1.2076e+02 4.2680e+03 4.5917e+02 -1.4211e+01 4.7447e+02 3.8455e+01 1.4826e+01
3.2826e-01 1.0484e+03 1.4566e+03 1.0281e+03 -1.2330e+02 -8.3030e+01 2.1148e+03 1.7473e+03 -2.1839e+02 -1.1998e+02 4.2047e+03 4.3691e+02 -1.4033e+01 4.6182e+02 3.8420e+01 1.5114e+01
3.3435e-01 1.0208e+03 1.4242e+03 1.0119e+03 -1.2583e+02 -8.3290e+01 2.0772e+03 1.7269e+03 -2.2092e+02 -1.2111e+02 4.1561e+03 4.1900e+02 -1.4263e+01 4.4840e+02 3.9425e+01 1.5720e+01
3.4048e-01 9.8632e+02 1.3821e+03 1.0045e+03 -1.1490e+02 -8.2003e+01 2.0245e+03 1.7125e+03 -2.0598e+02 -1.1983e+02 4.0908e+03 4.0680e+02 -1.4105e+01 4.3600e+02 3.8400e+01 1.6244e+01
3.4663e-01 9.6638e+02 1.3619e+03 1.0106e+03 -1.1572e+02 -8.1428e+01 2.0069e+03 1.7277e+03 -2.0744e+02 -1.2017e+02 4.0999e+03 3.9955e+02 -1.6001e+01 4.3280e+02 3.9678e+01 1.6627e+01
3.5273e-01 9.4397e+02 1.3375e+03 1.0227e+03 -1.1182e+02 -8.0490e+01 1.9823e+03 1.7484e+03 -2.0293e+02 -1.1976e+02 4.0885e+03 3.7641e+02 -1.7753e+01 4.1809e+02 3.9946e+01 1.7090e+01
3.5887e-01 9.2278e+02 1.3104e+03 1.0063e+03 -1.1262e+02 -7.9956e+01 1.9443e+03 1.7152e+03 -2.0360e+02 -1.1910e+02 4.0333e+03 3.7740e+02 -1.4420e+01 4.1533e+02 4.0321e+01 1.7565e+01
3.6501e-01 8.9553e+02 1.2766e+03 9.8622e+02 -1.1481e+02 -7.9132e+01 1.9032e+03 1.6857e+03 -2.0884e+02 -1.1872e+02 3.9393e+03 3.5886e+02 -1.5140e+01 4.1343e+02 4.0807e+01 1.7967e+01
3.7117e-01 8.8323e+02 1.2651e+03 9.9143e+02 -1.1092e+02 -7.8848e+01 1.8938e+03 1.6929e+03 -2.0434e+02 -1.1914e+02 3.9048e+03 3.3755e+02 -1.5167e+01 3.9805e+02 4.1359e+01 1.8556e+01
3.7731e-01 8.5043e+02 1.2229e+03 9.7799e+02 -1.0856e+02 -7.7442e+01 1.8387e+03 1.6717e+03 -2.0035e+02 -1.1782e+02 3.8752e+03 3.3508e+02 -1.6297e+01 3.9264e+02 4.1137e+01 1.8779e+01
3.8342e-01 8.4049e+02 1.2132e+03 9.9003e+02 -1.0690e+02 -7.6958e+01 1.8303e+03 1.6901e+03 -1.9830e+02 -1.1779e+02 3.8512e+03 3.1080e+02 -1.7948e+01 3.8010e+02 4.0848e+01 1.9267e+01
3.8958e-01 8.1650e+02 1.1834e+03 9.7512e+02 -1.0535e+02 -7.5981e+01 1.7928e+03 1.6698e+03 -1.9552e+02 -1.1690e+02 3.8393e+03 3.1405e+02 -1.6335e+01 3.7571e+02 4.1389e+01 1.9719e+01
3.9572e-01 7.9013e+02 1.1475e+03 9.4991e+02 -1.0189e+02 -7.3785e+01 1.7421e+03 1.6252e+03 -1.9105e+02 -1.1434e+02 3.7354e+03 3.0102e+02 -1.3725e+01 3.6682e+02 4.1676e+01 2.0187e+01
4.0186e-01 7.7212e+02 1.1243e+03 9.5024e+02 -9.2334e+01 -7.3255e+01 1.7131e+03 1.6295e+03 -1.7721e+02 -1.1402e+02 3.7286e+03 3.0111e+02 -1.5895e+01 3.5755e+02 4.0805e+01 2.0414e+01
4.0800e-01 7.5492e+02 1.1060e+03 9.4210e+02 -9.7946e+01 -7.3384e+01 1.6947e+03 1.6175e+03 -1.8640e+02 -1.1511e+02 3.6803e+03 2.7967e+02 -1.5897e+01 3.5236e+02 4.2007e+01 2.1191e+01
4.1411e-01 7.4399e+02 1.0937e+03 9.4397e+02 -9.7299e+01 -7.3069e+01 1.6808e+03 1.6189e+03 -1.8686e+02 -1.1545e+02 3.6494e+03 2.6621e+02 -1.7764e+01 3.4913e+02 4.2157e+01 2.1717e+01
4.2026e-01 7.2817e+02 1.0728e+03 9.3505e+02 -9.5873e+01 -7.1739e+01 1.6527e+03 1.6037e+03 -1.8406e+02 -1.1396e+02 3.6186e+03 2.6418e+02 -1.5901e+01 3.4275e+02 4.2690e+01 2.2161e+01
4.2641e-01 7.1463e+02 1.0581e+03 9.3217e+02 -9.6715e+01 -7.2394e+01 1.6381e+03 1.6005e+03 -1.8729e+02 -1.1584e+02 3.5602e+03 2.4260e+02 -2.0210e+01 3.3641e+02 4.2921e+01 2.2693e+01
4.3253e-01 6.9215e+02 1.0284e+03 9.1109e+02 -9.5630e+01 -7.0653e+01 1.5983e+03 1.5721e+03 -1.8404e+02 -1.1397e+02 3.5282e+03 2.3934e+02 -1.8706e+01 3.2876e+02 4.3107e+01 2.3035e+01
4.3864e-01 6.8024e+02 1.0146e+03 9.1817e+02 -9.2030e+01 -6.9908e+01 1.5817e+03 1.5798e+03 -1.7887e+02 -1.1314e+02 3.5212e+03 2.3435e+02 -1.8241e+01 3.2273e+02 4.2595e+01 2.3496e+01
4.4477e-01 6.7600e+02 1.0121e+03 9.2105e+02 -9.2109e+01 -7.0897e+01 1.5833e+03 1.5862e+03 -1.7989e+02 -1.1563e+02 3.4930e+03 2.2357e+02 -2.1864e+01 3.1951e+02 4.3258e+01 2.4189e+01
4.5094e-01 6.5321e+02 9.8039e+02 9.0709e+02 -8.7264e+01 -6.8426e+01 1.5381e+03 1.5633e+03 -1.7192e+02 -1.1231e+02 3.4773e+03 2.2450e+02 -1.7531e+01 3.1099e+02 4.3295e+01 2.4613e+01
4.5710e-01 6.3708e+02 9.5803e+02 8.8877e+02 -8.3443e+01 -6.7814e+01 1.5065e+03 1.5337e+03 -1.6633e+02 -1.1184e+02 3.4244e+03 2.2211e+02 -1.6992e+01 3.0617e+02 4.3134e+01 2.5029e+01
4.6324e-01 6.2919e+02 9.4991e+02 8.8307e+02 -8.9048e+01 -6.7878e+01 1.4991e+03 1.5284e+03 -1.7472e+02 -1.1244e+02 3.3664e+03 2.0033e+02 -1.9152e+01 3.0192e+02 4.3276e+01 2.5562e+01
4.6938e-01 6.1495e+02 9.3228e+02 8.8509e+02 -8.6316e+01 -6.6668e+01 1.4772e+03 1.5301e+03 -1.7133e+02 -1.1137e+02 3.3714e+03 1.9701e+02 -1.8246e+01 2.9607e+02 4.3863e+01 2.5881e+01
4.7550e-01 5.9963e+02 9.1138e+02 8.6849e+02 -8.3258e+01 -6.5719e+01 1.4485e+03 1.5051e+03 -1.6700e+02 -1.1052e+02 3.3118e+03 1.8758e+02 -1.8613e+01 2.8823e+02 4.3269e+01 2.6343e+01
4.8161e-01 5.8742e+02 8.9656e+02 8.6154e+02 -8.2238e+01 -6.5358e+01 1.4306e+03 1.4966e+03 -1.6614e+02 -1.1083e+02 3.2857e+03 1.8312e+02 -2.0010e+01 2.8758e+02 4.3853e+01 2.6963e+01
4.8774e-01 5.7107e+02 8.7379e+02 8.4936e+02 -7.9492e+01 -6.3610e+01 1.3983e+03 1.4784e+03 -1.6108e+02 -1.0833e+02 3.2553e+03 1.7835e+02 -1.8222e+01 2.8056e+02 4.3102e+01 2.7142e+01
4.9386e-01 5.6408e+02 8.6519e+02 8.4541e+02 -7.9052e+01 -6.3647e+01 1.3874e+03 1.4710e+03 -1.5943e+02 -1.0897e+02 3.2243e+03 1.7320e+02 -2.0384e+01 2.7305e+02 4.2822e+01 2.7542e+01
5.0000e-01 5.5565e+02 8.5459e+02 8.3701e+02 -7.8335e+01 -6.3363e+01 1.3742e+03 1.4576e+03 -1.5956e+02 -1.0929e+02 3.1954e+03 1.6778e+02 -1.8596e+01 2.7022e+02 4.4032e+01 2.8472e+01
5.0617e-01 5.4375e+02 8.3841e+02 8.3373e+02 -7.7975e+01 -6.2443e+01 1.3521e+03 1.4519e+03 -1.5929e+02 -1.0848e+02 3.1754e+03 1.6008e+02 -2.0030e+01 2.6751e+02 4.3565e+01 2.8758e+01
5.1232e-01 5.3840e+02 8.3354e+02 8.3744e+02 -7.6990e+01 -6.2515e+01 1.3484e+03 1.4587e+03 -1.5766e+02 -1.0907e+02 3.1593e+03 1.4802e+02 -2.1596e+01 2.6007e+02 4.3407e+01 2.9375e+01
5.1844e-01 5.2251e+02 8.1061e+02 8.1587e+02 -7.5326e+01 -6.0669e+01 1.3147e+03 1.4264e+03 -1.5473e+02 -1.0676e+02 3.1097e+03 1.4492e+02 -1.9740e+01 2.5563e+02 4.3297e+01 2.9699e+01
5.2458e-01 5.1080e+02 7.9537e+02 8.0641e+02 -7.4627e+01 -6.0027e+01 1.2949e+03 1.4122e+03 -1.5352e+02 -1.0632e+02 3.0765e+03 1.4104e+02 -2.0033e+01 2.5103e+02 4.3418e+01 3.0056e+01
5.3073e-01 5.0664e+02 7.9139e+02 8.1020e+02 -7.3905e+01 -5.9777e+01 1.2923e+03 1.4187e+03 -1.5335e+02 -1.0672e+02 3.0649e+03 1.3145e+02 -2.0222e+01 2.4851e+02 4.3767e+01 3.0845e+01
5.3687e-01 4.9369e+02 7.7244e+02 8.0066e+02 -7.1153e+01 -5.8513e+01 1.2637e+03 1.4025e+03 -1.4903e+02 -1.0501e+02 3.0315e+03 1.2920e+02 -2.0143e+01 2.4469e+02 4.3701e+01 3.1031e+01
5.4296e-01 4.8800e+02 7.6643e+02 8.0003e+02 -7.0246e+01 -5.8688e+01 1.2580e+03 1.4037e+03 -1.4716e+02 -1.0591e+02 3.0251e+03 1.2508e+02 -2.2398e+01 2.3937e+02 4.3014e+01 3.1631e+01
5.4911e-01 4.7627e+02 7.5013e+02 7.8141e+02 -7.2171e+01 -5.8123e+01 1.2353e+03 1.3752e+03 -1.5046e+02 -1.0576e+02 2.9602e+03 1.1531e+02 -2.2767e+01 2.3713e+02 4.3863e+01 3.2177e+01
5.5528e-01 4.6512e+02 7.3441e+02 7.7675e+02 -6.7783e+01 -5.6957e+01 1.2124e+03 1.3667e+03 -1.4344e+02 -1.0434e+02 2.9494e+03 1.1636e+02 -2.2153e+01 2.3219e+02 4.3337e+01 3.2595e+01
5.6141e-01 4.5789e+02 7.2484e+02 7.6922e+02 -6.7596e+01 -5.6661e+01 1.1997e+03 1.3565e+03 -1.4286e+02 -1.0417e+02 2.9348e+03 1.1190e+02 -2.1547e+01 2.2834e+02 4.3594e+01 3.3105e+01
5.6754e-01 4.4589e+02 7.0645e+02 7.5006e+02 -6.6148e+01 -5.5339e+01 1.1710e+03 1.3249e+03 -1.4007e+02 -1.0240e+02 2.8639e+03 1.0393e+02 -2.0979e+01 2.2227e+02 4.2633e+01 3.3343e+01
5.7367e-01 4.3903e+02 6.9746e+02 7.4971e+02 -6.4142e+01 -5.4173e+01 1.1591e+03 1.3245e+03 -1.3705e+02 -1.0112e+02 2.8594e+03 1.0479e+02 -2.0492e+01 2.2075e+02 4.2709e+01 3.3620e+01
5.7981e-01 4.3312e+02 6.9125e+02 7.4871e+02 -6.5280e+01 -5.4711e+01 1.1536e+03 1.3256e+03 -1.3899e+02 -1.0250e+02 2.8519e+03 9.7362e+01 -2.2797e+01 2.1836e+02 4.2723e+01 3.4149e+01
5.8594e-01 4.2188e+02 6.7468e+02 7.3135e+02 -6.3262e+01 -5.3818e+01 1.1285e+03 1.2967e+03 -1.3532e+02 -1.0158e+02 2.7812e+03 9.3011e+01 -2.3590e+01 2.1255e+02 4.2191e+01 3.4517e+01
5.9206e-01 4.1852e+02 6.7107e+02 7.3166e+02 -6.3332e+01 -5.3949e+01 1.1252e+03 1.2975e+03 -1.3623e+02 -1.0253e+02 2.7823e+03 8.9098e+01 -2.3383e+01 2.1127e+02 4.3088e+01 3.5490e+01
5.9819e-01 4.0994e+02 6.5813e+02 7.2666e+02 -6.0391e+01 -5.1990e+01 1.1048e+03 1.2887e+03 -1.3096e+02 -9.9474e+01 2.7734e+03 8.9041e+01 -2.1456e+01 2.0646e+02 4.2711e+01 3.5427e+01
6.0436e-01 4.0118e+02 6.4599e+02 7.1529e+02 -6.0742e+01 -5.1341e+01 1.0881e+03 1.2730e+03 -1.3124e+02 -9.8799e+01 2.7351e+03 8.2160e+01 -2.2360e+01 2.0329e+02 4.1905e+01 3.5642e+01
6.1049e-01 3.9447e+02 6.3647e+02 7.0716e+02 -6.0881e+01 -5.1253e+01 1.0742e+03 1.2600e+03 -1.3135e+02 -9.9091e+01 2.7029e+03 7.6037e+01 -2.2586e+01 2.0057e+02 4.2392e+01 3.6324e+01
6.1661e-01 3.8789e+02 6.2762e+02 7.0166e+02 -6.0908e+01 -5.0617e+01 1.0622e+03 1.2511e+03 -1.3112e+02 -9.8477e+01 2.6808e+03 7.1740e+01 -2.2726e+01 1.9721e+02 4.2075e+01 3.6665e+01
6.2276e-01 3.8287e+02 6.2063e+02 6.9624e+02 -5.9269e+01 -5.0667e+01 1.0524e+03 1.2435e+03 -1.2824e+02 -9.9152e+01 2.6566e+03 6.8624e+01 -2.4890e+01 1.9354e+02 4.1872e+01 3.7262e+01
6.2890e-01 3.7508e+02 6.1039e+02 6.8881e+02 -5.9415e+01 -5.0089e+01 1.0388e+03 1.2323e+03 -1.2858e+02 -9.8543e+01 2.6331e+03 6.5540e+01 -2.3422e+01 1.9131e+02 4.2120e+01 3.7802e+01
6.3503e-01 3.6743e+02 5.9871e+02 6.8198e+02 -5.7150e+01 -4.8924e+01 1.0209e+03 1.2215e+03 -1.2503e+02 -9.7026e+01 2.6113e+03 6.1141e+01 -2.4001e+01 1.8743e+02 4.1463e+01 3.7816e+01
6.4117e-01 3.6017e+02 5.8843e+02 6.7187e+02 -5.6143e+01 -4.8360e+01 1.0060e+03 1.2070e+03 -1.2256e+02 -9.6418e+01 2.5918e+03 6.2044e+01 -2.3236e+01 1.8466e+02 4.1227e+01 3.8426e+01
6.4731e-01 3.5432e+02 5.8048e+02 6.7015e+02 -5.5275e+01 -4.6968e+01 9.9482e+02 1.2035e+03 -1.2150e+02 -9.4583e+01 2.5726e+03 5.8077e+01 -2.2716e+01 1.8246e+02 4.1080e+01 3.8559e+01
6.5344e-01 3.4968e+02 5.7371e+02 6.6320e+02 -5.4257e+01 -4.7115e+01 9.8474e+02 1.1920e+03 -1.1964e+02 -9.5185e+01 2.5451e+03 5.5788e+01 -2.3577e+01 1.7932e+02 4.0963e+01 3.9136e+01
6.5958e-01 3.4150e+02 5.6212e+02 6.5436e+02 -5.3219e+01 -4.6414e+01 9.6833e+02 1.1801e+03 -1.1779e+02 -9.4456e+01 2.5214e+03 4.9885e+01 -2.4590e+01 1.7519e+02 4.0256e+01 3.9465e+01
6.6571e-01 3.3553e+02 5.5310e+02 6.4668e+02 -5.3494e+01 -4.5873e+01 9.5432e+02 1.1670e+03 -1.1808e+02 -9.3813e+01 2.4935e+03 4.4522e+01 -2.5213e+01 1.7341e+02 4.0100e+01 3.9576e+01
6.7184e-01 3.2961e+02 5.4421e+02 6.3735e+02 -5.2375e+01 -4.4655e+01 9.4085e+02 1.1523e+03 -1.1591e+02 -9.2268e+01 2.4702e+03 4.6611e+01 -2.2717e+01 1.7157e+02 4.0294e+01 4.0156e+01
6.7797e-01 3.2485e+02 5.3782e+02 6.3689e+02 -5.0706e+01 -4.4229e+01 9.3211e+02 1.1526e+03 -1.1288e+02 -9.1899e+01 2.4696e+03 4.4198e+01 -2.3930e+01 1.6727e+02 3.9635e+01 4.0432e+01
6.8410e-01 3.1892e+02 5.2911e+02 6.2393e+02 -5.1496e+01 -4.4442e+01 9.1934e+02 1.1320e+03 -1.1448e+02 -9.2637e+01 2.4216e+03 3.9040e+01 -2.5077e+01 1.6628e+02 3.9957e+01 4.1016e+01
6.9025e-01 3.1364e+02 5.2168e+02 6.1982e+02 -5.0473e+01 -4.3410e+01 9.0865e+02 1.1262e+03 -1.1253e+02 -9.1121e+01 2.4063e+03 3.5618e+01 -2.4183e+01 1.6314e+02 3.9410e+01 4.1153e+01
6.9639e-01 3.0706e+02 5.1156e+02 6.1125e+02 -4.9389e+01 -4.2719e+01 8.9275e+02 1.1118e+03 -1.1056e+02 -9.0134e+01 2.3860e+03 3.5375e+01 -2.3263e+01 1.6113e+02 3.9204e+01 4.1461e+01
7.0254e-01 3.0104e+02 5.0234e+02 6.0146e+02 -4.8488e+01 -4.2334e+01 8.7855e+02 1.0948e+03 -1.0944e+02 -9.0201e+01 2.3423e+03 3.1856e+01 -2.4588e+01 1.5872e+02 3.9188e+01 4.2058e+01
7.0868e-01 2.9687e+02 4.9666e+02 5.9774e+02 -4.8638e+01 -4.1904e+01 8.7058e+02 1.0899e+03 -1.0905e+02 -8.9620e+01 2.3356e+03 2.9708e+01 -2.3931e+01 1.5613e+02 3.9017e+01 4.2431e+01
7.1481e-01 2.8930e+02 4.8476e+02 5.8555e+02 -4.7549e+01 -4.1268e+01 8.5176e+02 1.0706e+03 -1.0683e+02 -8.8930e+01 2.2993e+03 2.7090e+01 -2.4892e+01 1.5328e+02 3.8598e+01 4.2624e+01
7.2095e-01 2.8679e+02 4.8127e+02 5.8441e+02 -4.5897e+01 -4.0389e+01 8.4663e+02 1.0684e+03 -1.0379e+02 -8.7522e+01 2.2879e+03 2.7553e+01 -2.4465e+01 1.5008e+02 3.7719e+01 4.2705e+01
7.2708e-01 2.8003e+02 4.7139e+02 5.7619e+02 -4.5904e+01 -3.9940e+01 8.3203e+02 1.0561e+03 -1.0371e+02 -8.7267e+01 2.2670e+03 2.4116e+01 -2.4843e+01 1.4868e+02 3.7975e+01 4.3279e+01
7.3319e-01 2.7457e+02 4.6301e+02 5.6687e+02 -4.4902e+01 -3.9687e+01 8.1912e+02 1.0409e+03 -1.0202e+02 -8.7178e+01 2.2411e+03 2.2753e+01 -2.4150e+01 1.4616e+02 3.7942e+01 4.3897e+01
7.3934e-01 2.7101e+02 4.5794e+02 5.6368e+02 -4.4911e+01 -3.9002e+01 8.1142e+02 1.0362e+03 -1.0154e+02 -8.5883e+01 2.2245e+03 1.9667e+01 -2.4544e+01 1.4447e+02 3.7172e+01 4.3484e+01
7.4548e-01 2.6568e+02 4.4952e+02 5.5650e+02 -4.3450e+01 -3.8152e+01 7.9788e+02 1.0240e+03 -9.8865e+01 -8.4618e+01 2.2055e+03 1.9360e+01 -2.3237e+01 1.4192e+02 3.6764e+01 4.3760e+01
7.5161e-01 2.6180e+02 4.4415e+02 5.5074e+02 -4.3974e+01 -3.7844e+01 7.9049e+02 1.0155e+03 -9.9976e+01 -8.4522e+01 2.1870e+03 1.5335e+01 -2.3642e+01 1.4079e+02 3.6950e+01 4.4227e+01
7.5776e-01 2.5863e+02 4.3969e+02 5.4933e+02 -4.3044e+01 -3.7559e+01 7.8430e+02 1.0142e+03 -9.8276e+01 -8.4403e+01 2.1818e+03 1.4749e+01 -2.5317e+01 1.3892e+02 3.6658e+01 4.4454e+01
7.6390e-01 2.5222e+02 4.2960e+02 5.3786e+02 -4.2116e+01 -3.6935e+01 7.6807e+02 9.9580e+02 -9.6170e+01 -8.3426e+01 2.1442e+03 1.2102e+01 -2.5214e+01 1.3594e+02 3.6025e+01 4.4611e+01
7.7006e-01 2.4841e+02 4.2365e+02 5.3095e+02 -4.1929e+01 -3.6483e+01 7.5862e+02 9.8314e+02 -9.5826e+01 -8.3112e+01 2.1207e+03 1.0967e+01 -2.3701e+01 1.3427e+02 3.6117e+01 4.5465e+01
7.7616e-01 2.4474e+02 4.1858e+02 5.2700e+02 -4.1362e+01 -3.6359e+01 7.5144e+02 9.7806e+02 -9.4577e+01 -8.2858e+01 2.1104e+03 9.8189e+00 -2.4254e+01 1.3230e+02 3.5851e+01 4.5461e+01
7.8228e-01 2.3733e+02 4.0610e+02 5.1213e+02 -4.0044e+01 -3.4788e+01 7.3009e+02 9.5175e+02 -9.1989e+01 -8.0378e+01 2.0605e+03 9.9844e+00 -2.2721e+01 1.2991e+02 3.5422e+01 4.5422e+01
7.8842e-01 2.3404e+02 4.0172e+02 5.1005e+02 -3.9387e+01 -3.4771e+01 7.2462e+02 9.5016e+02 -9.0924e+01 -8.0718e+01 2.0599e+03 8.3521e+00 -2.3651e+01 1.2869e+02 3.5036e+01 4.5934e+01
7.9456e-01 2.3137e+02 3.9800e+02 5.0751e+02 -3.9495e+01 -3.4635e+01 7.1932e+02 9.4682e+02 -9.0696e+01 -8.0599e+01 2.0469e+03 4.4203e+00 -2.4939e+01 1.2585e+02 3.4637e+01 4.6052e+01
8.0070e-01 2.2685e+02 3.9046e+02 4.9767e+02 -3.8938e+01 -3.4086e+01 7.0633e+02 9.2837e+02 -8.9678e+01 -7.9759e+01 2.0091e+03 3.1673e+00 -2.4282e+01 1.2414e+02 3.4322e+01 4.6227e+01
8.0683e-01 2.2209e+02 3.8310e+02 4.9163e+02 -3.8334e+01 -3.3159e+01 6.9467e+02 9.1902e+02 -8.8131e+01 -7.8282e+01 1.9911e+03 2.1248e+00 -2.3801e+01 1.2224e+02 3.3811e+01 4.6177e+01
8.1298e-01 2.1797e+02 3.7652e+02 4.8309e+02 -3.7718e+01 -3.2624e+01 6.8425e+02 9.0500e+02 -8.7196e+01 -7.7729e+01 1.9690e+03 1.8650e+00 -2.2553e+01 1.2085e+02 3.3933e+01 4.6804e+01
8.1914e-01 2.1378e+02 3.7037e+02 4.7806e+02 -3.7339e+01 -3.2720e+01 6.7506e+02 8.9817e+02 -8.6294e+01 -7.7884e+01 1.9565e+03 4.8933e-01 -2.4543e+01 1.1992e+02 3.3602e+01 4.6782e+01
8.2526e-01 2.0930e+02 3.6309e+02 4.6950e+02 -3.6386e+01 -3.1930e+01 6.6309e+02 8.8280e+02 -8.4449e+01 -7.6886e+01 1.9251e+03 -1.2117e+00 -2.3095e+01 1.1706e+02 3.3105e+01 4.7294e+01
8.3138e-01 2.0626e+02 3.5869e+02 4.6671e+02 -3.6248e+01 -3.1606e+01 6.5656e+02 8.7989e+02 -8.4177e+01 -7.6383e+01 1.9199e+03 -4.4173e+00 -2.4740e+01 1.1551e+02 3.2885e+01 4.7115e+01
8.3752e-01 2.0319e+02 3.5345e+02 4.6054e+02 -3.5242e+01 -3.0927e+01 6.4752e+02 8.6795e+02 -8.2148e+01 -7.5369e+01 1.8927e+03 -3.4148e+00 -2.3599e+01 1.1358e+02 3.2336e+01 4.7334e+01
8.4366e-01 1.9911e+02 3.4740e+02 4.5505e+02 -3.4859e+01 -3.0756e+01 6.3848e+02 8.6016e+02 -8.1271e+01 -7.5174e+01 1.8778e+03 -4.7305e+00 -2.4608e+01 1.1257e+02 3.2191e+01 4.7379e+01
8.4979e-01 1.9505e+02 3.4068e+02 4.4800e+02 -3.4253e+01 -2.9918e+01 6.2702e+02 8.4723e+02 -7.9863e+01 -7.3793e+01 1.8602e+03 -4.3230e+00 -2.1933e+01 1.1068e+02 3.1758e+01 4.7802e+01
8.5593e-01 1.9295e+02 3.3730e+02 4.4341e+02 -3.3865e+01 -2.9882e+01 6.2132e+02 8.3920e+02 -7.8885e+01 -7.3783e+01 1.8389e+03 -5.8320e+00 -2.3034e+01 1.0839e+02 3.1389e+01 4.7864e+01
8.6206e-01 1.8796e+02 3.2938e+02 4.3644e+02 -3.3034e+01 -2.9003e+01 6.0862e+02 8.2835e+02 -7.7403e+01 -7.2430e+01 1.8246e+03 -6.1245e+00 -2.2529e+01 1.0758e+02 3.1040e+01 4.7968e+01
8.6820e-01 1.8648e+02 3.2757e+02 4.3516e+02 -3.3053e+01 -2.9265e+01 6.0667e+02 8.2712e+02 -7.7194e+01 -7.3232e+01 1.8143e+03 -8.4934e+00 -2.4666e+01 1.0596e+02 3.0947e+01 4.8457e+01
8.7433e-01 1.8228e+02 3.2044e+02 4.2666e+02 -3.1708e+01 -2.8319e+01 5.9440e+02 8.1162e+02 -7.4773e+01 -7.1589e+01 1.7852e+03 -8.1622e+00 -2.3475e+01 1.0382e+02 3.0024e+01 4.8198e+01
8.8046e-01 1.7884e+02 3.1506e+02 4.2106e+02 -3.1850e+01 -2.8034e+01 5.8591e+02 8.0331e+02 -7.4702e+01 -7.1221e+01 1.7755e+03 -9.7096e+00 -2.2930e+01 1.0266e+02 3.0118e+01 4.8605e+01
8.8661e-01 1.7590e+02 3.1022e+02 4.1627e+02 -3.1084e+01 -2.7400e+01 5.7763e+02 7.9404e+02 -7.3069e+01 -7.0172e+01 1.7511e+03 -1.0275e+01 -2.2695e+01 1.0060e+02 2.9432e+01 4.8580e+01
8.9275e-01 1.7242e+02 3.0485e+02 4.0896e+02 -3.1265e+01 -2.7195e+01 5.6944e+02 7.8303e+02 -7.3415e+01 -6.9954e+01 1.7286e+03 -1.2755e+01 -2.3128e+01 9.9965e+01 2.9256e+01 4.8696e+01
8.9890e-01 1.6888e+02 2.9904e+02 4.0366e+02 -3.0167e+01 -2.6681e+01 5.5958e+02 7.7366e+02 -7.1133e+01 -6.9037e+01 1.7142e+03 -1.2364e+01 -2.2921e+01 9.7926e+01 2.8687e+01 4.8720e+01
9.0503e-01 1.6643e+02 2.9504e+02 3.9957e+02 -2.9971e+01 -2.6228e+01 5.5308e+02 7.6681e+02 -7.0727e+01 -6.8450e+01 1.7022e+03 -1.2781e+01 -2.2617e+01 9.6834e+01 2.8661e+01 4.9030e+01
9.1117e-01 1.6330e+02 2.8997e+02 3.9394e+02 -2.9659e+01 -2.5930e+01 5.4457e+02 7.5686e+02 -6.9957e+01 -6.7997e+01 1.6840e+03 -1.4274e+01 -2.2758e+01 9.5538e+01 2.8399e+01 4.9091e+01
9.1731e-01 1.5983e+02 2.8441e+02 3.8460e+02 -2.9510e+01 -2.5868e+01 5.3552e+02 7.4127e+02 -6.9390e+01 -6.7837e+01 1.6499e+03 -1.4391e+01 -2.2955e+01 9.4210e+01 2.7929e+01 4.9050e+01
9.2344e-01 1.5696e+02 2.7965e+02 3.8093e+02 -2.8954e+01 -2.5172e+01 5.2756e+02 7.3514e+02 -6.8066e+01 -6.6701e+01 1.6403e+03 -1.5900e+01 -2.2695e+01 9.2690e+01 2.7209e+01 4.8978e+01
9.2956e-01 1.5374e+02 2.7456e+02 3.7613e+02 -2.8123e+01 -2.4838e+01 5.1939e+02 7.2730e+02 -6.6637e+01 -6.6213e+01 1.6272e+03 -1.5956e+01 -2.2579e+01 9.1266e+01 2.7182e+01 4.9162e+01
9.3569e-01 1.5160e+02 2.7101e+02 3.7035e+02 -2.8091e+01 -2.4617e+01 5.1315e+02 7.1644e+02 -6.6320e+01 -6.5694e+01 1.6015e+03 -1.6540e+01 -2.2359e+01 8.9934e+01 2.6741e+01 4.8921e+01
9.4183e-01 1.4904e+02 2.6695e+02 3.6724e+02 -2.7650e+01 -2.4192e+01 5.0678e+02 7.1226e+02 -6.5505e+01 -6.5112e+01 1.5970e+03 -1.7967e+01 -2.2437e+01 8.8892e+01 2.6526e+01 4.9169e+01
9.4799e-01 1.4575e+02 2.6146e+02 3.6027e+02 -2.6965e+01 -2.3756e+01 4.9741e+02 7.0039e+02 -6.3901e+01 -6.4260e+01 1.5755e+03 -1.7527e+01 -2.2167e+01 8.7051e+01 2.5978e+01 4.9098e+01
9.5411e-01 1.4326e+02 2.5734e+02 3.5692e+02 -2.6820e+01 -2.3250e+01 4.9040e+02 6.9391e+02 -6.3527e+01 -6.3401e+01 1.5633e+03 -1.8342e+01 -2.1888e+01 8.6373e+01 2.5815e+01 4.8950e+01
9.6024e-01 1.4000e+02 2.5209e+02 3.4948e+02 -2.6115e+01 -2.3061e+01 4.8197e+02 6.8134e+02 -6.2251e+01 -6.3207e+01 1.5388e+03 -1.8624e+01 -2.2014e+01 8.4870e+01 2.5432e+01 4.9090e+01
9.6637e-01 1.3811e+02 2.4900e+02 3.4649e+02 -2.5718e+01 -2.2809e+01 4.7678e+02 6.7623e+02 -6.1234e+01 -6.2972e+01 1.5278e+03 -1.7460e+01 -2.2392e+01 8.3805e+01 2.5354e+01 4.9453e+01
9.7251e-01 1.3572e+02 2.4501e+02 3.4124e+02 -2.5407e+01 -2.2562e+01 4.7000e+02 6.6739e+02 -6.0353e+01 -6.2396e+01 1.5096e+03 -1.9198e+01 -2.2446e+01 8.2328e+01 2.4660e+01 4.9305e+01
9.7865e-01 1.3258e+02 2.3969e+02 3.3464e+02 -2.5357e+01 -2.1960e+01 4.6080e+02 6.5555e+02 -6.0251e+01 -6.1277e+01 1.4889e+03 -2.0116e+01 -2.1190e+01 8.1743e+01 2.4543e+01 4.9186e+01
9.8477e-01 1.3086e+02 2.3674e+02 3.3081e+02 -2.4960e+01 -2.1861e+01 4.5562e+02 6.4788e+02 -5.9336e+01 -6.1249e+01 1.4691e+03 -2.0951e+01 -2.1948e+01 8.0171e+01 2.4076e+01 4.9306e+01
9.9092e-01 1.2826e+02 2.3252e+02 3.2626e+02 -2.4381e+01 -2.1411e+01 4.4877e+02 6.4103e+02 -5.8089e+01 -6.0443e+01 1.4594e+03 -2.0537e+01 -2.1672e+01 7.8973e+01 2.3782e+01 4.9215e+01
9.9706e-01 1.2488e+02 2.2682e+02 3.1934e+02 -2.4287e+01 -2.0917e+01 4.3893e+02 6.2848e+02 -5.7803e+01 -5.9526e+01 1.4347e+03 -2.2145e+01 -2.1267e+01 7.8287e+01 2.3397e+01 4.9123e+01
1.0032e+00 1.2326e+02 2.2413e+02 3.1671e+02 -2.3666e+01 -2.0676e+01 4.3442e+02 6.2384e+02 -5.6574e+01 -5.9106e+01 1.4285e+03 -2.1044e+01 -2.0505e+01 7.7160e+01 2.3208e+01 4.9212e+01
1.0093e+00 1.2119e+02 2.2073e+02 3.1235e+02 -2.3211e+01 -2.0400e+01 4.2869e+02 6.1657e+02 -5.5624e+01 -5.8602e+01 1.4132e+03 -2.1745e+01 -2.1141e+01 7.5852e+01 2.2845e+01 4.8981e+01
1.0155e+00 1.1893e+02 2.1697e+02 3.0837e+02 -2.3048e+01 -1.9995e+01 4.2249e+02 6.1020e+02 -5.5098e+01 -5.7959e+01 1.4015e+03 -2.2703e+01 -2.1313e+01 7.4879e+01 2.2369e+01 4.9076e+01
1.0216e+00 1.1623e+02 2.1231e+02 3.0257e+02 -2.2712e+01 -1.9606e+01 4.1425e+02 5.9899e+02 -5.4386e+01 -5.7209e+01 1.3800e+03 -2.3331e+01 -2.0377e+01 7.3846e+01 2.2067e+01 4.8904e+01
1.0277e+00 1.1401e+02 2.0860e+02 2.9757e+02 -2.2419e+01 -1.9302e+01 4.0797e+02 5.9061e+02 -5.3535e+01 -5.6647e+01 1.3653e+03 -2.2634e+01 -2.0349e+01 7.2896e+01 2.1738e+01 4.8886e+01
1.0339e+00 1.1225e+02 2.0569e+02 2.9402e+02 -2.1917e+01 -1.9273e+01 4.0300e+02 5.8471e+02 -5.2380e+01 -5.6488e+01 1.3529e+03 -2.2952e+01 -2.0752e+01 7.1441e+01 2.1263e+01 4.8770e+01
1.0400e+00 1.1019e+02 2.0224e+02 2.9063e+02 -2.1556e+01 -1.8784e+01 3.9728e+02 5.7860e+02 -5.1808e+01 -5.5794e+01 1.3387e+03 -2.3039e+01 -2.0781e+01 7.0636e+01 2.1038e+01 4.8798e+01
1.0462e+00 1.0807e+02 1.9874e+02 2.8539e+02 -2.1523e+01 -1.8780e+01 3.9136e+02 5.6959e+02 -5.1510e+01 -5.5667e+01 1.3220e+03 -2.3944e+01 -2.1079e+01 6.9565e+01 2.0846e+01 4.8644e+01
1.0523e+00 1.0567e+02 1.9446e+02 2.8050e+02 -2.0718e+01 -1.8216e+01 3.8362e+02 5.6054e+02 -4.9788e+01 -5.4573e+01 1.3078e+03 -2.3357e+01 -2.0115e+01 6.8574e+01 2.0195e+01 4.8490e+01
1.0584e+00 1.0399e+02 1.9152e+02 2.7768e+02 -2.0497e+01 -1.7693e+01 3.7822e+02 5.5497e+02 -4.9303e+01 -5.3541e+01 1.2960e+03 -2.3918e+01 -1.9598e+01 6.7808e+01 1.9999e+01 4.8358e+01
1.0646e+00 1.0161e+02 1.8750e+02 2.7212e+02 -2.0093e+01 -1.7559e+01 3.7155e+02 5.4572e+02 -4.8336e+01 -5.3390e+01 1.2802e+03 -2.4093e+01 -2.0129e+01 6.6434e+01 1.9722e+01 4.8245e+01
1.0707e+00 1.0027e+02 1.8532e+02 2.6879e+02 -2.0123e+01 -1.7330e+01 3.6780e+02 5.3940e+02 -4.8190e+01 -5.2889e+01 1.2641e+03 -2.4610e+01 -1.9637e+01 6.5702e+01 1.9211e+01 4.8134e+01
1.0768e+00 9.8123e+01 1.8159e+02 2.6555e+02 -1.9665e+01 -1.6929e+01 3.6121e+02 5.3392e+02 -4.7038e+01 -5.2104e+01 1.2592e+03 -2.4343e+01 -1.9376e+01 6.4665e+01 1.8890e+01 4.8051e+01
1.0830e+00 9.5970e+01 1.7788e+02 2.6019e+02 -1.9177e+01 -1.6679e+01 3.5485e+02 5.2414e+02 -4.6336e+01 -5.1707e+01 1.2376e+03 -2.4575e+01 -1.9196e+01 6.3996e+01 1.8799e+01 4.7894e+01
1.0891e+00 9.4269e+01 1.7485e+02 2.5645e+02 -1.9047e+01 -1.6434e+01 3.4937e+02 5.1723e+02 -4.5891e+01 -5.1211e+01 1.2236e+03 -2.4891e+01 -1.9661e+01 6.3279e+01 1.8482e+01 4.7717e+01
1.0952e+00 9.2384e+01 1.7167e+02 2.5182e+02 -1.8842e+01 -1.6275e+01 3.4384e+02 5.0895e+02 -4.5340e+01 -5.0788e+01 1.2089e+03 -2.4775e+01 -1.9005e+01 6.2315e+01 1.8251e+01 4.7662e+01
1.1014e+00 9.0439e+01 1.6841e+02 2.4827e+02 -1.8471e+01 -1.5892e+01 3.3831e+02 5.0268e+02 -4.4443e+01 -5.0091e+01 1.1964e+03 -2.5278e+01 -1.8936e+01 6.1587e+01 1.7753e+01 4.7495e+01
1.1075e+00 8.8990e+01 1.6598e+02 2.4491e+02 -1.8107e+01 -1.5810e+01 3.3430e+02 4.9699e+02 -4.3659e+01 -5.0031e+01 1.1836e+03 -2.4191e+01 -1.9402e+01 6.0685e+01 1.7540e+01 4.7545e+01
1.1136e+00 8.7067e+01 1.6267e+02 2.4092e+02 -1.7956e+01 -1.5440e+01 3.2851e+02 4.8983e+02 -4.3211e+01 -4.9337e+01 1.1710e+03 -2.5629e+01 -1.9242e+01 5.9416e+01 1.7097e+01 4.7407e+01
1.1198e+00 8.5474e+01 1.5975e+02 2.3700e+02 -1.7568e+01 -1.5041e+01 3.2312e+02 4.8249e+02 -4.2460e+01 -4.8480e+01 1.1569e+03 -2.5145e+01 -1.8845e+01 5.8803e+01 1.6937e+01 4.6973e+01
1.1259e+00 8.3746e+01 1.5673e+02 2.3292e+02 -1.7370e+01 -1.4998e+01 3.1779e+02 4.7501e+02 -4.1899e+01 -4.8383e+01 1.1439e+03 -2.4968e+01 -1.8986e+01 5.8208e+01 1.6768e+01 4.7007e+01
1.1321e+00 8.2126e+01 1.5383e+02 2.2960e+02 -1.7160e+01 -1.4575e+01 3.1247e+02 4.6861e+02 -4.1529e+01 -4.7503e+01 1.1337e+03 -2.5809e+01 -1.8086e+01 5.7241e+01 1.6565e+01 4.6732e+01
1.1382e+00 8.0790e+01 1.5170e+02 2.2667e+02 -1.7027e+01 -1.4521e+01 3.0914e+02 4.6367e+02 -4.1156e+01 -4.7531e+01 1.1201e+03 -2.5879e+01 -1.8960e+01 5.6721e+01 1.6216e+01 4.6757e+01
1.1443e+00 7.8912e+01 1.4826e+02 2.2230e+02 -1.6478e+01 -1.4142e+01 3.0260e+02 4.5525e+02 -3.9745e+01 -4.6552e+01 1.1067e+03 -2.4910e+01 -1.7989e+01 5.5631e+01 1.5771e+01 4.6378e+01
1.1505e+00 7.7359e+01 1.4553e+02 2.1851e+02 -1.6317e+01 -1.4007e+01 2.9790e+02 4.4841e+02 -3.9434e+01 -4.6418e+01 1.0941e+03 -2.5163e+01 -1.7966e+01 5.4946e+01 1.5611e+01 4.6532e+01
1.1566e+00 7.5985e+01 1.4313e+02 2.1553e+02 -1.5976e+01 -1.3655e+01 2.9356e+02 4.4282e+02 -3.8739e+01 -4.5586e+01 1.0818e+03 -2.5223e+01 -1.7562e+01 5.4328e+01 1.5283e+01 4.6107e+01
1.1627e+00 7.4282e+01 1.4012e+02 2.1159e+02 -1.5808e+01 -1.3493e+01 2.8831e+02 4.3577e+02 -3.8289e+01 -4.5325e+01 1.0688e+03 -2.5369e+01 -1.7755e+01 5.3737e+01 1.5082e+01 4.5942e+01
1.1689e+00 7.3000e+01 1.3787e+02 2.0870e+02 -1.5662e+01 -1.3267e+01 2.8425e+02 4.3003e+02 -3.7856e+01 -4.4852e+01 1.0581e+03 -2.5861e+01 -1.7279e+01 5.2799e+01 1.4736e+01 4.5793e+01
1.1750e+00 7.1582e+01 1.3539e+02 2.0552e+02 -1.5253e+01 -1.3112e+01 2.7997e+02 4.2465e+02 -3.6998e+01 -4.4556e+01 1.0465e+03 -2.5394e+01 -1.7812e+01 5.1953e+01 1.4496e+01 4.5610e+01
1.1811e+00 7.0097e+01 1.3270e+02 2.0177e+02 -1.5071e+01 -1.2942e+01 2.7491e+02 4.1763e+02 -3.6453e+01 -4.3977e+01 1.0335e+03 -2.5446e+01 -1.7659e+01 5.1422e+01 1.4153e+01 4.5198e+01
1.1873e+00 6.8428e+01 1.2971e+02 1.9804e+02 -1.4723e+01 -1.2538e+01 2.6947e+02 4.1047e+02 -3.5750e+01 -4.3250e+01 1.0208e+03 -2.5311e+01 -1.6903e+01 5.0657e+01 1.3963e+01 4.5087e+01
1.1934e+00 6.7147e+01 1.2750e+02 1.9473e+02 -1.4454e+01 -1.2455e+01 2.6564e+02 4.0434e+02 -3.5067e+01 -4.3027e+01 1.0068e+03 -2.4535e+01 -1.7212e+01 5.0002e+01 1.3612e+01 4.4830e+01
1.1996e+00 6.6054e+01 1.2554e+02 1.9232e+02 -1.4317e+01 -1.2144e+01 2.6204e+02 3.9967e+02 -3.4811e+01 -4.2365e+01 9.9834e+02 -2.5005e+01 -1.6596e+01 4.9384e+01 1.3482e+01 4.4598e+01
1.2057e+00 6.4552e+01 1.2287e+02 1.8825e+02 -1.4133e+01 -1.2053e+01 2.5731e+02 3.9252e+02 -3.4321e+01 -4.2192e+01 9.8396e+02 -2.4799e+01 -1.6912e+01 4.8775e+01 1.3349e+01 4.4499e+01
1.2118e+00 6.3305e+01 1.2058e+02 1.8554e+02 -1.3782e+01 -1.1745e+01 2.5314e+02 3.8694e+02 -3.3575e+01 -4.1599e+01 9.7256e+02 -2.4679e+01 -1.6559e+01 4.8088e+01 1.2970e+01 4.4268e+01
1.2179e+00 6.2039e+01 1.1831e+02 1.8269e+02 -1.3621e+01 -1.1577e+01 2.4894e+02 3.8169e+02 -3.3109e+01 -4.1174e+01 9.6271e+02 -2.4828e+01 -1.6489e+01 4.7429e+01 1.2746e+01 4.4029e+01
1.2241e+00 6.0985e+01 1.1652e+02 1.8023e+02 -1.3535e+01 -1.1486e+01 2.4591e+02 3.7723e+02 -3.2886e+01 -4.0948e+01 9.5382e+02 -2.5355e+01 -1.6536e+01 4.6838e+01 1.2474e+01 4.3880e+01
1.2302e+00 5.9331e+01 1.1335e+02 1.7576e+02 -1.3016e+01 -1.1074e+01 2.3980e+02 3.6848e+02 -3.1795e+01 -4.0106e+01 9.3883e+02 -2.4451e+01 -1.5892e+01 4.6169e+01 1.2237e+01 4.3546e+01
1.2364e+00 5.8558e+01 1.1216e+02 1.7407e+02 -1.2990e+01 -1.1118e+01 2.3794e+02 3.6589e+02 -3.1579e+01 -4.0059e+01 9.3180e+02 -2.4514e+01 -1.6377e+01 4.5695e+01 1.2012e+01 4.3250e+01
1.2425e+00 5.6938e+01 1.0916e+02 1.7007e+02 -1.2707e+01 -1.0703e+01 2.3240e+02 3.5807e+02 -3.1053e+01 -3.9230e+01 9.1800e+02 -2.4184e+01 -1.5604e+01 4.4857e+01 1.1833e+01 4.3018e+01
1.2486e+00 5.6203e+01 1.0789e+02 1.6868e+02 -1.2544e+01 -1.0631e+01 2.3016e+02 3.5559e+02 -3.0635e+01 -3.9085e+01 9.1198e+02 -2.3967e+01 -1.5821e+01 4.4550e+01 1.1688e+01 4.2953e+01
1.2548e+00 5.4864e+01 1.0538e+02 1.6517e+02 -1.2269e+01 -1.0372e+01 2.2551e+02 3.4862e+02 -2.9857e+01 -3.8535e+01 8.9875e+02 -2.3683e+01 -1.5515e+01 4.3738e+01 1.1245e+01 4.2710e+01
1.2609e+00 5.3873e+01 1.0359e+02 1.6264e+02 -1.2010e+01 -1.0205e+01 2.2217e+02 3.4390e+02 -2.9352e+01 -3.8103e+01 8.8887e+02 -2.3541e+01 -1.5229e+01 4.3182e+01 1.1088e+01 4.2453e+01
1.2671e+00 5.3114e+01 1.0220e+02 1.6074e+02 -1.2060e+01 -1.0112e+01 2.1941e+02 3.4003e+02 -2.9405e+01 -3.7765e+01 8.8011e+02 -2.4131e+01 -1.5505e+01 4.2817e+01 1.1006e+01 4.2148e+01
1.2732e+00 5.1651e+01 9.9533e+01 1.5696e+02 -1.1600e+01 -9.7906e+00 2.1468e+02 3.3271e+02 -2.8431e+01 -3.7204e+01 8.6656e+02 -2.3321e+01 -1.4390e+01 4.2150e+01 1.0716e+01 4.2078e+01
1.2793e+00 5.0747e+01 9.7900e+01 1.5484e+02 -1.1506e+01 -9.6893e+00 2.1169e+02 3.2907e+02 -2.8154e+01 -3.6920e+01 8.5965e+02 -2.3564e+01 -1.4906e+01 4.1531e+01 1.0503e+01 4.1794e+01
1.2855e+00 4.9590e+01 9.5640e+01 1.5173e+02 -1.1194e+01 -9.3773e+00 2.0716e+02 3.2253e+02 -2.7470e+01 -3.6135e+01 8.4883e+02 -2.3022e+01 -1.3894e+01 4.0986e+01 1.0348e+01 4.1428e+01
1.2916e+00 4.8649e+01 9.4096e+01 1.4972e+02 -1.1064e+01 -9.3646e+00 2.0472e+02 3.1930e+02 -2.7162e+01 -3.6102e+01 8.4059e+02 -2.2986e+01 -1.4621e+01 4.0526e+01 1.0152e+01 4.1290e+01
1.2977e+00 4.7777e+01 9.2444e+01 1.4728e+02 -1.0890e+01 -9.2414e+00 2.0156e+02 3.1447e+02 -2.6685e+01 -3.5829e+01 8.3147e+02 -2.2719e+01 -1.4767e+01 4.0172e+01 9.9792e+00 4.0967e+01
1.3039e+00 4.6722e+01 9.0556e+01 1.4459e+02 -1.0819e+01 -9.0847e+00 1.9813e+02 3.0924e+02 -2.6545e+01 -3.5430e+01 8.2020e+02 -2.3188e+01 -1.4572e+01 3.9609e+01 9.8284e+00 4.0694e+01
1.3100e+00 4.5870e+01 8.8977e+01 1.4229e+02 -1.0513e+01 -8.9053e+00 1.9519e+02 3.0480e+02 -2.5811e+01 -3.5098e+01 8.1076e+02 -2.2381e+01 -1.4383e+01 3.9016e+01 9.6000e+00 4.0609e+01
1.3161e+00 4.5026e+01 8.7356e+01 1.3989e+02 -1.0342e+01 -8.7298e+00 1.9194e+02 3.0002e+02 -2.5398e+01 -3.4491e+01 8.0044e+02 -2.2749e+01 -1.3990e+01 3.8439e+01 9.3100e+00 4.0118e+01
1.3223e+00 4.3998e+01 8.5507e+01 1.3751e+02 -1.0197e+01 -8.6118e+00 1.8868e+02 2.9550e+02 -2.5101e+01 -3.4360e+01 7.9293e+02 -2.2380e+01 -1.3878e+01 3.8009e+01 9.3311e+00 4.0124e+01
1.3284e+00 4.3092e+01 8.3889e+01 1.3494e+02 -9.9557e+00 -8.5015e+00 1.8574e+02 2.9058e+02 -2.4602e+01 -3.4075e+01 7.8211e+02 -2.1781e+01 -1.3707e+01 3.7650e+01 9.1288e+00 3.9935e+01
1.3345e+00 4.2250e+01 8.2304e+01 1.3321e+02 -9.8584e+00 -8.3147e+00 1.8269e+02 2.8717e+02 -2.4241e+01 -3.3600e+01 7.7696e+02 -2.2080e+01 -1.3526e+01 3.7007e+01 8.8901e+00 3.9601e+01
1.3407e+00 4.1472e+01 8.0815e+01 1.3086e+02 -9.7476e+00 -8.1489e+00 1.7984e+02 2.8236e+02 -2.3995e+01 -3.3262e+01 7.6509e+02 -2.1748e+01 -1.3300e+01 3.6630e+01 8.7728e+00 3.9412e+01
1.3468e+00 4.0508e+01 7.9036e+01 1.2825e+02 -9.5186e+00 -8.0156e+00 1.7656e+02 2.7752e+02 -2.3483e+01 -3.2914e+01 7.5650e+02 -2.1835e+01 -1.3303e+01 3.6129e+01 8.5082e+00 3.9134e+01
1.3529e+00 3.9806e+01 7.7736e+01 1.2637e+02 -9.3548e+00 -7.8639e+00 1.7416e+02 2.7398e+02 -2.3087e+01 -3.2570e+01 7.4855e+02 -2.1398e+01 -1.3220e+01 3.5646e+01 8.4434e+00 3.8869e+01
1.3591e+00 3.9093e+01 7.6422e+01 1.2462e+02 -9.2475e+00 -7.8204e+00 1.7162e+02 2.7028e+02 -2.2840e+01 -3.2397e+01 7.4170e+02 -2.1496e+01 -1.3141e+01 3.5183e+01 8.2600e+00 3.8712e+01
1.3652e+00 3.8214e+01 7.4749e+01 1.2215e+02 -9.0189e+00 -7.5875e+00 1.6835e+02 2.6532e+02 -2.2360e+01 -3.1784e+01 7.3109e+02 -2.1067e+01 -1.2731e+01 3.4793e+01 8.0995e+00 3.8262e+01
1.3714e+00 3.7551e+01 7.3614e+01 1.2058e+02 -8.9414e+00 -7.6064e+00 1.6640e+02 2.6250e+02 -2.2071e+01 -3.1780e+01 7.2543e+02 -2.1099e+01 -1.2989e+01 3.4409e+01 7.9494e+00 3.8175e+01
1.3775e+00 3.6658e+01 7.1862e+01 1.1812e+02 -8.7240e+00 -7.3238e+00 1.6291e+02 2.5751e+02 -2.1599e+01 -3.1177e+01 7.1549e+02 -2.0641e+01 -1.2469e+01 3.3964e+01 7.7922e+00 3.7896e+01
1.3836e+00 3.6160e+01 7.0915e+01 1.1709e+02 -8.5650e+00 -7.1622e+00 1.6106e+02 2.5516e+02 -2.1260e+01 -3.0751e+01 7.1100e+02 -2.0518e+01 -1.2118e+01 3.3641e+01 7.6459e+00 3.7605e+01
1.3898e+00 3.5404e+01 6.9484e+01 1.1477e+02 -8.5193e+00 -7.0682e+00 1.5835e+02 2.5058e+02 -2.1065e+01 -3.0495e+01 7.0083e+02 -2.0759e+01 -1.2124e+01 3.3185e+01 7.4638e+00 3.7378e+01
1.3959e+00 3.4766e+01 6.8331e+01 1.1290e+02 -8.2684e+00 -7.0604e+00 1.5618e+02 2.4729e+02 -2.0528e+01 -3.0392e+01 6.9325e+02 -2.0096e+01 -1.2635e+01 3.2731e+01 7.4133e+00 3.7212e+01
1.4020e+00 3.3984e+01 6.6811e+01 1.1085e+02 -8.1840e+00 -6.8687e+00 1.5324e+02 2.4296e+02 -2.0338e+01 -2.9952e+01 6.8433e+02 -2.0066e+01 -1.1945e+01 3.2361e+01 7.2110e+00 3.6933e+01
1.4082e+00 3.3346e+01 6.5633e+01 1.0916e+02 -8.0871e+00 -6.7906e+00 1.5098e+02 2.3968e+02 -2.0038e+01 -2.9680e+01 6.7789e+02 -1.9942e+01 -1.2029e+01 3.1992e+01 7.0627e+00 3.6596e+01
1.4143e+00 3.2760e+01 6.4546e+01 1.0748e+02 -7.9373e+00 -6.6785e+00 1.4901e+02 2.3666e+02 -1.9749e+01 -2.9407e+01 6.7132e+02 -1.9721e+01 -1.2028e+01 3.1685e+01 7.0309e+00 3.6389e+01
1.4204e+00 3.2053e+01 6.3192e+01 1.0564e+02 -7.7523e+00 -6.5006e+00 1.4637e+02 2.3299e+02 -1.9241e+01 -2.9003e+01 6.6371e+02 -1.9687e+01 -1.1906e+01 3.1234e+01 6.7940e+00 3.6158e+01
1.4266e+00 3.1471e+01 6.2118e+01 1.0397e+02 -7.7245e+00 -6.4746e+00 1.4430e+02 2.2936e+02 -1.9160e+01 -2.8867e+01 6.5649e+02 -1.9752e+01 -1.1444e+01 3.0982e+01 6.6685e+00 3.6078e+01
1.4327e+00 3.0835e+01 6.0907e+01 1.0228e+02 -7.5383e+00 -6.3233e+00 1.4194e+02 2.2617e+02 -1.8762e+01 -2.8548e+01 6.4975e+02 -1.9239e+01 -1.1566e+01 3.0513e+01 6.5831e+00 3.5826e+01
1.4389e+00 3.0324e+01 5.9950e+01 1.0073e+02 -7.4200e+00 -6.2273e+00 1.4025e+02 2.2311e+02 -1.8526e+01 -2.8355e+01 6.4217e+02 -1.9087e+01 -1.1514e+01 3.0209e+01 6.5209e+00 3.5544e+01
1.4450e+00 2.9737e+01 5.8850e+01 9.9201e+01 -7.2534e+00 -6.1283e+00 1.3813e+02 2.2016e+02 -1.8160e+01 -2.8082e+01 6.3642e+02 -1.8946e+01 -1.1435e+01 2.9885e+01 6.3907e+00 3.5364e+01
1.4511e+00 2.9131e+01 5.7685e+01 9.7562e+01 -7.1594e+00 -6.0357e+00 1.3577e+02 2.1685e+02 -1.7929e+01 -2.7818e+01 6.3028e+02 -1.8886e+01 -1.1333e+01 2.9526e+01 6.2779e+00 3.5134e+01
1.4573e+00 2.8593e+01 5.6605e+01 9.5939e+01 -7.0375e+00 -5.9061e+00 1.3355e+02 2.1334e+02 -1.7600e+01 -2.7413e+01 6.2271e+02 -1.8563e+01 -1.1075e+01 2.9186e+01 6.0824e+00 3.4837e+01
1.4634e+00 2.8139e+01 5.5696e+01 9.4635e+01 -6.9124e+00 -5.7705e+00 1.3165e+02 2.1049e+02 -1.7366e+01 -2.7043e+01 6.1676e+02 -1.8246e+01 -1.0759e+01 2.8904e+01 6.0185e+00 3.4552e+01
1.4695e+00 2.7575e+01 5.4714e+01 9.3217e+01 -6.8216e+00 -5.7134e+00 1.2991e+02 2.0783e+02 -1.7117e+01 -2.6859e+01 6.1085e+02 -1.8191e+01 -1.0785e+01 2.8529e+01 5.9435e+00 3.4277e+01
1.4757e+00 2.7187e+01 5.3963e+01 9.2137e+01 -6.7767e+00 -5.6122e+00 1.2834e+02 2.0571e+02 -1.6931e+01 -2.6563e+01 6.0702e+02 -1.8089e+01 -1.0693e+01 2.8304e+01 5.7683e+00 3.4146e+01
1.4818e+00 2.6544e+01 5.2729e+01 9.0215e+01 -6.5798e+00 -5.5270e+00 1.2592e+02 2.0182e+02 -1.6525e+01 -2.6284e+01 5.9822e+02 -1.7853e+01 -1.0542e+01 2.7916e+01 5.6838e+00 3.3834e+01
1.4879e+00 2.6164e+01 5.2027e+01 8.9211e+01 -6.5740e+00 -5.4984e+00 1.2464e+02 1.9994e+02 -1.6521e+01 -2.6240e+01 5.9248e+02 -1.8134e+01 -1.0832e+01 2.7653e+01 5.6463e+00 3.3681e+01
1.4941e+00 2.5584e+01 5.0867e+01 8.7478e+01 -6.3782e+00 -5.3486e+00 1.2232e+02 1.9621e+02 -1.6049e+01 -2.5893e+01 5.8538e+02 -1.7594e+01 -1.0553e+01 2.7364e+01 5.5050e+00 3.3513e+01
1.5002e+00 2.5197e+01 5.0160e+01 8.6404e+01 -6.3380e+00 -5.3076e+00 1.2087e+02 1.9414e+02 -1.5990e+01 -2.5670e+01 5.8131e+02 -1.7554e+01 -1.0290e+01 2.7161e+01 5.4408e+00 3.3229e+01
1.5064e+00 2.4813e+01 4.9405e+01 8.5389e+01 -6.2451e+00 -5.1909e+00 1.1940e+02 1.9199e+02 -1.5683e+01 -2.5437e+01 5.7627e+02 -1.7491e+01 -1.0329e+01 2.6805e+01 5.2961e+00 3.3099e+01
1.5125e+00 2.4341e+01 4.8463e+01 8.3949e+01 -6.1019e+00 -5.0911e+00 1.1750e+02 1.8913e+02 -1.5386e+01 -2.5154e+01 5.7014e+02 -1.7278e+01 -1.0195e+01 2.6557e+01 5.2153e+00 3.2751e+01
1.5186e+00 2.3857e+01 4.7535e+01 8.2306e+01 -5.9878e+00 -5.0077e+00 1.1560e+02 1.8575e+02 -1.5120e+01 -2.4886e+01 5.6217e+02 -1.6915e+01 -1.0038e+01 2.6187e+01 5.1198e+00 3.2540e+01
1.5248e+00 2.3491e+01 4.6874e+01 8.1472e+01 -5.9088e+00 -4.9682e+00 1.1442e+02 1.8412e+02 -1.4981e+01 -2.4744e+01 5.5895e+02 -1.6824e+01 -1.0045e+01 2.5952e+01 5.0671e+00 3.2419e+01
1.5309e+00 2.3100e+01 4.6067e+01 8.0278e+01 -5.8413e+00 -4.8389e+00 1.1270e+02 1.8149e+02 -1.4742e+01 -2.4468e+01 5.5301e+02 -1.6591e+01 -9.6689e+00 2.5765e+01 4.9346e+00 3.2268e+01
1.5370e+00 2.2721e+01 4.5366e+01 7.9254e+01 -5.7642e+00 -4.7878e+00 1.1128e+02 1.7952e+02 -1.4624e+01 -2.4231e+01 5.4933e+02 -1.6603e+01 -9.6544e+00 2.5468e+01 4.8825e+00 3.1905e+01
1.5432e+00 2.2319e+01 4.4615e+01 7.7896e+01 -5.6862e+00 -4.7479e+00 1.0973e+02 1.7671e+02 -1.4380e+01 -2.4028e+01 5.4212e+02 -1.6427e+01 -9.7507e+00 2.5220e+01 4.8337e+00 3.1754e+01
1.5493e+00 2.1936e+01 4.3797e+01 7.6688e+01 -5.5728e+00 -4.6009e+00 1.0803e+02 1.7409e+02 -1.4171e+01 -2.3687e+01 5.3660e+02 -1.6318e+01 -9.4103e+00 2.5042e+01 4.7155e+00 3.1476e+01
1.5554e+00 2.1686e+01 4.3356e+01 7.6156e+01 -5.5649e+00 -4.5613e+00 1.0720e+02 1.7328e+02 -1.4142e+01 -2.3573e+01 5.3483e+02 -1.6340e+01 -9.3262e+00 2.4848e+01 4.6974e+00 3.1300e+01
1.5616e+00 2.1261e+01 4.2529e+01 7.4787e+01 -5.4459e+00 -4.5005e+00 1.0543e+02 1.7025e+02 -1.3841e+01 -2.3333e+01 5.2780e+02 -1.5888e+01 -9.3126e+00 2.4508e+01 4.5956e+00 3.1081e+01
1.5677e+00 2.0970e+01 4.2009e+01 7.3898e+01 -5.4071e+00 -4.4620e+00 1.0454e+02 1.6859e+02 -1.3754e+01 -2.3292e+01 5.2414e+02 -1.6018e+01 -9.2968e+00 2.4277e+01 4.5334e+00 3.1001e+01
