# k / 1, b1, b2, bg, bk
0.0000e+00 0.0000e+00 0.0000e+00 0.0000e+00 0.0000e+00 0.0000e+00 0.0000e+00 0.0000e+00 0.0000e+00 0.0000e+00 0.0000e+00 0.0000e+00 0.0000e+00 0.0000e+00 0.0000e+00 0.0000e+00
8.6911e-03 1.1706e+04 1.1717e+04 -4.6019e+02 -3.3268e+02 -9.7882e-01 1.1728e+04 -4.4690e+02 -3.2505e+02 -9.7936e-01 1.0429e+03 6.6904e+02 5.6148e-02 4.3099e+02 3.8892e-02 9.2760e-05
1.4726e-02 8.2752e+03 8.3045e+03 -3.0598e+02 -2.7014e+02 -1.8221e+00 8.3370e+03 -2.7954e+02 -2.5889e+02 -1.8288e+00 9.1101e+02 5.5551e+02 1.0806e-01 3.4860e+02 8.7138e-02 4.2952e-04
2.0945e-02 8.7278e+03 8.6913e+03 -1.6707e+02 -5.3578e+01 -3.8493e+00 8.6614e+03 -1.2651e+02 -3.9392e+01 -3.8380e+00 9.0100e+02 5.2105e+02 8.2077e-02 3.1982e+02 3.9076e-02 1.8073e-03
2.7184e-02 6.4070e+03 6.3947e+03 -9.0596e+01 -5.5441e+01 -4.6655e+00 6.3930e+03 -3.3407e+01 -3.8351e+01 -4.6561e+00 9.5531e+02 5.2479e+02 1.7740e-01 3.1696e+02 1.1441e-01 3.6122e-03
3.3546e-02 7.3146e+03 7.3388e+03 1.7355e+02 3.4755e+01 -8.3946e+00 7.3752e+03 2.2572e+02 4.4910e+01 -8.4315e+00 7.7381e+02 4.1357e+02 -6.9952e-02 2.5698e+02 6.6607e-02 1.0162e-02
3.9530e-02 5.8386e+03 5.8368e+03 1.8656e+02 9.0671e+01 -9.0929e+00 5.8539e+03 2.6701e+02 1.0661e+02 -9.0962e+00 7.7599e+02 3.5892e+02 -1.4295e-01 2.0891e+02 -2.7840e-02 1.4928e-02
4.5671e-02 5.0612e+03 5.0355e+03 -6.1350e+01 -3.2266e+01 -1.0457e+01 5.0341e+03 3.0060e+01 -1.9367e+01 -1.0422e+01 7.9322e+02 3.5141e+02 3.1810e-01 2.1152e+02 2.3453e-01 2.3008e-02
5.1900e-02 4.6532e+03 4.6360e+03 -2.0079e+01 -3.0079e+01 -1.2507e+01 4.6483e+03 9.1505e+01 -1.3728e+01 -1.2465e+01 8.3602e+02 3.4057e+02 3.7970e-01 1.9772e+02 3.1391e-01 3.5649e-02
5.8100e-02 4.2578e+03 4.2492e+03 5.1417e+01 -6.6742e+00 -1.4292e+01 4.2731e+03 1.6319e+02 3.5166e+00 -1.4295e+01 7.2881e+02 2.6808e+02 2.7821e-02 1.6156e+02 2.2797e-01 5.0947e-02
6.4221e-02 4.0662e+03 4.0386e+03 -2.3952e+01 -2.9673e+01 -1.6857e+01 4.0462e+03 9.3601e+01 -2.0416e+01 -1.6754e+01 6.9939e+02 2.3880e+02 4.0626e-01 1.4446e+02 3.6437e-01 7.4118e-02
7.0280e-02 3.2629e+03 3.2538e+03 2.1645e+01 -3.2454e+01 -1.5957e+01 3.2858e+03 1.5685e+02 -2.3108e+01 -1.5979e+01 7.3344e+02 2.2791e+02 1.1982e-01 1.3839e+02 4.5724e-01 8.3904e-02
7.6510e-02 3.2642e+03 3.2534e+03 2.5197e+01 -3.6803e+01 -1.8866e+01 3.2847e+03 1.6288e+02 -2.7216e+01 -1.8812e+01 7.1605e+02 2.1224e+02 3.4849e-01 1.2773e+02 5.8521e-01 1.1672e-01
8.2770e-02 2.7276e+03 2.7104e+03 5.1868e+01 -4.3645e+00 -1.8214e+01 2.7391e+03 1.9384e+02 8.4620e-01 -1.8143e+01 7.0141e+02 1.9403e+02 7.4345e-02 1.2394e+02 4.2637e-01 1.3174e-01
8.8836e-02 2.4616e+03 2.4625e+03 7.7808e+01 -2.6413e+01 -1.9285e+01 2.5111e+03 2.2462e+02 -2.1397e+01 -1.9315e+01 6.9968e+02 1.8364e+02 -3.6897e-02 1.1835e+02 6.6947e-01 1.6367e-01
9.4930e-02 2.1810e+03 2.1652e+03 2.2100e+01 -3.1094e+01 -1.9078e+01 2.1970e+03 1.6110e+02 -3.0469e+01 -1.8964e+01 6.2185e+02 1.4959e+02 3.7795e-01 1.0487e+02 7.5533e-01 1.8295e-01
1.0109e-01 1.9703e+03 1.9674e+03 6.5818e+01 -2.8225e+01 -1.9575e+01 2.0130e+03 2.0880e+02 -2.6862e+01 -1.9552e+01 6.2636e+02 1.4403e+02 2.2220e-02 9.9975e+01 8.0526e-01 2.1435e-01
1.0723e-01 1.7961e+03 1.7869e+03 4.5746e+01 -3.1711e+01 -1.9963e+01 1.8255e+03 1.8466e+02 -3.1118e+01 -1.9862e+01 5.7908e+02 1.2143e+02 2.0197e-01 8.6780e+01 9.0723e-01 2.4602e-01
1.1335e-01 1.6563e+03 1.6417e+03 4.1739e+01 -2.5630e+01 -2.0382e+01 1.6770e+03 1.8362e+02 -2.5943e+01 -2.0202e+01 5.6923e+02 1.1105e+02 2.5535e-01 8.1848e+01 9.0683e-01 2.7847e-01
1.1950e-01 1.6014e+03 1.5862e+03 5.5827e+01 -2.1780e+01 -2.1896e+01 1.6227e+03 1.9980e+02 -2.3627e+01 -2.1657e+01 5.5754e+02 9.9812e+01 9.8604e-02 7.7742e+01 9.1694e-01 3.3206e-01
1.2570e-01 1.4738e+03 1.4628e+03 5.6513e+01 -3.1516e+01 -2.2539e+01 1.5030e+03 1.9921e+02 -3.3368e+01 -2.2347e+01 5.4326e+02 9.2980e+01 6.2292e-03 7.4148e+01 1.1379e+00 3.8278e-01
1.3182e-01 1.4003e+03 1.3910e+03 7.7485e+01 -2.2410e+01 -2.3192e+01 1.4331e+03 2.1918e+02 -2.4473e+01 -2.2983e+01 5.2689e+02 8.4225e+01 -2.2497e-01 6.8257e+01 1.1150e+00 4.2886e-01
1.3789e-01 1.3014e+03 1.2876e+03 6.3707e+01 -2.2885e+01 -2.3176e+01 1.3267e+03 2.0754e+02 -2.5734e+01 -2.2871e+01 5.1899e+02 7.6103e+01 -7.0373e-02 6.4893e+01 1.1698e+00 4.6654e-01
1.4406e-01 1.2274e+03 1.2235e+03 9.5164e+01 -2.3274e+01 -2.3861e+01 1.2726e+03 2.4066e+02 -2.5469e+01 -2.3704e+01 5.1948e+02 7.1948e+01 -6.8008e-01 6.0968e+01 1.2683e+00 5.2432e-01
1.5021e-01 1.1018e+03 1.0908e+03 7.9886e+01 -1.7211e+01 -2.3022e+01 1.1313e+03 2.1703e+02 -2.1566e+01 -2.2690e+01 4.7509e+02 5.8710e+01 -4.3889e-01 5.5921e+01 1.2009e+00 5.4901e-01
1.5636e-01 1.0089e+03 1.0006e+03 8.4679e+01 -1.7901e+01 -2.2668e+01 1.0444e+03 2.2199e+02 -2.2589e+01 -2.2393e+01 4.6507e+02 5.2404e+01 -6.9649e-01 5.2741e+01 1.2696e+00 5.8552e-01
1.6252e-01 9.4555e+02 9.3610e+02 7.6813e+01 -2.1224e+01 -2.2959e+01 9.7873e+02 2.1290e+02 -2.5791e+01 -2.2627e+01 4.5612e+02 5.0363e+01 -6.4467e-01 5.1425e+01 1.4011e+00 6.3949e-01
1.6868e-01 8.8598e+02 8.7749e+02 7.8657e+01 -2.2701e+01 -2.2978e+01 9.2011e+02 2.1042e+02 -2.8212e+01 -2.2615e+01 4.3319e+02 4.3052e+01 -6.6214e-01 4.9167e+01 1.5448e+00 6.8880e-01
1.7479e-01 8.3234e+02 8.2382e+02 8.4041e+01 -1.8925e+01 -2.2845e+01 8.6727e+02 2.1724e+02 -2.4184e+01 -2.2438e+01 4.3084e+02 3.9474e+01 -8.7079e-01 4.5992e+01 1.4791e+00 7.2896e-01
1.8090e-01 7.9284e+02 7.7994e+02 7.5659e+01 -1.7445e+01 -2.3160e+01 8.1778e+02 2.0377e+02 -2.2662e+01 -2.2539e+01 4.0859e+02 3.5636e+01 -5.6290e-01 4.3204e+01 1.5184e+00 7.9173e-01
1.8700e-01 7.5417e+02 7.4030e+02 7.4261e+01 -1.6353e+01 -2.3243e+01 7.7664e+02 2.0002e+02 -2.1552e+01 -2.2539e+01 3.9417e+02 3.0678e+01 -5.6701e-01 3.9790e+01 1.5276e+00 8.3995e-01
1.9316e-01 7.3821e+02 7.2900e+02 8.9383e+01 -1.8626e+01 -2.4185e+01 7.7016e+02 2.1430e+02 -2.4656e+01 -2.3587e+01 3.8762e+02 2.6055e+01 -1.2073e+00 3.8514e+01 1.6188e+00 9.2387e-01
1.9936e-01 6.8366e+02 6.7001e+02 7.8961e+01 -1.6024e+01 -2.3683e+01 7.0709e+02 2.0320e+02 -2.1889e+01 -2.2926e+01 3.8096e+02 2.4634e+01 -1.0298e+00 3.7026e+01 1.6050e+00 9.6351e-01
2.0552e-01 6.5850e+02 6.4911e+02 9.0488e+01 -1.6968e+01 -2.3990e+01 6.9068e+02 2.1439e+02 -2.3310e+01 -2.3286e+01 3.7576e+02 2.0617e+01 -1.4162e+00 3.5228e+01 1.7007e+00 1.0284e+00
2.1163e-01 6.1101e+02 5.9847e+02 8.1403e+01 -1.5195e+01 -2.3389e+01 6.3492e+02 1.9899e+02 -2.1203e+01 -2.2549e+01 3.5291e+02 1.8249e+01 -1.2533e+00 3.2986e+01 1.6785e+00 1.0590e+00
2.1775e-01 5.7542e+02 5.6541e+02 8.3575e+01 -1.6062e+01 -2.3113e+01 6.0321e+02 1.9745e+02 -2.2266e+01 -2.2383e+01 3.3919e+02 1.5995e+01 -1.6129e+00 3.2208e+01 1.7541e+00 1.1057e+00
2.2390e-01 5.3375e+02 5.2112e+02 7.7656e+01 -1.3093e+01 -2.2460e+01 5.5580e+02 1.8818e+02 -1.9589e+01 -2.1505e+01 3.2476e+02 1.3471e+01 -1.3084e+00 3.0540e+01 1.6835e+00 1.1358e+00
2.3000e-01 5.2952e+02 5.1944e+02 8.7076e+01 -1.4470e+01 -2.3310e+01 5.5695e+02 1.9796e+02 -2.0838e+01 -2.2482e+01 3.2440e+02 1.1537e+01 -2.0428e+00 2.9117e+01 1.7439e+00 1.2220e+00
2.3612e-01 4.8481e+02 4.7450e+02 8.2254e+01 -1.2757e+01 -2.2126e+01 5.1099e+02 1.9078e+02 -1.8751e+01 -2.1226e+01 3.1506e+02 1.0309e+01 -1.8546e+00 2.7328e+01 1.7237e+00 1.2217e+00
2.4227e-01 4.6806e+02 4.5542e+02 7.8022e+01 -1.2493e+01 -2.2261e+01 4.8905e+02 1.8384e+02 -1.8410e+01 -2.1160e+01 3.0488e+02 8.9965e+00 -1.6810e+00 2.6487e+01 1.7589e+00 1.2821e+00
2.4839e-01 4.5631e+02 4.4594e+02 8.4785e+01 -1.2518e+01 -2.2563e+01 4.8142e+02 1.8820e+02 -1.8854e+01 -2.1563e+01 2.9563e+02 6.5446e+00 -2.2493e+00 2.5256e+01 1.7632e+00 1.3493e+00
2.5453e-01 4.3609e+02 4.2495e+02 8.3019e+01 -1.2495e+01 -2.2424e+01 4.5880e+02 1.8414e+02 -1.8400e+01 -2.1354e+01 2.8891e+02 5.6547e+00 -2.3504e+00 2.3981e+01 1.8116e+00 1.4022e+00
2.6068e-01 4.1614e+02 4.0375e+02 7.9579e+01 -1.1163e+01 -2.2142e+01 4.3685e+02 1.8031e+02 -1.7079e+01 -2.0913e+01 2.8382e+02 4.3694e+00 -2.1978e+00 2.2869e+01 1.7522e+00 1.4357e+00
2.6684e-01 3.9116e+02 3.8032e+02 8.0724e+01 -1.0781e+01 -2.1587e+01 4.1382e+02 1.7814e+02 -1.6642e+01 -2.0406e+01 2.7437e+02 3.6412e+00 -2.4323e+00 2.2108e+01 1.7466e+00 1.4606e+00
2.7301e-01 3.7958e+02 3.6711e+02 7.8075e+01 -9.9292e+00 -2.1637e+01 3.9808e+02 1.7150e+02 -1.6035e+01 -2.0334e+01 2.6089e+02 2.0966e+00 -2.4322e+00 2.1282e+01 1.7393e+00 1.5178e+00
2.7915e-01 3.6650e+02 3.5447e+02 7.8707e+01 -1.0510e+01 -2.1676e+01 3.8481e+02 1.6926e+02 -1.6359e+01 -2.0339e+01 2.5343e+02 1.4250e+00 -2.6014e+00 2.0506e+01 1.7792e+00 1.5711e+00
2.8527e-01 3.4598e+02 3.3540e+02 7.9228e+01 -1.0676e+01 -2.1113e+01 3.6773e+02 1.7040e+02 -1.6538e+01 -1.9799e+01 2.5268e+02 3.1692e-01 -2.7388e+00 1.9680e+01 1.8221e+00 1.5921e+00
2.9138e-01 3.3150e+02 3.1907e+02 7.5798e+01 -8.6815e+00 -2.0762e+01 3.4859e+02 1.6382e+02 -1.4214e+01 -1.9312e+01 2.4399e+02 2.3626e-01 -2.7124e+00 1.8488e+01 1.6893e+00 1.6136e+00
2.9750e-01 3.1541e+02 3.0454e+02 7.7113e+01 -8.5725e+00 -2.0321e+01 3.3528e+02 1.6373e+02 -1.4408e+01 -1.8940e+01 2.3887e+02 -1.1661e+00 -2.9320e+00 1.8150e+01 1.7146e+00 1.6322e+00
3.0365e-01 3.0697e+02 2.9553e+02 7.5453e+01 -9.4851e+00 -2.0562e+01 3.2473e+02 1.5881e+02 -1.5148e+01 -1.9122e+01 2.2926e+02 -1.8302e+00 -3.0795e+00 1.7477e+01 1.7903e+00 1.7071e+00
3.0980e-01 2.9081e+02 2.7972e+02 7.3329e+01 -8.8466e+00 -1.9959e+01 3.0910e+02 1.5592e+02 -1.4236e+01 -1.8467e+01 2.2584e+02 -1.9195e+00 -2.9642e+00 1.6653e+01 1.7594e+00 1.7145e+00
3.1595e-01 2.8455e+02 2.7249e+02 7.3224e+01 -8.3701e+00 -2.0053e+01 3.0074e+02 1.5416e+02 -1.3782e+01 -1.8451e+01 2.2111e+02 -2.5527e+00 -3.0751e+00 1.6120e+01 1.7521e+00 1.7649e+00
3.2209e-01 2.7198e+02 2.6018e+02 7.1924e+01 -7.7876e+00 -1.9682e+01 2.8794e+02 1.5075e+02 -1.3135e+01 -1.8106e+01 2.1531e+02 -2.8622e+00 -3.2396e+00 1.5612e+01 1.7152e+00 1.7830e+00
3.2824e-01 2.6496e+02 2.5301e+02 7.1322e+01 -7.8885e+00 -1.9574e+01 2.8007e+02 1.4776e+02 -1.3247e+01 -1.7920e+01 2.0802e+02 -3.6040e+00 -3.2758e+00 1.4897e+01 1.7105e+00 1.8152e+00
3.3438e-01 2.5718e+02 2.4537e+02 7.1161e+01 -7.5360e+00 -1.9490e+01 2.7203e+02 1.4572e+02 -1.2614e+01 -1.7824e+01 2.0264e+02 -3.5366e+00 -3.4440e+00 1.4354e+01 1.6811e+00 1.8503e+00
3.4050e-01 2.4668e+02 2.3455e+02 6.8745e+01 -7.3356e+00 -1.9147e+01 2.6049e+02 1.4171e+02 -1.2341e+01 -1.7416e+01 1.9771e+02 -3.9870e+00 -3.3877e+00 1.3595e+01 1.6568e+00 1.8667e+00
3.4662e-01 2.3752e+02 2.2606e+02 6.9742e+01 -6.6855e+00 -1.8800e+01 2.5243e+02 1.4173e+02 -1.1599e+01 -1.7092e+01 1.9538e+02 -3.9882e+00 -3.5946e+00 1.3349e+01 1.6271e+00 1.8770e+00
3.5273e-01 2.2841e+02 2.1712e+02 6.8693e+01 -6.8667e+00 -1.8567e+01 2.4312e+02 1.3867e+02 -1.1812e+01 -1.6839e+01 1.8990e+02 -4.4849e+00 -3.6618e+00 1.2949e+01 1.6559e+00 1.9065e+00
3.5887e-01 2.2066e+02 2.0908e+02 6.7053e+01 -6.7085e+00 -1.8321e+01 2.3416e+02 1.3505e+02 -1.1516e+01 -1.6539e+01 1.8430e+02 -4.6214e+00 -3.6519e+00 1.2426e+01 1.6302e+00 1.9243e+00
3.6500e-01 2.1160e+02 1.9993e+02 6.4932e+01 -6.0754e+00 -1.7896e+01 2.2445e+02 1.3126e+02 -1.0885e+01 -1.6069e+01 1.7932e+02 -4.8196e+00 -3.5873e+00 1.2110e+01 1.5830e+00 1.9232e+00
3.7117e-01 2.0953e+02 1.9747e+02 6.5709e+01 -6.2135e+00 -1.8155e+01 2.2118e+02 1.3030e+02 -1.1019e+01 -1.6304e+01 1.7541e+02 -5.3383e+00 -3.9029e+00 1.1502e+01 1.5709e+00 1.9827e+00
3.7731e-01 1.9832e+02 1.8695e+02 6.3746e+01 -5.9197e+00 -1.7509e+01 2.1044e+02 1.2620e+02 -1.0471e+01 -1.5718e+01 1.6957e+02 -5.0132e+00 -3.8961e+00 1.1363e+01 1.5803e+00 1.9582e+00
3.8345e-01 1.9307e+02 1.8149e+02 6.2806e+01 -5.8548e+00 -1.7351e+01 2.0461e+02 1.2443e+02 -1.0262e+01 -1.5485e+01 1.6724e+02 -5.1625e+00 -3.8841e+00 1.0789e+01 1.5539e+00 1.9785e+00
3.8961e-01 1.8637e+02 1.7512e+02 6.1985e+01 -5.4470e+00 -1.7066e+01 1.9833e+02 1.2252e+02 -9.8751e+00 -1.5203e+01 1.6378e+02 -5.2383e+00 -3.9225e+00 1.0489e+01 1.5230e+00 1.9912e+00
3.9572e-01 1.8295e+02 1.7166e+02 6.1523e+01 -5.3595e+00 -1.6988e+01 1.9434e+02 1.2060e+02 -9.6932e+00 -1.5105e+01 1.6014e+02 -5.2901e+00 -3.9816e+00 1.0081e+01 1.4881e+00 2.0012e+00
4.0187e-01 1.7668e+02 1.6563e+02 6.1445e+01 -4.7918e+00 -1.6651e+01 1.8781e+02 1.1858e+02 -9.0944e+00 -1.4778e+01 1.5627e+02 -5.4228e+00 -4.1014e+00 9.7329e+00 1.4525e+00 2.0029e+00
4.0800e-01 1.7163e+02 1.5995e+02 5.8805e+01 -5.0486e+00 -1.6564e+01 1.8136e+02 1.1504e+02 -9.0801e+00 -1.4584e+01 1.5286e+02 -5.1442e+00 -3.9583e+00 9.4625e+00 1.4635e+00 2.0305e+00
4.1410e-01 1.6518e+02 1.5411e+02 5.8177e+01 -5.0043e+00 -1.6147e+01 1.7576e+02 1.1316e+02 -9.0593e+00 -1.4200e+01 1.4895e+02 -5.5881e+00 -4.0260e+00 9.1595e+00 1.4399e+00 2.0142e+00
4.2026e-01 1.5984e+02 1.4886e+02 5.7644e+01 -4.5747e+00 -1.5899e+01 1.6981e+02 1.1070e+02 -8.5703e+00 -1.3985e+01 1.4508e+02 -5.4853e+00 -4.1528e+00 8.7833e+00 1.3824e+00 2.0114e+00
4.2641e-01 1.5543e+02 1.4454e+02 5.6546e+01 -4.6447e+00 -1.5710e+01 1.6495e+02 1.0840e+02 -8.4194e+00 -1.3788e+01 1.4247e+02 -5.4270e+00 -4.1723e+00 8.4232e+00 1.3855e+00 2.0249e+00
4.3254e-01 1.4908e+02 1.3840e+02 5.4682e+01 -4.4972e+00 -1.5238e+01 1.5871e+02 1.0530e+02 -8.2905e+00 -1.3336e+01 1.3820e+02 -5.5413e+00 -4.0753e+00 8.2431e+00 1.3720e+00 1.9948e+00
4.3865e-01 1.4633e+02 1.3566e+02 5.4571e+01 -4.3790e+00 -1.5190e+01 1.5576e+02 1.0448e+02 -8.1964e+00 -1.3301e+01 1.3664e+02 -5.7269e+00 -4.2123e+00 7.9847e+00 1.3503e+00 2.0123e+00
4.4477e-01 1.4215e+02 1.3119e+02 5.3128e+01 -3.9771e+00 -1.4905e+01 1.5033e+02 1.0120e+02 -7.6080e+00 -1.2965e+01 1.3225e+02 -5.4220e+00 -4.1299e+00 7.7792e+00 1.3062e+00 2.0015e+00
4.5094e-01 1.3815e+02 1.2779e+02 5.3401e+01 -3.9927e+00 -1.4743e+01 1.4720e+02 1.0063e+02 -7.5444e+00 -1.2856e+01 1.3036e+02 -5.3894e+00 -4.3127e+00 7.4734e+00 1.2925e+00 2.0085e+00
4.5710e-01 1.3390e+02 1.2331e+02 5.1685e+01 -3.8805e+00 -1.4483e+01 1.4247e+02 9.8465e+01 -7.3675e+00 -1.2541e+01 1.2856e+02 -5.4042e+00 -4.1658e+00 7.2379e+00 1.2723e+00 2.0015e+00
4.6323e-01 1.3052e+02 1.2013e+02 5.1302e+01 -3.6703e+00 -1.4228e+01 1.3917e+02 9.7307e+01 -7.0581e+00 -1.2301e+01 1.2691e+02 -5.2894e+00 -4.2119e+00 6.9449e+00 1.2270e+00 1.9824e+00
4.6938e-01 1.2623e+02 1.1570e+02 4.9639e+01 -3.7078e+00 -1.4011e+01 1.3392e+02 9.3900e+01 -6.9855e+00 -1.2080e+01 1.2234e+02 -5.2551e+00 -4.2059e+00 6.8038e+00 1.2404e+00 1.9894e+00
4.7550e-01 1.2362e+02 1.1350e+02 4.9595e+01 -3.5803e+00 -1.3822e+01 1.3175e+02 9.3019e+01 -6.8712e+00 -1.1938e+01 1.2057e+02 -5.3262e+00 -4.2717e+00 6.5659e+00 1.2030e+00 1.9795e+00
4.8162e-01 1.2034e+02 1.1029e+02 4.9069e+01 -3.4735e+00 -1.3648e+01 1.2800e+02 9.1171e+01 -6.6940e+00 -1.1782e+01 1.1765e+02 -5.4011e+00 -4.3483e+00 6.3992e+00 1.1828e+00 1.9748e+00
4.8775e-01 1.1630e+02 1.0638e+02 4.7594e+01 -3.3731e+00 -1.3328e+01 1.2358e+02 8.8376e+01 -6.4202e+00 -1.1477e+01 1.1428e+02 -5.0760e+00 -4.2541e+00 6.1385e+00 1.1578e+00 1.9523e+00
4.9386e-01 1.1331e+02 1.0338e+02 4.6891e+01 -3.0522e+00 -1.3089e+01 1.2058e+02 8.7328e+01 -6.0978e+00 -1.1233e+01 1.1314e+02 -5.0244e+00 -4.2540e+00 5.9654e+00 1.1078e+00 1.9332e+00
4.9999e-01 1.0950e+02 9.9629e+01 4.5487e+01 -3.2203e+00 -1.2808e+01 1.1627e+02 8.4544e+01 -6.1433e+00 -1.0968e+01 1.0959e+02 -4.9527e+00 -4.1893e+00 5.8211e+00 1.1227e+00 1.9160e+00
5.0618e-01 1.0759e+02 9.7696e+01 4.5078e+01 -3.0944e+00 -1.2732e+01 1.1401e+02 8.3180e+01 -5.9721e+00 -1.0883e+01 1.0714e+02 -4.8999e+00 -4.2262e+00 5.6431e+00 1.0897e+00 1.9227e+00
5.1233e-01 1.0384e+02 9.4123e+01 4.3670e+01 -2.7249e+00 -1.2320e+01 1.1025e+02 8.1100e+01 -5.6107e+00 -1.0512e+01 1.0529e+02 -4.8058e+00 -4.1183e+00 5.4515e+00 1.0357e+00 1.8745e+00
5.1844e-01 1.0145e+02 9.2050e+01 4.3521e+01 -2.9485e+00 -1.2200e+01 1.0800e+02 7.9916e+01 -5.7813e+00 -1.0437e+01 1.0297e+02 -4.9854e+00 -4.2272e+00 5.2777e+00 1.0483e+00 1.8749e+00
5.2458e-01 9.9360e+01 9.0036e+01 4.3059e+01 -2.6288e+00 -1.2011e+01 1.0586e+02 7.8960e+01 -5.4199e+00 -1.0257e+01 1.0164e+02 -4.7534e+00 -4.1946e+00 5.1313e+00 1.0007e+00 1.8558e+00
5.3072e-01 9.7047e+01 8.7759e+01 4.2405e+01 -2.6692e+00 -1.1897e+01 1.0315e+02 7.7317e+01 -5.3066e+00 -1.0121e+01 9.9418e+01 -4.6572e+00 -4.1833e+00 4.9926e+00 9.9634e-01 1.8626e+00
5.3686e-01 9.3009e+01 8.3896e+01 4.0729e+01 -2.4603e+00 -1.1454e+01 9.8933e+01 7.4599e+01 -5.0493e+00 -9.7373e+00 9.6433e+01 -4.4933e+00 -4.0877e+00 4.8484e+00 9.6330e-01 1.8077e+00
5.4298e-01 9.1225e+01 8.2089e+01 4.0078e+01 -2.4180e+00 -1.1349e+01 9.6860e+01 7.3416e+01 -4.9737e+00 -9.6435e+00 9.5028e+01 -4.4703e+00 -4.0964e+00 4.7173e+00 9.4437e-01 1.8048e+00
5.4912e-01 8.8769e+01 7.9949e+01 3.9858e+01 -2.3414e+00 -1.1124e+01 9.4597e+01 7.2342e+01 -4.8947e+00 -9.4626e+00 9.3253e+01 -4.5005e+00 -4.1316e+00 4.5686e+00 9.2256e-01 1.7839e+00
5.5528e-01 8.6975e+01 7.7988e+01 3.8765e+01 -2.2018e+00 -1.0982e+01 9.2263e+01 7.0668e+01 -4.6967e+00 -9.3134e+00 9.1416e+01 -4.3390e+00 -4.0442e+00 4.4224e+00 8.9294e-01 1.7695e+00
5.6141e-01 8.4064e+01 7.5141e+01 3.7673e+01 -2.1477e+00 -1.0672e+01 8.9209e+01 6.8918e+01 -4.5658e+00 -9.0230e+00 8.9592e+01 -4.2719e+00 -3.9786e+00 4.2922e+00 8.7364e-01 1.7330e+00
5.6753e-01 8.2293e+01 7.3626e+01 3.7406e+01 -2.0923e+00 -1.0519e+01 8.7415e+01 6.7790e+01 -4.4804e+00 -8.9183e+00 8.7712e+01 -4.2410e+00 -4.0060e+00 4.1594e+00 8.5798e-01 1.7178e+00
5.7368e-01 8.0343e+01 7.1634e+01 3.6451e+01 -2.0655e+00 -1.0337e+01 8.5171e+01 6.6235e+01 -4.4144e+00 -8.7232e+00 8.5789e+01 -4.1663e+00 -3.9142e+00 4.0712e+00 8.3659e-01 1.6972e+00
5.7982e-01 7.8073e+01 6.9727e+01 3.6075e+01 -2.0263e+00 -1.0129e+01 8.3348e+01 6.5434e+01 -4.3166e+00 -8.5677e+00 8.4612e+01 -4.1432e+00 -3.9288e+00 3.9830e+00 8.3184e-01 1.6808e+00
5.8594e-01 7.6260e+01 6.7896e+01 3.5201e+01 -1.8696e+00 -9.9639e+00 8.0953e+01 6.3494e+01 -4.1139e+00 -8.4117e+00 8.2313e+01 -3.9941e+00 -3.8837e+00 3.8380e+00 7.9659e-01 1.6622e+00
5.9206e-01 7.3807e+01 6.5720e+01 3.4465e+01 -1.8847e+00 -9.6972e+00 7.8881e+01 6.2532e+01 -4.0852e+00 -8.1998e+00 8.1199e+01 -4.0039e+00 -3.8415e+00 3.7271e+00 7.8382e-01 1.6262e+00
5.9819e-01 7.2039e+01 6.4216e+01 3.3839e+01 -1.8477e+00 -9.5298e+00 7.7230e+01 6.1298e+01 -3.9364e+00 -8.0572e+00 7.9548e+01 -3.8308e+00 -3.7806e+00 3.6187e+00 7.7322e-01 1.6109e+00
6.0437e-01 7.0703e+01 6.2758e+01 3.3343e+01 -1.8087e+00 -9.3974e+00 7.5296e+01 5.9930e+01 -3.9293e+00 -7.9452e+00 7.7557e+01 -3.8735e+00 -3.8050e+00 3.5247e+00 7.5719e-01 1.5952e+00
6.1051e-01 6.8876e+01 6.1237e+01 3.2861e+01 -1.7508e+00 -9.2076e+00 7.3733e+01 5.9043e+01 -3.7670e+00 -7.7997e+00 7.6553e+01 -3.7292e+00 -3.7781e+00 3.4204e+00 7.3564e-01 1.5690e+00
6.1661e-01 6.7229e+01 5.9571e+01 3.2023e+01 -1.6880e+00 -9.0505e+00 7.1756e+01 5.7621e+01 -3.6489e+00 -7.6473e+00 7.4967e+01 -3.6325e+00 -3.7227e+00 3.3171e+00 7.1526e-01 1.5528e+00
6.2276e-01 6.5748e+01 5.8164e+01 3.1396e+01 -1.5750e+00 -8.8942e+00 7.0137e+01 5.6506e+01 -3.5499e+00 -7.5086e+00 7.3466e+01 -3.5914e+00 -3.6614e+00 3.2379e+00 6.8988e-01 1.5315e+00
6.2889e-01 6.3908e+01 5.6600e+01 3.1046e+01 -1.5827e+00 -8.6777e+00 6.8362e+01 5.5457e+01 -3.5162e+00 -7.3493e+00 7.2122e+01 -3.5834e+00 -3.6697e+00 3.1634e+00 6.8503e-01 1.5036e+00
6.3503e-01 6.2451e+01 5.5136e+01 3.0115e+01 -1.4859e+00 -8.5145e+00 6.6591e+01 5.3934e+01 -3.3639e+00 -7.2006e+00 7.0288e+01 -3.4325e+00 -3.5723e+00 3.0843e+00 6.6505e-01 1.4806e+00
6.4119e-01 6.0648e+01 5.3410e+01 2.9292e+01 -1.4529e+00 -8.3162e+00 6.4672e+01 5.2669e+01 -3.3022e+00 -7.0419e+00 6.8859e+01 -3.4001e+00 -3.5454e+00 2.9922e+00 6.5017e-01 1.4553e+00
6.4732e-01 5.9224e+01 5.2192e+01 2.9027e+01 -1.4387e+00 -8.1463e+00 6.3291e+01 5.1826e+01 -3.2360e+00 -6.8991e+00 6.7551e+01 -3.3344e+00 -3.5205e+00 2.9075e+00 6.3903e-01 1.4313e+00
6.5344e-01 5.8460e+01 5.1387e+01 2.8582e+01 -1.3845e+00 -8.0834e+00 6.2198e+01 5.0927e+01 -3.1571e+00 -6.8430e+00 6.6442e+01 -3.2665e+00 -3.4916e+00 2.8278e+00 6.1841e-01 1.4217e+00
6.5958e-01 5.6680e+01 4.9728e+01 2.7984e+01 -1.2839e+00 -7.8640e+00 6.0422e+01 4.9913e+01 -3.0505e+00 -6.6639e+00 6.5388e+01 -3.2327e+00 -3.4709e+00 2.7477e+00 5.9560e-01 1.3894e+00
6.6571e-01 5.5498e+01 4.8675e+01 2.7413e+01 -1.2746e+00 -7.7448e+00 5.9163e+01 4.8867e+01 -3.0034e+00 -6.5644e+00 6.3910e+01 -3.1559e+00 -3.4089e+00 2.6762e+00 5.8514e-01 1.3763e+00
6.7184e-01 5.4325e+01 4.7768e+01 2.7132e+01 -1.2727e+00 -7.6051e+00 5.8245e+01 4.8227e+01 -2.9300e+00 -6.4747e+00 6.2927e+01 -3.0924e+00 -3.4197e+00 2.6189e+00 5.8095e-01 1.3562e+00
6.7798e-01 5.3076e+01 4.6564e+01 2.6519e+01 -1.2893e+00 -7.4695e+00 5.6666e+01 4.7022e+01 -2.9135e+00 -6.3609e+00 6.1523e+01 -3.0549e+00 -3.3693e+00 2.5522e+00 5.7779e-01 1.3383e+00
6.8410e-01 5.1710e+01 4.5228e+01 2.5802e+01 -1.1827e+00 -7.3032e+00 5.5180e+01 4.5953e+01 -2.7878e+00 -6.2039e+00 6.0337e+01 -2.9965e+00 -3.2982e+00 2.4936e+00 5.5451e-01 1.3152e+00
6.9025e-01 5.0518e+01 4.4205e+01 2.5420e+01 -1.2167e+00 -7.1678e+00 5.4013e+01 4.5135e+01 -2.7740e+00 -6.0973e+00 5.9178e+01 -2.9536e+00 -3.2668e+00 2.4180e+00 5.4522e-01 1.2939e+00
6.9639e-01 4.9470e+01 4.3271e+01 2.4961e+01 -1.1800e+00 -7.0457e+00 5.2988e+01 4.4362e+01 -2.7121e+00 -6.0017e+00 5.8134e+01 -2.8948e+00 -3.2339e+00 2.3588e+00 5.3220e-01 1.2750e+00
7.0254e-01 4.8419e+01 4.2274e+01 2.4386e+01 -1.1079e+00 -6.9042e+00 5.1796e+01 4.3341e+01 -2.6256e+00 -5.8901e+00 5.6786e+01 -2.8298e+00 -3.1838e+00 2.3143e+00 5.1961e-01 1.2538e+00
7.0869e-01 4.7012e+01 4.0929e+01 2.3749e+01 -1.0643e+00 -6.7255e+00 5.0197e+01 4.2324e+01 -2.5517e+00 -5.7273e+00 5.5834e+01 -2.7825e+00 -3.1176e+00 2.2522e+00 5.0216e-01 1.2259e+00
7.1481e-01 4.6177e+01 4.0405e+01 2.3787e+01 -1.0634e+00 -6.6373e+00 4.9606e+01 4.1948e+01 -2.4943e+00 -5.6947e+00 5.5133e+01 -2.7132e+00 -3.1558e+00 2.1905e+00 4.9665e-01 1.2145e+00
7.2095e-01 4.5082e+01 3.9125e+01 2.2917e+01 -9.9933e-01 -6.5054e+00 4.8040e+01 4.0770e+01 -2.4250e+00 -5.5482e+00 5.3833e+01 -2.6917e+00 -3.0698e+00 2.1350e+00 4.8090e-01 1.1969e+00
7.2708e-01 4.3823e+01 3.8088e+01 2.2358e+01 -1.0042e+00 -6.3398e+00 4.6858e+01 3.9809e+01 -2.3632e+00 -5.4287e+00 5.2645e+01 -2.5907e+00 -3.0109e+00 2.0880e+00 4.7741e-01 1.1688e+00
7.3319e-01 4.2970e+01 3.7467e+01 2.2231e+01 -1.0025e+00 -6.2325e+00 4.6230e+01 3.9357e+01 -2.3377e+00 -5.3548e+00 5.1820e+01 -2.5775e+00 -3.0047e+00 2.0137e+00 4.6437e-01 1.1518e+00
7.3934e-01 4.2048e+01 3.6403e+01 2.1522e+01 -9.6145e-01 -6.1211e+00 4.4809e+01 3.8237e+01 -2.2892e+00 -5.2393e+00 5.0693e+01 -2.5333e+00 -2.9312e+00 1.9774e+00 4.5541e-01 1.1357e+00
7.4549e-01 4.1000e+01 3.5631e+01 2.1300e+01 -9.1538e-01 -5.9700e+00 4.4031e+01 3.7756e+01 -2.2134e+00 -5.1353e+00 4.9991e+01 -2.4840e+00 -2.9072e+00 1.9345e+00 4.4133e-01 1.1100e+00
7.5162e-01 4.0064e+01 3.4694e+01 2.0660e+01 -8.9198e-01 -5.8544e+00 4.2844e+01 3.6712e+01 -2.1541e+00 -5.0261e+00 4.8695e+01 -2.4166e+00 -2.8370e+00 1.8800e+00 4.3057e-01 1.0927e+00
7.5776e-01 3.9315e+01 3.4103e+01 2.0487e+01 -8.9851e-01 -5.7687e+00 4.2126e+01 3.6223e+01 -2.1243e+00 -4.9731e+00 4.7943e+01 -2.3589e+00 -2.8386e+00 1.8369e+00 4.2822e-01 1.0803e+00
7.6390e-01 3.8385e+01 3.3302e+01 2.0069e+01 -8.5559e-01 -5.6441e+00 4.1189e+01 3.5476e+01 -2.0585e+00 -4.8750e+00 4.6989e+01 -2.3098e+00 -2.7985e+00 1.7949e+00 4.1312e-01 1.0593e+00
7.7006e-01 3.7240e+01 3.2207e+01 1.9376e+01 -8.4485e-01 -5.4936e+00 3.9953e+01 3.4494e+01 -2.0255e+00 -4.7463e+00 4.5906e+01 -2.2708e+00 -2.7217e+00 1.7397e+00 4.0507e-01 1.0366e+00
7.7618e-01 3.6758e+01 3.1664e+01 1.9036e+01 -8.1512e-01 -5.4462e+00 3.9133e+01 3.3734e+01 -1.9748e+00 -4.6957e+00 4.4846e+01 -2.2227e+00 -2.6945e+00 1.7036e+00 3.9514e-01 1.0284e+00
7.8228e-01 3.5736e+01 3.0980e+01 1.8868e+01 -8.0357e-01 -5.2875e+00 3.8472e+01 3.3378e+01 -1.9256e+00 -4.5926e+00 4.4413e+01 -2.1901e+00 -2.6777e+00 1.6524e+00 3.8569e-01 1.0016e+00
7.8841e-01 3.5186e+01 3.0386e+01 1.8463e+01 -7.5201e-01 -5.2093e+00 3.7658e+01 3.2627e+01 -1.8464e+00 -4.5171e+00 4.3477e+01 -2.1002e+00 -2.6296e+00 1.6112e+00 3.7211e-01 9.8642e-01
7.9456e-01 3.4109e+01 2.9427e+01 1.8001e+01 -7.6631e-01 -5.0746e+00 3.6594e+01 3.1877e+01 -1.8564e+00 -4.4129e+00 4.2536e+01 -2.0973e+00 -2.5907e+00 1.5848e+00 3.7127e-01 9.6775e-01
8.0071e-01 3.3388e+01 2.8696e+01 1.7525e+01 -7.3981e-01 -4.9769e+00 3.5650e+01 3.1038e+01 -1.8034e+00 -4.3163e+00 4.1441e+01 -2.0482e+00 -2.5262e+00 1.5472e+00 3.6038e-01 9.5142e-01
8.0684e-01 3.2682e+01 2.8131e+01 1.7266e+01 -7.5244e-01 -4.8845e+00 3.4996e+01 3.0565e+01 -1.7905e+00 -4.2505e+00 4.0846e+01 -2.0349e+00 -2.5034e+00 1.5065e+00 3.5525e-01 9.3582e-01
8.1299e-01 3.2035e+01 2.7577e+01 1.6898e+01 -7.2767e-01 -4.7984e+00 3.4341e+01 2.9958e+01 -1.7470e+00 -4.1895e+00 4.0032e+01 -1.9858e+00 -2.4712e+00 1.4670e+00 3.4776e-01 9.2126e-01
8.1915e-01 3.1301e+01 2.6954e+01 1.6625e+01 -6.9792e-01 -4.6874e+00 3.3648e+01 2.9510e+01 -1.6930e+00 -4.1004e+00 3.9528e+01 -1.9495e+00 -2.4395e+00 1.4439e+00 3.3938e-01 9.0105e-01
8.2526e-01 3.0643e+01 2.6422e+01 1.6379e+01 -6.8993e-01 -4.5970e+00 3.2996e+01 2.8979e+01 -1.6642e+00 -4.0366e+00 3.8758e+01 -1.9061e+00 -2.4108e+00 1.4050e+00 3.3130e-01 8.8631e-01
8.3138e-01 3.0102e+01 2.5831e+01 1.5967e+01 -6.5792e-01 -4.5298e+00 3.2193e+01 2.8229e+01 -1.6153e+00 -3.9715e+00 3.7784e+01 -1.8575e+00 -2.3735e+00 1.3749e+00 3.2469e-01 8.7634e-01
8.3753e-01 2.9229e+01 2.5114e+01 1.5652e+01 -6.6565e-01 -4.4059e+00 3.1400e+01 2.7687e+01 -1.6058e+00 -3.8761e+00 3.7124e+01 -1.8529e+00 -2.3473e+00 1.3410e+00 3.2137e-01 8.5591e-01
8.4366e-01 2.8637e+01 2.4528e+01 1.5219e+01 -6.2429e-01 -4.3162e+00 3.0644e+01 2.7002e+01 -1.5435e+00 -3.7918e+00 3.6325e+01 -1.7984e+00 -2.2774e+00 1.3062e+00 3.0933e-01 8.3870e-01
8.4979e-01 2.8125e+01 2.4142e+01 1.5111e+01 -6.2754e-01 -4.2489e+00 3.0182e+01 2.6692e+01 -1.5223e+00 -3.7497e+00 3.5864e+01 -1.7578e+00 -2.2737e+00 1.2775e+00 3.0400e-01 8.2745e-01
8.5592e-01 2.7409e+01 2.3447e+01 1.4632e+01 -5.9165e-01 -4.1479e+00 2.9385e+01 2.6014e+01 -1.4857e+00 -3.6586e+00 3.5091e+01 -1.7361e+00 -2.2165e+00 1.2509e+00 2.9610e-01 8.1152e-01
8.6206e-01 2.6774e+01 2.2954e+01 1.4383e+01 -6.0817e-01 -4.0684e+00 2.8768e+01 2.5497e+01 -1.4630e+00 -3.6016e+00 3.4402e+01 -1.7006e+00 -2.1926e+00 1.2176e+00 2.9453e-01 7.9934e-01
8.6820e-01 2.6271e+01 2.2485e+01 1.4102e+01 -5.8251e-01 -3.9948e+00 2.8160e+01 2.4928e+01 -1.4272e+00 -3.5417e+00 3.3531e+01 -1.6710e+00 -2.1674e+00 1.1940e+00 2.8621e-01 7.8640e-01
8.7433e-01 2.5763e+01 2.2035e+01 1.3876e+01 -5.7103e-01 -3.9146e+00 2.7621e+01 2.4504e+01 -1.3965e+00 -3.4739e+00 3.3021e+01 -1.6386e+00 -2.1295e+00 1.1657e+00 2.7994e-01 7.7051e-01
8.8047e-01 2.5282e+01 2.1646e+01 1.3671e+01 -5.7231e-01 -3.8497e+00 2.7139e+01 2.4119e+01 -1.3817e+00 -3.4251e+00 3.2513e+01 -1.6102e+00 -2.1049e+00 1.1383e+00 2.7389e-01 7.5978e-01
8.8661e-01 2.4533e+01 2.1025e+01 1.3329e+01 -5.3788e-01 -3.7465e+00 2.6460e+01 2.3550e+01 -1.3336e+00 -3.3500e+00 3.1756e+01 -1.5747e+00 -2.0722e+00 1.1123e+00 2.6674e-01 7.4360e-01
8.9275e-01 2.4080e+01 2.0597e+01 1.3065e+01 -5.3230e-01 -3.6710e+00 2.5890e+01 2.3109e+01 -1.3033e+00 -3.2802e+00 3.1256e+01 -1.5359e+00 -2.0350e+00 1.0821e+00 2.6116e-01 7.2839e-01
8.9891e-01 2.3477e+01 2.0039e+01 1.2732e+01 -5.2308e-01 -3.5890e+00 2.5242e+01 2.2559e+01 -1.2705e+00 -3.2064e+00 3.0533e+01 -1.4939e+00 -1.9893e+00 1.0616e+00 2.5509e-01 7.1550e-01
9.0504e-01 2.2982e+01 1.9635e+01 1.2488e+01 -5.1065e-01 -3.5192e+00 2.4789e+01 2.2182e+01 -1.2511e+00 -3.1573e+00 3.0077e+01 -1.4758e+00 -1.9613e+00 1.0409e+00 2.5102e-01 7.0332e-01
9.1117e-01 2.2532e+01 1.9231e+01 1.2237e+01 -5.1120e-01 -3.4563e+00 2.4202e+01 2.1627e+01 -1.2339e+00 -3.1056e+00 2.9349e+01 -1.4621e+00 -1.9387e+00 1.0147e+00 2.4704e-01 6.9282e-01
9.1731e-01 2.2030e+01 1.8783e+01 1.1955e+01 -4.9344e-01 -3.3757e+00 2.3684e+01 2.1171e+01 -1.2116e+00 -3.0412e+00 2.8688e+01 -1.4322e+00 -1.9008e+00 9.9088e-01 2.4112e-01 6.7771e-01
9.2344e-01 2.1607e+01 1.8363e+01 1.1688e+01 -4.8828e-01 -3.3188e+00 2.3150e+01 2.0732e+01 -1.1842e+00 -2.9865e+00 2.8199e+01 -1.3964e+00 -1.8644e+00 9.7115e-01 2.3746e-01 6.6881e-01
9.2956e-01 2.1072e+01 1.7971e+01 1.1524e+01 -4.8155e-01 -3.2449e+00 2.2739e+01 2.0448e+01 -1.1637e+00 -2.9364e+00 2.7830e+01 -1.3819e+00 -1.8509e+00 9.4655e-01 2.3090e-01 6.5528e-01
9.3569e-01 2.0668e+01 1.7621e+01 1.1311e+01 -4.7913e-01 -3.1789e+00 2.2275e+01 2.0030e+01 -1.1416e+00 -2.8797e+00 2.7285e+01 -1.3552e+00 -1.8117e+00 9.2882e-01 2.2691e-01 6.4329e-01
9.4184e-01 2.0219e+01 1.7223e+01 1.1036e+01 -4.5732e-01 -3.1207e+00 2.1786e+01 1.9559e+01 -1.1132e+00 -2.8318e+00 2.6631e+01 -1.3195e+00 -1.7830e+00 9.0799e-01 2.2256e-01 6.3451e-01
9.4799e-01 1.9914e+01 1.6942e+01 1.0928e+01 -4.5805e-01 -3.0741e+00 2.1421e+01 1.9288e+01 -1.0968e+00 -2.7923e+00 2.6295e+01 -1.3013e+00 -1.7668e+00 8.9058e-01 2.1954e-01 6.2575e-01
9.5411e-01 1.9373e+01 1.6469e+01 1.0658e+01 -4.2810e-01 -2.9863e+00 2.0874e+01 1.8846e+01 -1.0524e+00 -2.7202e+00 2.5750e+01 -1.2618e+00 -1.7296e+00 8.6596e-01 2.1080e-01 6.0944e-01
9.6024e-01 1.8997e+01 1.6098e+01 1.0366e+01 -4.3860e-01 -2.9298e+00 2.0375e+01 1.8358e+01 -1.0426e+00 -2.6670e+00 2.5156e+01 -1.2321e+00 -1.6855e+00 8.4324e-01 2.0834e-01 5.9894e-01
9.6637e-01 1.8461e+01 1.5667e+01 1.0140e+01 -4.2628e-01 -2.8474e+00 1.9902e+01 1.7994e+01 -1.0294e+00 -2.6058e+00 2.4693e+01 -1.2325e+00 -1.6575e+00 8.3066e-01 2.0504e-01 5.8545e-01
9.7252e-01 1.8111e+01 1.5355e+01 9.9429e+00 -4.1394e-01 -2.7993e+00 1.9520e+01 1.7632e+01 -9.9833e-01 -2.5641e+00 2.4151e+01 -1.1893e+00 -1.6316e+00 8.1005e-01 1.9880e-01 5.7644e-01
9.7866e-01 1.7733e+01 1.5052e+01 9.7890e+00 -4.1801e-01 -2.7456e+00 1.9165e+01 1.7347e+01 -9.9085e-01 -2.5237e+00 2.3808e+01 -1.1860e+00 -1.6153e+00 7.9715e-01 1.9849e-01 5.6787e-01
9.8477e-01 1.7420e+01 1.4753e+01 9.5969e+00 -4.0278e-01 -2.6926e+00 1.8775e+01 1.6988e+01 -9.6252e-01 -2.4760e+00 2.3324e+01 -1.1541e+00 -1.5844e+00 7.7685e-01 1.9194e-01 5.5669e-01
9.9092e-01 1.7005e+01 1.4354e+01 9.2697e+00 -3.7775e-01 -2.6344e+00 1.8289e+01 1.6516e+01 -9.2799e-01 -2.4225e+00 2.2755e+01 -1.1168e+00 -1.5403e+00 7.6098e-01 1.8700e-01 5.4796e-01
9.9706e-01 1.6647e+01 1.4056e+01 9.1303e+00 -3.9062e-01 -2.5796e+00 1.7913e+01 1.6209e+01 -9.2432e-01 -2.3803e+00 2.2337e+01 -1.1070e+00 -1.5214e+00 7.4157e-01 1.8513e-01 5.3826e-01
1.0032e+00 1.6321e+01 1.3792e+01 8.9958e+00 -3.8143e-01 -2.5299e+00 1.7576e+01 1.5914e+01 -9.0816e-01 -2.3443e+00 2.1959e+01 -1.0888e+00 -1.5071e+00 7.2517e-01 1.8037e-01 5.2840e-01
1.0093e+00 1.5951e+01 1.3457e+01 8.7908e+00 -3.7232e-01 -2.4705e+00 1.7183e+01 1.5567e+01 -8.7887e-01 -2.2908e+00 2.1527e+01 -1.0478e+00 -1.4683e+00 7.1085e-01 1.7700e-01 5.1822e-01
1.0155e+00 1.5656e+01 1.3202e+01 8.6421e+00 -3.5798e-01 -2.4232e+00 1.6842e+01 1.5277e+01 -8.5963e-01 -2.2527e+00 2.1142e+01 -1.0309e+00 -1.4522e+00 6.9577e-01 1.7266e-01 5.0851e-01
1.0216e+00 1.5292e+01 1.2874e+01 8.4506e+00 -3.6036e-01 -2.3732e+00 1.6458e+01 1.4928e+01 -8.5193e-01 -2.2091e+00 2.0675e+01 -1.0163e+00 -1.4224e+00 6.7939e-01 1.7043e-01 5.0075e-01
1.0277e+00 1.4968e+01 1.2561e+01 8.2311e+00 -3.4727e-01 -2.3195e+00 1.6068e+01 1.4578e+01 -8.2536e-01 -2.1601e+00 2.0231e+01 -9.8892e-01 -1.3885e+00 6.6363e-01 1.6515e-01 4.9030e-01
1.0339e+00 1.4609e+01 1.2289e+01 8.0736e+00 -3.4946e-01 -2.2667e+00 1.5764e+01 1.4294e+01 -8.1559e-01 -2.1230e+00 1.9860e+01 -9.8059e-01 -1.3688e+00 6.5407e-01 1.6387e-01 4.8191e-01
1.0400e+00 1.4377e+01 1.2062e+01 7.9236e+00 -3.3733e-01 -2.2266e+00 1.5457e+01 1.4007e+01 -7.9735e-01 -2.0867e+00 1.9475e+01 -9.6540e-01 -1.3473e+00 6.3636e-01 1.5975e-01 4.7361e-01
1.0462e+00 1.4039e+01 1.1761e+01 7.7173e+00 -3.3273e-01 -2.1790e+00 1.5110e+01 1.3684e+01 -7.8302e-01 -2.0457e+00 1.9046e+01 -9.4166e-01 -1.3159e+00 6.2382e-01 1.5635e-01 4.6611e-01
1.0523e+00 1.3762e+01 1.1539e+01 7.6236e+00 -3.3020e-01 -2.1337e+00 1.4841e+01 1.3475e+01 -7.7158e-01 -2.0111e+00 1.8812e+01 -9.3285e-01 -1.3016e+00 6.0993e-01 1.5343e-01 4.5721e-01
1.0584e+00 1.3526e+01 1.1283e+01 7.4213e+00 -3.1739e-01 -2.0972e+00 1.4482e+01 1.3115e+01 -7.5223e-01 -1.9732e+00 1.8332e+01 -9.1110e-01 -1.2732e+00 5.9952e-01 1.4996e-01 4.5028e-01
1.0646e+00 1.3182e+01 1.1029e+01 7.3108e+00 -3.1292e-01 -2.0474e+00 1.4208e+01 1.2894e+01 -7.3194e-01 -1.9367e+00 1.8044e+01 -8.8566e-01 -1.2551e+00 5.8569e-01 1.4646e-01 4.4235e-01
1.0707e+00 1.2911e+01 1.0776e+01 7.1337e+00 -3.0686e-01 -2.0052e+00 1.3918e+01 1.2611e+01 -7.1963e-01 -1.9031e+00 1.7677e+01 -8.6279e-01 -1.2302e+00 5.7100e-01 1.4418e-01 4.3508e-01
1.0768e+00 1.2633e+01 1.0501e+01 6.9503e+00 -2.9575e-01 -1.9541e+00 1.3557e+01 1.2302e+01 -6.9715e-01 -1.8534e+00 1.7302e+01 -8.4423e-01 -1.1991e+00 5.6068e-01 1.4071e-01 4.2465e-01
1.0830e+00 1.2342e+01 1.0274e+01 6.8154e+00 -2.9472e-01 -1.9097e+00 1.3308e+01 1.2065e+01 -6.9387e-01 -1.8218e+00 1.6984e+01 -8.3499e-01 -1.1784e+00 5.5059e-01 1.3898e-01 4.1693e-01
1.0891e+00 1.2120e+01 1.0059e+01 6.6812e+00 -2.9685e-01 -1.8750e+00 1.3036e+01 1.1812e+01 -6.8496e-01 -1.7914e+00 1.6659e+01 -8.2556e-01 -1.1592e+00 5.3894e-01 1.3683e-01 4.1045e-01
1.0952e+00 1.1882e+01 9.8637e+00 6.5717e+00 -2.9184e-01 -1.8388e+00 1.2804e+01 1.1579e+01 -6.7102e-01 -1.7656e+00 1.6315e+01 -8.0757e-01 -1.1445e+00 5.2703e-01 1.3433e-01 4.0471e-01
1.1014e+00 1.1626e+01 9.6363e+00 6.4279e+00 -2.7566e-01 -1.7948e+00 1.2513e+01 1.1328e+01 -6.4868e-01 -1.7238e+00 1.6030e+01 -7.8473e-01 -1.1143e+00 5.1536e-01 1.2928e-01 3.9575e-01
1.1075e+00 1.1369e+01 9.4147e+00 6.2873e+00 -2.6832e-01 -1.7548e+00 1.2237e+01 1.1049e+01 -6.2851e-01 -1.6908e+00 1.5638e+01 -7.6318e-01 -1.0930e+00 5.0415e-01 1.2656e-01 3.8858e-01
1.1136e+00 1.1133e+01 9.2317e+00 6.2112e+00 -2.7193e-01 -1.7204e+00 1.2038e+01 1.0894e+01 -6.2470e-01 -1.6665e+00 1.5447e+01 -7.5278e-01 -1.0817e+00 4.9479e-01 1.2560e-01 3.8278e-01
1.1198e+00 1.0952e+01 9.0461e+00 6.0738e+00 -2.6823e-01 -1.6951e+00 1.1804e+01 1.0660e+01 -6.1774e-01 -1.6438e+00 1.5148e+01 -7.4827e-01 -1.0646e+00 4.8387e-01 1.2360e-01 3.7847e-01
1.1259e+00 1.0697e+01 8.8171e+00 5.9370e+00 -2.6182e-01 -1.6484e+00 1.1527e+01 1.0403e+01 -6.0626e-01 -1.6041e+00 1.4805e+01 -7.3012e-01 -1.0402e+00 4.7495e-01 1.2098e-01 3.6945e-01
1.1321e+00 1.0483e+01 8.6118e+00 5.7848e+00 -2.5796e-01 -1.6161e+00 1.1271e+01 1.0157e+01 -5.9043e-01 -1.5736e+00 1.4513e+01 -7.1550e-01 -1.0165e+00 4.6369e-01 1.1844e-01 3.6399e-01
1.1382e+00 1.0243e+01 8.3975e+00 5.6399e+00 -2.4992e-01 -1.5775e+00 1.1014e+01 9.9115e+00 -5.7623e-01 -1.5419e+00 1.4205e+01 -6.9658e-01 -9.9229e-01 4.5366e-01 1.1554e-01 3.5688e-01
1.1443e+00 1.0045e+01 8.2312e+00 5.5607e+00 -2.4972e-01 -1.5451e+00 1.0807e+01 9.7154e+00 -5.6967e-01 -1.5171e+00 1.3939e+01 -6.8679e-01 -9.8145e-01 4.4612e-01 1.1455e-01 3.5091e-01
1.1505e+00 9.8575e+00 8.0537e+00 5.4528e+00 -2.3770e-01 -1.5134e+00 1.0594e+01 9.5331e+00 -5.5158e-01 -1.4875e+00 1.3716e+01 -6.7272e-01 -9.6170e-01 4.3628e-01 1.1069e-01 3.4504e-01
1.1566e+00 9.6336e+00 7.8514e+00 5.3187e+00 -2.4291e-01 -1.4789e+00 1.0367e+01 9.3001e+00 -5.4522e-01 -1.4620e+00 1.3391e+01 -6.5879e-01 -9.4391e-01 4.2751e-01 1.1016e-01 3.3941e-01
1.1627e+00 9.4514e+00 7.6895e+00 5.2263e+00 -2.3777e-01 -1.4497e+00 1.0157e+01 9.1132e+00 -5.3804e-01 -1.4353e+00 1.3148e+01 -6.4945e-01 -9.2836e-01 4.1916e-01 1.0768e-01 3.3340e-01
1.1689e+00 9.2751e+00 7.5439e+00 5.1584e+00 -2.2910e-01 -1.4173e+00 9.9870e+00 8.9703e+00 -5.2312e-01 -1.4088e+00 1.2974e+01 -6.3691e-01 -9.1078e-01 4.1101e-01 1.0485e-01 3.2697e-01
1.1750e+00 9.0518e+00 7.3313e+00 4.9919e+00 -2.2360e-01 -1.3836e+00 9.7398e+00 8.7145e+00 -5.1470e-01 -1.3797e+00 1.2647e+01 -6.2477e-01 -8.8840e-01 4.0261e-01 1.0303e-01 3.2152e-01
1.1811e+00 8.8956e+00 7.1866e+00 4.9057e+00 -2.1737e-01 -1.3567e+00 9.5536e+00 8.5397e+00 -5.0250e-01 -1.3551e+00 1.2440e+01 -6.1498e-01 -8.7113e-01 3.9472e-01 1.0059e-01 3.1596e-01
1.1873e+00 8.7021e+00 7.0239e+00 4.8110e+00 -2.1992e-01 -1.3250e+00 9.3533e+00 8.3387e+00 -4.9696e-01 -1.3295e+00 1.2173e+01 -6.0259e-01 -8.5352e-01 3.8779e-01 9.9619e-02 3.1083e-01
1.1934e+00 8.5474e+00 6.8782e+00 4.7135e+00 -2.1249e-01 -1.2990e+00 9.1922e+00 8.1802e+00 -4.8247e-01 -1.3089e+00 1.1964e+01 -5.8483e-01 -8.3888e-01 3.8012e-01 9.7068e-02 3.0574e-01
1.1996e+00 8.3694e+00 6.7193e+00 4.6277e+00 -2.0453e-01 -1.2690e+00 8.9814e+00 7.9821e+00 -4.7167e-01 -1.2819e+00 1.1708e+01 -5.7097e-01 -8.2038e-01 3.7159e-01 9.4481e-02 2.9989e-01
1.2057e+00 8.1925e+00 6.5519e+00 4.4984e+00 -2.0316e-01 -1.2394e+00 8.8099e+00 7.8076e+00 -4.6569e-01 -1.2598e+00 1.1477e+01 -5.6459e-01 -8.0337e-01 3.6428e-01 9.3130e-02 2.9508e-01
1.2118e+00 8.0248e+00 6.4111e+00 4.4226e+00 -2.0182e-01 -1.2143e+00 8.6368e+00 7.6370e+00 -4.5900e-01 -1.2400e+00 1.1276e+01 -5.5691e-01 -7.8985e-01 3.5833e-01 9.1883e-02 2.9077e-01
1.2180e+00 7.8766e+00 6.2687e+00 4.3358e+00 -1.9341e-01 -1.1902e+00 8.4610e+00 7.4786e+00 -4.4845e-01 -1.2173e+00 1.1078e+01 -5.4811e-01 -7.7576e-01 3.5108e-01 8.9412e-02 2.8612e-01
1.2241e+00 7.6974e+00 6.1164e+00 4.2399e+00 -1.9625e-01 -1.1597e+00 8.2852e+00 7.2946e+00 -4.4134e-01 -1.1934e+00 1.0845e+01 -5.3838e-01 -7.5806e-01 3.4378e-01 8.8246e-02 2.8054e-01
1.2302e+00 7.5771e+00 5.9903e+00 4.1672e+00 -1.8408e-01 -1.1390e+00 8.1148e+00 7.1486e+00 -4.2666e-01 -1.1708e+00 1.0647e+01 -5.2480e-01 -7.4473e-01 3.3689e-01 8.5297e-02 2.7610e-01
1.2364e+00 7.4002e+00 5.8250e+00 4.0565e+00 -1.7990e-01 -1.1084e+00 7.9394e+00 6.9634e+00 -4.1870e-01 -1.1478e+00 1.0419e+01 -5.1236e-01 -7.2445e-01 3.3038e-01 8.3368e-02 2.7117e-01
1.2425e+00 7.2506e+00 5.7134e+00 3.9959e+00 -1.8524e-01 -1.0853e+00 7.7986e+00 6.8215e+00 -4.1685e-01 -1.1290e+00 1.0217e+01 -5.0645e-01 -7.1363e-01 3.2453e-01 8.3337e-02 2.6655e-01
1.2486e+00 7.1208e+00 5.5934e+00 3.9252e+00 -1.7618e-01 -1.0636e+00 7.6710e+00 6.7005e+00 -4.0797e-01 -1.1125e+00 1.0052e+01 -4.9500e-01 -7.0250e-01 3.1864e-01 8.1336e-02 2.6288e-01
1.2548e+00 6.9725e+00 5.4426e+00 3.8245e+00 -1.7341e-01 -1.0361e+00 7.4830e+00 6.5147e+00 -3.9956e-01 -1.0875e+00 9.8383e+00 -4.8622e-01 -6.8303e-01 3.1202e-01 7.9789e-02 2.5788e-01
1.2609e+00 6.8603e+00 5.3498e+00 3.7801e+00 -1.6874e-01 -1.0186e+00 7.3680e+00 6.4086e+00 -3.9085e-01 -1.0736e+00 9.7051e+00 -4.7695e-01 -6.7442e-01 3.0645e-01 7.7963e-02 2.5467e-01
1.2671e+00 6.7287e+00 5.2177e+00 3.6887e+00 -1.6704e-01 -9.9498e-01 7.2085e+00 6.2494e+00 -3.8317e-01 -1.0524e+00 9.5260e+00 -4.6928e-01 -6.5823e-01 3.0112e-01 7.6694e-02 2.5003e-01
1.2732e+00 6.5761e+00 5.0857e+00 3.6279e+00 -1.6287e-01 -9.6872e-01 7.0642e+00 6.1130e+00 -3.7470e-01 -1.0315e+00 9.3353e+00 -4.5807e-01 -6.4550e-01 2.9507e-01 7.4812e-02 2.4523e-01
1.2793e+00 6.4633e+00 4.9732e+00 3.5347e+00 -1.5590e-01 -9.4850e-01 6.9301e+00 5.9669e+00 -3.6478e-01 -1.0144e+00 9.1402e+00 -4.4730e-01 -6.3067e-01 2.8990e-01 7.3017e-02 2.4149e-01
1.2855e+00 6.3253e+00 4.8642e+00 3.4745e+00 -1.5575e-01 -9.2740e-01 6.7981e+00 5.8394e+00 -3.6169e-01 -9.9645e-01 8.9750e+00 -4.4273e-01 -6.1869e-01 2.8496e-01 7.2122e-02 2.3768e-01
1.2916e+00 6.2078e+00 4.7561e+00 3.4026e+00 -1.5498e-01 -9.0857e-01 6.6664e+00 5.6990e+00 -3.5582e-01 -9.8115e-01 8.7973e+00 -4.3680e-01 -6.0467e-01 2.7917e-01 7.1060e-02 2.3468e-01
1.2977e+00 6.1085e+00 4.6440e+00 3.3344e+00 -1.4891e-01 -8.8862e-01 6.5343e+00 5.5691e+00 -3.4695e-01 -9.6377e-01 8.6118e+00 -4.2403e-01 -5.9486e-01 2.7424e-01 6.9541e-02 2.3044e-01
1.3039e+00 5.9863e+00 4.5420e+00 3.2844e+00 -1.4690e-01 -8.6874e-01 6.4173e+00 5.4587e+00 -3.4418e-01 -9.4807e-01 8.4770e+00 -4.1902e-01 -5.8448e-01 2.7007e-01 6.8754e-02 2.2719e-01
1.3100e+00 5.8595e+00 4.4241e+00 3.2069e+00 -1.4240e-01 -8.4619e-01 6.2782e+00 5.3255e+00 -3.3496e-01 -9.2805e-01 8.3342e+00 -4.0951e-01 -5.6813e-01 2.6548e-01 6.6925e-02 2.2269e-01
1.3161e+00 5.7281e+00 4.3113e+00 3.1390e+00 -1.3896e-01 -8.2654e-01 6.1584e+00 5.2062e+00 -3.2900e-01 -9.1300e-01 8.1693e+00 -4.0334e-01 -5.5800e-01 2.6062e-01 6.5936e-02 2.1955e-01
1.3223e+00 5.6325e+00 4.2260e+00 3.0926e+00 -1.3853e-01 -8.0845e-01 6.0587e+00 5.0942e+00 -3.2482e-01 -8.9949e-01 8.0213e+00 -3.9645e-01 -5.4819e-01 2.5512e-01 6.4778e-02 2.1615e-01
1.3284e+00 5.5346e+00 4.1215e+00 3.0199e+00 -1.3166e-01 -7.8957e-01 5.9234e+00 4.9592e+00 -3.1560e-01 -8.8094e-01 7.8713e+00 -3.8833e-01 -5.3285e-01 2.5154e-01 6.3112e-02 2.1245e-01
1.3345e+00 5.4351e+00 4.0365e+00 2.9626e+00 -1.2906e-01 -7.7355e-01 5.8242e+00 4.8631e+00 -3.0902e-01 -8.6730e-01 7.7318e+00 -3.7885e-01 -5.2307e-01 2.4697e-01 6.1748e-02 2.0934e-01
1.3407e+00 5.3235e+00 3.9335e+00 2.8933e+00 -1.2560e-01 -7.5484e-01 5.7089e+00 4.7430e+00 -3.0387e-01 -8.5185e-01 7.5739e+00 -3.7366e-01 -5.1029e-01 2.4222e-01 6.0619e-02 2.0596e-01
1.3468e+00 5.2330e+00 3.8457e+00 2.8577e+00 -1.2473e-01 -7.3732e-01 5.6014e+00 4.6478e+00 -2.9696e-01 -8.3653e-01 7.4741e+00 -3.6585e-01 -5.0067e-01 2.3884e-01 5.9472e-02 2.0271e-01
1.3529e+00 5.1205e+00 3.7423e+00 2.7812e+00 -1.1968e-01 -7.2071e-01 5.4815e+00 4.5057e+00 -2.9061e-01 -8.2344e-01 7.2907e+00 -3.5778e-01 -4.8746e-01 2.3448e-01 5.8174e-02 1.9995e-01
1.3591e+00 5.0396e+00 3.6800e+00 2.7507e+00 -1.1886e-01 -7.0483e-01 5.3979e+00 4.4267e+00 -2.8593e-01 -8.1056e-01 7.1797e+00 -3.5147e-01 -4.8166e-01 2.2984e-01 5.7597e-02 1.9648e-01
1.3652e+00 4.9465e+00 3.5837e+00 2.6808e+00 -1.1262e-01 -6.8958e-01 5.2987e+00 4.3282e+00 -2.8079e-01 -7.9714e-01 7.0450e+00 -3.4719e-01 -4.7024e-01 2.2653e-01 5.5968e-02 1.9401e-01
1.3714e+00 4.8479e+00 3.5021e+00 2.6370e+00 -1.1453e-01 -6.7283e-01 5.2043e+00 4.2335e+00 -2.7908e-01 -7.8378e-01 6.9213e+00 -3.4160e-01 -4.6101e-01 2.2289e-01 5.5550e-02 1.9083e-01
1.3775e+00 4.7662e+00 3.4207e+00 2.5903e+00 -1.1147e-01 -6.5714e-01 5.1034e+00 4.1460e+00 -2.7288e-01 -7.6932e-01 6.8200e+00 -3.3788e-01 -4.5302e-01 2.1888e-01 5.4310e-02 1.8747e-01
1.3836e+00 4.6825e+00 3.3520e+00 2.5466e+00 -1.0737e-01 -6.4356e-01 5.0320e+00 4.0541e+00 -2.6811e-01 -7.6035e-01 6.7001e+00 -3.3100e-01 -4.4274e-01 2.1656e-01 5.3461e-02 1.8553e-01
1.3898e+00 4.6053e+00 3.2637e+00 2.4883e+00 -1.0520e-01 -6.2903e-01 4.9210e+00 3.9381e+00 -2.6249e-01 -7.4542e-01 6.5426e+00 -3.2084e-01 -4.3128e-01 2.1195e-01 5.2546e-02 1.8237e-01
1.3959e+00 4.5275e+00 3.2000e+00 2.4546e+00 -1.0032e-01 -6.1518e-01 4.8404e+00 3.8687e+00 -2.5542e-01 -7.3327e-01 6.4501e+00 -3.1585e-01 -4.2412e-01 2.0800e-01 5.1021e-02 1.7942e-01
1.4020e+00 4.4381e+00 3.1195e+00 2.4067e+00 -9.9605e-02 -6.0074e-01 4.7516e+00 3.7838e+00 -2.5190e-01 -7.2207e-01 6.3545e+00 -3.1221e-01 -4.1677e-01 2.0448e-01 5.0136e-02 1.7703e-01
1.4082e+00 4.3562e+00 3.0489e+00 2.3624e+00 -9.8518e-02 -5.8775e-01 4.6660e+00 3.6982e+00 -2.4906e-01 -7.1093e-01 6.2391e+00 -3.0752e-01 -4.0841e-01 2.0229e-01 4.9507e-02 1.7468e-01
1.4143e+00 4.2788e+00 2.9820e+00 2.3172e+00 -9.3717e-02 -5.7403e-01 4.5960e+00 3.6248e+00 -2.4396e-01 -7.0034e-01 6.1343e+00 -3.0097e-01 -4.0015e-01 1.9893e-01 4.8627e-02 1.7214e-01
1.4205e+00 4.2063e+00 2.9032e+00 2.2706e+00 -9.1192e-02 -5.6128e-01 4.5020e+00 3.5229e+00 -2.3792e-01 -6.8908e-01 6.0235e+00 -2.9520e-01 -3.8968e-01 1.9520e-01 4.7217e-02 1.7002e-01
1.4266e+00 4.1420e+00 2.8447e+00 2.2381e+00 -9.0896e-02 -5.4816e-01 4.4327e+00 3.4565e+00 -2.3709e-01 -6.7801e-01 5.9372e+00 -2.9345e-01 -3.8230e-01 1.9311e-01 4.7101e-02 1.6719e-01
1.4327e+00 4.0625e+00 2.7765e+00 2.1926e+00 -8.7593e-02 -5.3522e-01 4.3544e+00 3.3768e+00 -2.3248e-01 -6.6779e-01 5.8278e+00 -2.8826e-01 -3.7443e-01 1.9017e-01 4.6220e-02 1.6483e-01
1.4389e+00 3.9947e+00 2.7132e+00 2.1606e+00 -8.6233e-02 -5.2244e-01 4.2699e+00 3.2893e+00 -2.2909e-01 -6.5574e-01 5.7157e+00 -2.8362e-01 -3.6582e-01 1.8767e-01 4.5362e-02 1.6219e-01
1.4450e+00 3.9364e+00 2.6669e+00 2.1341e+00 -8.2930e-02 -5.1338e-01 4.2232e+00 3.2347e+00 -2.2289e-01 -6.4927e-01 5.6430e+00 -2.7661e-01 -3.6061e-01 1.8396e-01 4.4367e-02 1.6063e-01
1.4511e+00 3.8560e+00 2.5906e+00 2.0851e+00 -7.9607e-02 -4.9859e-01 4.1339e+00 3.1673e+00 -2.2058e-01 -6.3616e-01 5.5486e+00 -2.7386e-01 -3.5390e-01 1.8168e-01 4.3717e-02 1.5764e-01
1.4573e+00 3.7957e+00 2.5366e+00 2.0419e+00 -7.8903e-02 -4.8985e-01 4.0603e+00 3.0859e+00 -2.1734e-01 -6.2620e-01 5.4484e+00 -2.6776e-01 -3.4481e-01 1.7915e-01 4.3206e-02 1.5577e-01
1.4634e+00 3.7428e+00 2.4879e+00 2.0147e+00 -7.6150e-02 -4.7944e-01 3.9987e+00 3.0257e+00 -2.1305e-01 -6.1772e-01 5.3707e+00 -2.6420e-01 -3.3840e-01 1.7654e-01 4.2254e-02 1.5372e-01
1.4695e+00 3.6747e+00 2.4318e+00 1.9772e+00 -7.4005e-02 -4.6846e-01 3.9358e+00 2.9621e+00 -2.0932e-01 -6.0910e-01 5.2767e+00 -2.5978e-01 -3.3288e-01 1.7395e-01 4.1447e-02 1.5164e-01
1.4757e+00 3.6052e+00 2.3654e+00 1.9316e+00 -6.9038e-02 -4.5579e-01 3.8604e+00 2.8862e+00 -2.0480e-01 -5.9782e-01 5.1839e+00 -2.5522e-01 -3.2299e-01 1.7045e-01 4.0545e-02 1.4919e-01
1.4818e+00 3.5510e+00 2.3161e+00 1.9127e+00 -7.0067e-02 -4.4616e-01 3.8052e+00 2.8317e+00 -2.0213e-01 -5.9044e-01 5.1107e+00 -2.5144e-01 -3.1877e-01 1.6914e-01 4.0131e-02 1.4746e-01
1.4879e+00 3.5005e+00 2.2733e+00 1.8819e+00 -6.7221e-02 -4.3798e-01 3.7503e+00 2.7708e+00 -1.9898e-01 -5.8296e-01 5.0380e+00 -2.4693e-01 -3.1223e-01 1.6673e-01 3.9654e-02 1.4574e-01
1.4941e+00 3.4408e+00 2.2191e+00 1.8470e+00 -6.5266e-02 -4.2770e-01 3.6806e+00 2.7106e+00 -1.9511e-01 -5.7227e-01 4.9499e+00 -2.4503e-01 -3.0501e-01 1.6450e-01 3.8520e-02 1.4353e-01
1.5002e+00 3.3933e+00 2.1736e+00 1.8174e+00 -6.3373e-02 -4.2022e-01 3.6357e+00 2.6558e+00 -1.9340e-01 -5.6701e-01 4.8789e+00 -2.4108e-01 -3.0045e-01 1.6237e-01 3.8390e-02 1.4228e-01
1.5064e+00 3.3334e+00 2.1235e+00 1.7879e+00 -6.1840e-02 -4.0971e-01 3.5752e+00 2.6012e+00 -1.8903e-01 -5.5833e-01 4.7991e+00 -2.3469e-01 -2.9486e-01 1.5971e-01 3.7512e-02 1.4022e-01
1.5125e+00 3.2906e+00 2.0843e+00 1.7538e+00 -5.9897e-02 -4.0271e-01 3.5149e+00 2.5447e+00 -1.8688e-01 -5.5000e-01 4.7310e+00 -2.3252e-01 -2.8763e-01 1.5799e-01 3.6880e-02 1.3861e-01
1.5186e+00 3.2362e+00 2.0388e+00 1.7293e+00 -5.9409e-02 -3.9301e-01 3.4642e+00 2.4942e+00 -1.8539e-01 -5.4182e-01 4.6518e+00 -2.2956e-01 -2.8193e-01 1.5648e-01 3.6604e-02 1.3648e-01
1.5248e+00 3.1785e+00 1.9919e+00 1.6986e+00 -5.5970e-02 -3.8464e-01 3.4096e+00 2.4389e+00 -1.7984e-01 -5.3473e-01 4.5849e+00 -2.2298e-01 -2.7666e-01 1.5361e-01 3.5617e-02 1.3505e-01
1.5309e+00 3.1385e+00 1.9578e+00 1.6735e+00 -5.5768e-02 -3.7874e-01 3.3590e+00 2.3887e+00 -1.7925e-01 -5.2830e-01 4.5071e+00 -2.2220e-01 -2.7177e-01 1.5212e-01 3.5499e-02 1.3367e-01
1.5370e+00 3.1019e+00 1.9210e+00 1.6546e+00 -5.4070e-02 -3.7066e-01 3.3215e+00 2.3542e+00 -1.7795e-01 -5.2189e-01 4.4568e+00 -2.1992e-01 -2.6819e-01 1.5001e-01 3.5217e-02 1.3194e-01
1.5432e+00 3.0515e+00 1.8814e+00 1.6337e+00 -5.2953e-02 -3.6271e-01 3.2627e+00 2.3060e+00 -1.7445e-01 -5.1413e-01 4.4025e+00 -2.1505e-01 -2.6325e-01 1.4830e-01 3.4390e-02 1.3028e-01
1.5493e+00 3.0071e+00 1.8480e+00 1.6095e+00 -5.0646e-02 -3.5564e-01 3.2272e+00 2.2666e+00 -1.7186e-01 -5.0922e-01 4.3348e+00 -2.1364e-01 -2.5952e-01 1.4671e-01 3.3899e-02 1.2898e-01
1.5554e+00 2.9648e+00 1.8084e+00 1.5833e+00 -4.8204e-02 -3.4912e-01 3.1754e+00 2.2181e+00 -1.6792e-01 -5.0190e-01 4.2717e+00 -2.0810e-01 -2.5388e-01 1.4470e-01 3.3177e-02 1.2754e-01
1.5616e+00 2.9174e+00 1.7727e+00 1.5558e+00 -4.7932e-02 -3.4218e-01 3.1193e+00 2.1721e+00 -1.6611e-01 -4.9284e-01 4.2167e+00 -2.0685e-01 -2.4794e-01 1.4352e-01 3.2807e-02 1.2555e-01
1.5677e+00 2.8809e+00 1.7430e+00 1.5331e+00 -4.6553e-02 -3.3608e-01 3.0857e+00 2.1364e+00 -1.6435e-01 -4.8858e-01 4.1701e+00 -2.0513e-01 -2.4513e-01 1.4172e-01 3.2402e-02 1.2439e-01
