# k / 1, b1, b2, bg, bk
0.0000e+00 0.0000e+00 0.0000e+00 0.0000e+00 0.0000e+00 0.0000e+00 0.0000e+00 0.0000e+00 0.0000e+00 0.0000e+00 0.0000e+00 0.0000e+00 0.0000e+00 0.0000e+00 0.0000e+00 0.0000e+00
8.8996e-03 1.5783e+04 1.5701e+04 -1.1995e+03 -7.2553e+02 -1.7656e+00 1.5619e+04 -1.1858e+03 -7.1979e+02 -1.7553e+00 2.8637e+03 1.8762e+03 6.7115e-02 1.2401e+03 3.1757e-02 2.9309e-04
1.5393e-02 2.9253e+04 2.9124e+04 1.0262e+03 8.4877e+02 -8.5547e+00 2.9003e+04 1.1258e+03 8.8789e+02 -8.5238e+00 6.8486e+03 4.1843e+03 -8.0469e-03 2.6332e+03 -3.0788e-02 2.9781e-03
2.1550e-02 2.3881e+04 2.3814e+04 -1.1097e+03 -6.4041e+02 -1.3806e+01 2.3760e+04 -9.6265e+02 -5.9288e+02 -1.3782e+01 7.1645e+03 4.2430e+03 1.3503e+00 2.6564e+03 8.9144e-01 9.4930e-03
2.7837e-02 1.7600e+04 1.7602e+04 -6.4989e+02 -4.6553e+02 -1.6665e+01 1.7627e+04 -4.2202e+02 -3.9250e+02 -1.6669e+01 7.0353e+03 3.8550e+03 1.6685e+00 2.3030e+03 1.1509e+00 1.8683e-02
3.4399e-02 1.7231e+04 1.7227e+04 7.9184e+01 1.4560e+02 -2.4934e+01 1.7254e+04 3.5610e+02 2.2013e+02 -2.4914e+01 6.4301e+03 3.2651e+03 1.7385e+00 1.8985e+03 9.6943e-01 4.2191e-02
4.0840e-02 1.6171e+04 1.6242e+04 4.0238e+02 1.8197e+02 -3.3443e+01 1.6355e+04 7.4621e+02 2.6010e+02 -3.3573e+01 6.3357e+03 2.9680e+03 8.0559e-01 1.6935e+03 6.6280e-01 7.8022e-02
4.6961e-02 1.3557e+04 1.3626e+04 -1.6943e+01 -4.3838e+01 -3.5671e+01 1.3749e+04 3.3561e+02 -7.3022e+00 -3.5843e+01 5.5742e+03 2.4341e+03 2.4599e+00 1.4902e+03 1.7047e+00 1.0793e-01
5.3198e-02 1.2541e+04 1.2671e+04 1.2802e+02 -1.4005e+02 -4.2581e+01 1.2873e+04 5.8558e+02 -9.1832e+01 -4.2939e+01 5.9880e+03 2.3318e+03 3.0796e+00 1.3792e+03 2.5468e+00 1.6800e-01
5.9530e-02 1.1722e+04 1.1935e+04 3.2446e+02 -2.6482e+02 -4.9881e+01 1.2221e+04 7.8268e+02 -2.1828e+02 -5.0695e+01 5.8286e+03 2.2310e+03 3.1421e+00 1.3145e+03 3.8778e+00 2.4674e-01
6.5931e-02 1.0463e+04 1.0625e+04 1.2175e+02 -1.9734e+02 -5.3947e+01 1.0869e+04 6.3094e+02 -1.5334e+02 -5.4589e+01 5.7520e+03 2.0004e+03 4.7514e+00 1.1737e+03 4.0092e+00 3.2549e-01
7.2111e-02 9.5552e+03 9.7893e+03 6.6712e+02 -6.2576e+01 -5.8076e+01 1.0114e+04 1.1938e+03 -2.7769e+01 -5.9236e+01 5.6310e+03 1.8803e+03 2.3728e+00 1.1302e+03 3.8336e+00 4.1805e-01
7.8407e-02 8.6925e+03 8.8948e+03 3.0007e+02 -2.0978e+02 -6.2387e+01 9.1943e+03 8.3687e+02 -1.9213e+02 -6.3496e+01 5.1717e+03 1.5455e+03 4.5940e+00 9.7453e+02 5.0019e+00 5.3289e-01
8.4864e-02 7.4506e+03 7.6416e+03 4.6029e+02 -8.8514e+01 -6.2072e+01 7.9313e+03 9.9595e+02 -7.4048e+01 -6.3120e+01 4.8357e+03 1.3478e+03 4.5160e+00 8.5954e+02 4.6784e+00 6.2551e-01
9.1057e-02 6.4757e+03 6.6961e+03 5.5178e+02 -1.4366e+02 -6.0719e+01 7.0232e+03 1.1152e+03 -1.3564e+02 -6.2237e+01 4.7802e+03 1.2304e+03 3.5665e+00 8.0623e+02 5.6103e+00 7.1101e-01
9.7231e-02 5.8907e+03 6.1308e+03 7.6751e+02 -8.7499e+01 -6.1634e+01 6.4823e+03 1.3632e+03 -7.1763e+01 -6.3266e+01 4.9129e+03 1.2209e+03 2.9621e+00 7.7429e+02 5.5830e+00 8.1041e-01
1.0355e-01 5.3128e+03 5.5457e+03 6.6442e+02 -1.4615e+02 -6.2650e+01 5.8885e+03 1.2323e+03 -1.4248e+02 -6.4527e+01 4.4355e+03 1.0058e+03 2.7382e+00 6.7278e+02 6.2646e+00 9.3557e-01
1.0984e-01 4.9388e+03 5.1877e+03 8.3604e+02 -9.1739e+01 -6.4198e+01 5.5561e+03 1.4473e+03 -8.7384e+01 -6.6256e+01 4.5463e+03 9.6433e+02 2.4526e+00 6.5106e+02 6.7476e+00 1.0852e+00
1.1609e-01 4.7279e+03 4.9790e+03 7.9412e+02 -1.3066e+02 -6.8336e+01 5.3493e+03 1.3919e+03 -1.3158e+02 -7.0512e+01 4.3467e+03 8.9250e+02 3.5331e+00 6.2198e+02 7.7111e+00 1.2753e+00
1.2238e-01 4.3505e+03 4.6061e+03 8.8043e+02 -1.0244e+02 -6.8325e+01 4.9842e+03 1.4870e+03 -1.0661e+02 -7.0854e+01 4.1953e+03 7.8011e+02 1.3539e+00 5.6485e+02 7.6856e+00 1.4205e+00
1.2876e-01 4.3131e+03 4.5624e+03 8.0560e+02 -1.4475e+02 -7.4845e+01 4.9379e+03 1.4231e+03 -1.5165e+02 -7.7389e+01 4.1235e+03 7.0661e+02 2.2973e+00 5.2404e+02 8.4667e+00 1.6893e+00
1.3506e-01 4.0035e+03 4.2499e+03 8.5192e+02 -1.1267e+02 -7.4607e+01 4.6206e+03 1.4544e+03 -1.1913e+02 -7.7268e+01 3.9200e+03 6.4471e+02 1.0793e+00 4.8684e+02 8.2489e+00 1.8198e+00
1.4123e-01 3.7876e+03 4.0306e+03 8.4667e+02 -1.1443e+02 -7.5472e+01 4.4021e+03 1.4649e+03 -1.2211e+02 -7.8101e+01 3.9233e+03 6.0880e+02 2.1445e+00 4.6907e+02 9.1458e+00 2.0144e+00
1.4752e-01 3.4994e+03 3.7437e+03 9.0264e+02 -9.3598e+01 -7.4788e+01 4.1161e+03 1.5124e+03 -1.0175e+02 -7.7543e+01 3.7792e+03 5.6830e+02 7.3179e-01 4.4985e+02 8.9476e+00 2.1644e+00
1.5380e-01 3.2277e+03 3.4776e+03 9.1695e+02 -1.1985e+02 -7.3625e+01 3.8565e+03 1.5307e+03 -1.2481e+02 -7.6557e+01 3.7169e+03 5.3216e+02 7.0506e-01 4.1708e+02 1.0142e+01 2.3200e+00
1.6010e-01 3.1809e+03 3.4387e+03 9.5638e+02 -1.2323e+02 -7.7376e+01 3.8303e+03 1.5879e+03 -1.2753e+02 -8.0326e+01 3.7064e+03 4.8529e+02 3.8037e-01 3.8306e+02 1.0236e+01 2.5830e+00
1.6645e-01 2.9419e+03 3.2029e+03 1.0211e+03 -9.7395e+01 -7.5102e+01 3.5998e+03 1.6457e+03 -1.1072e+02 -7.8502e+01 3.5443e+03 4.1333e+02 -3.1565e+00 3.6673e+02 9.6348e+00 2.6755e+00
1.7276e-01 2.7712e+03 3.0439e+03 1.0411e+03 -1.3093e+02 -7.4415e+01 3.4565e+03 1.6783e+03 -1.4463e+02 -7.8045e+01 3.5050e+03 3.6393e+02 -3.5556e+00 3.3455e+02 1.0590e+01 2.8288e+00
1.7902e-01 2.6937e+03 2.9393e+03 9.3027e+02 -1.2911e+02 -7.7121e+01 3.3196e+03 1.5392e+03 -1.4228e+02 -8.0270e+01 3.3246e+03 3.4879e+02 -1.5317e+00 3.2538e+02 1.1084e+01 3.1227e+00
1.8527e-01 2.5648e+03 2.8223e+03 1.0031e+03 -1.2177e+02 -7.6446e+01 3.2174e+03 1.6137e+03 -1.3995e+02 -8.0123e+01 3.2519e+03 3.1246e+02 -4.5196e+00 3.2138e+02 1.1227e+01 3.2603e+00
1.9149e-01 2.4310e+03 2.6824e+03 9.8998e+02 -1.2129e+02 -7.6580e+01 3.0718e+03 1.6034e+03 -1.3615e+02 -8.0174e+01 3.2322e+03 3.0119e+02 -4.8406e+00 3.0292e+02 1.1260e+01 3.4616e+00
1.9779e-01 2.3762e+03 2.6261e+03 9.9678e+02 -1.1269e+02 -7.8002e+01 3.0148e+03 1.6067e+03 -1.2762e+02 -8.1603e+01 3.1344e+03 2.6387e+02 -5.7464e+00 2.7762e+02 1.1103e+01 3.6792e+00
2.0411e-01 2.2912e+03 2.5470e+03 1.0361e+03 -1.0810e+02 -7.8195e+01 2.9449e+03 1.6563e+03 -1.2436e+02 -8.2036e+01 3.1303e+03 2.3759e+02 -7.5880e+00 2.6372e+02 1.1136e+01 3.8903e+00
2.1043e-01 2.1526e+03 2.4015e+03 1.0108e+03 -1.1524e+02 -7.6593e+01 2.7911e+03 1.6195e+03 -1.3330e+02 -8.0522e+01 3.0251e+03 2.1026e+02 -8.7006e+00 2.5438e+02 1.1614e+01 4.0026e+00
2.1671e-01 2.0572e+03 2.3039e+03 1.0224e+03 -1.0075e+02 -7.5275e+01 2.6920e+03 1.6296e+03 -1.1733e+02 -7.9082e+01 2.9732e+03 1.9785e+02 -9.3833e+00 2.4250e+02 1.1106e+01 4.0880e+00
2.2298e-01 1.9935e+03 2.2378e+03 1.0154e+03 -1.0146e+02 -7.5772e+01 2.6226e+03 1.6131e+03 -1.1891e+02 -7.9565e+01 2.8870e+03 1.7858e+02 -1.0246e+01 2.3063e+02 1.1006e+01 4.2935e+00
2.2928e-01 1.8997e+03 2.1370e+03 9.8375e+02 -1.0538e+02 -7.5392e+01 2.5164e+03 1.5854e+03 -1.2015e+02 -7.8797e+01 2.8702e+03 1.7416e+02 -8.8231e+00 2.2100e+02 1.1567e+01 4.5153e+00
2.3553e-01 1.8284e+03 2.0694e+03 1.0183e+03 -9.6436e+01 -7.4477e+01 2.4547e+03 1.6249e+03 -1.1134e+02 -7.7880e+01 2.8564e+03 1.5807e+02 -1.0219e+01 2.0996e+02 1.1259e+01 4.6390e+00
2.4181e-01 1.7658e+03 2.0002e+03 9.9575e+02 -9.1051e+01 -7.3981e+01 2.3789e+03 1.5958e+03 -1.0748e+02 -7.7305e+01 2.7854e+03 1.4235e+02 -1.0893e+01 2.0419e+02 1.0984e+01 4.7693e+00
2.4810e-01 1.7498e+03 1.9875e+03 1.0123e+03 -9.5898e+01 -7.5642e+01 2.3665e+03 1.5946e+03 -1.1381e+02 -7.9512e+01 2.6702e+03 1.1870e+02 -1.3931e+01 1.9145e+02 1.1118e+01 4.9785e+00
2.5437e-01 1.6818e+03 1.9183e+03 1.0142e+03 -9.1468e+01 -7.4647e+01 2.2970e+03 1.5971e+03 -1.0731e+02 -7.8271e+01 2.6525e+03 1.2075e+02 -1.3582e+01 1.8747e+02 1.1202e+01 5.0845e+00
2.6067e-01 1.6087e+03 1.8385e+03 9.9191e+02 -8.8909e+01 -7.3893e+01 2.2094e+03 1.5667e+03 -1.0530e+02 -7.7528e+01 2.5882e+03 1.0624e+02 -1.4613e+01 1.7962e+02 1.1226e+01 5.2471e+00
2.6694e-01 1.5689e+03 1.8009e+03 9.9688e+02 -8.8657e+01 -7.3317e+01 2.1746e+03 1.5711e+03 -1.0383e+02 -7.7095e+01 2.5638e+03 1.0135e+02 -1.5660e+01 1.7114e+02 1.1048e+01 5.2908e+00
2.7325e-01 1.5223e+03 1.7481e+03 9.8406e+02 -8.1616e+01 -7.2889e+01 2.1175e+03 1.5616e+03 -9.5906e+01 -7.6026e+01 2.5517e+03 9.5858e+01 -1.4738e+01 1.6343e+02 1.0435e+01 5.4433e+00
2.7956e-01 1.4588e+03 1.6799e+03 9.6177e+02 -8.4479e+01 -7.1539e+01 2.0386e+03 1.5097e+03 -1.0096e+02 -7.4998e+01 2.4030e+03 8.1215e+01 -1.6367e+01 1.6025e+02 1.0684e+01 5.4883e+00
2.8584e-01 1.4202e+03 1.6369e+03 9.5347e+02 -7.7541e+01 -7.1373e+01 1.9921e+03 1.5029e+03 -9.2327e+01 -7.4573e+01 2.3955e+03 8.0411e+01 -1.6566e+01 1.5442e+02 1.0390e+01 5.6346e+00
2.9210e-01 1.3748e+03 1.5908e+03 9.4778e+02 -7.8172e+01 -7.0721e+01 1.9471e+03 1.5009e+03 -9.1750e+01 -7.3887e+01 2.3878e+03 7.6210e+01 -1.6893e+01 1.4725e+02 1.0497e+01 5.7488e+00
2.9835e-01 1.3425e+03 1.5581e+03 9.4981e+02 -7.5749e+01 -7.0017e+01 1.9137e+03 1.4964e+03 -9.0243e+01 -7.3206e+01 2.3397e+03 6.6142e+01 -1.8236e+01 1.4098e+02 9.9457e+00 5.7864e+00
3.0467e-01 1.2966e+03 1.5116e+03 9.4340e+02 -7.7528e+01 -6.9018e+01 1.8661e+03 1.4858e+03 -9.1428e+01 -7.2267e+01 2.3103e+03 6.4545e+01 -1.8592e+01 1.3910e+02 1.0236e+01 5.8519e+00
3.1096e-01 1.2819e+03 1.4982e+03 9.5306e+02 -7.2829e+01 -6.9182e+01 1.8542e+03 1.4917e+03 -8.6517e+01 -7.2598e+01 2.2743e+03 5.7497e+01 -2.0208e+01 1.3248e+02 1.0008e+01 5.9410e+00
3.1722e-01 1.2332e+03 1.4436e+03 9.3112e+02 -7.2454e+01 -6.8021e+01 1.7931e+03 1.4653e+03 -8.6726e+01 -7.1311e+01 2.2464e+03 5.2016e+01 -2.0312e+01 1.2839e+02 9.8271e+00 5.9824e+00
3.2353e-01 1.2108e+03 1.4215e+03 9.3244e+02 -7.2768e+01 -6.7950e+01 1.7711e+03 1.4618e+03 -8.7812e+01 -7.1391e+01 2.2115e+03 4.4767e+01 -2.1668e+01 1.2560e+02 9.6785e+00 6.0637e+00
3.2984e-01 1.1781e+03 1.3884e+03 9.3340e+02 -6.5985e+01 -6.6928e+01 1.7368e+03 1.4577e+03 -7.9347e+01 -7.0350e+01 2.1845e+03 4.7808e+01 -2.2304e+01 1.2204e+02 9.4304e+00 6.1086e+00
3.3614e-01 1.1402e+03 1.3451e+03 9.1186e+02 -6.7603e+01 -6.6163e+01 1.6870e+03 1.4297e+03 -8.0246e+01 -6.9489e+01 2.1468e+03 4.3608e+01 -2.2350e+01 1.1701e+02 9.6020e+00 6.1547e+00
3.4239e-01 1.1213e+03 1.3236e+03 9.0136e+02 -6.6475e+01 -6.6183e+01 1.6624e+03 1.4119e+03 -8.1068e+01 -6.9514e+01 2.0985e+03 3.3033e+01 -2.3344e+01 1.1342e+02 9.1322e+00 6.2350e+00
3.4866e-01 1.0971e+03 1.2999e+03 9.0340e+02 -6.4576e+01 -6.5416e+01 1.6402e+03 1.4150e+03 -7.7798e+01 -6.8650e+01 2.0949e+03 3.5468e+01 -2.3296e+01 1.1047e+02 9.1422e+00 6.2896e+00
3.5494e-01 1.0882e+03 1.2955e+03 9.2033e+02 -6.5643e+01 -6.5692e+01 1.6412e+03 1.4336e+03 -8.0279e+01 -6.9402e+01 2.0916e+03 2.5600e+01 -2.5748e+01 1.0647e+02 8.9264e+00 6.3103e+00
3.6120e-01 1.0499e+03 1.2504e+03 8.9452e+02 -6.1597e+01 -6.4184e+01 1.5870e+03 1.3964e+03 -7.5105e+01 -6.7646e+01 2.0402e+03 2.8459e+01 -2.5249e+01 1.0388e+02 8.7168e+00 6.3030e+00
3.6749e-01 1.0231e+03 1.2243e+03 8.9019e+02 -6.3797e+01 -6.3191e+01 1.5627e+03 1.3935e+03 -7.7736e+01 -6.6727e+01 2.0346e+03 2.3618e+01 -2.5483e+01 1.0081e+02 8.6942e+00 6.2747e+00
3.7377e-01 9.9715e+02 1.1945e+03 8.7924e+02 -5.9318e+01 -6.2333e+01 1.5279e+03 1.3756e+03 -7.2065e+01 -6.5733e+01 2.0010e+03 2.3897e+01 -2.5832e+01 9.6948e+01 8.3645e+00 6.2921e+00
3.8007e-01 9.6883e+02 1.1622e+03 8.6191e+02 -5.7608e+01 -6.1679e+01 1.4903e+03 1.3505e+03 -7.0437e+01 -6.5073e+01 1.9609e+03 2.1718e+01 -2.6066e+01 9.4810e+01 8.3020e+00 6.3156e+00
3.8636e-01 9.5066e+02 1.1436e+03 8.5913e+02 -5.8312e+01 -6.0908e+01 1.4710e+03 1.3446e+03 -7.1197e+01 -6.4371e+01 1.9447e+03 2.0060e+01 -2.6550e+01 9.2569e+01 8.1725e+00 6.2930e+00
3.9264e-01 9.5044e+02 1.1439e+03 8.6254e+02 -5.7793e+01 -6.1860e+01 1.4721e+03 1.3470e+03 -7.0775e+01 -6.5542e+01 1.9344e+03 1.7261e+01 -2.7861e+01 9.1057e+01 8.1963e+00 6.4147e+00
3.9895e-01 9.2920e+02 1.1244e+03 8.6502e+02 -5.7360e+01 -6.0910e+01 1.4542e+03 1.3486e+03 -7.0544e+01 -6.4808e+01 1.9278e+03 1.4353e+01 -2.8742e+01 8.7953e+01 8.0228e+00 6.3878e+00
4.0522e-01 8.9962e+02 1.0861e+03 8.3122e+02 -5.7853e+01 -6.0063e+01 1.4051e+03 1.3056e+03 -7.0276e+01 -6.3507e+01 1.8888e+03 1.5121e+01 -2.7267e+01 8.5898e+01 8.0486e+00 6.3946e+00
4.1150e-01 8.7656e+02 1.0631e+03 8.3044e+02 -5.3840e+01 -5.8799e+01 1.3820e+03 1.3006e+03 -6.6036e+01 -6.2381e+01 1.8643e+03 1.3627e+01 -2.8157e+01 8.2928e+01 7.6488e+00 6.3316e+00
4.1779e-01 8.6267e+02 1.0483e+03 8.2494e+02 -5.3330e+01 -5.8363e+01 1.3655e+03 1.2910e+03 -6.5728e+01 -6.2066e+01 1.8442e+03 1.1673e+01 -2.8840e+01 8.1458e+01 7.5036e+00 6.3162e+00
4.2405e-01 8.4421e+02 1.0295e+03 8.2065e+02 -5.2160e+01 -5.7287e+01 1.3461e+03 1.2841e+03 -6.3780e+01 -6.1049e+01 1.8307e+03 1.3460e+01 -2.8920e+01 7.9389e+01 7.3676e+00 6.2349e+00
4.3035e-01 8.3747e+02 1.0206e+03 8.1442e+02 -5.1607e+01 -5.7772e+01 1.3346e+03 1.2733e+03 -6.3610e+01 -6.1525e+01 1.8044e+03 9.5409e+00 -2.9492e+01 7.7303e+01 7.3180e+00 6.3387e+00
4.3664e-01 8.0657e+02 9.8826e+02 8.0242e+02 -4.9561e+01 -5.5611e+01 1.3007e+03 1.2598e+03 -6.0894e+01 -5.9328e+01 1.7951e+03 1.1208e+01 -2.8948e+01 7.5382e+01 7.0412e+00 6.1570e+00
4.4290e-01 8.0011e+02 9.8233e+02 8.0435e+02 -4.8567e+01 -5.5615e+01 1.2950e+03 1.2603e+03 -6.0089e+01 -5.9447e+01 1.7900e+03 1.0006e+01 -2.9591e+01 7.3610e+01 6.8864e+00 6.1929e+00
4.4917e-01 7.9284e+02 9.7396e+02 8.0003e+02 -5.0018e+01 -5.5917e+01 1.2853e+03 1.2523e+03 -6.1862e+01 -5.9951e+01 1.7701e+03 7.2450e+00 -3.0669e+01 7.2518e+01 6.9627e+00 6.2360e+00
4.5545e-01 7.7449e+02 9.5181e+02 7.8564e+02 -4.7859e+01 -5.5116e+01 1.2582e+03 1.2333e+03 -5.8897e+01 -5.8992e+01 1.7513e+03 8.4180e+00 -3.0131e+01 7.0354e+01 6.6895e+00 6.2037e+00
4.6177e-01 7.5882e+02 9.3619e+02 7.8205e+02 -4.8656e+01 -5.4215e+01 1.2416e+03 1.2243e+03 -6.0596e+01 -5.8322e+01 1.7270e+03 4.1381e+00 -3.0861e+01 6.8770e+01 6.7065e+00 6.1338e+00
4.6808e-01 7.4201e+02 9.1673e+02 7.7090e+02 -4.5561e+01 -5.3447e+01 1.2189e+03 1.2094e+03 -5.6971e+01 -5.7436e+01 1.7087e+03 5.7995e+00 -3.0589e+01 6.7456e+01 6.3517e+00 6.0905e+00
4.7436e-01 7.3690e+02 9.1317e+02 7.7678e+02 -4.5899e+01 -5.3498e+01 1.2168e+03 1.2152e+03 -5.7040e+01 -5.7807e+01 1.7095e+03 4.8898e+00 -3.1794e+01 6.6080e+01 6.4415e+00 6.1074e+00
4.8064e-01 7.2038e+02 8.9402e+02 7.6381e+02 -4.3977e+01 -5.2558e+01 1.1948e+03 1.2002e+03 -5.4284e+01 -5.6761e+01 1.6970e+03 6.3484e+00 -3.1226e+01 6.4211e+01 6.2247e+00 6.0386e+00
4.8691e-01 7.0386e+02 8.7485e+02 7.5217e+02 -4.3230e+01 -5.1619e+01 1.1716e+03 1.1819e+03 -5.3664e+01 -5.5822e+01 1.6678e+03 5.3963e+00 -3.1288e+01 6.3207e+01 6.0601e+00 5.9643e+00
4.9317e-01 6.9290e+02 8.6358e+02 7.4779e+02 -4.4104e+01 -5.1218e+01 1.1598e+03 1.1760e+03 -5.5008e+01 -5.5545e+01 1.6597e+03 2.6708e+00 -3.1593e+01 6.2161e+01 6.0846e+00 5.9544e+00
4.9945e-01 6.8678e+02 8.5734e+02 7.4605e+02 -4.3507e+01 -5.1062e+01 1.1530e+03 1.1721e+03 -5.4261e+01 -5.5533e+01 1.6491e+03 1.9915e+00 -3.1962e+01 6.0513e+01 6.0352e+00 5.9326e+00
5.0572e-01 6.6526e+02 8.3243e+02 7.3009e+02 -4.1302e+01 -4.9431e+01 1.1234e+03 1.1500e+03 -5.1852e+01 -5.3758e+01 1.6239e+03 2.8444e+00 -3.1210e+01 5.9460e+01 5.7425e+00 5.7910e+00
5.1200e-01 6.6242e+02 8.2982e+02 7.2903e+02 -4.1491e+01 -4.9548e+01 1.1211e+03 1.1488e+03 -5.1791e+01 -5.3977e+01 1.6207e+03 2.8343e+00 -3.1426e+01 5.8623e+01 5.7598e+00 5.8085e+00
5.1832e-01 6.4575e+02 8.1015e+02 7.1729e+02 -4.1569e+01 -4.8930e+01 1.0968e+03 1.1302e+03 -5.2138e+01 -5.3446e+01 1.5952e+03 1.5327e+00 -3.1852e+01 5.8025e+01 5.7390e+00 5.7729e+00
5.2462e-01 6.3633e+02 7.9995e+02 7.1258e+02 -3.9496e+01 -4.8459e+01 1.0855e+03 1.1235e+03 -4.9604e+01 -5.3068e+01 1.5845e+03 1.5548e+00 -3.2087e+01 5.5805e+01 5.4997e+00 5.7265e+00
5.3089e-01 6.2756e+02 7.9086e+02 7.0875e+02 -4.0167e+01 -4.8063e+01 1.0753e+03 1.1171e+03 -5.0159e+01 -5.2806e+01 1.5759e+03 2.0210e+00 -3.2288e+01 5.5717e+01 5.5522e+00 5.6979e+00
5.3716e-01 6.1283e+02 7.7292e+02 6.9433e+02 -3.8779e+01 -4.7127e+01 1.0533e+03 1.0976e+03 -4.8870e+01 -5.1749e+01 1.5501e+03 9.1811e-01 -3.1727e+01 5.4109e+01 5.3330e+00 5.6101e+00
5.4347e-01 6.0937e+02 7.6992e+02 6.9536e+02 -3.8904e+01 -4.7083e+01 1.0500e+03 1.0964e+03 -4.9204e+01 -5.1962e+01 1.5424e+03 -5.5227e-01 -3.2434e+01 5.3149e+01 5.3051e+00 5.6009e+00
5.4975e-01 5.9976e+02 7.5868e+02 6.8764e+02 -3.7856e+01 -4.6560e+01 1.0364e+03 1.0856e+03 -4.7447e+01 -5.1427e+01 1.5286e+03 6.4301e-01 -3.2367e+01 5.1871e+01 5.1651e+00 5.5559e+00
5.5600e-01 5.8307e+02 7.3836e+02 6.7137e+02 -3.7322e+01 -4.5617e+01 1.0106e+03 1.0619e+03 -4.7027e+01 -5.0393e+01 1.4993e+03 2.2263e-01 -3.1800e+01 5.1092e+01 5.0832e+00 5.4944e+00
5.6229e-01 5.7641e+02 7.3157e+02 6.6881e+02 -3.7287e+01 -4.5199e+01 1.0033e+03 1.0582e+03 -4.6906e+01 -5.0072e+01 1.4952e+03 1.0502e-01 -3.1837e+01 5.0604e+01 5.1151e+00 5.4510e+00
5.6860e-01 5.7080e+02 7.2622e+02 6.6919e+02 -3.6620e+01 -4.5006e+01 9.9843e+02 1.0586e+03 -4.6614e+01 -5.0137e+01 1.4935e+03 -1.7011e+00 -3.2658e+01 4.9644e+01 4.9775e+00 5.4132e+00
5.7488e-01 5.6117e+02 7.1606e+02 6.6310e+02 -3.6916e+01 -4.4486e+01 9.8727e+02 1.0509e+03 -4.6827e+01 -4.9751e+01 1.4861e+03 -1.9588e+00 -3.2686e+01 4.8957e+01 5.0166e+00 5.3584e+00
5.8116e-01 5.5005e+02 7.0208e+02 6.5129e+02 -3.6031e+01 -4.3823e+01 9.6900e+02 1.0333e+03 -4.5534e+01 -4.8902e+01 1.4627e+03 -1.0360e+00 -3.1940e+01 4.8088e+01 4.9269e+00 5.3231e+00
5.8744e-01 5.4017e+02 6.9100e+02 6.4427e+02 -3.4902e+01 -4.3088e+01 9.5613e+02 1.0233e+03 -4.4014e+01 -4.8210e+01 1.4472e+03 -1.0944e+00 -3.1866e+01 4.6490e+01 4.7565e+00 5.2330e+00
5.9372e-01 5.3354e+02 6.8341e+02 6.4229e+02 -3.4193e+01 -4.2820e+01 9.4632e+02 1.0182e+03 -4.3244e+01 -4.8095e+01 1.4409e+03 -1.1143e+00 -3.2457e+01 4.5720e+01 4.6187e+00 5.2108e+00
6.0000e-01 5.2642e+02 6.7543e+02 6.3568e+02 -3.3960e+01 -4.2386e+01 9.3711e+02 1.0091e+03 -4.3219e+01 -4.7638e+01 1.4268e+03 -1.6918e+00 -3.2077e+01 4.5407e+01 4.5945e+00 5.1742e+00
6.0627e-01 5.1474e+02 6.6170e+02 6.2565e+02 -3.3680e+01 -4.1706e+01 9.2024e+02 9.9477e+02 -4.2747e+01 -4.7038e+01 1.4092e+03 -1.9842e+00 -3.2025e+01 4.4285e+01 4.5665e+00 5.1044e+00
6.1256e-01 5.0857e+02 6.5456e+02 6.2000e+02 -3.3456e+01 -4.1507e+01 9.1191e+02 9.8821e+02 -4.2368e+01 -4.6868e+01 1.4040e+03 -1.7375e+00 -3.1959e+01 4.3906e+01 4.5195e+00 5.1015e+00
6.1887e-01 5.0157e+02 6.4642e+02 6.1470e+02 -3.3375e+01 -4.0959e+01 9.0126e+02 9.7868e+02 -4.2266e+01 -4.6398e+01 1.3886e+03 -2.5284e+00 -3.1978e+01 4.3241e+01 4.5200e+00 5.0315e+00
6.2514e-01 4.9601e+02 6.4071e+02 6.1238e+02 -3.3120e+01 -4.0620e+01 8.9573e+02 9.7615e+02 -4.2611e+01 -4.6130e+01 1.3829e+03 -5.0017e+00 -3.2099e+01 4.2064e+01 4.3591e+00 4.9973e+00
6.3141e-01 4.8617e+02 6.2880e+02 6.0298e+02 -3.2103e+01 -4.0046e+01 8.7977e+02 9.6067e+02 -4.0705e+01 -4.5609e+01 1.3625e+03 -2.4691e+00 -3.1979e+01 4.1869e+01 4.3305e+00 4.9404e+00
6.3771e-01 4.7808e+02 6.1944e+02 5.9537e+02 -3.1626e+01 -3.9605e+01 8.6871e+02 9.5039e+02 -4.0535e+01 -4.5229e+01 1.3483e+03 -3.6548e+00 -3.1926e+01 4.0966e+01 4.2446e+00 4.9013e+00
6.4399e-01 4.7105e+02 6.1153e+02 5.9109e+02 -3.1300e+01 -3.9053e+01 8.5928e+02 9.4383e+02 -4.0212e+01 -4.4696e+01 1.3393e+03 -3.9282e+00 -3.1823e+01 4.0526e+01 4.1824e+00 4.8337e+00
6.5027e-01 4.6170e+02 5.9962e+02 5.8116e+02 -3.0857e+01 -3.8428e+01 8.4322e+02 9.2917e+02 -3.9181e+01 -4.4011e+01 1.3244e+03 -2.5362e+00 -3.1382e+01 3.9772e+01 4.1506e+00 4.7810e+00
6.5657e-01 4.5828e+02 5.9540e+02 5.7772e+02 -3.0264e+01 -3.8385e+01 8.3756e+02 9.2326e+02 -3.8485e+01 -4.4041e+01 1.3135e+03 -2.9812e+00 -3.1594e+01 3.8817e+01 4.0620e+00 4.7787e+00
6.6285e-01 4.4846e+02 5.8472e+02 5.7102e+02 -3.0044e+01 -3.7511e+01 8.2578e+02 9.1545e+02 -3.8505e+01 -4.3134e+01 1.3071e+03 -3.7278e+00 -3.1055e+01 3.8348e+01 4.0114e+00 4.6910e+00
6.6913e-01 4.4446e+02 5.7989e+02 5.6761e+02 -3.0017e+01 -3.7483e+01 8.1920e+02 9.0889e+02 -3.8458e+01 -4.3298e+01 1.2954e+03 -4.1839e+00 -3.1598e+01 3.7841e+01 3.9717e+00 4.6748e+00
6.7541e-01 4.3711e+02 5.7128e+02 5.6138e+02 -2.9709e+01 -3.6941e+01 8.0885e+02 9.0090e+02 -3.7927e+01 -4.2674e+01 1.2879e+03 -3.6186e+00 -3.1109e+01 3.7596e+01 3.9736e+00 4.6292e+00
6.8169e-01 4.3112e+02 5.6359e+02 5.5374e+02 -2.9424e+01 -3.6677e+01 7.9809e+02 8.8865e+02 -3.7605e+01 -4.2496e+01 1.2698e+03 -4.1381e+00 -3.1175e+01 3.6722e+01 3.8989e+00 4.6020e+00
6.8797e-01 4.2377e+02 5.5511e+02 5.4808e+02 -2.8796e+01 -3.6105e+01 7.8753e+02 8.8011e+02 -3.6639e+01 -4.1918e+01 1.2592e+03 -3.5697e+00 -3.0971e+01 3.6004e+01 3.8351e+00 4.5387e+00
6.9424e-01 4.1899e+02 5.4960e+02 5.4478e+02 -2.8393e+01 -3.5794e+01 7.8053e+02 8.7403e+02 -3.6488e+01 -4.1664e+01 1.2487e+03 -4.3303e+00 -3.1058e+01 3.5804e+01 3.7735e+00 4.5042e+00
7.0052e-01 4.1092e+02 5.3962e+02 5.3523e+02 -2.8180e+01 -3.5255e+01 7.6827e+02 8.6255e+02 -3.6138e+01 -4.1108e+01 1.2380e+03 -4.4889e+00 -3.0596e+01 3.4982e+01 3.7446e+00 4.4494e+00
7.0682e-01 4.0454e+02 5.3271e+02 5.3002e+02 -2.8465e+01 -3.4889e+01 7.6051e+02 8.5558e+02 -3.6486e+01 -4.0765e+01 1.2275e+03 -4.8911e+00 -3.0413e+01 3.4871e+01 3.7864e+00 4.4298e+00
7.1310e-01 4.0135e+02 5.2897e+02 5.2689e+02 -2.8318e+01 -3.4754e+01 7.5528e+02 8.4926e+02 -3.6505e+01 -4.0733e+01 1.2143e+03 -6.1311e+00 -3.0633e+01 3.4113e+01 3.7257e+00 4.4122e+00
7.1940e-01 3.9367e+02 5.1960e+02 5.2009e+02 -2.7227e+01 -3.4144e+01 7.4313e+02 8.3938e+02 -3.5015e+01 -4.0101e+01 1.2057e+03 -4.6622e+00 -3.0343e+01 3.3596e+01 3.5956e+00 4.3403e+00
7.2569e-01 3.9093e+02 5.1601e+02 5.1702e+02 -2.7528e+01 -3.4028e+01 7.3767e+02 8.3352e+02 -3.5245e+01 -4.0093e+01 1.1969e+03 -5.0707e+00 -3.0561e+01 3.3214e+01 3.6015e+00 4.3124e+00
7.3197e-01 3.8331e+02 5.0747e+02 5.1070e+02 -2.6348e+01 -3.3480e+01 7.2790e+02 8.2560e+02 -3.3833e+01 -3.9525e+01 1.1863e+03 -4.6640e+00 -3.0224e+01 3.2513e+01 3.5146e+00 4.2719e+00
7.3826e-01 3.7552e+02 4.9782e+02 5.0179e+02 -2.6282e+01 -3.2886e+01 7.1568e+02 8.1332e+02 -3.3885e+01 -3.8877e+01 1.1708e+03 -5.0571e+00 -2.9782e+01 3.2206e+01 3.4704e+00 4.2111e+00
7.4453e-01 3.6989e+02 4.9083e+02 4.9651e+02 -2.5747e+01 -3.2593e+01 7.0609e+02 8.0486e+02 -3.3016e+01 -3.8635e+01 1.1620e+03 -4.3247e+00 -2.9790e+01 3.1538e+01 3.4156e+00 4.1802e+00
7.5079e-01 3.6614e+02 4.8594e+02 4.9195e+02 -2.5547e+01 -3.2387e+01 6.9921e+02 7.9718e+02 -3.2895e+01 -3.8445e+01 1.1493e+03 -4.8490e+00 -2.9759e+01 3.1235e+01 3.3750e+00 4.1561e+00
7.5708e-01 3.6036e+02 4.7940e+02 4.8758e+02 -2.5509e+01 -3.1870e+01 6.9116e+02 7.9069e+02 -3.2913e+01 -3.7927e+01 1.1418e+03 -5.5251e+00 -2.9528e+01 3.0593e+01 3.3781e+00 4.0960e+00
7.6337e-01 3.5569e+02 4.7398e+02 4.8358e+02 -2.5231e+01 -3.1560e+01 6.8458e+02 7.8498e+02 -3.2698e+01 -3.7674e+01 1.1341e+03 -6.1083e+00 -2.9577e+01 3.0096e+01 3.2992e+00 4.0652e+00
7.6965e-01 3.4955e+02 4.6656e+02 4.7800e+02 -2.4603e+01 -3.1129e+01 6.7560e+02 7.7846e+02 -3.1688e+01 -3.7217e+01 1.1293e+03 -4.8361e+00 -2.9282e+01 2.9892e+01 3.2594e+00 4.0180e+00
7.7594e-01 3.4321e+02 4.5824e+02 4.6970e+02 -2.4468e+01 -3.0730e+01 6.6393e+02 7.6544e+02 -3.1530e+01 -3.6777e+01 1.1116e+03 -5.1349e+00 -2.8945e+01 2.9381e+01 3.2457e+00 3.9831e+00
7.8224e-01 3.4120e+02 4.5660e+02 4.6878e+02 -2.4459e+01 -3.0547e+01 6.6258e+02 7.6406e+02 -3.1589e+01 -3.6699e+01 1.1077e+03 -5.5335e+00 -2.9041e+01 2.9074e+01 3.2074e+00 3.9544e+00
7.8854e-01 3.3344e+02 4.4632e+02 4.5865e+02 -2.4316e+01 -3.0029e+01 6.4814e+02 7.4836e+02 -3.1327e+01 -3.6101e+01 1.0868e+03 -5.6799e+00 -2.8636e+01 2.8667e+01 3.1923e+00 3.9068e+00
7.9480e-01 3.2861e+02 4.4056e+02 4.5443e+02 -2.3741e+01 -2.9725e+01 6.4086e+02 7.4209e+02 -3.0699e+01 -3.5842e+01 1.0790e+03 -5.6614e+00 -2.8595e+01 2.8222e+01 3.1386e+00 3.8850e+00
8.0105e-01 3.2418e+02 4.3479e+02 4.4870e+02 -2.3478e+01 -2.9444e+01 6.3288e+02 7.3351e+02 -3.0268e+01 -3.5532e+01 1.0684e+03 -5.4181e+00 -2.8376e+01 2.7762e+01 3.0956e+00 3.8526e+00
8.0734e-01 3.1744e+02 4.2657e+02 4.4181e+02 -2.3211e+01 -2.8889e+01 6.2254e+02 7.2438e+02 -2.9958e+01 -3.4913e+01 1.0586e+03 -5.5712e+00 -2.7933e+01 2.7338e+01 3.0580e+00 3.7953e+00
8.1363e-01 3.1459e+02 4.2327e+02 4.3893e+02 -2.3284e+01 -2.8731e+01 6.1795e+02 7.1872e+02 -3.0160e+01 -3.4846e+01 1.0478e+03 -6.1628e+00 -2.8084e+01 2.7092e+01 3.0289e+00 3.7717e+00
8.1992e-01 3.0905e+02 4.1630e+02 4.3274e+02 -2.2515e+01 -2.8302e+01 6.0886e+02 7.1016e+02 -2.9060e+01 -3.4381e+01 1.0385e+03 -5.3134e+00 -2.7758e+01 2.6659e+01 2.9608e+00 3.7311e+00
8.2620e-01 3.0458e+02 4.1104e+02 4.2830e+02 -2.2409e+01 -2.7997e+01 6.0204e+02 7.0325e+02 -2.9116e+01 -3.4097e+01 1.0280e+03 -6.0985e+00 -2.7664e+01 2.6275e+01 2.9522e+00 3.6993e+00
8.3249e-01 3.0070e+02 4.0601e+02 4.2404e+02 -2.2110e+01 -2.7760e+01 5.9516e+02 6.9641e+02 -2.8653e+01 -3.3873e+01 1.0186e+03 -5.8901e+00 -2.7612e+01 2.5816e+01 2.9055e+00 3.6753e+00
8.3880e-01 2.9547e+02 3.9937e+02 4.1717e+02 -2.1934e+01 -2.7285e+01 5.8632e+02 6.8652e+02 -2.8529e+01 -3.3317e+01 1.0054e+03 -6.2114e+00 -2.7128e+01 2.5480e+01 2.8839e+00 3.6219e+00
8.4507e-01 2.9148e+02 3.9455e+02 4.1412e+02 -2.1490e+01 -2.7015e+01 5.8026e+02 6.8242e+02 -2.7896e+01 -3.3075e+01 1.0019e+03 -6.0351e+00 -2.7117e+01 2.5036e+01 2.8354e+00 3.5897e+00
8.5133e-01 2.8603e+02 3.8791e+02 4.0791e+02 -2.1495e+01 -2.6615e+01 5.7143e+02 6.7304e+02 -2.7984e+01 -3.2687e+01 9.8952e+02 -6.3823e+00 -2.6939e+01 2.4909e+01 2.8136e+00 3.5493e+00
8.5762e-01 2.8246e+02 3.8341e+02 4.0370e+02 -2.1523e+01 -2.6392e+01 5.6516e+02 6.6564e+02 -2.8075e+01 -3.2476e+01 9.7751e+02 -6.7476e+00 -2.6853e+01 2.4530e+01 2.8117e+00 3.5282e+00
8.6391e-01 2.7809e+02 3.7759e+02 3.9788e+02 -2.0804e+01 -2.6085e+01 5.5730e+02 6.5790e+02 -2.7034e+01 -3.2127e+01 9.6956e+02 -6.0371e+00 -2.6557e+01 2.4100e+01 2.7417e+00 3.4949e+00
8.7018e-01 2.7336e+02 3.7202e+02 3.9344e+02 -2.0621e+01 -2.5654e+01 5.5012e+02 6.5106e+02 -2.6832e+01 -3.1677e+01 9.6002e+02 -6.2359e+00 -2.6301e+01 2.3774e+01 2.7127e+00 3.4435e+00
8.7646e-01 2.6990e+02 3.6760e+02 3.8910e+02 -2.0232e+01 -2.5409e+01 5.4437e+02 6.4509e+02 -2.6340e+01 -3.1406e+01 9.5253e+02 -6.1086e+00 -2.6097e+01 2.3312e+01 2.6624e+00 3.4205e+00
8.8275e-01 2.6530e+02 3.6165e+02 3.8367e+02 -2.0150e+01 -2.5025e+01 5.3590e+02 6.3593e+02 -2.6301e+01 -3.0998e+01 9.3939e+02 -6.3449e+00 -2.5859e+01 2.3145e+01 2.6513e+00 3.3772e+00
8.8904e-01 2.6051e+02 3.5551e+02 3.7806e+02 -1.9759e+01 -2.4714e+01 5.2738e+02 6.2685e+02 -2.5792e+01 -3.0690e+01 9.2663e+02 -6.4075e+00 -2.5760e+01 2.2652e+01 2.6036e+00 3.3511e+00
8.9531e-01 2.5731e+02 3.5147e+02 3.7419e+02 -1.9628e+01 -2.4475e+01 5.2230e+02 6.2217e+02 -2.5616e+01 -3.0410e+01 9.2253e+02 -6.3298e+00 -2.5493e+01 2.2485e+01 2.5776e+00 3.3255e+00
9.0160e-01 2.5430e+02 3.4767e+02 3.7053e+02 -1.9457e+01 -2.4226e+01 5.1706e+02 6.1631e+02 -2.5507e+01 -3.0162e+01 9.1434e+02 -6.4892e+00 -2.5348e+01 2.2182e+01 2.5534e+00 3.2919e+00
9.0789e-01 2.4930e+02 3.4113e+02 3.6360e+02 -1.9311e+01 -2.3880e+01 5.0809e+02 6.0597e+02 -2.5224e+01 -2.9769e+01 9.0017e+02 -6.3227e+00 -2.5011e+01 2.1874e+01 2.5357e+00 3.2660e+00
9.1418e-01 2.4517e+02 3.3595e+02 3.5978e+02 -1.8944e+01 -2.3539e+01 5.0100e+02 5.9975e+02 -2.4727e+01 -2.9420e+01 8.9263e+02 -6.2834e+00 -2.4904e+01 2.1504e+01 2.4903e+00 3.2254e+00
9.2047e-01 2.4154e+02 3.3100e+02 3.5458e+02 -1.8777e+01 -2.3290e+01 4.9392e+02 5.9167e+02 -2.4578e+01 -2.9116e+01 8.8167e+02 -6.4395e+00 -2.4636e+01 2.1223e+01 2.4829e+00 3.2031e+00
9.2675e-01 2.3939e+02 3.2850e+02 3.5223e+02 -1.8582e+01 -2.3128e+01 4.9042e+02 5.8726e+02 -2.4431e+01 -2.9006e+01 8.7336e+02 -6.8336e+00 -2.4685e+01 2.0933e+01 2.4253e+00 3.1762e+00
9.3303e-01 2.3435e+02 3.2200e+02 3.4603e+02 -1.8428e+01 -2.2698e+01 4.8192e+02 5.7881e+02 -2.4290e+01 -2.8499e+01 8.6392e+02 -6.9958e+00 -2.4251e+01 2.0570e+01 2.4211e+00 3.1326e+00
9.3933e-01 2.3122e+02 3.1828e+02 3.4292e+02 -1.8227e+01 -2.2473e+01 4.7694e+02 5.7367e+02 -2.3940e+01 -2.8327e+01 8.5636e+02 -6.7329e+00 -2.4274e+01 2.0331e+01 2.3861e+00 3.1042e+00
9.4560e-01 2.2765e+02 3.1364e+02 3.3832e+02 -1.7977e+01 -2.2208e+01 4.7071e+02 5.6700e+02 -2.3664e+01 -2.8036e+01 8.4764e+02 -6.8190e+00 -2.4056e+01 2.0132e+01 2.3674e+00 3.0814e+00
9.5187e-01 2.2477e+02 3.0964e+02 3.3381e+02 -1.7816e+01 -2.2010e+01 4.6487e+02 5.5982e+02 -2.3468e+01 -2.7804e+01 8.3688e+02 -6.8942e+00 -2.3872e+01 1.9788e+01 2.3459e+00 3.0590e+00
9.5814e-01 2.2082e+02 3.0482e+02 3.2994e+02 -1.7525e+01 -2.1659e+01 4.5861e+02 5.5447e+02 -2.3018e+01 -2.7416e+01 8.3246e+02 -6.4032e+00 -2.3604e+01 1.9505e+01 2.3248e+00 3.0182e+00
9.6444e-01 2.1828e+02 3.0137e+02 3.2627e+02 -1.7417e+01 -2.1528e+01 4.5344e+02 5.4791e+02 -2.2904e+01 -2.7325e+01 8.2141e+02 -6.7186e+00 -2.3641e+01 1.9266e+01 2.3066e+00 3.0052e+00
9.7074e-01 2.1335e+02 2.9504e+02 3.2030e+02 -1.7092e+01 -2.1086e+01 4.4507e+02 5.3945e+02 -2.2620e+01 -2.6778e+01 8.1121e+02 -6.9441e+00 -2.3171e+01 1.9001e+01 2.2358e+00 2.9609e+00
9.7701e-01 2.1047e+02 2.9117e+02 3.1614e+02 -1.6845e+01 -2.0863e+01 4.3919e+02 5.3206e+02 -2.2251e+01 -2.6554e+01 7.9977e+02 -6.5936e+00 -2.3051e+01 1.8815e+01 2.2265e+00 2.9348e+00
9.8328e-01 2.0706e+02 2.8693e+02 3.1276e+02 -1.6564e+01 -2.0595e+01 4.3393e+02 5.2791e+02 -2.1815e+01 -2.6256e+01 7.9640e+02 -6.5326e+00 -2.2877e+01 1.8380e+01 2.1924e+00 2.9064e+00
9.8956e-01 2.0448e+02 2.8385e+02 3.1007e+02 -1.6495e+01 -2.0353e+01 4.2991e+02 5.2356e+02 -2.1804e+01 -2.6022e+01 7.8926e+02 -6.9412e+00 -2.2766e+01 1.8155e+01 2.1835e+00 2.8748e+00
9.9585e-01 2.0048e+02 2.7842e+02 3.0390e+02 -1.6542e+01 -2.0073e+01 4.2201e+02 5.1383e+02 -2.1971e+01 -2.5704e+01 7.7605e+02 -7.3066e+00 -2.2476e+01 1.8044e+01 2.1661e+00 2.8463e+00
1.0021e+00 1.9795e+02 2.7480e+02 3.0088e+02 -1.5871e+01 -1.9838e+01 4.1660e+02 5.0874e+02 -2.1003e+01 -2.5403e+01 7.6960e+02 -6.5998e+00 -2.2278e+01 1.7622e+01 2.1006e+00 2.8236e+00
1.0084e+00 1.9449e+02 2.7039e+02 2.9592e+02 -1.5931e+01 -1.9608e+01 4.1064e+02 5.0128e+02 -2.1155e+01 -2.5166e+01 7.5909e+02 -6.9347e+00 -2.2051e+01 1.7498e+01 2.1101e+00 2.8017e+00
1.0147e+00 1.9173e+02 2.6689e+02 2.9306e+02 -1.5708e+01 -1.9376e+01 4.0599e+02 4.9708e+02 -2.0840e+01 -2.4918e+01 7.5388e+02 -6.9780e+00 -2.1954e+01 1.7168e+01 2.0706e+00 2.7737e+00
1.0210e+00 1.8862e+02 2.6261e+02 2.8816e+02 -1.5478e+01 -1.9163e+01 3.9954e+02 4.8878e+02 -2.0578e+01 -2.4680e+01 7.4182e+02 -6.8218e+00 -2.1749e+01 1.6999e+01 2.0474e+00 2.7524e+00
1.0273e+00 1.8578e+02 2.5881e+02 2.8435e+02 -1.5442e+01 -1.8903e+01 3.9413e+02 4.8271e+02 -2.0599e+01 -2.4384e+01 7.3321e+02 -7.1003e+00 -2.1533e+01 1.6752e+01 2.0433e+00 2.7213e+00
1.0336e+00 1.8217e+02 2.5409e+02 2.7989e+02 -1.5086e+01 -1.8602e+01 3.8786e+02 4.7653e+02 -2.0010e+01 -2.4042e+01 7.2611e+02 -6.6670e+00 -2.1307e+01 1.6516e+01 2.0070e+00 2.6879e+00
1.0399e+00 1.8013e+02 2.5157e+02 2.7722e+02 -1.5015e+01 -1.8444e+01 3.8432e+02 4.7191e+02 -1.9999e+01 -2.3896e+01 7.1846e+02 -6.8405e+00 -2.1208e+01 1.6324e+01 1.9989e+00 2.6681e+00
1.0461e+00 1.7738e+02 2.4786e+02 2.7367e+02 -1.4745e+01 -1.8188e+01 3.7924e+02 4.6680e+02 -1.9639e+01 -2.3569e+01 7.1233e+02 -6.7141e+00 -2.0940e+01 1.6050e+01 1.9520e+00 2.6375e+00
1.0524e+00 1.7374e+02 2.4303e+02 2.6876e+02 -1.4665e+01 -1.7912e+01 3.7227e+02 4.5884e+02 -1.9571e+01 -2.3279e+01 7.0156e+02 -6.9488e+00 -2.0736e+01 1.5859e+01 1.9555e+00 2.6134e+00
1.0587e+00 1.7166e+02 2.4024e+02 2.6588e+02 -1.4340e+01 -1.7750e+01 3.6840e+02 4.5445e+02 -1.9143e+01 -2.3083e+01 6.9549e+02 -6.6581e+00 -2.0582e+01 1.5640e+01 1.9184e+00 2.5944e+00
1.0650e+00 1.6828e+02 2.3576e+02 2.6129e+02 -1.4336e+01 -1.7431e+01 3.6196e+02 4.4711e+02 -1.9189e+01 -2.2724e+01 6.8538e+02 -7.0945e+00 -2.0321e+01 1.5410e+01 1.8976e+00 2.5531e+00
1.0713e+00 1.6514e+02 2.3140e+02 2.5682e+02 -1.3966e+01 -1.7178e+01 3.5564e+02 4.4002e+02 -1.8696e+01 -2.2409e+01 6.7592e+02 -6.8564e+00 -2.0068e+01 1.5162e+01 1.8556e+00 2.5284e+00
1.0775e+00 1.6279e+02 2.2852e+02 2.5404e+02 -1.3786e+01 -1.6983e+01 3.5206e+02 4.3623e+02 -1.8493e+01 -2.2230e+01 6.7102e+02 -6.7856e+00 -1.9969e+01 1.4989e+01 1.8383e+00 2.5083e+00
1.0838e+00 1.6022e+02 2.2514e+02 2.5055e+02 -1.3680e+01 -1.6758e+01 3.4734e+02 4.3078e+02 -1.8347e+01 -2.1965e+01 6.6324e+02 -6.7422e+00 -1.9765e+01 1.4785e+01 1.8229e+00 2.4781e+00
1.0901e+00 1.5789e+02 2.2194e+02 2.4742e+02 -1.3509e+01 -1.6548e+01 3.4266e+02 4.2577e+02 -1.8078e+01 -2.1707e+01 6.5706e+02 -6.6364e+00 -1.9541e+01 1.4553e+01 1.8055e+00 2.4557e+00
1.0964e+00 1.5482e+02 2.1763e+02 2.4241e+02 -1.3341e+01 -1.6326e+01 3.3613e+02 4.1727e+02 -1.7871e+01 -2.1454e+01 6.4387e+02 -6.7655e+00 -1.9343e+01 1.4336e+01 1.7766e+00 2.4351e+00
1.1027e+00 1.5301e+02 2.1547e+02 2.4112e+02 -1.3309e+01 -1.6152e+01 3.3356e+02 4.1574e+02 -1.7898e+01 -2.1266e+01 6.4245e+02 -7.2385e+00 -1.9301e+01 1.4137e+01 1.7559e+00 2.4098e+00
1.1090e+00 1.4958e+02 2.1088e+02 2.3615e+02 -1.2995e+01 -1.5844e+01 3.2704e+02 4.0801e+02 -1.7523e+01 -2.0919e+01 6.3216e+02 -6.9279e+00 -1.8987e+01 1.3940e+01 1.7327e+00 2.3745e+00
1.1152e+00 1.4762e+02 2.0815e+02 2.3327e+02 -1.2793e+01 -1.5679e+01 3.2295e+02 4.0328e+02 -1.7183e+01 -2.0721e+01 6.2614e+02 -6.5501e+00 -1.8831e+01 1.3772e+01 1.7114e+00 2.3559e+00
1.1215e+00 1.4549e+02 2.0530e+02 2.3022e+02 -1.2670e+01 -1.5538e+01 3.1897e+02 3.9846e+02 -1.7034e+01 -2.0565e+01 6.1869e+02 -6.6504e+00 -1.8700e+01 1.3599e+01 1.6972e+00 2.3435e+00
1.1278e+00 1.4278e+02 2.0153e+02 2.2647e+02 -1.2416e+01 -1.5267e+01 3.1331e+02 3.9219e+02 -1.6724e+01 -2.0232e+01 6.1074e+02 -6.5815e+00 -1.8433e+01 1.3352e+01 1.6721e+00 2.3098e+00
1.1341e+00 1.4045e+02 1.9843e+02 2.2333e+02 -1.2387e+01 -1.5038e+01 3.0901e+02 3.8732e+02 -1.6690e+01 -1.9970e+01 6.0404e+02 -6.7271e+00 -1.8257e+01 1.3205e+01 1.6618e+00 2.2790e+00
1.1404e+00 1.3825e+02 1.9529e+02 2.1952e+02 -1.2284e+01 -1.4891e+01 3.0423e+02 3.8094e+02 -1.6565e+01 -1.9799e+01 5.9400e+02 -6.8210e+00 -1.8085e+01 1.3019e+01 1.6412e+00 2.2681e+00
1.1466e+00 1.3585e+02 1.9227e+02 2.1665e+02 -1.1992e+01 -1.4694e+01 3.0031e+02 3.7690e+02 -1.6248e+01 -1.9588e+01 5.8889e+02 -6.6738e+00 -1.7937e+01 1.2856e+01 1.6230e+00 2.2467e+00
1.1529e+00 1.3362e+02 1.8927e+02 2.1368e+02 -1.1836e+01 -1.4437e+01 2.9603e+02 3.7235e+02 -1.5971e+01 -1.9258e+01 5.8328e+02 -6.5285e+00 -1.7635e+01 1.2617e+01 1.5964e+00 2.2119e+00
1.1592e+00 1.3164e+02 1.8651e+02 2.1054e+02 -1.1724e+01 -1.4313e+01 2.9188e+02 3.6674e+02 -1.5897e+01 -1.9141e+01 5.7374e+02 -6.7287e+00 -1.7591e+01 1.2469e+01 1.5767e+00 2.1990e+00
1.1655e+00 1.2937e+02 1.8337e+02 2.0733e+02 -1.1595e+01 -1.4108e+01 2.8728e+02 3.6158e+02 -1.5633e+01 -1.8893e+01 5.6731e+02 -6.4298e+00 -1.7385e+01 1.2323e+01 1.5699e+00 2.1772e+00
1.1718e+00 1.2723e+02 1.8055e+02 2.0450e+02 -1.1554e+01 -1.3867e+01 2.8334e+02 3.5717e+02 -1.5690e+01 -1.8602e+01 5.6117e+02 -6.8312e+00 -1.7150e+01 1.2169e+01 1.5564e+00 2.1421e+00
1.1781e+00 1.2505e+02 1.7749e+02 2.0110e+02 -1.1232e+01 -1.3709e+01 2.7875e+02 3.5153e+02 -1.5230e+01 -1.8423e+01 5.5290e+02 -6.5168e+00 -1.7032e+01 1.1930e+01 1.5209e+00 2.1256e+00
1.1844e+00 1.2342e+02 1.7535e+02 1.9925e+02 -1.1146e+01 -1.3574e+01 2.7568e+02 3.4829e+02 -1.5149e+01 -1.8279e+01 5.4826e+02 -6.6664e+00 -1.6954e+01 1.1818e+01 1.5069e+00 2.1122e+00
1.1906e+00 1.2073e+02 1.7147e+02 1.9452e+02 -1.1154e+01 -1.3326e+01 2.6999e+02 3.4110e+02 -1.5128e+01 -1.7954e+01 5.3867e+02 -6.6825e+00 -1.6609e+01 1.1637e+01 1.5113e+00 2.0835e+00
1.1969e+00 1.1882e+02 1.6889e+02 1.9219e+02 -1.0746e+01 -1.3145e+01 2.6629e+02 3.3722e+02 -1.4612e+01 -1.7742e+01 5.3314e+02 -6.4068e+00 -1.6487e+01 1.1455e+01 1.4588e+00 2.0598e+00
1.2032e+00 1.1666e+02 1.6617e+02 1.8957e+02 -1.0626e+01 -1.2950e+01 2.6271e+02 3.3347e+02 -1.4470e+01 -1.7516e+01 5.2849e+02 -6.4107e+00 -1.6292e+01 1.1276e+01 1.4435e+00 2.0386e+00
1.2095e+00 1.1548e+02 1.6438e+02 1.8719e+02 -1.0553e+01 -1.2875e+01 2.5989e+02 3.2943e+02 -1.4381e+01 -1.7436e+01 5.2224e+02 -6.4462e+00 -1.6219e+01 1.1131e+01 1.4355e+00 2.0294e+00
1.2158e+00 1.1322e+02 1.6133e+02 1.8404e+02 -1.0464e+01 -1.2655e+01 2.5555e+02 3.2453e+02 -1.4260e+01 -1.7168e+01 5.1550e+02 -6.4288e+00 -1.6003e+01 1.1023e+01 1.4248e+00 2.0034e+00
1.2221e+00 1.1157e+02 1.5903e+02 1.8153e+02 -1.0319e+01 -1.2495e+01 2.5202e+02 3.2001e+02 -1.4078e+01 -1.6985e+01 5.0855e+02 -6.4192e+00 -1.5859e+01 1.0864e+01 1.4006e+00 1.9805e+00
1.2284e+00 1.0954e+02 1.5648e+02 1.7940e+02 -1.0066e+01 -1.2299e+01 2.4859e+02 3.1678e+02 -1.3720e+01 -1.6768e+01 5.0484e+02 -6.1343e+00 -1.5733e+01 1.0721e+01 1.3725e+00 1.9565e+00
1.2346e+00 1.0736e+02 1.5325e+02 1.7559e+02 -9.9371e+00 -1.2103e+01 2.4369e+02 3.1055e+02 -1.3590e+01 -1.6500e+01 4.9586e+02 -6.2200e+00 -1.5458e+01 1.0555e+01 1.3586e+00 1.9358e+00
1.2409e+00 1.0567e+02 1.5092e+02 1.7314e+02 -9.8290e+00 -1.1966e+01 2.4031e+02 3.0678e+02 -1.3384e+01 -1.6353e+01 4.9091e+02 -6.0665e+00 -1.5363e+01 1.0372e+01 1.3483e+00 1.9198e+00
1.2472e+00 1.0380e+02 1.4840e+02 1.7050e+02 -9.7396e+00 -1.1772e+01 2.3673e+02 3.0251e+02 -1.3306e+01 -1.6113e+01 4.8470e+02 -6.2232e+00 -1.5154e+01 1.0254e+01 1.3296e+00 1.8938e+00
1.2535e+00 1.0229e+02 1.4613e+02 1.6777e+02 -9.6191e+00 -1.1649e+01 2.3312e+02 2.9775e+02 -1.3155e+01 -1.5958e+01 4.7751e+02 -6.2167e+00 -1.5005e+01 1.0105e+01 1.3187e+00 1.8808e+00
1.2598e+00 1.0046e+02 1.4368e+02 1.6528e+02 -9.4071e+00 -1.1469e+01 2.2963e+02 2.9375e+02 -1.2880e+01 -1.5743e+01 4.7183e+02 -6.0774e+00 -1.4836e+01 9.9466e+00 1.2908e+00 1.8593e+00
1.2660e+00 9.8665e+01 1.4125e+02 1.6297e+02 -9.2898e+00 -1.1287e+01 2.2619e+02 2.9028e+02 -1.2722e+01 -1.5517e+01 4.6792e+02 -6.0678e+00 -1.4666e+01 9.8175e+00 1.2764e+00 1.8346e+00
1.2723e+00 9.7111e+01 1.3906e+02 1.6043e+02 -9.1485e+00 -1.1152e+01 2.2282e+02 2.8579e+02 -1.2559e+01 -1.5367e+01 4.6070e+02 -6.0197e+00 -1.4551e+01 9.6857e+00 1.2612e+00 1.8182e+00
1.2786e+00 9.5092e+01 1.3629e+02 1.5738e+02 -9.0631e+00 -1.0958e+01 2.1883e+02 2.8097e+02 -1.2480e+01 -1.5129e+01 4.5380e+02 -6.1797e+00 -1.4338e+01 9.5199e+00 1.2508e+00 1.7948e+00
1.2849e+00 9.3527e+01 1.3405e+02 1.5487e+02 -8.9150e+00 -1.0794e+01 2.1548e+02 2.7689e+02 -1.2207e+01 -1.4906e+01 4.4811e+02 -5.8954e+00 -1.4113e+01 9.4022e+00 1.2279e+00 1.7742e+00
1.2912e+00 9.1902e+01 1.3183e+02 1.5258e+02 -8.7493e+00 -1.0654e+01 2.1221e+02 2.7304e+02 -1.2021e+01 -1.4753e+01 4.4246e+02 -5.8962e+00 -1.4005e+01 9.2719e+00 1.2068e+00 1.7570e+00
1.2975e+00 9.0349e+01 1.2981e+02 1.5055e+02 -8.6748e+00 -1.0507e+01 2.0949e+02 2.7010e+02 -1.1910e+01 -1.4582e+01 4.3853e+02 -5.8470e+00 -1.3893e+01 9.1695e+00 1.2031e+00 1.7383e+00
1.3037e+00 8.9248e+01 1.2819e+02 1.4881e+02 -8.6345e+00 -1.0398e+01 2.0691e+02 2.6679e+02 -1.1903e+01 -1.4449e+01 4.3348e+02 -6.0451e+00 -1.3782e+01 9.0543e+00 1.1934e+00 1.7250e+00
1.3100e+00 8.7863e+01 1.2609e+02 1.4627e+02 -8.4588e+00 -1.0286e+01 2.0354e+02 2.6242e+02 -1.1634e+01 -1.4297e+01 4.2699e+02 -5.8746e+00 -1.3616e+01 8.8924e+00 1.1739e+00 1.7124e+00
1.3163e+00 8.5945e+01 1.2352e+02 1.4360e+02 -8.3025e+00 -1.0081e+01 2.0002e+02 2.5853e+02 -1.1437e+01 -1.4042e+01 4.2185e+02 -5.7876e+00 -1.3393e+01 8.7728e+00 1.1526e+00 1.6876e+00
1.3226e+00 8.4588e+01 1.2171e+02 1.4184e+02 -8.2304e+00 -9.9491e+00 1.9737e+02 2.5541e+02 -1.1367e+01 -1.3893e+01 4.1731e+02 -5.8252e+00 -1.3307e+01 8.6624e+00 1.1412e+00 1.6676e+00
1.3289e+00 8.3156e+01 1.1963e+02 1.3928e+02 -8.1456e+00 -9.8253e+00 1.9420e+02 2.5126e+02 -1.1232e+01 -1.3730e+01 4.1111e+02 -5.7413e+00 -1.3140e+01 8.5386e+00 1.1340e+00 1.6547e+00
1.3351e+00 8.1673e+01 1.1760e+02 1.3729e+02 -7.9787e+00 -9.6730e+00 1.9124e+02 2.4794e+02 -1.1023e+01 -1.3547e+01 4.0653e+02 -5.7252e+00 -1.2994e+01 8.4090e+00 1.1071e+00 1.6346e+00
1.3414e+00 8.0538e+01 1.1606e+02 1.3537e+02 -7.9704e+00 -9.5815e+00 1.8899e+02 2.4482e+02 -1.1028e+01 -1.3450e+01 4.0132e+02 -5.8267e+00 -1.2914e+01 8.3218e+00 1.1126e+00 1.6235e+00
1.3477e+00 7.8870e+01 1.1371e+02 1.3287e+02 -7.7410e+00 -9.4072e+00 1.8549e+02 2.4068e+02 -1.0689e+01 -1.3225e+01 3.9556e+02 -5.5245e+00 -1.2721e+01 8.1739e+00 1.0844e+00 1.6004e+00
1.3540e+00 7.7723e+01 1.1208e+02 1.3124e+02 -7.6753e+00 -9.3029e+00 1.8302e+02 2.3788e+02 -1.0630e+01 -1.3102e+01 3.9141e+02 -5.6790e+00 -1.2646e+01 8.0848e+00 1.0709e+00 1.5888e+00
1.3603e+00 7.6474e+01 1.1023e+02 1.2920e+02 -7.5553e+00 -9.1673e+00 1.8012e+02 2.3434e+02 -1.0467e+01 -1.2917e+01 3.8688e+02 -5.5600e+00 -1.2453e+01 7.9629e+00 1.0616e+00 1.5685e+00
1.3666e+00 7.5208e+01 1.0848e+02 1.2711e+02 -7.5346e+00 -9.0458e+00 1.7755e+02 2.3094e+02 -1.0440e+01 -1.2776e+01 3.8138e+02 -5.6758e+00 -1.2323e+01 7.8828e+00 1.0493e+00 1.5545e+00
1.3729e+00 7.3864e+01 1.0665e+02 1.2530e+02 -7.4213e+00 -8.9136e+00 1.7495e+02 2.2814e+02 -1.0270e+01 -1.2614e+01 3.7772e+02 -5.5559e+00 -1.2209e+01 7.7676e+00 1.0401e+00 1.5385e+00
1.3791e+00 7.2827e+01 1.0515e+02 1.2378e+02 -7.3101e+00 -8.8131e+00 1.7262e+02 2.2529e+02 -1.0144e+01 -1.2486e+01 3.7304e+02 -5.6009e+00 -1.2124e+01 7.6594e+00 1.0259e+00 1.5243e+00
1.3854e+00 7.1529e+01 1.0327e+02 1.2155e+02 -7.2033e+00 -8.6828e+00 1.6970e+02 2.2160e+02 -9.9878e+00 -1.2318e+01 3.6776e+02 -5.5256e+00 -1.1960e+01 7.5170e+00 1.0111e+00 1.5065e+00
1.3917e+00 7.0255e+01 1.0148e+02 1.1953e+02 -7.0218e+00 -8.5622e+00 1.6715e+02 2.1851e+02 -9.7291e+00 -1.2164e+01 3.6356e+02 -5.2834e+00 -1.1821e+01 7.4271e+00 9.8905e-01 1.4922e+00
1.3980e+00 6.9176e+01 9.9995e+01 1.1813e+02 -7.0014e+00 -8.4299e+00 1.6483e+02 2.1581e+02 -9.7387e+00 -1.2004e+01 3.5941e+02 -5.4621e+00 -1.1702e+01 7.3458e+00 9.8510e-01 1.4723e+00
1.4043e+00 6.8007e+01 9.8322e+01 1.1600e+02 -6.9444e+00 -8.3346e+00 1.6231e+02 2.1237e+02 -9.6552e+00 -1.1879e+01 3.5443e+02 -5.4341e+00 -1.1543e+01 7.2541e+00 9.7908e-01 1.4639e+00
1.4106e+00 6.7009e+01 9.6937e+01 1.1465e+02 -6.8298e+00 -8.2302e+00 1.6025e+02 2.1019e+02 -9.4928e+00 -1.1756e+01 3.5144e+02 -5.3263e+00 -1.1482e+01 7.1637e+00 9.6329e-01 1.4474e+00
1.4168e+00 6.5748e+01 9.5123e+01 1.1264e+02 -6.7033e+00 -8.0915e+00 1.5751e+02 2.0678e+02 -9.3362e+00 -1.1574e+01 3.4634e+02 -5.3120e+00 -1.1306e+01 7.0488e+00 9.4740e-01 1.4306e+00
1.4231e+00 6.4602e+01 9.3510e+01 1.1079e+02 -6.6681e+00 -7.9764e+00 1.5512e+02 2.0378e+02 -9.2569e+00 -1.1437e+01 3.4188e+02 -5.2280e+00 -1.1195e+01 6.9929e+00 9.4071e-01 1.4138e+00
1.4294e+00 6.3482e+01 9.2037e+01 1.0915e+02 -6.5433e+00 -7.8584e+00 1.5306e+02 2.0122e+02 -9.0973e+00 -1.1292e+01 3.3808e+02 -5.1729e+00 -1.1055e+01 6.8659e+00 9.2907e-01 1.3974e+00
1.4357e+00 6.2362e+01 9.0438e+01 1.0743e+02 -6.4664e+00 -7.7491e+00 1.5062e+02 1.9829e+02 -9.0055e+00 -1.1155e+01 3.3380e+02 -5.1574e+00 -1.0946e+01 6.7805e+00 9.2045e-01 1.3830e+00
1.4420e+00 6.1379e+01 8.8943e+01 1.0567e+02 -6.3244e+00 -7.6559e+00 1.4818e+02 1.9512e+02 -8.7968e+00 -1.1022e+01 3.2909e+02 -5.0123e+00 -1.0810e+01 6.6896e+00 9.0300e-01 1.3703e+00
1.4483e+00 6.0494e+01 8.7725e+01 1.0428e+02 -6.2638e+00 -7.5544e+00 1.4644e+02 1.9292e+02 -8.7068e+00 -1.0897e+01 3.2565e+02 -4.9900e+00 -1.0700e+01 6.6017e+00 8.9179e-01 1.3562e+00
1.4545e+00 5.9500e+01 8.6249e+01 1.0269e+02 -6.1723e+00 -7.4626e+00 1.4405e+02 1.9000e+02 -8.6088e+00 -1.0778e+01 3.2125e+02 -4.9996e+00 -1.0608e+01 6.5254e+00 8.7984e-01 1.3451e+00
1.4608e+00 5.8538e+01 8.5009e+01 1.0141e+02 -6.0928e+00 -7.3557e+00 1.4240e+02 1.8804e+02 -8.4754e+00 -1.0661e+01 3.1810e+02 -4.9770e+00 -1.0525e+01 6.4285e+00 8.7151e-01 1.3309e+00
1.4671e+00 5.7588e+01 8.3572e+01 9.9714e+01 -6.0284e+00 -7.2544e+00 1.4005e+02 1.8501e+02 -8.4022e+00 -1.0520e+01 3.1389e+02 -4.9827e+00 -1.0375e+01 6.3549e+00 8.6173e-01 1.3161e+00
1.4734e+00 5.6379e+01 8.1873e+01 9.7871e+01 -5.9571e+00 -7.1210e+00 1.3758e+02 1.8220e+02 -8.3327e+00 -1.0345e+01 3.1005e+02 -5.0160e+00 -1.0228e+01 6.2701e+00 8.5061e-01 1.2976e+00
1.4797e+00 5.5716e+01 8.0841e+01 9.6579e+01 -5.8541e+00 -7.0644e+00 1.3586e+02 1.7979e+02 -8.1478e+00 -1.0264e+01 3.0620e+02 -4.8252e+00 -1.0129e+01 6.1745e+00 8.4053e-01 1.2915e+00
1.4860e+00 5.4956e+01 7.9804e+01 9.5526e+01 -5.7975e+00 -6.9911e+00 1.3435e+02 1.7810e+02 -8.1020e+00 -1.0178e+01 3.0371e+02 -4.8911e+00 -1.0076e+01 6.1096e+00 8.3059e-01 1.2812e+00
1.4922e+00 5.4083e+01 7.8579e+01 9.4093e+01 -5.7435e+00 -6.8999e+00 1.3252e+02 1.7562e+02 -8.0367e+00 -1.0067e+01 2.9967e+02 -4.9000e+00 -9.9751e+00 6.0251e+00 8.2406e-01 1.2692e+00
1.4985e+00 5.3183e+01 7.7257e+01 9.2518e+01 -5.6447e+00 -6.8104e+00 1.3037e+02 1.7285e+02 -7.9146e+00 -9.9422e+00 2.9571e+02 -4.8188e+00 -9.8389e+00 5.9508e+00 8.1122e-01 1.2577e+00
1.5048e+00 5.2277e+01 7.5967e+01 9.1200e+01 -5.5539e+00 -6.7007e+00 1.2838e+02 1.7053e+02 -7.7790e+00 -9.8034e+00 2.9221e+02 -4.7571e+00 -9.7381e+00 5.8807e+00 8.0232e-01 1.2412e+00
1.5111e+00 5.1479e+01 7.4820e+01 8.9867e+01 -5.4944e+00 -6.6129e+00 1.2663e+02 1.6834e+02 -7.6979e+00 -9.6825e+00 2.8899e+02 -4.7438e+00 -9.6164e+00 5.7939e+00 7.9375e-01 1.2281e+00
1.5174e+00 5.0735e+01 7.3811e+01 8.8752e+01 -5.4089e+00 -6.5428e+00 1.2516e+02 1.6652e+02 -7.5797e+00 -9.6001e+00 2.8639e+02 -4.6588e+00 -9.5413e+00 5.7357e+00 7.8057e-01 1.2207e+00
1.5237e+00 5.0100e+01 7.2868e+01 8.7750e+01 -5.3530e+00 -6.4693e+00 1.2369e+02 1.6478e+02 -7.4880e+00 -9.5058e+00 2.8364e+02 -4.5935e+00 -9.4743e+00 5.6608e+00 7.7571e-01 1.2079e+00
1.5299e+00 4.9151e+01 7.1504e+01 8.6107e+01 -5.2736e+00 -6.3775e+00 1.2161e+02 1.6207e+02 -7.3829e+00 -9.3842e+00 2.7980e+02 -4.4840e+00 -9.3472e+00 5.6080e+00 7.6637e-01 1.1965e+00
1.5362e+00 4.8540e+01 7.0646e+01 8.5265e+01 -5.2203e+00 -6.3044e+00 1.2026e+02 1.6041e+02 -7.3169e+00 -9.2989e+00 2.7684e+02 -4.5904e+00 -9.3049e+00 5.5315e+00 7.5555e-01 1.1845e+00
1.5425e+00 4.7971e+01 6.9793e+01 8.4288e+01 -5.1750e+00 -6.2469e+00 1.1897e+02 1.5889e+02 -7.2551e+00 -9.2215e+00 2.7467e+02 -4.5959e+00 -9.2253e+00 5.4779e+00 7.5010e-01 1.1781e+00
1.5488e+00 4.6965e+01 6.8325e+01 8.2541e+01 -5.0715e+00 -6.1334e+00 1.1665e+02 1.5584e+02 -7.1105e+00 -9.0574e+00 2.7015e+02 -4.4507e+00 -9.0493e+00 5.3929e+00 7.3786e-01 1.1609e+00
1.5551e+00 4.6466e+01 6.7698e+01 8.1936e+01 -5.0376e+00 -6.0828e+00 1.1581e+02 1.5491e+02 -7.0747e+00 -9.0093e+00 2.6872e+02 -4.4874e+00 -9.0312e+00 5.3459e+00 7.3199e-01 1.1539e+00
1.5614e+00 4.5670e+01 6.6531e+01 8.0491e+01 -4.9431e+00 -5.9944e+00 1.1396e+02 1.5241e+02 -6.9336e+00 -8.8916e+00 2.6486e+02 -4.3156e+00 -8.9057e+00 5.2917e+00 7.2208e-01 1.1426e+00
1.5676e+00 4.5127e+01 6.5736e+01 7.9690e+01 -4.9150e+00 -5.9328e+00 1.1263e+02 1.5088e+02 -6.9318e+00 -8.8008e+00 2.6240e+02 -4.4352e+00 -8.8347e+00 5.2365e+00 7.1903e-01 1.1319e+00
1.5739e+00 4.4296e+01 6.4486e+01 7.8135e+01 -4.8341e+00 -5.8503e+00 1.1072e+02 1.4831e+02 -6.8031e+00 -8.6911e+00 2.5840e+02 -4.3228e+00 -8.7187e+00 5.1703e+00 7.1139e-01 1.1220e+00
1.5802e+00 4.3667e+01 6.3544e+01 7.6978e+01 -4.7778e+00 -5.7822e+00 1.0917e+02 1.4625e+02 -6.7164e+00 -8.5948e+00 2.5542e+02 -4.2670e+00 -8.6149e+00 5.0999e+00 7.0154e-01 1.1120e+00
1.5865e+00 4.3123e+01 6.2838e+01 7.6307e+01 -4.7057e+00 -5.7203e+00 1.0814e+02 1.4520e+02 -6.6115e+00 -8.5185e+00 2.5395e+02 -4.1900e+00 -8.5609e+00 5.0499e+00 6.9207e-01 1.1028e+00
1.5928e+00 4.2682e+01 6.2160e+01 7.5512e+01 -4.6823e+00 -5.6718e+00 1.0704e+02 1.4369e+02 -6.5696e+00 -8.4567e+00 2.5138e+02 -4.2329e+00 -8.5141e+00 4.9860e+00 6.8776e-01 1.0955e+00
1.5990e+00 4.1981e+01 6.1138e+01 7.4397e+01 -4.6279e+00 -5.5880e+00 1.0541e+02 1.4162e+02 -6.5225e+00 -8.3448e+00 2.4825e+02 -4.2607e+00 -8.4084e+00 4.9226e+00 6.7870e-01 1.0832e+00
1.6053e+00 4.1532e+01 6.0501e+01 7.3622e+01 -4.5830e+00 -5.5400e+00 1.0446e+02 1.4039e+02 -6.4505e+00 -8.2857e+00 2.4618e+02 -4.1790e+00 -8.3608e+00 4.9048e+00 6.7597e-01 1.0762e+00
