# k / 1, b1, b2, bg, bk
0.0000e+00 0.0000e+00 0.0000e+00 0.0000e+00 0.0000e+00 0.0000e+00 0.0000e+00 0.0000e+00 0.0000e+00 0.0000e+00 0.0000e+00 0.0000e+00 0.0000e+00 0.0000e+00 0.0000e+00 0.0000e+00
2.2249e-02 1.8381e+04 1.8179e+04 -3.5969e+03 -2.0433e+03 -8.3392e+00 1.8006e+04 -3.4757e+03 -2.0185e+03 -8.3181e+00 2.7902e+03 1.6234e+03 1.7237e+00 1.0372e+03 1.1375e+00 5.6901e-03
3.7698e-02 1.9023e+04 1.8828e+04 -1.3588e+03 -6.4958e+02 -2.6777e+01 1.8810e+04 -6.6754e+02 -5.3749e+02 -2.6648e+01 7.3597e+03 3.5827e+03 3.5521e+00 2.1919e+03 2.3045e+00 4.3174e-02
5.3620e-02 1.1672e+04 1.1609e+04 -3.3152e+02 -2.4380e+02 -3.2945e+01 1.1732e+04 3.1409e+02 -1.7841e+02 -3.3151e+01 5.1351e+03 2.1814e+03 1.3395e+00 1.3527e+03 1.7889e+00 1.1197e-01
6.9592e-02 7.4686e+03 7.4751e+03 -1.6225e+02 -2.1543e+02 -3.6683e+01 7.7073e+03 6.5302e+02 -1.0611e+02 -3.6672e+01 5.3629e+03 2.0454e+03 4.2001e+00 1.1887e+03 3.4210e+00 2.2513e-01
8.5877e-02 6.3833e+03 6.2556e+03 -2.1895e+02 -8.1015e+01 -4.5764e+01 6.4026e+03 6.7774e+02 -1.0124e+01 -4.5037e+01 4.6429e+03 1.3917e+03 5.1134e+00 8.2476e+02 3.5749e+00 4.1902e-01
1.0120e-01 5.2031e+03 5.2158e+03 8.9184e+01 -1.6950e+02 -5.3020e+01 5.5198e+03 9.9977e+02 -1.1982e+02 -5.3277e+01 4.2450e+03 1.1054e+03 2.0041e+00 6.8349e+02 4.3099e+00 6.6112e-01
1.1692e-01 4.1346e+03 4.1662e+03 2.3228e+02 -1.3243e+02 -5.2263e+01 4.5374e+03 1.1655e+03 -1.5552e+02 -5.3496e+01 3.7523e+03 7.3446e+02 4.4118e-01 5.8241e+02 6.1237e+00 8.7221e-01
1.3277e-01 3.6957e+03 3.7963e+03 3.1570e+02 -2.1783e+02 -6.0897e+01 4.2568e+03 1.3289e+03 -2.2300e+02 -6.2379e+01 3.8517e+03 6.4817e+02 1.6641e+00 4.9234e+02 8.7690e+00 1.3327e+00
1.4867e-01 2.8827e+03 3.0132e+03 4.4243e+02 -1.9250e+02 -5.8822e+01 3.4707e+03 1.3531e+03 -2.0723e+02 -6.1175e+01 3.3371e+03 4.8848e+02 -1.6979e+00 4.1916e+02 9.4192e+00 1.6435e+00
1.6469e-01 2.2471e+03 2.3279e+03 3.4994e+02 -1.4185e+02 -5.4040e+01 2.7354e+03 1.2236e+03 -1.7614e+02 -5.6089e+01 3.0232e+03 3.4815e+02 -3.1286e+00 3.5997e+02 8.8546e+00 1.8346e+00
1.8013e-01 2.0661e+03 2.1533e+03 3.4985e+02 -1.7445e+02 -5.7246e+01 2.5407e+03 1.1326e+03 -2.1248e+02 -5.9156e+01 2.6860e+03 2.9317e+02 -1.9282e+00 3.4137e+02 1.1606e+01 2.3276e+00
1.9570e-01 1.7924e+03 1.8644e+03 3.6193e+02 -1.1521e+02 -5.6044e+01 2.2346e+03 1.1190e+03 -1.5607e+02 -5.7755e+01 2.5106e+03 2.2782e+02 -3.1176e+00 2.8573e+02 1.0566e+01 2.6041e+00
2.1176e-01 1.4491e+03 1.5499e+03 4.0268e+02 -1.2337e+02 -5.2554e+01 1.9345e+03 1.1103e+03 -1.7706e+02 -5.5218e+01 2.2490e+03 1.2503e+02 -6.4560e+00 2.4719e+02 1.1013e+01 2.9304e+00
2.2742e-01 1.2945e+03 1.3680e+03 3.8982e+02 -9.6652e+01 -4.9809e+01 1.7142e+03 1.0758e+03 -1.3526e+02 -5.2065e+01 2.2107e+03 1.3107e+02 -8.0725e+00 2.1922e+02 1.0862e+01 3.0758e+00
2.4302e-01 1.1143e+03 1.2056e+03 3.7716e+02 -1.0906e+02 -4.8387e+01 1.5688e+03 1.0396e+03 -1.5956e+02 -5.1636e+01 2.0323e+03 7.0648e+01 -9.5507e+00 2.0152e+02 1.1568e+01 3.3746e+00
2.5869e-01 9.7649e+02 1.0499e+03 3.3995e+02 -9.9507e+01 -4.6521e+01 1.3575e+03 9.0805e+02 -1.3970e+02 -4.8765e+01 1.7694e+03 5.8405e+01 -8.7639e+00 1.7356e+02 1.1145e+01 3.5561e+00
2.7441e-01 8.8967e+02 9.5413e+02 3.2331e+02 -7.4655e+01 -4.5687e+01 1.2513e+03 8.7927e+02 -1.1561e+02 -4.8135e+01 1.7077e+03 4.3960e+01 -1.0013e+01 1.6006e+02 1.0875e+01 3.9149e+00
2.9024e-01 7.7759e+02 8.4830e+02 3.4003e+02 -7.8159e+01 -4.3281e+01 1.1412e+03 8.6194e+02 -1.1918e+02 -4.5731e+01 1.5788e+03 1.2851e+01 -1.1713e+01 1.3756e+02 1.0477e+01 3.9870e+00
3.0599e-01 7.1210e+02 7.7105e+02 3.0720e+02 -7.2950e+01 -4.2306e+01 1.0428e+03 8.0124e+02 -1.1004e+02 -4.4396e+01 1.4950e+03 1.5712e+01 -1.1222e+01 1.3014e+02 1.0837e+01 4.1879e+00
3.2178e-01 6.2297e+02 6.7258e+02 2.7284e+02 -6.4736e+01 -3.9570e+01 9.2037e+02 7.2418e+02 -1.0011e+02 -4.1648e+01 1.3602e+03 3.5736e+00 -1.1611e+01 1.1584e+02 1.0159e+01 4.2303e+00
3.3751e-01 5.8006e+02 6.2543e+02 2.5910e+02 -6.4299e+01 -3.8947e+01 8.6047e+02 6.8541e+02 -1.0145e+02 -4.0670e+01 1.2831e+03 -1.0463e+01 -1.1802e+01 1.0850e+02 1.0137e+01 4.4203e+00
3.5318e-01 5.0717e+02 5.4842e+02 2.4195e+02 -5.3804e+01 -3.5834e+01 7.6942e+02 6.3766e+02 -8.6741e+01 -3.7455e+01 1.1852e+03 -9.6951e+00 -1.1996e+01 9.8257e+01 9.2814e+00 4.3745e+00
3.6889e-01 4.5247e+02 4.8912e+02 2.2254e+02 -5.2362e+01 -3.3732e+01 6.9804e+02 6.0127e+02 -8.4338e+01 -3.5411e+01 1.1327e+03 -1.9543e+01 -1.2406e+01 8.7345e+01 8.9903e+00 4.3394e+00
3.8447e-01 4.0798e+02 4.4052e+02 2.0165e+02 -4.9833e+01 -3.2321e+01 6.4021e+02 5.6298e+02 -7.8472e+01 -3.3907e+01 1.0665e+03 -2.1079e+01 -1.2599e+01 7.8913e+01 8.7053e+00 4.3851e+00
4.0016e-01 3.9175e+02 4.2472e+02 2.0422e+02 -4.9538e+01 -3.2194e+01 6.1129e+02 5.3006e+02 -7.8444e+01 -3.4246e+01 9.6999e+02 -2.4695e+01 -1.3766e+01 7.3305e+01 8.4248e+00 4.4327e+00
4.1602e-01 3.5711e+02 3.8579e+02 1.9092e+02 -4.6976e+01 -3.0511e+01 5.6305e+02 5.0372e+02 -7.3422e+01 -3.2070e+01 9.3783e+02 -2.7275e+01 -1.3320e+01 6.8217e+01 8.1560e+00 4.4286e+00
4.3182e-01 3.1670e+02 3.4313e+02 1.7390e+02 -3.7192e+01 -2.7976e+01 5.0824e+02 4.6509e+02 -6.2401e+01 -2.9589e+01 8.7781e+02 -2.3598e+01 -1.2261e+01 6.1063e+01 7.3507e+00 4.2677e+00
4.4744e-01 2.9223e+02 3.1660e+02 1.6222e+02 -4.0443e+01 -2.6809e+01 4.7464e+02 4.3555e+02 -6.6358e+01 -2.8596e+01 8.1458e+02 -3.0557e+01 -1.2517e+01 5.7589e+01 7.3340e+00 4.1606e+00
4.6309e-01 2.6954e+02 2.9087e+02 1.5069e+02 -3.6587e+01 -2.5336e+01 4.3815e+02 4.0961e+02 -5.9066e+01 -2.7076e+01 7.7267e+02 -2.9039e+01 -1.2359e+01 5.2041e+01 6.9916e+00 4.0927e+00
4.7870e-01 2.4809e+02 2.6525e+02 1.3481e+02 -3.5747e+01 -2.4724e+01 3.9924e+02 3.6959e+02 -5.6738e+01 -2.6594e+01 7.0946e+02 -2.5161e+01 -1.2173e+01 4.9449e+01 6.8175e+00 4.1331e+00
4.9447e-01 2.2297e+02 2.3998e+02 1.2429e+02 -3.4706e+01 -2.2677e+01 3.6657e+02 3.4098e+02 -5.4195e+01 -2.4514e+01 6.4970e+02 -2.6128e+01 -1.1886e+01 4.6073e+01 6.6798e+00 3.9450e+00
5.1027e-01 2.0373e+02 2.2124e+02 1.1976e+02 -3.1741e+01 -2.1106e+01 3.4382e+02 3.2875e+02 -5.1040e+01 -2.3079e+01 6.2660e+02 -2.7815e+01 -1.1499e+01 4.1848e+01 6.1334e+00 3.7397e+00
5.2601e-01 1.9214e+02 2.0726e+02 1.1488e+02 -3.0224e+01 -2.0526e+01 3.2183e+02 3.0944e+02 -4.8834e+01 -2.2648e+01 5.8730e+02 -2.8747e+01 -1.2204e+01 3.9389e+01 5.9352e+00 3.7132e+00
5.4174e-01 1.7593e+02 1.9013e+02 1.0424e+02 -2.9088e+01 -1.9171e+01 2.9857e+02 2.8716e+02 -4.6158e+01 -2.1295e+01 5.5217e+02 -2.6231e+01 -1.1561e+01 3.6653e+01 5.6404e+00 3.5751e+00
5.5744e-01 1.6089e+02 1.7081e+02 9.3220e+01 -2.6184e+01 -1.8070e+01 2.6970e+02 2.6356e+02 -4.2160e+01 -1.9884e+01 5.1238e+02 -2.5738e+01 -1.0733e+01 3.4121e+01 5.3112e+00 3.4707e+00
5.7318e-01 1.4740e+02 1.5744e+02 9.0265e+01 -2.4129e+01 -1.6941e+01 2.5082e+02 2.4953e+02 -3.8706e+01 -1.8912e+01 4.8549e+02 -2.4029e+01 -1.0922e+01 3.1470e+01 4.9027e+00 3.3334e+00
5.8883e-01 1.3751e+02 1.4639e+02 8.2250e+01 -2.3165e+01 -1.6069e+01 2.3475e+02 2.3315e+02 -3.7604e+01 -1.8001e+01 4.5592e+02 -2.5271e+01 -1.0230e+01 2.9797e+01 4.8244e+00 3.2344e+00
6.0453e-01 1.2691e+02 1.3582e+02 7.7858e+01 -2.1907e+01 -1.5260e+01 2.2128e+02 2.2185e+02 -3.5688e+01 -1.7355e+01 4.3339e+02 -2.4086e+01 -1.0269e+01 2.7516e+01 4.5158e+00 3.1372e+00
6.2024e-01 1.1738e+02 1.2317e+02 6.6311e+01 -2.0842e+01 -1.4466e+01 2.0006e+02 1.9811e+02 -3.2595e+01 -1.6109e+01 3.9547e+02 -2.0848e+01 -8.9713e+00 2.5694e+01 4.3150e+00 3.0419e+00
6.3587e-01 1.1073e+02 1.1675e+02 6.3956e+01 -2.0513e+01 -1.3810e+01 1.8871e+02 1.8563e+02 -3.1920e+01 -1.5674e+01 3.6898e+02 -2.0684e+01 -9.0671e+00 2.4271e+01 4.2499e+00 2.9210e+00
6.5160e-01 1.0099e+02 1.0455e+02 5.5370e+01 -1.8205e+01 -1.2735e+01 1.7197e+02 1.7149e+02 -2.9080e+01 -1.4343e+01 3.4730e+02 -1.9406e+01 -8.1292e+00 2.2392e+01 3.8872e+00 2.7681e+00
6.6734e-01 9.3622e+01 9.7390e+01 5.3041e+01 -1.7676e+01 -1.2112e+01 1.6030e+02 1.6012e+02 -2.7379e+01 -1.3595e+01 3.2319e+02 -1.8120e+01 -7.8965e+00 2.1091e+01 3.7095e+00 2.6801e+00
6.8313e-01 8.6761e+01 8.9615e+01 4.7570e+01 -1.6663e+01 -1.1400e+01 1.4847e+02 1.4934e+02 -2.5744e+01 -1.2972e+01 3.0657e+02 -1.7558e+01 -7.5709e+00 1.9485e+01 3.5162e+00 2.5524e+00
6.9891e-01 7.9217e+01 8.1857e+01 4.3893e+01 -1.5448e+01 -1.0554e+01 1.3694e+02 1.3798e+02 -2.4038e+01 -1.2164e+01 2.8331e+02 -1.6545e+01 -7.1407e+00 1.8278e+01 3.3333e+00 2.4342e+00
7.1463e-01 7.4218e+01 7.5544e+01 4.0154e+01 -1.4410e+01 -1.0017e+01 1.2620e+02 1.2750e+02 -2.2311e+01 -1.1571e+01 2.6453e+02 -1.5252e+01 -6.9555e+00 1.7282e+01 3.1941e+00 2.3502e+00
7.3026e-01 6.8151e+01 6.9184e+01 3.5400e+01 -1.3768e+01 -9.3543e+00 1.1723e+02 1.1776e+02 -2.1060e+01 -1.0686e+01 2.4460e+02 -1.4218e+01 -6.1949e+00 1.6127e+01 2.9775e+00 2.2351e+00
7.4587e-01 6.3361e+01 6.3751e+01 3.1489e+01 -1.2779e+01 -8.7041e+00 1.0855e+02 1.0958e+02 -1.9910e+01 -1.0036e+01 2.3362e+02 -1.3598e+01 -5.8363e+00 1.5253e+01 2.8018e+00 2.1202e+00
7.6162e-01 6.0176e+01 6.0593e+01 3.0981e+01 -1.2478e+01 -8.4782e+00 1.0338e+02 1.0449e+02 -1.9180e+01 -9.8752e+00 2.2014e+02 -1.3442e+01 -5.9496e+00 1.4401e+01 2.7538e+00 2.0766e+00
7.7734e-01 5.5638e+01 5.6132e+01 2.8520e+01 -1.1523e+01 -7.8314e+00 9.5963e+01 9.6531e+01 -1.7876e+01 -9.1920e+00 2.0465e+02 -1.2616e+01 -5.5608e+00 1.3464e+01 2.5405e+00 1.9518e+00
7.9307e-01 5.1322e+01 5.0923e+01 2.5147e+01 -1.0603e+01 -7.2998e+00 8.8127e+01 8.9305e+01 -1.6328e+01 -8.5189e+00 1.9152e+02 -1.1549e+01 -5.0892e+00 1.2468e+01 2.3737e+00 1.8644e+00
8.0882e-01 4.8076e+01 4.7430e+01 2.2513e+01 -1.0438e+01 -6.9505e+00 8.1864e+01 8.2317e+01 -1.5647e+01 -8.1565e+00 1.7934e+02 -1.0383e+01 -4.8251e+00 1.2044e+01 2.3533e+00 1.8067e+00
8.2456e-01 4.5096e+01 4.4432e+01 2.1085e+01 -9.7041e+00 -6.5469e+00 7.6892e+01 7.7054e+01 -1.4701e+01 -7.7378e+00 1.6785e+02 -1.0311e+01 -4.6009e+00 1.1119e+01 2.1837e+00 1.7106e+00
8.4031e-01 4.1843e+01 4.1193e+01 1.9636e+01 -9.3187e+00 -6.1945e+00 7.2035e+01 7.2336e+01 -1.3938e+01 -7.3549e+00 1.5755e+02 -9.4889e+00 -4.4047e+00 1.0575e+01 2.1188e+00 1.6507e+00
8.5593e-01 3.9843e+01 3.8628e+01 1.7729e+01 -8.7149e+00 -5.9113e+00 6.7189e+01 6.6642e+01 -1.3004e+01 -6.9135e+00 1.4630e+02 -8.7237e+00 -3.9964e+00 9.9917e+00 1.9798e+00 1.5790e+00
8.7162e-01 3.6368e+01 3.4980e+01 1.5948e+01 -8.0841e+00 -5.4920e+00 6.1561e+01 6.2324e+01 -1.1959e+01 -6.4583e+00 1.3927e+02 -8.1856e+00 -3.8014e+00 9.3246e+00 1.8491e+00 1.5109e+00
8.8735e-01 3.4299e+01 3.2982e+01 1.4713e+01 -7.7352e+00 -5.1613e+00 5.8087e+01 5.7658e+01 -1.1477e+01 -6.1462e+00 1.2847e+02 -7.9104e+00 -3.6381e+00 8.8713e+00 1.7940e+00 1.4273e+00
9.0298e-01 3.1848e+01 3.0451e+01 1.3672e+01 -7.1497e+00 -4.8525e+00 5.3694e+01 5.3570e+01 -1.0628e+01 -5.7791e+00 1.2068e+02 -7.3639e+00 -3.4308e+00 8.3322e+00 1.6652e+00 1.3714e+00
9.1869e-01 2.9982e+01 2.8321e+01 1.1851e+01 -6.7971e+00 -4.5894e+00 5.0635e+01 5.0176e+01 -1.0041e+01 -5.4850e+00 1.1404e+02 -6.8049e+00 -3.1894e+00 7.9046e+00 1.5847e+00 1.3036e+00
9.3441e-01 2.7968e+01 2.6369e+01 1.1201e+01 -6.4562e+00 -4.3204e+00 4.6841e+01 4.6476e+01 -9.3696e+00 -5.1571e+00 1.0637e+02 -6.3046e+00 -2.9789e+00 7.4518e+00 1.4941e+00 1.2512e+00
9.5016e-01 2.6417e+01 2.4944e+01 1.1086e+01 -6.1771e+00 -4.1194e+00 4.4707e+01 4.4836e+01 -9.0278e+00 -4.9878e+00 1.0218e+02 -6.1623e+00 -3.0450e+00 7.0480e+00 1.4416e+00 1.2059e+00
9.6588e-01 2.4658e+01 2.3038e+01 9.5716e+00 -5.8756e+00 -3.8344e+00 4.1616e+01 4.0844e+01 -8.4894e+00 -4.6477e+00 9.4399e+01 -5.6548e+00 -2.7044e+00 6.6738e+00 1.3689e+00 1.1359e+00
9.8156e-01 2.3064e+01 2.1418e+01 8.9027e+00 -5.3596e+00 -3.6336e+00 3.8941e+01 3.8480e+01 -7.8559e+00 -4.4131e+00 8.9530e+01 -5.3568e+00 -2.5959e+00 6.1995e+00 1.2827e+00 1.0908e+00
9.9734e-01 2.1553e+01 1.9809e+01 7.9661e+00 -5.0759e+00 -3.3751e+00 3.6259e+01 3.5668e+01 -7.3373e+00 -4.1182e+00 8.3619e+01 -4.7951e+00 -2.4024e+00 5.9222e+00 1.2057e+00 1.0367e+00
1.0130e+00 2.0397e+01 1.8722e+01 7.4322e+00 -4.8670e+00 -3.2175e+00 3.4372e+01 3.3767e+01 -6.9326e+00 -3.9462e+00 8.0494e+01 -4.5315e+00 -2.3013e+00 5.6423e+00 1.1543e+00 9.9337e-01
1.0287e+00 1.8774e+01 1.7104e+01 6.6575e+00 -4.4510e+00 -2.9782e+00 3.1645e+01 3.0865e+01 -6.4296e+00 -3.6853e+00 7.4257e+01 -4.1861e+00 -2.1216e+00 5.2707e+00 1.0824e+00 9.4144e-01
1.0445e+00 1.7860e+01 1.6135e+01 6.0811e+00 -4.2997e+00 -2.8486e+00 3.0034e+01 2.8984e+01 -6.0897e+00 -3.5183e+00 6.9962e+01 -3.8317e+00 -1.9668e+00 5.0187e+00 1.0349e+00 9.0848e-01
1.0601e+00 1.6622e+01 1.4959e+01 5.7013e+00 -3.9783e+00 -2.6642e+00 2.8170e+01 2.7455e+01 -5.6413e+00 -3.3237e+00 6.7071e+01 -3.5737e+00 -1.8922e+00 4.7184e+00 9.7110e-01 8.6212e-01
1.0759e+00 1.5940e+01 1.4157e+01 5.0776e+00 -3.8285e+00 -2.5629e+00 2.6477e+01 2.5179e+01 -5.4018e+00 -3.1843e+00 6.2121e+01 -3.2685e+00 -1.7426e+00 4.5362e+00 9.4234e-01 8.3838e-01
1.0916e+00 1.4913e+01 1.3166e+01 4.7191e+00 -3.6451e+00 -2.3918e+00 2.4819e+01 2.3615e+01 -5.1323e+00 -2.9793e+00 5.9035e+01 -3.1791e+00 -1.6232e+00 4.2999e+00 8.9143e-01 7.9095e-01
1.1073e+00 1.3968e+01 1.2094e+01 4.0606e+00 -3.3397e+00 -2.2320e+00 2.3077e+01 2.1850e+01 -4.6838e+00 -2.7851e+00 5.5387e+01 -2.8632e+00 -1.4899e+00 3.9874e+00 8.2292e-01 7.4646e-01
1.1229e+00 1.3131e+01 1.1417e+01 3.9595e+00 -3.1705e+00 -2.1111e+00 2.1930e+01 2.0650e+01 -4.4365e+00 -2.6831e+00 5.2584e+01 -2.7134e+00 -1.4544e+00 3.8128e+00 7.9650e-01 7.2353e-01
1.1386e+00 1.2409e+01 1.0628e+01 3.5120e+00 -2.9761e+00 -1.9916e+00 2.0461e+01 1.8972e+01 -4.1603e+00 -2.5262e+00 4.9512e+01 -2.4740e+00 -1.3234e+00 3.6017e+00 7.4364e-01 6.8582e-01
1.1544e+00 1.1764e+01 9.9600e+00 3.3502e+00 -2.8368e+00 -1.8921e+00 1.9331e+01 1.8104e+01 -3.8995e+00 -2.4098e+00 4.7620e+01 -2.2454e+00 -1.2732e+00 3.4434e+00 7.0933e-01 6.6145e-01
1.1702e+00 1.1148e+01 9.4274e+00 3.0985e+00 -2.6970e+00 -1.7835e+00 1.8292e+01 1.6702e+01 -3.7418e+00 -2.2867e+00 4.4431e+01 -2.1742e+00 -1.1724e+00 3.2579e+00 6.7428e-01 6.2999e-01
1.1859e+00 1.0405e+01 8.6888e+00 2.6969e+00 -2.5200e+00 -1.6610e+00 1.7091e+01 1.5465e+01 -3.4490e+00 -2.1416e+00 4.2199e+01 -1.9576e+00 -1.0545e+00 3.0916e+00 6.3256e-01 5.9874e-01
1.2016e+00 9.9847e+00 8.2966e+00 2.6531e+00 -2.4272e+00 -1.5881e+00 1.6359e+01 1.4649e+01 -3.3154e+00 -2.0760e+00 3.9825e+01 -1.8774e+00 -1.0292e+00 2.9809e+00 6.1320e-01 5.7679e-01
1.2173e+00 9.2559e+00 7.6086e+00 2.3480e+00 -2.2574e+00 -1.4712e+00 1.5287e+01 1.3685e+01 -3.0932e+00 -1.9419e+00 3.8332e+01 -1.6906e+00 -9.4736e-01 2.8223e+00 5.7594e-01 5.4820e-01
1.2329e+00 8.8125e+00 7.2205e+00 2.1998e+00 -2.1371e+00 -1.4112e+00 1.4592e+01 1.2811e+01 -2.9358e+00 -1.8739e+00 3.6226e+01 -1.5993e+00 -9.0433e-01 2.6598e+00 5.4715e-01 5.2840e-01
1.2486e+00 8.2782e+00 6.7071e+00 2.1322e+00 -1.9694e+00 -1.3080e+00 1.3773e+01 1.2035e+01 -2.7300e+00 -1.7678e+00 3.4376e+01 -1.5087e+00 -8.4842e-01 2.5233e+00 5.1342e-01 5.0229e-01
1.2643e+00 7.8974e+00 6.3140e+00 1.8659e+00 -1.8953e+00 -1.2467e+00 1.3065e+01 1.1273e+01 -2.5659e+00 -1.7001e+00 3.2739e+01 -1.3668e+00 -7.9248e-01 2.4009e+00 4.9027e-01 4.8654e-01
1.2800e+00 7.4770e+00 5.9260e+00 1.8689e+00 -1.7864e+00 -1.1719e+00 1.2244e+01 1.0434e+01 -2.4143e+00 -1.6004e+00 3.1042e+01 -1.2744e+00 -7.4143e-01 2.3099e+00 4.6324e-01 4.6251e-01
1.2958e+00 7.1432e+00 5.5935e+00 1.6733e+00 -1.7121e+00 -1.1070e+00 1.1712e+01 9.8401e+00 -2.3285e+00 -1.5363e+00 2.9784e+01 -1.2286e+00 -6.8712e-01 2.2176e+00 4.4443e-01 4.4387e-01
1.3115e+00 6.7276e+00 5.2241e+00 1.6349e+00 -1.6139e+00 -1.0441e+00 1.1085e+01 9.2276e+00 -2.1733e+00 -1.4693e+00 2.8230e+01 -1.1414e+00 -6.6559e-01 2.0985e+00 4.2183e-01 4.2746e-01
1.3272e+00 6.3914e+00 4.8880e+00 1.4335e+00 -1.5199e+00 -9.7898e-01 1.0508e+01 8.6495e+00 -2.0308e+00 -1.3864e+00 2.6797e+01 -1.0224e+00 -6.0355e-01 2.0151e+00 3.9361e-01 4.0579e-01
1.3429e+00 5.9879e+00 4.5131e+00 1.2933e+00 -1.4186e+00 -9.1569e-01 9.8619e+00 7.8446e+00 -1.9101e+00 -1.3159e+00 2.5298e+01 -9.5569e-01 -5.3638e-01 1.9064e+00 3.7404e-01 3.8869e-01
1.3587e+00 5.6967e+00 4.2231e+00 1.2196e+00 -1.3254e+00 -8.5858e-01 9.3483e+00 7.4652e+00 -1.7884e+00 -1.2467e+00 2.4289e+01 -9.3915e-01 -5.0723e-01 1.8194e+00 3.4982e-01 3.7241e-01
1.3744e+00 5.4795e+00 4.0121e+00 1.1655e+00 -1.2803e+00 -8.1934e-01 8.9989e+00 7.0171e+00 -1.7068e+00 -1.2093e+00 2.3152e+01 -8.5811e-01 -4.8746e-01 1.7426e+00 3.3918e-01 3.6051e-01
1.3900e+00 5.2227e+00 3.7362e+00 1.0607e+00 -1.2020e+00 -7.6547e-01 8.4744e+00 6.5495e+00 -1.5950e+00 -1.1433e+00 2.2198e+01 -7.8076e-01 -4.5082e-01 1.6735e+00 3.1721e-01 3.4347e-01
1.4057e+00 4.9340e+00 3.5098e+00 1.0598e+00 -1.1448e+00 -7.2536e-01 8.0949e+00 6.1953e+00 -1.5208e+00 -1.0979e+00 2.1289e+01 -7.6837e-01 -4.2713e-01 1.6039e+00 3.0582e-01 3.3174e-01
1.4215e+00 4.6894e+00 3.2802e+00 9.6157e-01 -1.0631e+00 -6.8145e-01 7.6846e+00 5.7479e+00 -1.4109e+00 -1.0491e+00 2.0311e+01 -6.7902e-01 -3.9611e-01 1.5257e+00 2.8658e-01 3.1927e-01
1.4372e+00 4.4513e+00 3.0997e+00 8.8037e-01 -1.0053e+00 -6.4021e-01 7.3624e+00 5.4071e+00 -1.3507e+00 -1.0063e+00 1.9382e+01 -6.5352e-01 -3.7823e-01 1.4718e+00 2.7202e-01 3.0544e-01
1.4529e+00 4.2522e+00 2.8721e+00 8.2830e-01 -9.5007e-01 -5.9981e-01 6.9431e+00 4.9355e+00 -1.2629e+00 -9.5242e-01 1.8388e+01 -5.9355e-01 -3.3493e-01 1.4082e+00 2.5854e-01 2.9320e-01
1.4686e+00 4.0866e+00 2.7263e+00 7.7550e-01 -9.0742e-01 -5.7145e-01 6.6306e+00 4.6006e+00 -1.1982e+00 -9.1814e-01 1.7546e+01 -5.5031e-01 -3.0715e-01 1.3554e+00 2.4609e-01 2.8406e-01
1.4843e+00 3.8646e+00 2.5321e+00 7.1988e-01 -8.3253e-01 -5.3055e-01 6.3014e+00 4.3007e+00 -1.1185e+00 -8.7351e-01 1.6905e+01 -5.1606e-01 -2.8591e-01 1.2827e+00 2.2732e-01 2.7025e-01
1.5000e+00 3.7073e+00 2.3871e+00 6.8014e-01 -7.9701e-01 -4.9980e-01 6.0342e+00 4.0294e+00 -1.0481e+00 -8.3698e-01 1.6167e+01 -4.9419e-01 -2.6472e-01 1.2526e+00 2.1587e-01 2.6039e-01
1.5157e+00 3.5135e+00 2.2350e+00 6.5905e-01 -7.4953e-01 -4.6842e-01 5.7921e+00 3.8071e+00 -9.8696e-01 -8.0779e-01 1.5505e+01 -4.3090e-01 -2.5539e-01 1.1913e+00 2.0594e-01 2.5137e-01
1.5314e+00 3.3706e+00 2.1035e+00 6.1613e-01 -7.1309e-01 -4.4272e-01 5.5482e+00 3.5594e+00 -9.4312e-01 -7.7639e-01 1.4866e+01 -4.3869e-01 -2.3795e-01 1.1451e+00 1.9579e-01 2.4251e-01
1.5471e+00 3.2374e+00 1.9516e+00 5.7588e-01 -6.6428e-01 -4.1208e-01 5.2643e+00 3.3123e+00 -8.7623e-01 -7.3889e-01 1.4308e+01 -4.2237e-01 -2.2600e-01 1.0982e+00 1.8208e-01 2.3137e-01
1.5628e+00 3.1128e+00 1.8167e+00 5.3693e-01 -6.3348e-01 -3.8865e-01 5.0369e+00 3.0735e+00 -8.2393e-01 -7.1188e-01 1.3779e+01 -3.6935e-01 -1.9977e-01 1.0614e+00 1.7494e-01 2.2447e-01
1.5785e+00 2.9492e+00 1.7275e+00 5.3844e-01 -6.0085e-01 -3.6571e-01 4.8674e+00 2.9036e+00 -8.0110e-01 -6.8547e-01 1.3147e+01 -3.6676e-01 -1.8835e-01 1.0306e+00 1.6639e-01 2.1595e-01
1.5943e+00 2.8210e+00 1.5995e+00 4.8631e-01 -5.6460e-01 -3.4090e-01 4.6406e+00 2.7065e+00 -7.5105e-01 -6.5311e-01 1.2758e+01 -3.4118e-01 -1.7685e-01 9.9163e-01 1.5656e-01 2.0680e-01
1.6100e+00 2.6953e+00 1.4982e+00 4.6861e-01 -5.2547e-01 -3.2227e-01 4.4276e+00 2.5282e+00 -6.9006e-01 -6.3058e-01 1.2130e+01 -3.2096e-01 -1.6634e-01 9.4703e-01 1.4748e-01 2.0137e-01
1.6257e+00 2.5962e+00 1.3924e+00 4.1514e-01 -4.9841e-01 -3.0200e-01 4.2615e+00 2.3326e+00 -6.6014e-01 -6.1154e-01 1.1606e+01 -2.8499e-01 -1.5220e-01 9.2049e-01 1.4164e-01 1.9580e-01
1.6414e+00 2.4863e+00 1.3091e+00 3.8337e-01 -4.7602e-01 -2.8246e-01 4.0793e+00 2.1961e+00 -6.2659e-01 -5.8276e-01 1.1272e+01 -2.7401e-01 -1.4246e-01 8.9917e-01 1.3374e-01 1.8709e-01
1.6571e+00 2.4020e+00 1.2289e+00 3.6772e-01 -4.4565e-01 -2.6384e-01 3.9235e+00 2.0452e+00 -5.8122e-01 -5.5666e-01 1.0888e+01 -2.5638e-01 -1.2954e-01 8.5777e-01 1.2474e-01 1.7970e-01
1.6728e+00 2.2881e+00 1.1349e+00 3.3659e-01 -4.2026e-01 -2.4589e-01 3.7708e+00 1.8948e+00 -5.5282e-01 -5.3967e-01 1.0463e+01 -2.3770e-01 -1.2166e-01 8.2552e-01 1.1835e-01 1.7401e-01
1.6885e+00 2.1882e+00 1.0710e+00 3.3618e-01 -3.8840e-01 -2.3116e-01 3.6250e+00 1.7842e+00 -5.1528e-01 -5.1901e-01 1.0036e+01 -2.3731e-01 -1.1236e-01 8.0005e-01 1.1215e-01 1.6880e-01
1.7042e+00 2.1207e+00 1.0027e+00 3.3544e-01 -3.8205e-01 -2.1823e-01 3.4894e+00 1.6788e+00 -4.8915e-01 -5.0393e-01 9.7731e+00 -2.2162e-01 -1.0564e-01 7.7696e-01 1.0674e-01 1.6422e-01
1.7199e+00 2.0399e+00 9.4273e-01 3.2557e-01 -3.5877e-01 -2.0494e-01 3.3473e+00 1.5427e+00 -4.6443e-01 -4.8189e-01 9.4083e+00 -2.1897e-01 -9.9852e-02 7.5207e-01 1.0024e-01 1.5759e-01
1.7356e+00 1.9659e+00 8.6915e-01 2.7424e-01 -3.3853e-01 -1.9159e-01 3.2337e+00 1.4304e+00 -4.3717e-01 -4.6859e-01 9.0766e+00 -1.8723e-01 -8.9092e-02 7.3067e-01 9.4811e-02 1.5351e-01
1.7513e+00 1.9007e+00 8.0718e-01 2.5945e-01 -3.1488e-01 -1.7781e-01 3.1002e+00 1.3480e+00 -4.0144e-01 -4.4721e-01 8.8333e+00 -1.7459e-01 -8.4303e-02 7.0952e-01 8.7223e-02 1.4743e-01
1.7670e+00 1.8349e+00 7.6230e-01 2.4564e-01 -3.0196e-01 -1.6896e-01 2.9989e+00 1.2511e+00 -3.8689e-01 -4.3435e-01 8.5018e+00 -1.7010e-01 -7.7752e-02 6.8451e-01 8.4555e-02 1.4389e-01
1.7828e+00 1.7879e+00 7.2807e-01 2.3392e-01 -2.8283e-01 -1.5955e-01 2.9014e+00 1.1581e+00 -3.6259e-01 -4.1885e-01 8.2607e+00 -1.5395e-01 -7.0096e-02 6.6401e-01 8.0657e-02 1.3904e-01
1.7985e+00 1.7179e+00 6.7077e-01 2.3182e-01 -2.6821e-01 -1.4714e-01 2.7985e+00 1.0877e+00 -3.4597e-01 -4.0746e-01 7.9858e+00 -1.4992e-01 -6.7765e-02 6.4775e-01 7.5698e-02 1.3485e-01
1.8142e+00 1.6670e+00 6.3505e-01 2.2270e-01 -2.5583e-01 -1.3975e-01 2.7148e+00 1.0252e+00 -3.2583e-01 -3.9464e-01 7.7382e+00 -1.4333e-01 -6.6191e-02 6.3187e-01 7.2499e-02 1.3120e-01
1.8299e+00 1.6135e+00 5.8233e-01 1.8675e-01 -2.4317e-01 -1.2890e-01 2.6205e+00 9.5154e-01 -3.0663e-01 -3.8172e-01 7.5088e+00 -1.3903e-01 -5.6551e-02 6.1503e-01 6.6670e-02 1.2731e-01
1.8456e+00 1.5556e+00 5.4612e-01 1.9069e-01 -2.2545e-01 -1.2010e-01 2.5360e+00 9.1103e-01 -2.8860e-01 -3.6891e-01 7.3498e+00 -1.3564e-01 -5.9341e-02 5.9455e-01 6.3969e-02 1.2339e-01
1.8613e+00 1.5181e+00 5.1301e-01 1.7117e-01 -2.1558e-01 -1.1381e-01 2.4716e+00 8.4243e-01 -2.7148e-01 -3.6045e-01 7.1045e+00 -1.2060e-01 -5.1642e-02 5.7789e-01 5.9945e-02 1.2099e-01
1.8770e+00 1.4648e+00 4.6419e-01 1.8340e-01 -2.0164e-01 -1.0350e-01 2.3766e+00 7.8916e-01 -2.5328e-01 -3.4456e-01 6.9054e+00 -1.1534e-01 -4.8406e-02 5.6408e-01 5.6596e-02 1.1623e-01
1.8927e+00 1.4287e+00 4.4193e-01 1.6797e-01 -1.9689e-01 -9.8409e-02 2.3159e+00 7.1693e-01 -2.4265e-01 -3.3756e-01 6.7200e+00 -1.0842e-01 -4.3140e-02 5.5234e-01 5.3572e-02 1.1377e-01
1.9084e+00 1.3871e+00 4.1706e-01 1.5326e-01 -1.8674e-01 -9.2753e-02 2.2481e+00 6.7941e-01 -2.2729e-01 -3.2817e-01 6.5529e+00 -9.9543e-02 -4.1323e-02 5.3832e-01 5.0197e-02 1.1116e-01
1.9241e+00 1.3512e+00 3.8886e-01 1.4266e-01 -1.7437e-01 -8.7301e-02 2.1772e+00 6.4560e-01 -2.1230e-01 -3.1782e-01 6.3934e+00 -9.7665e-02 -4.4731e-02 5.2468e-01 4.7514e-02 1.0775e-01
1.9399e+00 1.3253e+00 3.6527e-01 1.3469e-01 -1.6981e-01 -8.2721e-02 2.1331e+00 5.7846e-01 -2.0524e-01 -3.1097e-01 6.2003e+00 -8.1022e-02 -3.5910e-02 5.1544e-01 4.5711e-02 1.0552e-01
1.9556e+00 1.2909e+00 3.3932e-01 1.3699e-01 -1.5863e-01 -7.5930e-02 2.0691e+00 5.4720e-01 -1.9246e-01 -3.0289e-01 6.0976e+00 -8.7004e-02 -3.5246e-02 5.0367e-01 4.2574e-02 1.0341e-01
1.9713e+00 1.2549e+00 3.1728e-01 1.1947e-01 -1.5234e-01 -6.9963e-02 2.0301e+00 5.2171e-01 -1.7978e-01 -2.9603e-01 5.9143e+00 -8.4734e-02 -3.1793e-02 4.9081e-01 3.9942e-02 1.0066e-01
1.9870e+00 1.2306e+00 2.9660e-01 1.1993e-01 -1.4642e-01 -6.6836e-02 1.9743e+00 4.9077e-01 -1.7310e-01 -2.8739e-01 5.8155e+00 -7.9310e-02 -3.1893e-02 4.8154e-01 3.8391e-02 9.8202e-02
2.0026e+00 1.1919e+00 2.7902e-01 1.1832e-01 -1.3656e-01 -6.2225e-02 1.9324e+00 4.7008e-01 -1.6639e-01 -2.8037e-01 5.6777e+00 -7.6543e-02 -3.1519e-02 4.7106e-01 3.6672e-02 9.5905e-02
