# k / 1, b1, b2, bg, bk
0.0000e+00 0.0000e+00 0.0000e+00 0.0000e+00 0.0000e+00 0.0000e+00 0.0000e+00 0.0000e+00 0.0000e+00 0.0000e+00 0.0000e+00 0.0000e+00 0.0000e+00 0.0000e+00 0.0000e+00 0.0000e+00
8.8996e-03 1.5661e+04 1.5624e+04 3.1553e+02 2.8285e+02 -1.2437e+00 1.5589e+04 3.3641e+02 2.9118e+02 -1.2457e+00 4.6408e+03 3.0558e+03 4.3066e-02 2.0230e+03 3.2949e-02 1.4000e-04
1.5393e-02 2.8984e+04 2.8899e+04 1.4824e+03 1.1447e+03 -6.5821e+00 2.8839e+04 1.6892e+03 1.2333e+03 -6.5731e+00 8.8600e+03 5.5056e+03 2.0373e-03 3.5012e+03 -1.3930e-02 1.7837e-03
2.1550e-02 2.3585e+04 2.3524e+04 -1.0467e+03 -5.7878e+02 -1.0945e+01 2.3509e+04 -7.9198e+02 -5.0044e+02 -1.0949e+01 9.1802e+03 5.6085e+03 1.1181e+00 3.5822e+03 7.5632e-01 6.0717e-03
2.7837e-02 1.7294e+04 1.7296e+04 -1.0077e+03 -6.5888e+02 -1.3069e+01 1.7371e+04 -5.7105e+02 -5.1343e+02 -1.3073e+01 9.1456e+03 5.2211e+03 1.9863e+00 3.1873e+03 1.3201e+00 1.2126e-02
3.4399e-02 1.6914e+04 1.6842e+04 1.5229e+02 2.4757e+02 -2.0227e+01 1.6870e+04 6.8563e+02 4.0246e+02 -2.0183e+01 8.7904e+03 4.7934e+03 1.3298e+00 2.8861e+03 8.0472e-01 2.9250e-02
4.0840e-02 1.5731e+04 1.5739e+04 1.9929e+02 1.1603e+02 -2.7311e+01 1.5886e+04 8.3303e+02 2.6338e+02 -2.7320e+01 8.4664e+03 4.3831e+03 1.6345e+00 2.6310e+03 1.1049e+00 5.6370e-02
4.6961e-02 1.3150e+04 1.3112e+04 -2.4237e+02 -8.1075e+01 -2.8654e+01 1.3254e+04 3.6926e+02 -3.1540e+01 -2.8785e+01 7.5409e+03 3.7971e+03 2.5599e+00 2.4292e+03 1.9522e+00 7.6709e-02
5.3198e-02 1.2041e+04 1.2082e+04 -1.6784e+02 -1.8738e+02 -3.4557e+01 1.2355e+04 6.6105e+02 -9.8812e+01 -3.4886e+01 8.3112e+03 3.8677e+03 3.8368e+00 2.3930e+03 3.1874e+00 1.2482e-01
5.9530e-02 1.1074e+04 1.1240e+04 4.2138e+01 -3.0405e+02 -3.9676e+01 1.1638e+04 8.7441e+02 -2.1226e+02 -4.0626e+01 7.9570e+03 3.6210e+03 3.9683e+00 2.2247e+03 4.5153e+00 1.8267e-01
6.5931e-02 9.9035e+03 9.9589e+03 -2.2941e+02 -2.6578e+02 -4.3461e+01 1.0277e+04 6.9635e+02 -1.7456e+02 -4.4053e+01 7.9132e+03 3.4118e+03 5.1898e+00 2.0940e+03 4.6234e+00 2.4802e-01
7.2111e-02 8.8705e+03 9.0280e+03 3.0016e+02 -1.1290e+02 -4.6177e+01 9.4656e+03 1.2580e+03 -3.3118e+01 -4.7273e+01 7.7011e+03 3.1994e+03 4.1895e+00 1.9699e+03 4.9645e+00 3.1961e-01
7.8407e-02 8.0718e+03 8.1809e+03 -4.8497e+01 -2.4137e+02 -4.9437e+01 8.5912e+03 9.1038e+02 -2.0249e+02 -5.0554e+01 7.2892e+03 2.9144e+03 6.3010e+00 1.8567e+03 6.3561e+00 4.0947e-01
8.4864e-02 6.8572e+03 6.9599e+03 8.0347e+01 -1.3883e+02 -4.9871e+01 7.3612e+03 1.0354e+03 -9.9269e+01 -5.0928e+01 6.8511e+03 2.6284e+03 6.3605e+00 1.6693e+03 6.2149e+00 4.9913e-01
9.1057e-02 5.8664e+03 6.0052e+03 1.5745e+02 -1.7016e+02 -4.7830e+01 6.4614e+03 1.1433e+03 -1.4896e+02 -4.9483e+01 6.7575e+03 2.4820e+03 5.9659e+00 1.5994e+03 7.2184e+00 5.7296e-01
9.7231e-02 5.2554e+03 5.4345e+03 3.1549e+02 -1.3959e+02 -4.8848e+01 5.9422e+03 1.3758e+03 -9.0783e+01 -5.0770e+01 7.0041e+03 2.5122e+03 6.0606e+00 1.5751e+03 7.7775e+00 6.6881e-01
1.0355e-01 4.6882e+03 4.8590e+03 2.2117e+02 -1.9741e+02 -4.9595e+01 5.3500e+03 1.2051e+03 -1.8471e+02 -5.2049e+01 6.4012e+03 2.2452e+03 6.4297e+00 1.4643e+03 9.0784e+00 7.9260e-01
1.0984e-01 4.2919e+03 4.4824e+03 3.3718e+02 -1.5133e+02 -5.0367e+01 5.0119e+03 1.3767e+03 -1.4087e+02 -5.2992e+01 6.3144e+03 2.0668e+03 6.4234e+00 1.3492e+03 9.3333e+00 9.3855e-01
1.1609e-01 4.0711e+03 4.2657e+03 3.2398e+02 -1.7707e+02 -5.4220e+01 4.7938e+03 1.3406e+03 -1.7042e+02 -5.7038e+01 6.2405e+03 2.0650e+03 8.9927e+00 1.3577e+03 1.1538e+01 1.1219e+00
1.2238e-01 3.6938e+03 3.9023e+03 4.5574e+02 -1.1253e+02 -5.3156e+01 4.4501e+03 1.4753e+03 -1.1867e+02 -5.6716e+01 6.0300e+03 1.8919e+03 6.4115e+00 1.2599e+03 1.1191e+01 1.2687e+00
1.2876e-01 3.6475e+03 3.8504e+03 3.0161e+02 -1.9574e+02 -5.8841e+01 4.4005e+03 1.3309e+03 -2.0973e+02 -6.2709e+01 5.9024e+03 1.7916e+03 8.6829e+00 1.2106e+03 1.3157e+01 1.5340e+00
1.3506e-01 3.3376e+03 3.5421e+03 3.8050e+02 -1.4825e+02 -5.8673e+01 4.0814e+03 1.3779e+03 -1.6420e+02 -6.3017e+01 5.6966e+03 1.7044e+03 7.3847e+00 1.1610e+03 1.3370e+01 1.6956e+00
1.4123e-01 3.1332e+03 3.3301e+03 3.6344e+02 -1.4545e+02 -5.9494e+01 3.8720e+03 1.3829e+03 -1.6347e+02 -6.4201e+01 5.6031e+03 1.6125e+03 7.7767e+00 1.1080e+03 1.4345e+01 1.9331e+00
1.4752e-01 2.8467e+03 3.0480e+03 4.0732e+02 -1.2852e+02 -5.9000e+01 3.5839e+03 1.3971e+03 -1.5010e+02 -6.3791e+01 5.5649e+03 1.6224e+03 9.1041e+00 1.1162e+03 1.5387e+01 2.1373e+00
1.5380e-01 2.5669e+03 2.7842e+03 3.5999e+02 -1.9001e+02 -5.7914e+01 3.3356e+03 1.3492e+03 -2.1019e+02 -6.3439e+01 5.4227e+03 1.5210e+03 1.0873e+01 1.0433e+03 1.7852e+01 2.3623e+00
1.6010e-01 2.5048e+03 2.7268e+03 3.8454e+02 -1.8664e+02 -6.1606e+01 3.2843e+03 1.3891e+03 -2.0419e+02 -6.7179e+01 5.4085e+03 1.4671e+03 1.2514e+01 1.0039e+03 1.8944e+01 2.6936e+00
1.6645e-01 2.2701e+03 2.4985e+03 4.6667e+02 -1.3844e+02 -5.8165e+01 3.0654e+03 1.4522e+03 -1.7501e+02 -6.4429e+01 5.1773e+03 1.3477e+03 8.9710e+00 9.6229e+02 1.7853e+01 2.8172e+00
1.7276e-01 2.0846e+03 2.3228e+03 4.5428e+02 -1.7463e+02 -5.7120e+01 2.9004e+03 1.4352e+03 -2.1839e+02 -6.4006e+01 5.0132e+03 1.2422e+03 9.0461e+00 9.1010e+02 1.9467e+01 3.0471e+00
1.7902e-01 2.0363e+03 2.2501e+03 3.7388e+02 -1.7265e+02 -6.0510e+01 2.7855e+03 1.3127e+03 -2.0956e+02 -6.7579e+01 4.9064e+03 1.2444e+03 1.1256e+01 8.9585e+02 2.1107e+01 3.4782e+00
1.8527e-01 1.8941e+03 2.1177e+03 4.2076e+02 -1.6582e+02 -5.9369e+01 2.6664e+03 1.3452e+03 -2.1930e+02 -6.7227e+01 4.7885e+03 1.1920e+03 1.1424e+01 8.9328e+02 2.2635e+01 3.7474e+00
1.9149e-01 1.7693e+03 1.9887e+03 4.1935e+02 -1.6353e+02 -5.9256e+01 2.5321e+03 1.3555e+03 -2.0915e+02 -6.7025e+01 4.7530e+03 1.1341e+03 1.0431e+01 8.3970e+02 2.2134e+01 4.0008e+00
1.9779e-01 1.7125e+03 1.9292e+03 4.0994e+02 -1.5944e+02 -6.0291e+01 2.4635e+03 1.3290e+03 -2.0491e+02 -6.8553e+01 4.6182e+03 1.0739e+03 1.1035e+01 8.0019e+02 2.3002e+01 4.3661e+00
2.0411e-01 1.6162e+03 1.8356e+03 4.4041e+02 -1.4739e+02 -6.0115e+01 2.3786e+03 1.3696e+03 -1.9941e+02 -6.9036e+01 4.5892e+03 1.0257e+03 9.9305e+00 7.7996e+02 2.3585e+01 4.7006e+00
2.1043e-01 1.4984e+03 1.7096e+03 3.8646e+02 -1.6890e+02 -5.9117e+01 2.2351e+03 1.2756e+03 -2.3244e+02 -6.8801e+01 4.3650e+03 9.4769e+02 1.0722e+01 7.5348e+02 2.6035e+01 5.0699e+00
2.1671e-01 1.4077e+03 1.6139e+03 4.1122e+02 -1.4332e+02 -5.7939e+01 2.1307e+03 1.2959e+03 -2.0207e+02 -6.7538e+01 4.3165e+03 9.2198e+02 1.0507e+01 7.2614e+02 2.5692e+01 5.3428e+00
2.2298e-01 1.3448e+03 1.5510e+03 4.1533e+02 -1.3881e+02 -5.8307e+01 2.0650e+03 1.2932e+03 -1.9598e+02 -6.8487e+01 4.2642e+03 8.9804e+02 9.5104e+00 7.0696e+02 2.5846e+01 5.7387e+00
2.2928e-01 1.2649e+03 1.4639e+03 3.7670e+02 -1.4742e+02 -5.8413e+01 1.9641e+03 1.2386e+03 -2.0371e+02 -6.8550e+01 4.1780e+03 8.6794e+02 1.2088e+01 6.8409e+02 2.7279e+01 6.2214e+00
2.3553e-01 1.1948e+03 1.3919e+03 3.8093e+02 -1.4648e+02 -5.8044e+01 1.8882e+03 1.2332e+03 -2.0808e+02 -6.8490e+01 4.1025e+03 8.2455e+02 1.3525e+01 6.6765e+02 2.8820e+01 6.6395e+00
2.4181e-01 1.1399e+03 1.3276e+03 3.7876e+02 -1.2512e+02 -5.7039e+01 1.8124e+03 1.2238e+03 -1.8697e+02 -6.7997e+01 4.0375e+03 7.9411e+02 1.0537e+01 6.4636e+02 2.7921e+01 6.9972e+00
2.4810e-01 1.1062e+03 1.2998e+03 3.8434e+02 -1.3828e+02 -5.7623e+01 1.7810e+03 1.1965e+03 -2.0337e+02 -6.9062e+01 3.8601e+03 7.4163e+02 1.1598e+01 6.2145e+02 2.9706e+01 7.3784e+00
2.5437e-01 1.0465e+03 1.2415e+03 3.9308e+02 -1.3322e+02 -5.7820e+01 1.7220e+03 1.2014e+03 -1.9729e+02 -6.9684e+01 3.8559e+03 7.3870e+02 1.2517e+01 6.1501e+02 3.0795e+01 7.8989e+00
2.6067e-01 9.8571e+02 1.1691e+03 3.6687e+02 -1.3032e+02 -5.6722e+01 1.6316e+03 1.1535e+03 -1.9791e+02 -6.9111e+01 3.7201e+03 6.9082e+02 1.1288e+01 5.9304e+02 3.1117e+01 8.3341e+00
2.6694e-01 9.4636e+02 1.1319e+03 3.7463e+02 -1.2482e+02 -5.5558e+01 1.5929e+03 1.1598e+03 -1.8753e+02 -6.7967e+01 3.7124e+03 6.7710e+02 1.1691e+01 5.7188e+02 3.1192e+01 8.5778e+00
2.7325e-01 9.0652e+02 1.0814e+03 3.4923e+02 -1.2030e+02 -5.5939e+01 1.5261e+03 1.1175e+03 -1.8274e+02 -6.7703e+01 3.5936e+03 6.3396e+02 1.3579e+01 5.4408e+02 3.0934e+01 9.0846e+00
2.7956e-01 8.5278e+02 1.0267e+03 3.4660e+02 -1.2380e+02 -5.4761e+01 1.4593e+03 1.0706e+03 -1.9099e+02 -6.7798e+01 3.4386e+03 6.2580e+02 1.2979e+01 5.4824e+02 3.2875e+01 9.5977e+00
2.8584e-01 8.1956e+02 9.8628e+02 3.2954e+02 -1.1751e+02 -5.5055e+01 1.4085e+03 1.0441e+03 -1.8689e+02 -6.8356e+01 3.3848e+03 6.0037e+02 1.3558e+01 5.3642e+02 3.3822e+01 1.0136e+01
2.9210e-01 7.8479e+02 9.5070e+02 3.2910e+02 -1.1382e+02 -5.4501e+01 1.3710e+03 1.0469e+03 -1.7955e+02 -6.7789e+01 3.3740e+03 5.8254e+02 1.3758e+01 5.1750e+02 3.3566e+01 1.0597e+01
2.9835e-01 7.5074e+02 9.1518e+02 3.2798e+02 -1.1344e+02 -5.4014e+01 1.3297e+03 1.0344e+03 -1.7890e+02 -6.7743e+01 3.2997e+03 5.4954e+02 1.3165e+01 4.9360e+02 3.3747e+01 1.1095e+01
3.0467e-01 7.1013e+02 8.7092e+02 3.0710e+02 -1.1863e+02 -5.3427e+01 1.2780e+03 9.9744e+02 -1.8579e+02 -6.7725e+01 3.2418e+03 5.4767e+02 1.4353e+01 4.9726e+02 3.5661e+01 1.1669e+01
3.1096e-01 6.8890e+02 8.4709e+02 3.1943e+02 -1.1001e+02 -5.2721e+01 1.2446e+03 9.8915e+02 -1.7826e+02 -6.6818e+01 3.1274e+03 5.0775e+02 1.4416e+01 4.7361e+02 3.5350e+01 1.2028e+01
3.1722e-01 6.5580e+02 8.0943e+02 2.9302e+02 -1.1461e+02 -5.2609e+01 1.2010e+03 9.5288e+02 -1.8622e+02 -6.7585e+01 3.0805e+03 4.9190e+02 1.4412e+01 4.6649e+02 3.6484e+01 1.2725e+01
3.2353e-01 6.2821e+02 7.7905e+02 2.9700e+02 -1.0853e+02 -5.2019e+01 1.1647e+03 9.5323e+02 -1.7798e+02 -6.7043e+01 3.0525e+03 4.8098e+02 1.3502e+01 4.5817e+02 3.6248e+01 1.3139e+01
3.2984e-01 6.0175e+02 7.5016e+02 2.9660e+02 -1.0529e+02 -5.0558e+01 1.1241e+03 9.2895e+02 -1.7274e+02 -6.5575e+01 2.9597e+03 4.6230e+02 1.4651e+01 4.4240e+02 3.6885e+01 1.3568e+01
3.3614e-01 5.7249e+02 7.1491e+02 2.8158e+02 -1.0324e+02 -5.0789e+01 1.0814e+03 9.0707e+02 -1.7220e+02 -6.6853e+01 2.9054e+03 4.3986e+02 1.3638e+01 4.3004e+02 3.8273e+01 1.4363e+01
3.4239e-01 5.5738e+02 6.9780e+02 2.7094e+02 -1.0374e+02 -5.0719e+01 1.0577e+03 8.7588e+02 -1.7646e+02 -6.6782e+01 2.8205e+03 4.2234e+02 1.5532e+01 4.2445e+02 3.8733e+01 1.4938e+01
3.4866e-01 5.3422e+02 6.7296e+02 2.7351e+02 -9.8403e+01 -5.0168e+01 1.0287e+03 8.8028e+02 -1.6554e+02 -6.6108e+01 2.8150e+03 4.1368e+02 1.5072e+01 4.0948e+02 3.8156e+01 1.5442e+01
3.5494e-01 5.1660e+02 6.5695e+02 2.7851e+02 -9.9834e+01 -5.0146e+01 1.0130e+03 8.7710e+02 -1.7014e+02 -6.6929e+01 2.7560e+03 3.8869e+02 1.4075e+01 3.9966e+02 3.9004e+01 1.6006e+01
3.6120e-01 4.9259e+02 6.2524e+02 2.5994e+02 -9.7281e+01 -4.9027e+01 9.6711e+02 8.3943e+02 -1.6707e+02 -6.5897e+01 2.6762e+03 3.7769e+02 1.3580e+01 3.9318e+02 3.8744e+01 1.6516e+01
3.6749e-01 4.7084e+02 6.0204e+02 2.4818e+02 -1.0121e+02 -4.8047e+01 9.4012e+02 8.1722e+02 -1.7410e+02 -6.4976e+01 2.6378e+03 3.6412e+02 1.6064e+01 3.8786e+02 4.0204e+01 1.7056e+01
3.7377e-01 4.5117e+02 5.7810e+02 2.4222e+02 -9.4788e+01 -4.8138e+01 9.0703e+02 8.0236e+02 -1.6283e+02 -6.5111e+01 2.5883e+03 3.5404e+02 1.6840e+01 3.7278e+02 4.0213e+01 1.7831e+01
3.8007e-01 4.3214e+02 5.5383e+02 2.3313e+02 -9.1317e+01 -4.7424e+01 8.7188e+02 7.7713e+02 -1.5915e+02 -6.4403e+01 2.5447e+03 3.5245e+02 1.7812e+01 3.6981e+02 4.0632e+01 1.8306e+01
3.8636e-01 4.1763e+02 5.3741e+02 2.2800e+02 -9.1299e+01 -4.6401e+01 8.5101e+02 7.6013e+02 -1.6129e+02 -6.3831e+01 2.4628e+03 3.2448e+02 1.7076e+01 3.5711e+02 4.0584e+01 1.8799e+01
3.9264e-01 4.0965e+02 5.2943e+02 2.2690e+02 -9.0453e+01 -4.7529e+01 8.4100e+02 7.5514e+02 -1.5909e+02 -6.5807e+01 2.4489e+03 3.2048e+02 1.5600e+01 3.5173e+02 4.1463e+01 1.9670e+01
3.9895e-01 3.9138e+02 5.0984e+02 2.2795e+02 -8.8795e+01 -4.6207e+01 8.1639e+02 7.4606e+02 -1.5715e+02 -6.4854e+01 2.4048e+03 3.0802e+02 1.5352e+01 3.4262e+02 4.1651e+01 2.0239e+01
4.0522e-01 3.7470e+02 4.8532e+02 1.9663e+02 -9.2224e+01 -4.5703e+01 7.7760e+02 6.9345e+02 -1.6148e+02 -6.3876e+01 2.3225e+03 2.9703e+02 1.8653e+01 3.3749e+02 4.2352e+01 2.0801e+01
4.1150e-01 3.5831e+02 4.6797e+02 2.0603e+02 -8.5415e+01 -4.4894e+01 7.5741e+02 6.9981e+02 -1.5272e+02 -6.3345e+01 2.3070e+03 2.8960e+02 1.7617e+01 3.2758e+02 4.2016e+01 2.1403e+01
4.1779e-01 3.4750e+02 4.5438e+02 2.0121e+02 -8.2871e+01 -4.4392e+01 7.3825e+02 6.8560e+02 -1.5049e+02 -6.3077e+01 2.2608e+03 2.8062e+02 1.7977e+01 3.2299e+02 4.2421e+01 2.2057e+01
4.2405e-01 3.3223e+02 4.3837e+02 1.9997e+02 -8.2388e+01 -4.3291e+01 7.1798e+02 6.7798e+02 -1.4839e+02 -6.2038e+01 2.2371e+03 2.7047e+02 1.8253e+01 3.1405e+02 4.2445e+01 2.2549e+01
4.3035e-01 3.2483e+02 4.2758e+02 1.9128e+02 -8.1799e+01 -4.3680e+01 7.0050e+02 6.5975e+02 -1.4684e+02 -6.2582e+01 2.1952e+03 2.6305e+02 1.9006e+01 3.0688e+02 4.3153e+01 2.3484e+01
4.3664e-01 3.0628e+02 4.0466e+02 1.8200e+02 -7.8809e+01 -4.2003e+01 6.6799e+02 6.3568e+02 -1.4270e+02 -6.0822e+01 2.1427e+03 2.5720e+02 1.9932e+01 3.0037e+02 4.2823e+01 2.3874e+01
4.4290e-01 2.9803e+02 3.9564e+02 1.8372e+02 -7.5911e+01 -4.1852e+01 6.5550e+02 6.2783e+02 -1.4022e+02 -6.0984e+01 2.0946e+03 2.4709e+02 1.9981e+01 2.9371e+02 4.3135e+01 2.4666e+01
4.4917e-01 2.9072e+02 3.8760e+02 1.7538e+02 -7.9505e+01 -4.2475e+01 6.4620e+02 6.1695e+02 -1.4488e+02 -6.2058e+01 2.0772e+03 2.3697e+02 1.9958e+01 2.9013e+02 4.3719e+01 2.5425e+01
4.5545e-01 2.8209e+02 3.7653e+02 1.7030e+02 -7.8564e+01 -4.1881e+01 6.2880e+02 6.0102e+02 -1.4275e+02 -6.1560e+01 2.0337e+03 2.3045e+02 2.0299e+01 2.8358e+02 4.3852e+01 2.5830e+01
4.6177e-01 2.6948e+02 3.6175e+02 1.6813e+02 -7.6010e+01 -4.1293e+01 6.0816e+02 5.8679e+02 -1.4077e+02 -6.1547e+01 1.9734e+03 2.1680e+02 1.8713e+01 2.7780e+02 4.3940e+01 2.6637e+01
4.6808e-01 2.5879e+02 3.4803e+02 1.6348e+02 -7.2549e+01 -4.0529e+01 5.8884e+02 5.7839e+02 -1.3494e+02 -6.0487e+01 1.9629e+03 2.1131e+02 1.9688e+01 2.6837e+02 4.2858e+01 2.7235e+01
4.7436e-01 2.5154e+02 3.3979e+02 1.5922e+02 -7.3080e+01 -4.0671e+01 5.7637e+02 5.6192e+02 -1.3619e+02 -6.1238e+01 1.9168e+03 2.0506e+02 2.0184e+01 2.6515e+02 4.4264e+01 2.8161e+01
4.8064e-01 2.4164e+02 3.2674e+02 1.5094e+02 -7.1358e+01 -3.9772e+01 5.5784e+02 5.4802e+02 -1.3312e+02 -6.0126e+01 1.9013e+03 2.0587e+02 2.1824e+01 2.6303e+02 4.4259e+01 2.8581e+01
4.8691e-01 2.3283e+02 3.1615e+02 1.5068e+02 -6.8327e+01 -3.9322e+01 5.4220e+02 5.4000e+02 -1.2869e+02 -5.9755e+01 1.8578e+03 1.9410e+02 2.0971e+01 2.5321e+02 4.3526e+01 2.9479e+01
4.9317e-01 2.2531e+02 3.0631e+02 1.4281e+02 -6.9014e+01 -3.8612e+01 5.2753e+02 5.2191e+02 -1.3069e+02 -5.9547e+01 1.8176e+03 1.8692e+02 2.1189e+01 2.5078e+02 4.4630e+01 3.0040e+01
4.9945e-01 2.1884e+02 2.9846e+02 1.4195e+02 -6.7993e+01 -3.8484e+01 5.1517e+02 5.1213e+02 -1.2936e+02 -5.9393e+01 1.7776e+03 1.7789e+02 2.2211e+01 2.4585e+02 4.4912e+01 3.0750e+01
5.0572e-01 2.0846e+02 2.8431e+02 1.3522e+02 -6.3844e+01 -3.7075e+01 4.9349e+02 4.9517e+02 -1.2300e+02 -5.7839e+01 1.7408e+03 1.7617e+02 2.1881e+01 2.3920e+02 4.3597e+01 3.1220e+01
5.1200e-01 2.0468e+02 2.8053e+02 1.3159e+02 -6.5526e+01 -3.7643e+01 4.8858e+02 4.8740e+02 -1.2507e+02 -5.8997e+01 1.7189e+03 1.6805e+02 2.1428e+01 2.3483e+02 4.4012e+01 3.1898e+01
5.1832e-01 1.9634e+02 2.6935e+02 1.2425e+02 -6.4293e+01 -3.6928e+01 4.7102e+02 4.6798e+02 -1.2365e+02 -5.8244e+01 1.6704e+03 1.6336e+02 2.2640e+01 2.3249e+02 4.4033e+01 3.2760e+01
5.2462e-01 1.8919e+02 2.6047e+02 1.2267e+02 -6.2235e+01 -3.6388e+01 4.5898e+02 4.6584e+02 -1.1960e+02 -5.8057e+01 1.6739e+03 1.6164e+02 2.2110e+01 2.2588e+02 4.4130e+01 3.3404e+01
5.3089e-01 1.8296e+02 2.5306e+02 1.2021e+02 -6.1479e+01 -3.6094e+01 4.4759e+02 4.5268e+02 -1.1952e+02 -5.7761e+01 1.6253e+03 1.5378e+02 2.3152e+01 2.2335e+02 4.4384e+01 3.3813e+01
5.3716e-01 1.7690e+02 2.4470e+02 1.1562e+02 -5.9380e+01 -3.5635e+01 4.3449e+02 4.4228e+02 -1.1581e+02 -5.7380e+01 1.5983e+03 1.4725e+02 2.2665e+01 2.1545e+02 4.3646e+01 3.4694e+01
5.4347e-01 1.7188e+02 2.3871e+02 1.1385e+02 -5.9478e+01 -3.5052e+01 4.2598e+02 4.3471e+02 -1.1636e+02 -5.7340e+01 1.5711e+03 1.4070e+02 2.1479e+01 2.1257e+02 4.3804e+01 3.5271e+01
5.4975e-01 1.6609e+02 2.3088e+02 1.0983e+02 -5.8110e+01 -3.4420e+01 4.1326e+02 4.2328e+02 -1.1348e+02 -5.6523e+01 1.5486e+03 1.4078e+02 2.3303e+01 2.0928e+02 4.4187e+01 3.5876e+01
5.5600e-01 1.5994e+02 2.2333e+02 1.0794e+02 -5.6844e+01 -3.4040e+01 4.0207e+02 4.1387e+02 -1.1199e+02 -5.6545e+01 1.5168e+03 1.3525e+02 2.2650e+01 2.0518e+02 4.4166e+01 3.6590e+01
5.6229e-01 1.5556e+02 2.1731e+02 1.0297e+02 -5.5855e+01 -3.3627e+01 3.9147e+02 4.0010e+02 -1.1039e+02 -5.6046e+01 1.4792e+03 1.2965e+02 2.2510e+01 2.0126e+02 4.3735e+01 3.7029e+01
5.6860e-01 1.5049e+02 2.1084e+02 1.0073e+02 -5.4480e+01 -3.3169e+01 3.8242e+02 3.9396e+02 -1.0937e+02 -5.5939e+01 1.4641e+03 1.2419e+02 2.3004e+01 1.9882e+02 4.3783e+01 3.7849e+01
5.7488e-01 1.4509e+02 2.0394e+02 9.7821e+01 -5.3147e+01 -3.2454e+01 3.7177e+02 3.8402e+02 -1.0698e+02 -5.5240e+01 1.4325e+03 1.2003e+02 2.3395e+01 1.9357e+02 4.3456e+01 3.8372e+01
5.8116e-01 1.3997e+02 1.9711e+02 9.2389e+01 -5.3003e+01 -3.2422e+01 3.6068e+02 3.7149e+02 -1.0626e+02 -5.5331e+01 1.4092e+03 1.1704e+02 2.4746e+01 1.9140e+02 4.4046e+01 3.9351e+01
5.8744e-01 1.3533e+02 1.9103e+02 9.2567e+01 -5.1087e+01 -3.1556e+01 3.5089e+02 3.6651e+02 -1.0281e+02 -5.4460e+01 1.3857e+03 1.1154e+02 2.4095e+01 1.8550e+02 4.3292e+01 3.9726e+01
5.9372e-01 1.3112e+02 1.8572e+02 8.8061e+01 -5.1142e+01 -3.1364e+01 3.4246e+02 3.5351e+02 -1.0355e+02 -5.4640e+01 1.3523e+03 1.0818e+02 2.3781e+01 1.8436e+02 4.3431e+01 4.0373e+01
6.0000e-01 1.2715e+02 1.8042e+02 8.7056e+01 -4.9030e+01 -3.1086e+01 3.3345e+02 3.4656e+02 -9.9480e+01 -5.4179e+01 1.3333e+03 1.0681e+02 2.5596e+01 1.7940e+02 4.2907e+01 4.1165e+01
6.0627e-01 1.2261e+02 1.7439e+02 8.2652e+01 -4.8973e+01 -3.0552e+01 3.2444e+02 3.3687e+02 -9.9463e+01 -5.3942e+01 1.3079e+03 1.0127e+02 2.4136e+01 1.7556e+02 4.2516e+01 4.1567e+01
6.1256e-01 1.1953e+02 1.7024e+02 7.8574e+01 -4.8864e+01 -3.0573e+01 3.1773e+02 3.2791e+02 -9.9046e+01 -5.4151e+01 1.2875e+03 9.8563e+01 2.5064e+01 1.7379e+02 4.2982e+01 4.2187e+01
6.1887e-01 1.1513e+02 1.6439e+02 7.7065e+01 -4.7600e+01 -2.9828e+01 3.0781e+02 3.1863e+02 -9.7061e+01 -5.3506e+01 1.2640e+03 9.6794e+01 2.5534e+01 1.7108e+02 4.2781e+01 4.2833e+01
6.2514e-01 1.1193e+02 1.6021e+02 7.5846e+01 -4.6442e+01 -2.9494e+01 3.0203e+02 3.1576e+02 -9.5581e+01 -5.3290e+01 1.2546e+03 9.1078e+01 2.5384e+01 1.6718e+02 4.2238e+01 4.3502e+01
6.3141e-01 1.0783e+02 1.5453e+02 7.2728e+01 -4.5246e+01 -2.8678e+01 2.9194e+02 3.0408e+02 -9.3272e+01 -5.2557e+01 1.2190e+03 8.9319e+01 2.4898e+01 1.6453e+02 4.2158e+01 4.3888e+01
6.3771e-01 1.0394e+02 1.4959e+02 7.0697e+01 -4.4407e+01 -2.8349e+01 2.8475e+02 2.9908e+02 -9.1536e+01 -5.2065e+01 1.2079e+03 8.7705e+01 2.5864e+01 1.6110e+02 4.1789e+01 4.4441e+01
6.4399e-01 1.0068e+02 1.4496e+02 6.8901e+01 -4.3269e+01 -2.7712e+01 2.7660e+02 2.9083e+02 -9.0000e+01 -5.1464e+01 1.1808e+03 8.2448e+01 2.5507e+01 1.5828e+02 4.1332e+01 4.4963e+01
6.5027e-01 9.7707e+01 1.4127e+02 6.6185e+01 -4.3503e+01 -2.7893e+01 2.7061e+02 2.8181e+02 -9.0303e+01 -5.2363e+01 1.1599e+03 8.0551e+01 2.5330e+01 1.5599e+02 4.1949e+01 4.5995e+01
6.5657e-01 9.5488e+01 1.3777e+02 6.4077e+01 -4.1713e+01 -2.7339e+01 2.6421e+02 2.7519e+02 -8.7291e+01 -5.1634e+01 1.1399e+03 7.7082e+01 2.5692e+01 1.5159e+02 4.1137e+01 4.6290e+01
6.6285e-01 9.1512e+01 1.3268e+02 6.1923e+01 -4.1264e+01 -2.6842e+01 2.5643e+02 2.6784e+02 -8.6479e+01 -5.1214e+01 1.1196e+03 7.4070e+01 2.5691e+01 1.4931e+02 4.0771e+01 4.6877e+01
6.6913e-01 8.9083e+01 1.2953e+02 6.1503e+01 -4.0207e+01 -2.6347e+01 2.5156e+02 2.6482e+02 -8.5154e+01 -5.0632e+01 1.1096e+03 7.0695e+01 2.6087e+01 1.4694e+02 4.0513e+01 4.7085e+01
6.7541e-01 8.6379e+01 1.2596e+02 5.9690e+01 -4.0177e+01 -2.6257e+01 2.4564e+02 2.5801e+02 -8.4502e+01 -5.0906e+01 1.0908e+03 6.9663e+01 2.6304e+01 1.4535e+02 4.0784e+01 4.8019e+01
6.8169e-01 8.4084e+01 1.2268e+02 5.7652e+01 -3.9085e+01 -2.5673e+01 2.3991e+02 2.5184e+02 -8.2722e+01 -5.0191e+01 1.0776e+03 6.6853e+01 2.6616e+01 1.4174e+02 4.0034e+01 4.8207e+01
6.8797e-01 8.1455e+01 1.1905e+02 5.5273e+01 -3.8472e+01 -2.5307e+01 2.3330e+02 2.4271e+02 -8.1677e+01 -5.0169e+01 1.0500e+03 6.3886e+01 2.6085e+01 1.3941e+02 4.0017e+01 4.9005e+01
6.9424e-01 7.8878e+01 1.1581e+02 5.4258e+01 -3.7761e+01 -2.5257e+01 2.2865e+02 2.3834e+02 -8.0995e+01 -5.0531e+01 1.0382e+03 6.0973e+01 2.5974e+01 1.3830e+02 3.9910e+01 4.9608e+01
7.0052e-01 7.6384e+01 1.1185e+02 5.2257e+01 -3.6604e+01 -2.4388e+01 2.2135e+02 2.3164e+02 -7.8589e+01 -4.9464e+01 1.0219e+03 6.0658e+01 2.6024e+01 1.3511e+02 3.9331e+01 4.9902e+01
7.0682e-01 7.3716e+01 1.0844e+02 5.0814e+01 -3.6555e+01 -2.4120e+01 2.1627e+02 2.2720e+02 -7.8244e+01 -4.9099e+01 1.0075e+03 5.5769e+01 2.6669e+01 1.3279e+02 3.8947e+01 5.0422e+01
7.1310e-01 7.2135e+01 1.0634e+02 5.0098e+01 -3.5573e+01 -2.4022e+01 2.1228e+02 2.2293e+02 -7.6114e+01 -4.9171e+01 9.9298e+02 5.3907e+01 2.5738e+01 1.2937e+02 3.8149e+01 5.0893e+01
7.1940e-01 6.9706e+01 1.0273e+02 4.7212e+01 -3.4563e+01 -2.3209e+01 2.0568e+02 2.1341e+02 -7.4787e+01 -4.8157e+01 9.6815e+02 5.1720e+01 2.6443e+01 1.2730e+02 3.7745e+01 5.0990e+01
7.2569e-01 6.7802e+01 1.0018e+02 4.6584e+01 -3.4084e+01 -2.3076e+01 2.0160e+02 2.0885e+02 -7.4110e+01 -4.8693e+01 9.5489e+02 5.1901e+01 2.6033e+01 1.2617e+02 3.8139e+01 5.1898e+01
7.3197e-01 6.5448e+01 9.6864e+01 4.4781e+01 -3.3131e+01 -2.2656e+01 1.9586e+02 2.0318e+02 -7.2006e+01 -4.7933e+01 9.4041e+02 5.0703e+01 2.7220e+01 1.2297e+02 3.7612e+01 5.2260e+01
7.3826e-01 6.3391e+01 9.3883e+01 4.2617e+01 -3.2688e+01 -2.2463e+01 1.9084e+02 1.9691e+02 -7.1332e+01 -4.7917e+01 9.2197e+02 4.7678e+01 2.6955e+01 1.2137e+02 3.7377e+01 5.2682e+01
7.4453e-01 6.1411e+01 9.1284e+01 4.1730e+01 -3.2398e+01 -2.2018e+01 1.8667e+02 1.9318e+02 -7.0771e+01 -4.7686e+01 9.1003e+02 4.3676e+01 2.6303e+01 1.1885e+02 3.7009e+01 5.3106e+01
7.5079e-01 5.9694e+01 8.8924e+01 4.0871e+01 -3.1482e+01 -2.1878e+01 1.8231e+02 1.8726e+02 -6.9242e+01 -4.7617e+01 8.9680e+02 4.4213e+01 2.7034e+01 1.1748e+02 3.6696e+01 5.3646e+01
7.5708e-01 5.7439e+01 8.5381e+01 3.9170e+01 -3.0554e+01 -2.0898e+01 1.7576e+02 1.8204e+02 -6.7253e+01 -4.6241e+01 8.8260e+02 4.2367e+01 2.6202e+01 1.1547e+02 3.5998e+01 5.3427e+01
7.6337e-01 5.6245e+01 8.3993e+01 3.8318e+01 -3.0266e+01 -2.1051e+01 1.7327e+02 1.7686e+02 -6.6766e+01 -4.6629e+01 8.6444e+02 4.0325e+01 2.7563e+01 1.1346e+02 3.6035e+01 5.4426e+01
7.6965e-01 5.4217e+01 8.0879e+01 3.6398e+01 -2.9259e+01 -2.0633e+01 1.6830e+02 1.7227e+02 -6.5228e+01 -4.6364e+01 8.6004e+02 3.9681e+01 2.7508e+01 1.1137e+02 3.5546e+01 5.4532e+01
7.7594e-01 5.2844e+01 7.9087e+01 3.6104e+01 -2.9230e+01 -2.0158e+01 1.6509e+02 1.6855e+02 -6.4861e+01 -4.5888e+01 8.4468e+02 3.7664e+01 2.7458e+01 1.1016e+02 3.5494e+01 5.4947e+01
7.8224e-01 5.1252e+01 7.6867e+01 3.4924e+01 -2.8347e+01 -1.9986e+01 1.6127e+02 1.6394e+02 -6.3189e+01 -4.5823e+01 8.2880e+02 3.6061e+01 2.6944e+01 1.0770e+02 3.4667e+01 5.5306e+01
7.8854e-01 4.9646e+01 7.4403e+01 3.3440e+01 -2.7886e+01 -1.9514e+01 1.5705e+02 1.5970e+02 -6.2428e+01 -4.5419e+01 8.1905e+02 3.4372e+01 2.6952e+01 1.0585e+02 3.4463e+01 5.5550e+01
7.9480e-01 4.8357e+01 7.2577e+01 3.2690e+01 -2.7424e+01 -1.9386e+01 1.5374e+02 1.5552e+02 -6.1384e+01 -4.5438e+01 8.0825e+02 3.3713e+01 2.7022e+01 1.0433e+02 3.4334e+01 5.6117e+01
8.0105e-01 4.6950e+01 7.0691e+01 3.2280e+01 -2.6647e+01 -1.9035e+01 1.5053e+02 1.5280e+02 -6.0081e+01 -4.5017e+01 7.9857e+02 3.1461e+01 2.6741e+01 1.0241e+02 3.3841e+01 5.6259e+01
8.0734e-01 4.5443e+01 6.8362e+01 3.0575e+01 -2.5962e+01 -1.8626e+01 1.4620e+02 1.4683e+02 -5.8623e+01 -4.4694e+01 7.8276e+02 3.0598e+01 2.7396e+01 1.0057e+02 3.3327e+01 5.6641e+01
8.1363e-01 4.4323e+01 6.6785e+01 2.9971e+01 -2.5845e+01 -1.8392e+01 1.4331e+02 1.4310e+02 -5.8541e+01 -4.4493e+01 7.7189e+02 2.9337e+01 2.6899e+01 9.9395e+01 3.3176e+01 5.6927e+01
8.1992e-01 4.2892e+01 6.4715e+01 2.9390e+01 -2.4975e+01 -1.8042e+01 1.3976e+02 1.3953e+02 -5.6764e+01 -4.4179e+01 7.6008e+02 2.8130e+01 2.6728e+01 9.7582e+01 3.2651e+01 5.7032e+01
8.2620e-01 4.1451e+01 6.2888e+01 2.9137e+01 -2.4551e+01 -1.7715e+01 1.3686e+02 1.3750e+02 -5.6091e+01 -4.3959e+01 7.5101e+02 2.5449e+01 2.5961e+01 9.5325e+01 3.2203e+01 5.7442e+01
8.3249e-01 4.0537e+01 6.1445e+01 2.8059e+01 -2.4102e+01 -1.7442e+01 1.3392e+02 1.3224e+02 -5.5261e+01 -4.3719e+01 7.3803e+02 2.4886e+01 2.6729e+01 9.4357e+01 3.2061e+01 5.7697e+01
8.3880e-01 3.9341e+01 5.9573e+01 2.5939e+01 -2.3743e+01 -1.7172e+01 1.3041e+02 1.2716e+02 -5.4275e+01 -4.3269e+01 7.2177e+02 2.3907e+01 2.7149e+01 9.2592e+01 3.1576e+01 5.7764e+01
8.4507e-01 3.8207e+01 5.7799e+01 2.4845e+01 -2.3346e+01 -1.6901e+01 1.2714e+02 1.2253e+02 -5.3255e+01 -4.3212e+01 7.1318e+02 2.3619e+01 2.6751e+01 9.0984e+01 3.1166e+01 5.8143e+01
8.5133e-01 3.6935e+01 5.6050e+01 2.5566e+01 -2.2548e+01 -1.6358e+01 1.2435e+02 1.2228e+02 -5.1978e+01 -4.2545e+01 7.0692e+02 2.1380e+01 2.6244e+01 8.9937e+01 3.0559e+01 5.8041e+01
8.5762e-01 3.5892e+01 5.4634e+01 2.4490e+01 -2.2165e+01 -1.6320e+01 1.2192e+02 1.1809e+02 -5.1223e+01 -4.2694e+01 6.9483e+02 2.0545e+01 2.6233e+01 8.8243e+01 3.0240e+01 5.8633e+01
8.6391e-01 3.4946e+01 5.3134e+01 2.3953e+01 -2.1783e+01 -1.5980e+01 1.1896e+02 1.1498e+02 -5.0624e+01 -4.2194e+01 6.8746e+02 1.9493e+01 2.6201e+01 8.7041e+01 3.0068e+01 5.8754e+01
8.7018e-01 3.3880e+01 5.1554e+01 2.3049e+01 -2.1102e+01 -1.5528e+01 1.1618e+02 1.1104e+02 -4.9077e+01 -4.1847e+01 6.7397e+02 1.8993e+01 2.6458e+01 8.5360e+01 2.9337e+01 5.8878e+01
8.7646e-01 3.2887e+01 5.0011e+01 2.2292e+01 -2.0617e+01 -1.5291e+01 1.1327e+02 1.0807e+02 -4.8037e+01 -4.1516e+01 6.6866e+02 1.8392e+01 2.6647e+01 8.3784e+01 2.9209e+01 5.8972e+01
8.8275e-01 3.2019e+01 4.8796e+01 2.1532e+01 -2.0470e+01 -1.5080e+01 1.1113e+02 1.0460e+02 -4.7622e+01 -4.1471e+01 6.5722e+02 1.7913e+01 2.6085e+01 8.2661e+01 2.8807e+01 5.9140e+01
8.8904e-01 3.0898e+01 4.7172e+01 2.1160e+01 -1.9808e+01 -1.4785e+01 1.0842e+02 1.0251e+02 -4.6574e+01 -4.1273e+01 6.4959e+02 1.6108e+01 2.5611e+01 8.1333e+01 2.8445e+01 5.9469e+01
8.9531e-01 3.0225e+01 4.6135e+01 2.0180e+01 -1.9553e+01 -1.4695e+01 1.0659e+02 9.9401e+01 -4.6104e+01 -4.1248e+01 6.4266e+02 1.4845e+01 2.5456e+01 7.9949e+01 2.8071e+01 5.9644e+01
9.0160e-01 2.9364e+01 4.4826e+01 2.0024e+01 -1.9185e+01 -1.4294e+01 1.0399e+02 9.6584e+01 -4.5222e+01 -4.0739e+01 6.3277e+02 1.4535e+01 2.6133e+01 7.8868e+01 2.7774e+01 5.9882e+01
9.0789e-01 2.8555e+01 4.3754e+01 1.9643e+01 -1.8820e+01 -1.4148e+01 1.0196e+02 9.3862e+01 -4.4264e+01 -4.0544e+01 6.2360e+02 1.4108e+01 2.5318e+01 7.7436e+01 2.7153e+01 5.9765e+01
9.1418e-01 2.7567e+01 4.2165e+01 1.9315e+01 -1.8136e+01 -1.3620e+01 9.9144e+01 9.1669e+01 -4.3167e+01 -3.9855e+01 6.1513e+02 1.2928e+01 2.4847e+01 7.6404e+01 2.6752e+01 5.9578e+01
9.2047e-01 2.7021e+01 4.1360e+01 1.8783e+01 -1.8033e+01 -1.3582e+01 9.7558e+01 8.8832e+01 -4.2840e+01 -4.0003e+01 6.0482e+02 1.2304e+01 2.4616e+01 7.5579e+01 2.6657e+01 5.9938e+01
9.2675e-01 2.6157e+01 4.0069e+01 1.8057e+01 -1.7404e+01 -1.3266e+01 9.5343e+01 8.6066e+01 -4.1643e+01 -3.9719e+01 5.9743e+02 1.1456e+01 2.4479e+01 7.3978e+01 2.6111e+01 6.0081e+01
9.3303e-01 2.5494e+01 3.9012e+01 1.7363e+01 -1.7203e+01 -1.2961e+01 9.3434e+01 8.3385e+01 -4.1201e+01 -3.9430e+01 5.8956e+02 1.0141e+01 2.4252e+01 7.2823e+01 2.5699e+01 6.0054e+01
9.3933e-01 2.4800e+01 3.8026e+01 1.6820e+01 -1.6953e+01 -1.2892e+01 9.1545e+01 7.9892e+01 -4.0669e+01 -3.9514e+01 5.7864e+02 1.0020e+01 2.5159e+01 7.1996e+01 2.5513e+01 6.0423e+01
9.4560e-01 2.4156e+01 3.6935e+01 1.6667e+01 -1.6439e+01 -1.2505e+01 8.9644e+01 7.9116e+01 -3.9565e+01 -3.8891e+01 5.7505e+02 8.6043e+00 2.4372e+01 7.0333e+01 2.4849e+01 6.0010e+01
9.5187e-01 2.3451e+01 3.5987e+01 1.6771e+01 -1.6174e+01 -1.2324e+01 8.8025e+01 7.7496e+01 -3.9054e+01 -3.8847e+01 5.6810e+02 8.2698e+00 2.4043e+01 6.9553e+01 2.4755e+01 6.0353e+01
9.5814e-01 2.2854e+01 3.4977e+01 1.5945e+01 -1.5851e+01 -1.2048e+01 8.5947e+01 7.4295e+01 -3.8217e+01 -3.8462e+01 5.6170e+02 8.5389e+00 2.4472e+01 6.8633e+01 2.4280e+01 6.0415e+01
9.6444e-01 2.2243e+01 3.4014e+01 1.5478e+01 -1.5562e+01 -1.1768e+01 8.4012e+01 7.1859e+01 -3.7379e+01 -3.7964e+01 5.4891e+02 7.8067e+00 2.4109e+01 6.7399e+01 2.3835e+01 6.0089e+01
9.7074e-01 2.1504e+01 3.2904e+01 1.4663e+01 -1.5130e+01 -1.1626e+01 8.2042e+01 6.9110e+01 -3.6731e+01 -3.7759e+01 5.4439e+02 6.5498e+00 2.4253e+01 6.6417e+01 2.3379e+01 6.0081e+01
9.7701e-01 2.0978e+01 3.2161e+01 1.4582e+01 -1.4755e+01 -1.1369e+01 8.0753e+01 6.7948e+01 -3.5969e+01 -3.7480e+01 5.3877e+02 6.5347e+00 2.3454e+01 6.5269e+01 2.3075e+01 5.9983e+01
9.8328e-01 2.0429e+01 3.1177e+01 1.4354e+01 -1.4456e+01 -1.1075e+01 7.8801e+01 6.5622e+01 -3.5251e+01 -3.7229e+01 5.3081e+02 6.0949e+00 2.3769e+01 6.4214e+01 2.2720e+01 6.0116e+01
9.8956e-01 1.9868e+01 3.0322e+01 1.3985e+01 -1.4164e+01 -1.0884e+01 7.7276e+01 6.3892e+01 -3.4807e+01 -3.7038e+01 5.2475e+02 5.1297e+00 2.3086e+01 6.3392e+01 2.2462e+01 5.9934e+01
9.9585e-01 1.9323e+01 2.9519e+01 1.3695e+01 -1.3883e+01 -1.0685e+01 7.5577e+01 6.1470e+01 -3.3985e+01 -3.6697e+01 5.1605e+02 5.1374e+00 2.3219e+01 6.2388e+01 2.2056e+01 6.0113e+01
1.0021e+00 1.8891e+01 2.8877e+01 1.3209e+01 -1.3672e+01 -1.0599e+01 7.4485e+01 5.9688e+01 -3.3635e+01 -3.6714e+01 5.1055e+02 3.9229e+00 2.2953e+01 6.1818e+01 2.1820e+01 5.9927e+01
1.0084e+00 1.8317e+01 2.7936e+01 1.2805e+01 -1.3273e+01 -1.0257e+01 7.2764e+01 5.7799e+01 -3.2675e+01 -3.6185e+01 5.0367e+02 4.2413e+00 2.2852e+01 6.0564e+01 2.1267e+01 5.9937e+01
1.0147e+00 1.7789e+01 2.7093e+01 1.2688e+01 -1.2966e+01 -1.0098e+01 7.1166e+01 5.6017e+01 -3.2108e+01 -3.6093e+01 4.9861e+02 3.5156e+00 2.2955e+01 5.9796e+01 2.1120e+01 5.9961e+01
1.0210e+00 1.7351e+01 2.6381e+01 1.2666e+01 -1.2718e+01 -9.8202e+00 6.9842e+01 5.5290e+01 -3.1447e+01 -3.5605e+01 4.9218e+02 2.4630e+00 2.2275e+01 5.8675e+01 2.0698e+01 5.9574e+01
1.0273e+00 1.6944e+01 2.5819e+01 1.2404e+01 -1.2457e+01 -9.7854e+00 6.8706e+01 5.2864e+01 -3.0874e+01 -3.5769e+01 4.8500e+02 2.9642e+00 2.1998e+01 5.7855e+01 2.0398e+01 5.9916e+01
1.0336e+00 1.6518e+01 2.5052e+01 1.1987e+01 -1.2154e+01 -9.5011e+00 6.7174e+01 5.1649e+01 -3.0150e+01 -3.5274e+01 4.8092e+02 1.9201e+00 2.1591e+01 5.6738e+01 1.9832e+01 5.9479e+01
1.0399e+00 1.6029e+01 2.4337e+01 1.1599e+01 -1.1948e+01 -9.2429e+00 6.5916e+01 4.9566e+01 -2.9767e+01 -3.5053e+01 4.7094e+02 1.4230e+00 2.1371e+01 5.6266e+01 1.9605e+01 5.9491e+01
1.0461e+00 1.5591e+01 2.3615e+01 1.1124e+01 -1.1711e+01 -9.1118e+00 6.4463e+01 4.7786e+01 -2.9146e+01 -3.4837e+01 4.6701e+02 1.5218e+00 2.1580e+01 5.5412e+01 1.9377e+01 5.9627e+01
1.0524e+00 1.5186e+01 2.3002e+01 1.1097e+01 -1.1419e+01 -8.9101e+00 6.3452e+01 4.6842e+01 -2.8617e+01 -3.4588e+01 4.6211e+02 9.8353e-01 2.1200e+01 5.4591e+01 1.9023e+01 5.9222e+01
1.0587e+00 1.4825e+01 2.2373e+01 1.0987e+01 -1.1189e+01 -8.7266e+00 6.1985e+01 4.5436e+01 -2.7926e+01 -3.4144e+01 4.5499e+02 8.8208e-01 2.0625e+01 5.3872e+01 1.8603e+01 5.8981e+01
1.0650e+00 1.4408e+01 2.1701e+01 1.0917e+01 -1.0882e+01 -8.4666e+00 6.0971e+01 4.4146e+01 -2.7319e+01 -3.4069e+01 4.5025e+02 2.4881e-01 2.0690e+01 5.2974e+01 1.8264e+01 5.9160e+01
1.0713e+00 1.4030e+01 2.1060e+01 1.0481e+01 -1.0570e+01 -8.3291e+00 5.9632e+01 4.2373e+01 -2.6728e+01 -3.3821e+01 4.4422e+02 -7.4166e-02 2.0609e+01 5.2205e+01 1.7881e+01 5.8937e+01
1.0775e+00 1.3683e+01 2.0573e+01 1.0259e+01 -1.0424e+01 -8.2178e+00 5.8638e+01 4.1560e+01 -2.6387e+01 -3.3428e+01 4.3800e+02 -3.5463e-01 1.9828e+01 5.1601e+01 1.7651e+01 5.8539e+01
1.0838e+00 1.3303e+01 1.9900e+01 9.6666e+00 -1.0156e+01 -7.9936e+00 5.7392e+01 3.9672e+01 -2.5731e+01 -3.3302e+01 4.3236e+02 -2.0190e-01 1.9900e+01 5.0701e+01 1.7379e+01 5.8558e+01
1.0901e+00 1.2975e+01 1.9414e+01 9.5777e+00 -9.9685e+00 -7.9340e+00 5.6542e+01 3.8554e+01 -2.5353e+01 -3.3212e+01 4.2795e+02 -6.4157e-01 1.9691e+01 5.0255e+01 1.7096e+01 5.8475e+01
1.0964e+00 1.2605e+01 1.8771e+01 9.6018e+00 -9.6666e+00 -7.6067e+00 5.5193e+01 3.7528e+01 -2.4573e+01 -3.2725e+01 4.2253e+02 -8.9585e-01 1.9397e+01 4.9199e+01 1.6634e+01 5.8161e+01
1.1027e+00 1.2341e+01 1.8390e+01 9.2797e+00 -9.5622e+00 -7.5481e+00 5.4405e+01 3.6291e+01 -2.4292e+01 -3.2681e+01 4.1555e+02 -1.2004e+00 1.8893e+01 4.8587e+01 1.6395e+01 5.8203e+01
1.1090e+00 1.2009e+01 1.7813e+01 9.1840e+00 -9.3011e+00 -7.3804e+00 5.3322e+01 3.5097e+01 -2.3862e+01 -3.2392e+01 4.1067e+02 -1.6101e+00 1.8863e+01 4.7876e+01 1.6332e+01 5.8013e+01
1.1152e+00 1.1720e+01 1.7266e+01 9.0865e+00 -9.0260e+00 -7.0681e+00 5.2112e+01 3.4100e+01 -2.2991e+01 -3.1900e+01 4.0801e+02 -1.6206e+00 1.8646e+01 4.6995e+01 1.5661e+01 5.7620e+01
1.1215e+00 1.1447e+01 1.6904e+01 8.7922e+00 -8.9254e+00 -6.9559e+00 5.1327e+01 3.3008e+01 -2.2814e+01 -3.1622e+01 4.0208e+02 -1.9010e+00 1.8299e+01 4.6470e+01 1.5348e+01 5.7404e+01
1.1278e+00 1.1133e+01 1.6335e+01 8.5421e+00 -8.6143e+00 -6.7945e+00 5.0385e+01 3.1754e+01 -2.2175e+01 -3.1499e+01 3.9610e+02 -2.0978e+00 1.8301e+01 4.5739e+01 1.5161e+01 5.7214e+01
1.1341e+00 1.0871e+01 1.5940e+01 8.5492e+00 -8.4503e+00 -6.6831e+00 4.9569e+01 3.0962e+01 -2.1837e+01 -3.1295e+01 3.9159e+02 -2.0985e+00 1.7427e+01 4.5207e+01 1.5039e+01 5.6921e+01
1.1404e+00 1.0602e+01 1.5469e+01 8.3036e+00 -8.3043e+00 -6.5771e+00 4.8592e+01 2.9942e+01 -2.1367e+01 -3.1022e+01 3.8604e+02 -2.7373e+00 1.7464e+01 4.4539e+01 1.4625e+01 5.6817e+01
1.1466e+00 1.0348e+01 1.5082e+01 7.8862e+00 -8.1203e+00 -6.4093e+00 4.7871e+01 2.8592e+01 -2.0952e+01 -3.0868e+01 3.8141e+02 -2.4412e+00 1.7711e+01 4.3995e+01 1.4360e+01 5.6754e+01
1.1529e+00 1.0087e+01 1.4577e+01 7.7393e+00 -7.8983e+00 -6.2556e+00 4.6808e+01 2.7451e+01 -2.0458e+01 -3.0596e+01 3.7720e+02 -2.3783e+00 1.7134e+01 4.3376e+01 1.4106e+01 5.6529e+01
1.1592e+00 9.8399e+00 1.4184e+01 7.6819e+00 -7.7177e+00 -6.1112e+00 4.5903e+01 2.6859e+01 -1.9941e+01 -3.0189e+01 3.7435e+02 -2.9426e+00 1.7156e+01 4.2619e+01 1.3684e+01 5.6078e+01
1.1655e+00 9.6485e+00 1.3911e+01 7.4365e+00 -7.5801e+00 -5.9995e+00 4.5298e+01 2.5850e+01 -1.9647e+01 -3.0032e+01 3.6929e+02 -2.6151e+00 1.6560e+01 4.2198e+01 1.3611e+01 5.5870e+01
1.1718e+00 9.3636e+00 1.3415e+01 7.4205e+00 -7.4094e+00 -5.8671e+00 4.4364e+01 2.5317e+01 -1.9265e+01 -2.9836e+01 3.6517e+02 -3.0742e+00 1.6523e+01 4.1661e+01 1.3310e+01 5.5781e+01
1.1781e+00 9.1440e+00 1.3068e+01 7.2453e+00 -7.2249e+00 -5.6753e+00 4.3744e+01 2.4263e+01 -1.8817e+01 -2.9561e+01 3.5923e+02 -3.4232e+00 1.5872e+01 4.0934e+01 1.3025e+01 5.5354e+01
1.1844e+00 8.9359e+00 1.2698e+01 7.2647e+00 -7.0586e+00 -5.5430e+00 4.2956e+01 2.3784e+01 -1.8369e+01 -2.9249e+01 3.5618e+02 -3.4532e+00 1.5889e+01 4.0365e+01 1.2711e+01 5.4994e+01
1.1906e+00 8.7378e+00 1.2335e+01 6.9982e+00 -6.9099e+00 -5.4355e+00 4.2189e+01 2.2627e+01 -1.8029e+01 -2.9131e+01 3.5105e+02 -3.5058e+00 1.5732e+01 3.9913e+01 1.2583e+01 5.5056e+01
1.1969e+00 8.5117e+00 1.1932e+01 6.9427e+00 -6.7214e+00 -5.2117e+00 4.1192e+01 2.1769e+01 -1.7559e+01 -2.8541e+01 3.4699e+02 -3.7787e+00 1.5569e+01 3.9229e+01 1.2161e+01 5.4292e+01
1.2032e+00 8.3350e+00 1.1627e+01 6.6734e+00 -6.5711e+00 -5.1482e+00 4.0562e+01 2.1012e+01 -1.7189e+01 -2.8395e+01 3.4174e+02 -3.7333e+00 1.5481e+01 3.8879e+01 1.2025e+01 5.4317e+01
1.2095e+00 8.1429e+00 1.1310e+01 6.5808e+00 -6.4336e+00 -5.0124e+00 3.9975e+01 2.0507e+01 -1.6852e+01 -2.8294e+01 3.3809e+02 -3.6597e+00 1.4815e+01 3.8314e+01 1.1793e+01 5.4127e+01
1.2158e+00 7.9192e+00 1.0949e+01 6.3766e+00 -6.2759e+00 -4.9254e+00 3.9180e+01 1.9661e+01 -1.6545e+01 -2.8067e+01 3.3472e+02 -4.0103e+00 1.4736e+01 3.7814e+01 1.1584e+01 5.3847e+01
1.2221e+00 7.7800e+00 1.0729e+01 6.4101e+00 -6.1472e+00 -4.8581e+00 3.8744e+01 1.9227e+01 -1.6170e+01 -2.7894e+01 3.3038e+02 -3.9699e+00 1.4203e+01 3.7267e+01 1.1258e+01 5.3515e+01
1.2284e+00 7.5340e+00 1.0291e+01 6.1854e+00 -5.9907e+00 -4.6449e+00 3.7860e+01 1.8386e+01 -1.5852e+01 -2.7492e+01 3.2712e+02 -4.1570e+00 1.4222e+01 3.6888e+01 1.1031e+01 5.3205e+01
1.2346e+00 7.3921e+00 1.0019e+01 5.9964e+00 -5.8260e+00 -4.5616e+00 3.7243e+01 1.7881e+01 -1.5467e+01 -2.7349e+01 3.2247e+02 -4.3437e+00 1.3872e+01 3.6211e+01 1.0838e+01 5.2947e+01
1.2409e+00 7.2125e+00 9.7521e+00 6.0213e+00 -5.7415e+00 -4.4552e+00 3.6687e+01 1.7552e+01 -1.5134e+01 -2.7109e+01 3.1838e+02 -4.2120e+00 1.3370e+01 3.5891e+01 1.0609e+01 5.2595e+01
1.2472e+00 7.0535e+00 9.4706e+00 5.9408e+00 -5.5583e+00 -4.3333e+00 3.5994e+01 1.6886e+01 -1.4824e+01 -2.6797e+01 3.1632e+02 -4.3704e+00 1.3434e+01 3.5328e+01 1.0379e+01 5.2432e+01
1.2535e+00 6.9241e+00 9.2514e+00 5.5762e+00 -5.4644e+00 -4.2836e+00 3.5648e+01 1.6288e+01 -1.4529e+01 -2.6753e+01 3.1224e+02 -4.3739e+00 1.3026e+01 3.4918e+01 1.0224e+01 5.2208e+01
1.2598e+00 6.7645e+00 8.9481e+00 5.6326e+00 -5.3100e+00 -4.1386e+00 3.4888e+01 1.5719e+01 -1.4126e+01 -2.6400e+01 3.0836e+02 -4.6649e+00 1.2797e+01 3.4374e+01 9.9406e+00 5.1779e+01
1.2660e+00 6.6015e+00 8.6894e+00 5.5789e+00 -5.1999e+00 -4.0227e+00 3.4251e+01 1.5298e+01 -1.3832e+01 -2.6125e+01 3.0380e+02 -4.5219e+00 1.2308e+01 3.4009e+01 9.7611e+00 5.1428e+01
1.2723e+00 6.4427e+00 8.4135e+00 5.3171e+00 -5.0759e+00 -3.9134e+00 3.3687e+01 1.4381e+01 -1.3497e+01 -2.5917e+01 3.0069e+02 -4.2697e+00 1.2468e+01 3.3434e+01 9.5601e+00 5.1193e+01
1.2786e+00 6.3162e+00 8.1538e+00 5.3977e+00 -4.9426e+00 -3.7911e+00 3.3115e+01 1.4341e+01 -1.3117e+01 -2.5599e+01 2.9751e+02 -4.6992e+00 1.1735e+01 3.3023e+01 9.1863e+00 5.0745e+01
1.2849e+00 6.1814e+00 7.9619e+00 5.3406e+00 -4.8308e+00 -3.6991e+00 3.2654e+01 1.3892e+01 -1.2899e+01 -2.5362e+01 2.9378e+02 -5.0158e+00 1.1660e+01 3.2703e+01 9.0492e+00 5.0358e+01
1.2912e+00 6.0209e+00 7.6859e+00 5.0489e+00 -4.7096e+00 -3.6182e+00 3.1989e+01 1.3176e+01 -1.2591e+01 -2.5112e+01 2.9010e+02 -4.6157e+00 1.1486e+01 3.2219e+01 8.8855e+00 5.0076e+01
1.2975e+00 5.9028e+00 7.4784e+00 4.9551e+00 -4.5947e+00 -3.5297e+00 3.1542e+01 1.2636e+01 -1.2294e+01 -2.5001e+01 2.8759e+02 -4.7492e+00 1.1557e+01 3.1685e+01 8.7510e+00 5.0024e+01
1.3037e+00 5.7697e+00 7.2550e+00 4.7770e+00 -4.4685e+00 -3.4715e+00 3.1038e+01 1.2132e+01 -1.2041e+01 -2.4751e+01 2.8292e+02 -4.4075e+00 1.1540e+01 3.1391e+01 8.6542e+00 4.9663e+01
1.3100e+00 5.6749e+00 7.0565e+00 4.8281e+00 -4.4093e+00 -3.3410e+00 3.0586e+01 1.2017e+01 -1.1808e+01 -2.4535e+01 2.7964e+02 -4.7781e+00 1.0936e+01 3.1009e+01 8.3221e+00 4.9259e+01
1.3163e+00 5.5370e+00 6.8510e+00 4.5621e+00 -4.2837e+00 -3.2974e+00 3.0117e+01 1.1375e+01 -1.1538e+01 -2.4428e+01 2.7724e+02 -4.6805e+00 1.0949e+01 3.0718e+01 8.2908e+00 4.9191e+01
1.3226e+00 5.4221e+00 6.6604e+00 4.6633e+00 -4.2028e+00 -3.1840e+00 2.9758e+01 1.1277e+01 -1.1340e+01 -2.4193e+01 2.7394e+02 -4.8782e+00 1.0214e+01 3.0302e+01 8.0298e+00 4.8629e+01
1.3289e+00 5.3227e+00 6.4871e+00 4.5948e+00 -4.1117e+00 -3.1269e+00 2.9266e+01 1.0881e+01 -1.1045e+01 -2.4006e+01 2.7035e+02 -4.6303e+00 1.0286e+01 2.9877e+01 7.9217e+00 4.8458e+01
1.3351e+00 5.2075e+00 6.2814e+00 4.4226e+00 -4.0145e+00 -3.0484e+00 2.8728e+01 1.0441e+01 -1.0737e+01 -2.3709e+01 2.6726e+02 -4.6119e+00 1.0101e+01 2.9580e+01 7.5961e+00 4.8082e+01
1.3414e+00 5.0936e+00 6.0970e+00 4.3814e+00 -3.9210e+00 -2.9935e+00 2.8303e+01 1.0127e+01 -1.0522e+01 -2.3545e+01 2.6473e+02 -4.7288e+00 9.7505e+00 2.9160e+01 7.5328e+00 4.7849e+01
1.3477e+00 4.9881e+00 5.9049e+00 4.2649e+00 -3.8260e+00 -2.8704e+00 2.7838e+01 9.8979e+00 -1.0304e+01 -2.3279e+01 2.6192e+02 -4.7808e+00 9.3943e+00 2.8885e+01 7.4253e+00 4.7444e+01
1.3540e+00 4.8849e+00 5.7182e+00 4.1588e+00 -3.7186e+00 -2.8418e+00 2.7438e+01 9.3943e+00 -1.0103e+01 -2.3115e+01 2.5843e+02 -4.6449e+00 9.3328e+00 2.8429e+01 7.2710e+00 4.7124e+01
1.3603e+00 4.7902e+00 5.5487e+00 4.0398e+00 -3.6324e+00 -2.7214e+00 2.6947e+01 8.8250e+00 -9.7920e+00 -2.2830e+01 2.5581e+02 -4.3857e+00 9.2853e+00 2.8035e+01 7.0051e+00 4.6787e+01
1.3666e+00 4.7050e+00 5.3989e+00 4.0466e+00 -3.5575e+00 -2.6675e+00 2.6569e+01 8.9334e+00 -9.5795e+00 -2.2621e+01 2.5314e+02 -4.7560e+00 8.7534e+00 2.7701e+01 6.8820e+00 4.6474e+01
1.3729e+00 4.6034e+00 5.2075e+00 3.8755e+00 -3.4655e+00 -2.5753e+00 2.6091e+01 8.4591e+00 -9.3245e+00 -2.2406e+01 2.4957e+02 -4.5461e+00 8.5856e+00 2.7418e+01 6.7167e+00 4.6196e+01
1.3791e+00 4.5115e+00 5.0868e+00 3.8757e+00 -3.3908e+00 -2.5241e+00 2.5841e+01 8.1971e+00 -9.1333e+00 -2.2301e+01 2.4722e+02 -4.8263e+00 8.4308e+00 2.7128e+01 6.5379e+00 4.5961e+01
1.3854e+00 4.4364e+00 4.9364e+00 3.7759e+00 -3.3041e+00 -2.4474e+00 2.5354e+01 8.0010e+00 -8.9347e+00 -2.2014e+01 2.4495e+02 -4.6396e+00 8.2505e+00 2.6760e+01 6.4257e+00 4.5569e+01
1.3917e+00 4.3508e+00 4.7987e+00 3.6413e+00 -3.2603e+00 -2.4031e+00 2.5087e+01 7.7819e+00 -8.8143e+00 -2.1905e+01 2.4165e+02 -4.5303e+00 7.9293e+00 2.6477e+01 6.3226e+00 4.5353e+01
1.3980e+00 4.2847e+00 4.6463e+00 3.5968e+00 -3.1698e+00 -2.3219e+00 2.4618e+01 7.3325e+00 -8.5066e+00 -2.1621e+01 2.3964e+02 -4.5490e+00 8.0053e+00 2.6073e+01 6.1186e+00 4.4974e+01
1.4043e+00 4.1846e+00 4.4842e+00 3.4782e+00 -3.0860e+00 -2.2415e+00 2.4217e+01 7.3320e+00 -8.3333e+00 -2.1321e+01 2.3654e+02 -4.5323e+00 7.5006e+00 2.5944e+01 5.9714e+00 4.4551e+01
1.4106e+00 4.1190e+00 4.3772e+00 3.4536e+00 -3.0199e+00 -2.1948e+00 2.3976e+01 7.0632e+00 -8.1351e+00 -2.1277e+01 2.3380e+02 -4.5490e+00 7.6049e+00 2.5549e+01 5.8037e+00 4.4387e+01
1.4168e+00 4.0235e+00 4.2169e+00 3.3417e+00 -2.9557e+00 -2.1294e+00 2.3594e+01 6.6847e+00 -7.9993e+00 -2.1068e+01 2.3222e+02 -4.4428e+00 7.3553e+00 2.5343e+01 5.7399e+00 4.4017e+01
1.4231e+00 3.9632e+00 4.0945e+00 3.3135e+00 -2.8683e+00 -2.0588e+00 2.3312e+01 6.5340e+00 -7.7610e+00 -2.0925e+01 2.2942e+02 -4.4044e+00 7.0152e+00 2.4860e+01 5.5710e+00 4.3880e+01
1.4294e+00 3.8807e+00 3.9529e+00 3.2386e+00 -2.7914e+00 -1.9890e+00 2.2905e+01 6.2655e+00 -7.5406e+00 -2.0655e+01 2.2706e+02 -4.4027e+00 7.0437e+00 2.4645e+01 5.4732e+00 4.3424e+01
1.4357e+00 3.8190e+00 3.8373e+00 3.1637e+00 -2.7331e+00 -1.9404e+00 2.2596e+01 5.9368e+00 -7.4086e+00 -2.0484e+01 2.2468e+02 -4.5100e+00 7.0839e+00 2.4414e+01 5.3416e+00 4.3221e+01
1.4420e+00 3.7551e+00 3.7324e+00 3.0621e+00 -2.6935e+00 -1.8771e+00 2.2304e+01 5.9008e+00 -7.2567e+00 -2.0253e+01 2.2152e+02 -4.2408e+00 6.7332e+00 2.4113e+01 5.1981e+00 4.2751e+01
1.4483e+00 3.6883e+00 3.6354e+00 3.0308e+00 -2.6403e+00 -1.8541e+00 2.2008e+01 5.7264e+00 -7.0904e+00 -2.0164e+01 2.1989e+02 -4.3437e+00 6.4935e+00 2.3847e+01 5.0865e+00 4.2622e+01
1.4545e+00 3.6228e+00 3.5195e+00 2.9610e+00 -2.5691e+00 -1.8101e+00 2.1653e+01 5.5093e+00 -6.9068e+00 -1.9946e+01 2.1788e+02 -4.0617e+00 6.1326e+00 2.3635e+01 4.9999e+00 4.2290e+01
1.4608e+00 3.5538e+00 3.3999e+00 2.8828e+00 -2.5123e+00 -1.7327e+00 2.1344e+01 5.4124e+00 -6.7193e+00 -1.9698e+01 2.1534e+02 -4.1829e+00 6.2685e+00 2.3270e+01 4.8063e+00 4.1929e+01
1.4671e+00 3.5050e+00 3.2992e+00 2.8130e+00 -2.4490e+00 -1.6906e+00 2.1101e+01 5.0708e+00 -6.5850e+00 -1.9593e+01 2.1280e+02 -4.0980e+00 6.2133e+00 2.3027e+01 4.7751e+00 4.1747e+01
1.4734e+00 3.4501e+00 3.2058e+00 2.7670e+00 -2.3955e+00 -1.6507e+00 2.0805e+01 5.0136e+00 -6.3963e+00 -1.9419e+01 2.1125e+02 -4.0818e+00 6.0553e+00 2.2748e+01 4.5779e+00 4.1390e+01
1.4797e+00 3.3796e+00 3.1027e+00 2.6681e+00 -2.3415e+00 -1.5922e+00 2.0544e+01 4.6819e+00 -6.2113e+00 -1.9233e+01 2.0900e+02 -4.0805e+00 5.8269e+00 2.2503e+01 4.4624e+00 4.1108e+01
1.4860e+00 3.3268e+00 3.0158e+00 2.6318e+00 -2.3030e+00 -1.5554e+00 2.0239e+01 4.6790e+00 -6.1269e+00 -1.9049e+01 2.0708e+02 -4.0559e+00 5.5680e+00 2.2310e+01 4.4161e+00 4.0816e+01
1.4922e+00 3.2756e+00 2.9188e+00 2.5967e+00 -2.2331e+00 -1.5033e+00 2.0027e+01 4.5431e+00 -5.9780e+00 -1.8946e+01 2.0485e+02 -4.0487e+00 5.4562e+00 2.2084e+01 4.3352e+00 4.0636e+01
1.4985e+00 3.2243e+00 2.8617e+00 2.5079e+00 -2.1897e+00 -1.5118e+00 1.9753e+01 4.3878e+00 -5.8280e+00 -1.8834e+01 2.0271e+02 -3.9371e+00 5.4705e+00 2.1787e+01 4.2274e+00 4.0432e+01
1.5048e+00 3.1714e+00 2.7503e+00 2.4414e+00 -2.1250e+00 -1.4303e+00 1.9463e+01 4.0578e+00 -5.6549e+00 -1.8575e+01 2.0086e+02 -3.9028e+00 5.2966e+00 2.1572e+01 4.0782e+00 3.9998e+01
1.5111e+00 3.1316e+00 2.6738e+00 2.4021e+00 -2.0882e+00 -1.4040e+00 1.9224e+01 4.0075e+00 -5.5558e+00 -1.8438e+01 1.9839e+02 -3.8418e+00 5.0333e+00 2.1442e+01 4.0256e+00 3.9787e+01
1.5174e+00 3.0786e+00 2.5840e+00 2.3866e+00 -2.0313e+00 -1.3498e+00 1.9006e+01 4.0215e+00 -5.4282e+00 -1.8238e+01 1.9700e+02 -3.8556e+00 4.8175e+00 2.1168e+01 3.9053e+00 3.9323e+01
1.5237e+00 3.0436e+00 2.5504e+00 2.3026e+00 -2.0081e+00 -1.3530e+00 1.8835e+01 3.8890e+00 -5.3318e+00 -1.8129e+01 1.9548e+02 -3.8892e+00 4.8282e+00 2.0979e+01 3.8518e+00 3.9176e+01
1.5299e+00 2.9877e+00 2.4578e+00 2.3204e+00 -1.9631e+00 -1.2989e+00 1.8594e+01 3.9433e+00 -5.2044e+00 -1.8014e+01 1.9390e+02 -3.7496e+00 4.4529e+00 2.0726e+01 3.8029e+00 3.8996e+01
1.5362e+00 2.9474e+00 2.3802e+00 2.2584e+00 -1.9312e+00 -1.2695e+00 1.8354e+01 3.5938e+00 -5.0989e+00 -1.7858e+01 1.9137e+02 -3.7526e+00 4.5665e+00 2.0536e+01 3.6938e+00 3.8630e+01
1.5425e+00 2.9085e+00 2.2923e+00 2.2132e+00 -1.8796e+00 -1.2207e+00 1.8096e+01 3.4218e+00 -4.9179e+00 -1.7664e+01 1.9021e+02 -3.6855e+00 4.5895e+00 2.0295e+01 3.5648e+00 3.8356e+01
1.5488e+00 2.8688e+00 2.2408e+00 2.1702e+00 -1.8323e+00 -1.1984e+00 1.7936e+01 3.6101e+00 -4.8374e+00 -1.7549e+01 1.8808e+02 -3.7509e+00 4.1257e+00 2.0066e+01 3.5287e+00 3.8121e+01
1.5551e+00 2.8294e+00 2.1770e+00 2.1264e+00 -1.7994e+00 -1.1571e+00 1.7764e+01 3.4714e+00 -4.7397e+00 -1.7427e+01 1.8622e+02 -3.6888e+00 4.1460e+00 1.9889e+01 3.4217e+00 3.7916e+01
1.5614e+00 2.7917e+00 2.1177e+00 2.0698e+00 -1.7844e+00 -1.1429e+00 1.7547e+01 3.2745e+00 -4.6205e+00 -1.7281e+01 1.8477e+02 -3.5210e+00 3.9754e+00 1.9764e+01 3.3193e+00 3.7617e+01
1.5676e+00 2.7482e+00 2.0594e+00 2.0738e+00 -1.7375e+00 -1.1081e+00 1.7413e+01 3.3347e+00 -4.5573e+00 -1.7220e+01 1.8354e+02 -3.6718e+00 3.8317e+00 1.9556e+01 3.2768e+00 3.7429e+01
1.5739e+00 2.7143e+00 1.9856e+00 1.9706e+00 -1.6982e+00 -1.0725e+00 1.7113e+01 3.1236e+00 -4.4406e+00 -1.6980e+01 1.8068e+02 -3.5703e+00 3.7725e+00 1.9391e+01 3.2244e+00 3.7066e+01
1.5802e+00 2.6770e+00 1.9314e+00 1.9232e+00 -1.6582e+00 -1.0438e+00 1.6986e+01 3.0889e+00 -4.3497e+00 -1.6880e+01 1.8004e+02 -3.4870e+00 3.6507e+00 1.9109e+01 3.1482e+00 3.6888e+01
1.5865e+00 2.6458e+00 1.8674e+00 1.9254e+00 -1.6307e+00 -9.9965e-01 1.6775e+01 3.0078e+00 -4.2240e+00 -1.6730e+01 1.7858e+02 -3.3965e+00 3.6605e+00 1.8959e+01 3.0197e+00 3.6660e+01
1.5928e+00 2.6172e+00 1.8270e+00 1.9048e+00 -1.6190e+00 -9.7740e-01 1.6611e+01 2.9537e+00 -4.1606e+00 -1.6633e+01 1.7689e+02 -3.4368e+00 3.3127e+00 1.8880e+01 2.9792e+00 3.6410e+01
1.5990e+00 2.5765e+00 1.7675e+00 1.8728e+00 -1.5544e+00 -9.4958e-01 1.6438e+01 2.9147e+00 -4.0605e+00 -1.6473e+01 1.7553e+02 -3.4506e+00 3.3725e+00 1.8690e+01 2.9171e+00 3.6130e+01
1.6053e+00 2.5603e+00 1.7348e+00 1.8365e+00 -1.5465e+00 -9.4475e-01 1.6293e+01 2.7978e+00 -3.9776e+00 -1.6360e+01 1.7423e+02 -3.3105e+00 3.2840e+00 1.8508e+01 2.9016e+00 3.5871e+01
